stn_id       p       t2      rh2      spd      dir      vis    rain6   rain24   tmax24   tmin24 
 00001   978.32    15.60    93.84     1.58   168.92    23.88  9999.00  9999.00  9999.00  9999.00
 00002   996.89    11.40    80.69     1.98   249.14    22.91  9999.00  9999.00  9999.00  9999.00
 00003   905.69     7.42    89.31     1.23   275.74    21.99  9999.00  9999.00  9999.00  9999.00
 00004   837.34     4.20    72.45     1.43   189.35    22.10  9999.00  9999.00  9999.00  9999.00
 00005   871.65     6.20    68.63     1.00   190.97    24.94  9999.00  9999.00  9999.00  9999.00
 00006   880.94     5.62    46.73     2.51   237.70    26.05  9999.00  9999.00  9999.00  9999.00
 00007  1004.62    11.39    96.49     1.83   199.88    10.78  9999.00  9999.00  9999.00  9999.00
 00008   987.58    10.90    95.99     3.31   207.36    26.42  9999.00  9999.00  9999.00  9999.00
 00009   940.20     2.73    88.98     1.47   214.58    32.73  9999.00  9999.00  9999.00  9999.00
 00010   967.62     9.15    85.01     1.03   264.30    27.42  9999.00  9999.00  9999.00  9999.00
 00011   994.34    11.48    83.96     3.66   184.59    28.27  9999.00  9999.00  9999.00  9999.00
 00012  1012.16    11.76    95.02     1.66   198.07    23.09  9999.00  9999.00  9999.00  9999.00
 00013  1013.94    17.47    81.86     1.38    46.80    22.29  9999.00  9999.00  9999.00  9999.00
 00014  1010.41    17.15    86.04     1.30   118.72    23.03  9999.00  9999.00  9999.00  9999.00
 00015   997.27    15.95    69.27     2.36   195.38    20.02  9999.00  9999.00  9999.00  9999.00
 00016   958.63    13.46    88.60     0.79   146.37    21.71  9999.00  9999.00  9999.00  9999.00
 00017   999.08    14.49    84.55     1.93   186.33    21.10  9999.00  9999.00  9999.00  9999.00
 00018  1012.96    16.04    97.14     0.88   164.92     9.21  9999.00  9999.00  9999.00  9999.00
 00019   941.99    14.80    87.14     1.48   267.84    23.04  9999.00  9999.00  9999.00  9999.00
 00020  1016.67    17.55    86.61     1.18    62.77    21.64  9999.00  9999.00  9999.00  9999.00
 00021   890.59    10.70    47.60     1.46   166.74    25.77  9999.00  9999.00  9999.00  9999.00
 00022  1015.23    11.88    95.35     1.70   239.45    21.35  9999.00  9999.00  9999.00  9999.00
 00023   923.76     9.36    81.95     8.31   266.40     6.27  9999.00  9999.00  9999.00  9999.00
 00024   941.42    12.66    58.76     1.47   123.04    23.75  9999.00  9999.00  9999.00  9999.00
 00025   799.27    12.74    97.48     1.12   138.16     2.72  9999.00  9999.00  9999.00  9999.00
 00026  1012.96    17.70    84.43     1.61    13.02    22.74  9999.00  9999.00  9999.00  9999.00
 00027  1010.18    17.85    84.28     2.70   329.14    22.61  9999.00  9999.00  9999.00  9999.00
 00028   979.93    15.74    92.19     0.94   345.31     1.99  9999.00  9999.00  9999.00  9999.00
 00029  1009.90    23.93    81.70     0.87    68.48    25.72  9999.00  9999.00  9999.00  9999.00
 00030   999.68    22.23    91.16     1.52    83.01    28.54  9999.00  9999.00  9999.00  9999.00
 00031   575.58     0.78    46.71     2.68   205.46    28.84  9999.00  9999.00  9999.00  9999.00
 00032   980.87    18.20    86.01     0.88    66.97    20.97  9999.00  9999.00  9999.00  9999.00
 00033  1012.51    20.91    97.30     4.74   101.98     0.19  9999.00  9999.00  9999.00  9999.00
 00034  1012.81    26.57    89.82     7.21    51.99    22.54  9999.00  9999.00  9999.00  9999.00
 00035  1011.75    24.75    88.66     3.18    64.38    24.10  9999.00  9999.00  9999.00  9999.00
 00036   781.12    10.24    96.98     0.21   215.40    23.49  9999.00  9999.00  9999.00  9999.00
 00037   971.19    18.12    87.56     0.53    48.98    20.77  9999.00  9999.00  9999.00  9999.00
 00038   998.49    20.15    84.38     0.60   156.58    24.27  9999.00  9999.00  9999.00  9999.00
 00039  1011.80    21.76    81.35     6.76    25.33    23.67  9999.00  9999.00  9999.00  9999.00
 00040  1009.90    21.79    83.06     3.99    32.83    25.07  9999.00  9999.00  9999.00  9999.00
 00041   972.68    16.69    94.00     0.87   321.80    15.01  9999.00  9999.00  9999.00  9999.00
 00042  1013.93    17.98    86.90     0.81   238.47    21.77  9999.00  9999.00  9999.00  9999.00
 00043  1006.62    17.51    88.94     1.49    40.07    23.24  9999.00  9999.00  9999.00  9999.00
 00044   986.81    18.08    92.66     0.71   235.32    22.33  9999.00  9999.00  9999.00  9999.00
 00045  1009.90    21.79    83.06     3.99    32.83    25.07  9999.00  9999.00  9999.00  9999.00
 00046   945.04    16.77    90.73     1.32   305.33    23.21  9999.00  9999.00  9999.00  9999.00
 00047  1005.23    18.81    84.98     2.03   333.70    22.30  9999.00  9999.00  9999.00  9999.00
 00048   607.63     0.89    64.51     1.19   184.22    32.69  9999.00  9999.00  9999.00  9999.00
 00049   580.43    -1.71    97.59     1.16   177.14    21.18  9999.00  9999.00  9999.00  9999.00
 00050  1004.31    19.34    84.96     3.47     7.41    23.13  9999.00  9999.00  9999.00  9999.00
