stn_id       p       t2      rh2      spd      dir      vis    rain6   rain24   tmax24   tmin24 
 00001   975.99    13.54    99.59     0.95   131.27     0.99  9999.00  9999.00  9999.00  9999.00
 00002   994.33     8.77    89.00     1.90   261.35    22.85  9999.00  9999.00  9999.00  9999.00
 00003   903.95     4.14    92.83     0.56   300.58    21.93  9999.00  9999.00  9999.00  9999.00
 00004   835.46     2.87    73.76     1.91   220.33    22.05  9999.00  9999.00  9999.00  9999.00
 00005   869.87     2.04    67.64     1.18   179.55    24.87  9999.00  9999.00  9999.00  9999.00
 00006   878.82     4.66    48.87     3.85   235.68    26.00  9999.00  9999.00  9999.00  9999.00
 00007  1002.16     9.88    95.88     2.24   174.31    17.35  9999.00  9999.00  9999.00  9999.00
 00008   985.39    10.71    98.40     4.10   215.35    24.20  9999.00  9999.00  9999.00  9999.00
 00009   936.83     1.84    95.22     2.59   182.87    32.64  9999.00  9999.00  9999.00  9999.00
 00010   965.81     7.37    91.82     0.94   265.82    27.35  9999.00  9999.00  9999.00  9999.00
 00011   992.06    11.36    90.63     3.01   190.32    28.25  9999.00  9999.00  9999.00  9999.00
 00012  1009.73     8.77    98.53     1.39   334.64    18.56  9999.00  9999.00  9999.00  9999.00
 00013  1011.97    15.93    90.38     1.14   109.26    22.25  9999.00  9999.00  9999.00  9999.00
 00014  1008.80    16.85    91.67     0.30   325.73    21.51  9999.00  9999.00  9999.00  9999.00
 00015   995.12    13.39    85.30     1.80   200.55    20.01  9999.00  9999.00  9999.00  9999.00
 00016   957.52    10.55    91.77     1.51   212.78    21.65  9999.00  9999.00  9999.00  9999.00
 00017   997.18    12.77    90.51     2.37   293.86    21.05  9999.00  9999.00  9999.00  9999.00
 00018  1011.01    14.83    98.90     0.91   254.71     0.26  9999.00  9999.00  9999.00  9999.00
 00019   939.71    12.70    92.78     1.18   324.98    23.01  9999.00  9999.00  9999.00  9999.00
 00020  1014.55    17.06    90.16     0.89    44.38    21.59  9999.00  9999.00  9999.00  9999.00
 00021   894.13     8.40    73.08     2.71   330.82    25.85  9999.00  9999.00  9999.00  9999.00
 00022  1012.48     9.08    98.53     1.86   204.86    16.38  9999.00  9999.00  9999.00  9999.00
 00023   926.93     4.36    91.28     7.03   270.36     6.30  9999.00  9999.00  9999.00  9999.00
 00024   945.01    11.06    76.97     8.67   294.78    23.81  9999.00  9999.00  9999.00  9999.00
 00025   797.40    11.59    96.07     1.25    79.61    12.18  9999.00  9999.00  9999.00  9999.00
 00026  1011.36    18.42    81.29     1.65   110.90    19.70  9999.00  9999.00  9999.00  9999.00
 00027  1008.46    16.34    92.47     2.72   329.45     4.53  9999.00  9999.00  9999.00  9999.00
 00028   977.65    14.98    94.96     0.75    68.32     2.04  9999.00  9999.00  9999.00  9999.00
 00029  1008.28    20.83    94.11     1.19    22.37    25.69  9999.00  9999.00  9999.00  9999.00
 00030   997.61    21.25    86.93     1.16    52.04    28.46  9999.00  9999.00  9999.00  9999.00
 00031   574.70    -3.31    72.10     2.23   213.63    27.12  9999.00  9999.00  9999.00  9999.00
 00032   979.34    16.51    91.67     1.19    50.14    21.62  9999.00  9999.00  9999.00  9999.00
 00033  1010.21    20.99    97.37     3.27   112.24     0.25  9999.00  9999.00  9999.00  9999.00
 00034  1010.72    26.27    90.08     7.44    38.86    19.92  9999.00  9999.00  9999.00  9999.00
 00035  1009.28    23.83    88.40     2.38    61.51    19.15  9999.00  9999.00  9999.00  9999.00
 00036   778.66     8.13    99.69     0.72    98.00     0.38  9999.00  9999.00  9999.00  9999.00
 00037   969.64    16.62    94.04     0.71    24.11    20.31  9999.00  9999.00  9999.00  9999.00
 00038   996.99    19.05    91.45     0.59    15.55    23.96  9999.00  9999.00  9999.00  9999.00
 00039  1010.50    21.03    81.68     5.29    17.72    23.63  9999.00  9999.00  9999.00  9999.00
 00040  1008.09    20.68    83.14     3.98    29.88    24.99  9999.00  9999.00  9999.00  9999.00
 00041   971.12    15.17    99.14     0.85   305.13     3.00  9999.00  9999.00  9999.00  9999.00
 00042  1012.35    15.76    97.31     1.76   251.93    12.33  9999.00  9999.00  9999.00  9999.00
 00043  1004.94    17.41    87.26     1.06    81.21    23.19  9999.00  9999.00  9999.00  9999.00
 00044   985.86    15.92    98.08     1.33   252.29    22.23  9999.00  9999.00  9999.00  9999.00
 00045  1008.09    20.68    83.14     3.98    29.88    24.99  9999.00  9999.00  9999.00  9999.00
 00046   943.34    14.50    95.78     1.08    64.71    23.18  9999.00  9999.00  9999.00  9999.00
 00047  1003.45    18.77    81.84     1.49   333.27    22.29  9999.00  9999.00  9999.00  9999.00
 00048   606.63    -3.15    87.83     0.82   182.49    32.82  9999.00  9999.00  9999.00  9999.00
 00049   578.67    -2.98    98.66     0.15   280.25     8.10  9999.00  9999.00  9999.00  9999.00
 00050  1002.96    18.20    88.08     2.51   321.16    23.09  9999.00  9999.00  9999.00  9999.00
