stn_id       p       t2      rh2      spd      dir      vis    rain6   rain24   tmax24   tmin24 
 00001   987.90    14.20    93.67     1.00    20.00     0.80     0.40  9999.00  9999.00  9999.00
 00002  1018.30     0.40    62.98     1.00   340.00    13.00     0.00  9999.00  9999.00  9999.00
 00003   933.80    -0.90    64.13     1.00   200.00    10.00     0.00  9999.00  9999.00  9999.00
 00004   863.20    -0.90    86.87     1.00   220.00     4.70     0.10  9999.00  9999.00  9999.00
 00005   890.60     0.00    49.78     3.00    20.00    23.00     0.00  9999.00  9999.00  9999.00
 00006   890.80    -7.70    34.97     4.00   270.00    30.00     0.00  9999.00  9999.00  9999.00
 00007  1024.70    -9.20    27.25     6.00   360.00    30.00     0.00  9999.00  9999.00  9999.00
 00008  1004.20   -12.90    29.01     4.00    20.00    11.00     0.00  9999.00  9999.00  9999.00
 00009   979.60   -24.00    50.35     1.00   140.00    11.00     0.00  9999.00  9999.00  9999.00
 00010   999.40    -9.80    25.38     1.00    40.00    27.00     0.00  9999.00  9999.00  9999.00
 00011  1022.00   -18.00    40.83     1.00   360.00    21.00     0.00  9999.00  9999.00  9999.00
 00012  1026.00    -2.60    77.94     2.00   200.00    14.00     0.10  9999.00  9999.00  9999.00
 00013  1018.60     4.60    91.23     3.00   340.00    12.00     0.00  9999.00  9999.00  9999.00
 00014  1013.50    11.60    80.08     6.00   360.00    30.00     0.30  9999.00  9999.00  9999.00
 00015  1006.80    -2.30    90.06     5.00    40.00     6.00     1.00  9999.00  9999.00  9999.00
 00016   975.20     4.30    91.86     1.00    70.00     6.00     0.00  9999.00  9999.00  9999.00
 00017  1015.50     0.40    70.06     2.00    40.00    15.00     1.00  9999.00  9999.00  9999.00
 00018  1021.60     4.40    88.03     4.00   340.00    13.00     0.10  9999.00  9999.00  9999.00
 00019   949.30    15.80    60.84     1.00   110.00  9999.00     0.00  9999.00  9999.00  9999.00
 00020  1017.70    10.30    89.76     6.00   320.00    16.00     1.00  9999.00  9999.00  9999.00
 00021   908.50    -7.20    64.30     1.00    70.00     9.00     0.80  9999.00  9999.00  9999.00
 00022  1029.80    -2.50    76.77     3.00   360.00    18.00     0.70  9999.00  9999.00  9999.00
 00023   931.50    -8.30    56.84     1.00   340.00    28.00     0.00  9999.00  9999.00  9999.00
 00024   965.40    -9.00    59.50     3.00   140.00    30.00     0.00  9999.00  9999.00  9999.00
 00025   812.00    19.10    37.87     4.00   220.00    30.00     0.00  9999.00  9999.00  9999.00
 00026  1013.40    11.30    81.14     4.00   360.00    25.00     0.20  9999.00  9999.00  9999.00
 00027  1008.30     5.00    89.98     4.00   340.00    13.00     0.10  9999.00  9999.00  9999.00
 00028   987.50     7.20    92.04     3.00    20.00    30.00     1.00  9999.00  9999.00  9999.00
 00029  1005.60    27.40    62.58     1.00   220.00    25.00     0.00  9999.00  9999.00  9999.00
 00030   995.30    27.30    68.68     2.00   180.00    18.00     0.00  9999.00  9999.00  9999.00
 00031   625.20     5.10     5.25     2.00   360.00    30.00     0.00  9999.00  9999.00  9999.00
 00032  1001.70    29.10    50.54     2.00   160.00    15.00     0.00  9999.00  9999.00  9999.00
 00033  1005.70    28.20    71.86     3.00    40.00    30.00     0.00  9999.00  9999.00  9999.00
 00034  1012.20    28.30    69.71     3.00    70.00    30.00     0.00  9999.00  9999.00  9999.00
 00035  1011.00    29.30    63.75     2.00   160.00    30.00     0.00  9999.00  9999.00  9999.00
 00036   837.70    20.70    32.85     2.00   110.00    30.00     0.00  9999.00  9999.00  9999.00
 00037  1004.70    29.20    52.52     1.00   140.00    16.00     0.00  9999.00  9999.00  9999.00
 00038  1005.60    29.30    55.60     1.00   320.00    30.00     0.00  9999.00  9999.00  9999.00
 00039  1010.10    24.70    67.78     3.00   250.00     4.50     0.00  9999.00  9999.00  9999.00
 00040  1006.90    25.40    69.63     3.00   180.00     9.00     0.00  9999.00  9999.00  9999.00
 00041   815.60     8.30   100.00     3.00   270.00     0.00     3.00  9999.00  9999.00  9999.00
 00042  1018.50     4.40    93.84     3.00   340.00     4.30     1.00  9999.00  9999.00  9999.00
 00043  1010.40    11.60    94.17     3.00    90.00     4.20     0.00  9999.00  9999.00  9999.00
 00044  1002.00    14.30    96.79     2.00   250.00  9999.00     2.00  9999.00  9999.00  9999.00
 00045  1006.90    25.40    69.63     3.00   180.00     9.00     0.00  9999.00  9999.00  9999.00
 00046   966.70    25.90    61.86     3.00   200.00    30.00     0.00  9999.00  9999.00  9999.00
 00047  1007.70    24.10    57.66     2.00   110.00  9999.00     0.00  9999.00  9999.00  9999.00
 00048   655.90     6.50     7.89     3.00   110.00    30.00     0.00  9999.00  9999.00  9999.00
 00049   599.60     6.10     8.77     1.00   220.00    30.00     0.00  9999.00  9999.00  9999.00
 00050  1004.60    25.20    59.79     4.00   160.00    10.00     0.00  9999.00  9999.00  9999.00
