stn_id       p       t2      rh2      spd      dir      vis    rain6   rain24   tmax24   tmin24 
 00001   975.25    19.96    75.10     2.00   149.44    24.17  9999.00  9999.00  9999.00  9999.00
 00002  1000.02    18.36    59.15     3.01   157.18    23.20  9999.00  9999.00  9999.00  9999.00
 00003   906.02    15.45    47.03     2.61   194.92    22.37  9999.00  9999.00  9999.00  9999.00
 00004   836.70    10.98    55.57     3.89   237.84    22.51  9999.00  9999.00  9999.00  9999.00
 00005   871.13    11.22    72.07     3.06   245.55    13.35  9999.00  9999.00  9999.00  9999.00
 00006   881.16    10.27    85.92     3.08   245.88     4.50  9999.00  9999.00  9999.00  9999.00
 00007  1012.12    15.29    64.36     1.98    52.55    25.53  9999.00  9999.00  9999.00  9999.00
 00008   998.32    11.37    50.85     2.00   107.41    26.98  9999.00  9999.00  9999.00  9999.00
 00009   950.32     7.76    71.30     3.05   211.01    32.92  9999.00  9999.00  9999.00  9999.00
 00010   977.89     9.87    63.62     1.75   125.61    28.21  9999.00  9999.00  9999.00  9999.00
 00011  1006.98     8.95    61.64     2.64    88.12    28.25  9999.00  9999.00  9999.00  9999.00
 00012  1015.99    19.49    52.67     2.92   172.15    23.16  9999.00  9999.00  9999.00  9999.00
 00013  1018.08    14.58    90.75     4.37    42.10     2.40  9999.00  9999.00  9999.00  9999.00
 00014  1012.54    17.86    86.19     3.23    53.46    15.00  9999.00  9999.00  9999.00  9999.00
 00015  1001.11    19.54    53.36     0.82   266.10    20.06  9999.00  9999.00  9999.00  9999.00
 00016   958.72    17.96    59.57     2.16    33.06    22.32  9999.00  9999.00  9999.00  9999.00
 00017  1002.67    19.03    59.33     1.92   167.17    21.47  9999.00  9999.00  9999.00  9999.00
 00018  1016.69    14.55    90.50     3.52    53.64     3.40  9999.00  9999.00  9999.00  9999.00
 00019   938.83    20.51    64.37     1.44   156.42    26.43  9999.00  9999.00  9999.00  9999.00
 00020  1019.57    17.16    80.48     5.29    49.52     4.69  9999.00  9999.00  9999.00  9999.00
 00021   892.66    16.34    33.03     3.09   326.79    25.96  9999.00  9999.00  9999.00  9999.00
 00022  1019.57    20.07    50.70     2.29   205.03    21.32  9999.00  9999.00  9999.00  9999.00
 00023   920.15    15.39    61.95     1.92   136.07    21.06  9999.00  9999.00  9999.00  9999.00
 00024   944.72    15.36    48.31     1.99   273.46    24.09  9999.00  9999.00  9999.00  9999.00
 00025   797.06    11.97    89.33     4.14    80.12    10.27  9999.00  9999.00  9999.00  9999.00
 00026  1012.79    18.25    82.91     4.64   102.55    14.07  9999.00  9999.00  9999.00  9999.00
 00027  1010.37    15.61    88.18     4.39   344.74    20.46  9999.00  9999.00  9999.00  9999.00
 00028   979.88    14.75    77.15     3.38    17.87    19.54  9999.00  9999.00  9999.00  9999.00
 00029  1005.33    21.28    80.66     4.55     1.69    16.40  9999.00  9999.00  9999.00  9999.00
 00030   996.06    23.97    67.52     4.70     9.74    28.49  9999.00  9999.00  9999.00  9999.00
 00031   573.02    12.73    16.75     3.69   254.48    27.82  9999.00  9999.00  9999.00  9999.00
 00032   977.95    18.10    97.58     1.86    39.63     6.36  9999.00  9999.00  9999.00  9999.00
 00033  1006.86    21.39    92.66     5.00    98.10     4.48  9999.00  9999.00  9999.00  9999.00
 00034  1008.31    27.45    77.45     4.29    13.68    30.77  9999.00  9999.00  9999.00  9999.00
 00035  1006.05    26.86    72.69     4.18    37.56    25.78  9999.00  9999.00  9999.00  9999.00
 00036   777.72    14.31    65.65     0.94   178.60    24.30  9999.00  9999.00  9999.00  9999.00
 00037   968.28    18.80    96.90     1.24    55.90     8.67  9999.00  9999.00  9999.00  9999.00
 00038   993.62    22.23    98.62     0.86    72.27     4.45  9999.00  9999.00  9999.00  9999.00
 00039  1008.04    22.13    82.98    11.48    35.93     4.69  9999.00  9999.00  9999.00  9999.00
 00040  1004.46    22.45    90.30     8.32    43.21     1.94  9999.00  9999.00  9999.00  9999.00
 00041   973.92    15.11    94.28     2.54    35.77     6.49  9999.00  9999.00  9999.00  9999.00
 00042  1017.18    15.83    89.92     3.80    47.86     5.43  9999.00  9999.00  9999.00  9999.00
 00043  1006.00    18.42    83.77     4.04    18.35    15.72  9999.00  9999.00  9999.00  9999.00
 00044   986.56    16.78    91.42     3.66    44.29    14.45  9999.00  9999.00  9999.00  9999.00
 00045  1004.46    22.45    90.30     8.32    43.21     1.94  9999.00  9999.00  9999.00  9999.00
 00046   942.16    17.21    96.99     2.49    12.29    18.93  9999.00  9999.00  9999.00  9999.00
 00047  1004.03    18.94    81.03     4.65    49.86     6.31  9999.00  9999.00  9999.00  9999.00
 00048   603.30    13.01    37.73     2.27   205.11    31.96  9999.00  9999.00  9999.00  9999.00
 00049   577.80     6.17    70.65     2.93   207.83    20.78  9999.00  9999.00  9999.00  9999.00
 00050  1000.70    21.28    81.17     6.36    31.82     9.37  9999.00  9999.00  9999.00  9999.00
