stn_id       p       t2      rh2      spd      dir      vis    rain6   rain24   tmax24   tmin24 
 00001   972.10    11.51    89.75     1.67   268.92    14.58  9999.00  9999.00  9999.00  9999.00
 00002  1007.82     0.25    92.66     4.68     6.95     3.47  9999.00  9999.00  9999.00  9999.00
 00003   907.36     1.40    71.45     4.47    49.93    22.35  9999.00  9999.00  9999.00  9999.00
 00004   835.26    -0.96    76.24     2.32   118.57    25.50  9999.00  9999.00  9999.00  9999.00
 00005   873.86     0.23    61.80     3.20    60.43    30.89  9999.00  9999.00  9999.00  9999.00
 00006   888.69    -7.75    52.55     3.18    24.39    34.24  9999.00  9999.00  9999.00  9999.00
 00007  1020.79    -1.54    50.06     4.84    13.79    32.14  9999.00  9999.00  9999.00  9999.00
 00008  1004.71    -3.91    48.32     1.91   335.51    39.19  9999.00  9999.00  9999.00  9999.00
 00009   952.71   -13.21    63.19     1.67   264.87    57.64  9999.00  9999.00  9999.00  9999.00
 00010   977.19    -2.20    48.60     4.08   308.46    37.04  9999.00  9999.00  9999.00  9999.00
 00011  1011.87    -7.21    64.05     1.91   272.22    46.62  9999.00  9999.00  9999.00  9999.00
 00012  1025.82     0.81    70.33     3.98    17.42     6.25  9999.00  9999.00  9999.00  9999.00
 00013  1010.39    16.56    91.81     4.10   108.10     5.27  9999.00  9999.00  9999.00  9999.00
 00014  1006.92    14.22    95.31     2.24   151.83     3.02  9999.00  9999.00  9999.00  9999.00
 00015   999.93     4.84    98.16     1.89   338.04     1.64  9999.00  9999.00  9999.00  9999.00
 00016   959.63     6.66    67.65     1.80   269.41    18.46  9999.00  9999.00  9999.00  9999.00
 00017  1003.28     5.90    85.80     4.35    26.42    16.16  9999.00  9999.00  9999.00  9999.00
 00018  1008.47    16.57    88.75     2.63   139.82    12.83  9999.00  9999.00  9999.00  9999.00
 00019   936.61    11.90    75.67     0.81   105.23    21.07  9999.00  9999.00  9999.00  9999.00
 00020  1014.14    19.02    88.46     4.19   113.92     1.81  9999.00  9999.00  9999.00  9999.00
 00021   902.72   -12.61    81.83     1.57   156.14    42.38  9999.00  9999.00  9999.00  9999.00
 00022  1027.12    -0.72    67.53     6.84    27.82     3.82  9999.00  9999.00  9999.00  9999.00
 00023   934.13   -10.66    80.86     1.71   242.14    27.38  9999.00  9999.00  9999.00  9999.00
 00024   960.03   -14.01    97.47     1.81   109.74     9.85  9999.00  9999.00  9999.00  9999.00
 00025   792.45    14.88    35.20     5.90   260.43    19.77  9999.00  9999.00  9999.00  9999.00
 00026  1008.41    14.90    92.61     1.31   327.47    13.46  9999.00  9999.00  9999.00  9999.00
 00027  1006.16    10.87    94.67     3.32   341.71     7.37  9999.00  9999.00  9999.00  9999.00
 00028   974.48     7.97    93.35     2.04   257.39     8.75  9999.00  9999.00  9999.00  9999.00
 00029  1007.50    26.49    73.43     4.99   159.68    20.09  9999.00  9999.00  9999.00  9999.00
 00030   992.01    27.31    80.45     6.21   172.82    21.16  9999.00  9999.00  9999.00  9999.00
 00031   566.90    -3.92    46.16     3.38   219.73    30.58  9999.00  9999.00  9999.00  9999.00
 00032   978.90    19.76    90.41     1.16   205.97    15.28  9999.00  9999.00  9999.00  9999.00
 00033  1008.23    23.19    88.59     7.54   168.52    22.06  9999.00  9999.00  9999.00  9999.00
 00034  1013.37    28.36    74.59     4.88   155.04    23.82  9999.00  9999.00  9999.00  9999.00
 00035  1008.52    29.55    65.97     6.96   182.76    22.00  9999.00  9999.00  9999.00  9999.00
 00036   771.27    10.59    56.58     1.71   206.73    20.47  9999.00  9999.00  9999.00  9999.00
 00037   969.20    19.19    91.92     1.15   180.05    13.17  9999.00  9999.00  9999.00  9999.00
 00038   997.76    22.00    93.15     0.84   153.29     3.15  9999.00  9999.00  9999.00  9999.00
 00039  1010.98    23.83    83.46     1.55    92.10    18.46  9999.00  9999.00  9999.00  9999.00
 00040  1008.94    25.47    83.40     3.87   164.68     5.63  9999.00  9999.00  9999.00  9999.00
 00041   968.24    12.48    96.88     1.47   144.36     1.77  9999.00  9999.00  9999.00  9999.00
 00042  1009.24    15.66    91.64     2.59   112.40     1.24  9999.00  9999.00  9999.00  9999.00
 00043  1001.80    15.46    93.63     1.25   289.89    17.38  9999.00  9999.00  9999.00  9999.00
 00044   983.21    16.79    91.72     1.27    85.49     7.71  9999.00  9999.00  9999.00  9999.00
 00045  1008.94    25.47    83.40     3.87   164.68     5.63  9999.00  9999.00  9999.00  9999.00
 00046   942.45    22.16    75.69     5.40   188.45    18.10  9999.00  9999.00  9999.00  9999.00
 00047  1002.95    17.80    95.46     2.30   292.99     3.75  9999.00  9999.00  9999.00  9999.00
 00048   597.05    -2.51    39.34     1.18   141.98    34.84  9999.00  9999.00  9999.00  9999.00
 00049   572.36    -5.89    54.79     1.50   217.36    27.14  9999.00  9999.00  9999.00  9999.00
 00050  1003.10    23.76    81.35     2.08   196.18    18.35  9999.00  9999.00  9999.00  9999.00
