stn_id       p       t2      rh2      spd      dir      vis    rain6   rain24   tmax24   tmin24 
 00001   970.14    10.47    94.93     1.32   242.42    10.80     0.55     1.55    12.52     9.69
 00002  1004.94     0.71    99.64     3.17   311.91     2.04     5.41     5.43     8.79    -3.91
 00003   905.35    -1.01    88.67     2.74    25.48    14.53     2.77     2.77     8.80    -5.08
 00004   833.45    -3.44    94.42     1.41   111.04    11.50     4.64     5.07     6.20    -6.70
 00005   871.89    -3.84    75.88     3.18    48.22    27.43     0.07     0.07     2.62    -5.13
 00006   887.33   -10.65    80.02     3.81    39.63    34.20     0.00     0.00     2.48   -10.63
 00007  1019.74    -4.43    65.01     4.96    24.22    32.15     0.00     0.01    10.95    -5.14
 00008  1005.08    -8.61    81.43     1.61   335.42    39.22     0.00     0.00     5.77    -9.98
 00009   952.25   -26.10    99.58     2.28   224.17    58.22     0.00     0.01   -13.66   -29.54
 00010   977.54    -5.56    67.84     5.05   285.89    37.04     0.00     0.21     6.54    -8.34
 00011  1011.95   -14.39    89.92     1.82   300.66    46.62     0.00     0.09     1.79   -16.59
 00012  1023.85     0.39    74.11     1.71    41.76    10.02     0.61     0.61     8.19    -3.99
 00013  1010.88    14.75    93.49     4.72   108.50     2.19     1.84     1.89    15.47     8.04
 00014  1007.76    12.58    95.80     2.19   181.31     2.33     3.57     4.00    14.26     9.41
 00015   998.72     3.99    96.18     1.73    74.23     1.77     4.94     6.03     7.88     2.73
 00016   958.42     2.47    93.79     1.02   229.81    18.43     0.01     0.26     8.09    -0.83
 00017  1002.06     4.98    90.51     3.64    17.19    16.33     0.23     0.98     8.59     1.97
 00018  1008.69    13.77    96.47     2.40    97.00     5.93     3.29     3.36    15.48     7.54
 00019   934.87     8.26    84.79     0.92   304.30    21.04     0.01     1.36    12.06     7.56
 00020  1014.56    17.39    89.17     4.55   105.81     5.34     1.81     4.39    17.30    13.47
 00021   900.75   -11.16    75.04     0.70   152.25    41.03     0.00     0.00    -6.83   -12.36
 00022  1025.31     0.45    53.14     6.61    47.04     6.78     1.52     1.57     9.17    -0.42
 00023   931.81   -11.38    80.30     3.06   230.02    39.18     0.01     0.04    -8.19   -14.66
 00024   957.36   -15.92    99.08     3.42   120.02     1.29     0.02     0.02    -8.44   -18.27
 00025   791.06     6.56    63.28     2.62   256.00    19.74     0.00     0.00    18.40     6.45
 00026  1007.50    12.78    96.99     0.42   228.16     5.39     9.02    17.97    14.15     8.87
 00027  1005.30     9.73    97.59     2.82   308.98     8.29     1.31     8.18    12.32     7.87
 00028   973.09     6.77    97.28     1.56   346.07     6.62     1.80     9.08     8.65     6.22
 00029  1006.94    21.95    94.75     3.06   125.66    19.95     0.33     1.62    27.41    20.19
 00030   991.20    22.87    96.70     3.81   148.31    21.14     0.00     0.76    28.25    18.47
 00031   566.17    -9.67    82.40     2.50   225.63    29.29     0.00     0.00     5.13   -11.37
 00032   979.49    16.66    96.21     0.67   310.02     0.95     0.21     1.07    20.47    13.65
 00033  1007.34    21.66    92.68     8.75   172.90    22.03     0.00     0.00    24.85    20.94
 00034  1011.91    27.83    75.74     5.59   153.95    23.80     0.00     0.00    27.79    26.85
 00035  1007.55    25.18    84.06     4.95   189.35    21.98     0.00     0.00    29.71    24.14
 00036   769.77     4.20    70.47     1.52   108.22    20.35     0.00     0.00    14.68     3.45
 00037   969.78    16.38    97.75     0.34   248.41     1.06     0.32     1.44    19.77    13.47
 00038   997.50    19.95    98.84     0.82    79.99     4.42     1.24     2.82    23.54    18.30
 00039  1011.17    21.75    91.09     2.73    19.67    16.59     2.35     4.17    23.55    19.44
 00040  1008.67    22.60    93.18     0.53   151.23     7.39     2.15     5.01    24.98    20.11
 00041   968.19    11.04    97.96     1.72   120.91     2.53    10.21    12.04    14.98     7.60
 00042  1009.98    13.71    93.38     3.28   104.16    16.27     1.55     1.59    15.83     8.73
 00043  1001.27    12.62    97.69     1.29   264.42    14.19     4.09     7.64    14.05     9.04
 00044   982.87    12.02    97.59     2.34    67.34     0.93     9.88    14.46    13.82     9.11
 00045  1008.67    22.60    93.18     0.53   151.23     7.39     2.15     5.01    24.98    20.11
 00046   942.64    17.62    98.03     2.42   168.40    13.55     0.01     1.47    22.33    15.85
 00047  1003.67    16.44    97.84     2.00   322.12     1.79     0.57     6.43    18.59    13.47
 00048   595.93    -6.52    52.77     1.01   154.66    34.82     0.00     0.00     9.23    -8.14
 00049   571.03   -10.08    61.54     0.71   193.32    14.65     0.04     0.05     0.19   -11.63
 00050  1003.51    19.50    94.09     1.95   311.67    15.85     2.01     2.79    23.77    17.21
