stn_id       p       t2      rh2      spd      dir      vis    rain6   rain24   tmax24   tmin24 
 00001   991.70    16.30   100.00     1.00   290.00  9999.00     0.40  9999.00  9999.00  9999.00
 00002  1004.60    17.80    51.75     1.00   180.00     9.00     0.00  9999.00  9999.00  9999.00
 00003   928.20     9.80    49.94     1.00   180.00     2.60     0.00  9999.00  9999.00  9999.00
 00004   862.30     4.80    48.89     1.00   220.00    14.00     0.00  9999.00  9999.00  9999.00
 00005   887.10    10.20    29.85     4.00   320.00    30.00     0.00  9999.00  9999.00  9999.00
 00006   885.90    12.90    19.89     4.00   220.00    30.00     0.00  9999.00  9999.00  9999.00
 00007  1011.60    10.10    25.94     2.00   340.00    30.00     0.00  9999.00  9999.00  9999.00
 00008   990.30     0.70    46.95     0.00   140.00     6.00     0.00  9999.00  9999.00  9999.00
 00009   964.20    -5.00    78.75     1.00   160.00    14.00     0.00  9999.00  9999.00  9999.00
 00010   987.00     5.10    20.91     2.00   270.00    19.00     0.00  9999.00  9999.00  9999.00
 00011  1004.90     1.10    58.95     1.00   140.00     6.00     0.00  9999.00  9999.00  9999.00
 00012  1011.60    11.80    73.80     0.00   290.00     8.00     0.00  9999.00  9999.00  9999.00
 00013  1015.00    19.20    69.84     1.00    90.00     7.00     0.00  9999.00  9999.00  9999.00
 00014  1013.50    22.00    75.95     3.00    90.00     3.10     0.00  9999.00  9999.00  9999.00
 00015  9999.00  9999.00  9999.00  9999.00  9999.00  9999.00  9999.00  9999.00  9999.00  9999.00
 00016   967.60    15.30    76.91     2.00   180.00     6.00     0.00  9999.00  9999.00  9999.00
 00017  1004.40    16.80    68.01     1.00   110.00     6.00     0.00  9999.00  9999.00  9999.00
 00018  1015.90    19.90    81.69     2.00    70.00     3.50     0.00  9999.00  9999.00  9999.00
 00019   952.80    18.30    71.99     2.00   360.00    13.00     0.00  9999.00  9999.00  9999.00
 00020  1019.50    19.10    58.79     2.00    70.00    30.00     0.00  9999.00  9999.00  9999.00
 00021   911.50    12.00    42.80     2.00   320.00    15.00     0.00  9999.00  9999.00  9999.00
 00022  1015.80    11.50    89.85     1.00   180.00     8.00     0.00  9999.00  9999.00  9999.00
 00023   939.60     3.80    95.84     3.00   320.00     3.90     2.00  9999.00  9999.00  9999.00
 00024   966.00     6.80    68.82     3.00   290.00    30.00     0.30  9999.00  9999.00  9999.00
 00025   813.20    16.90    66.64     2.00   250.00    30.00     0.00  9999.00  9999.00  9999.00
 00026  1010.70    22.00    79.90     1.00   340.00     8.00     0.00  9999.00  9999.00  9999.00
 00027  1003.20    20.00    76.63     3.00   290.00     7.00     0.00  9999.00  9999.00  9999.00
 00028   985.50    16.30    96.84     1.00   140.00     2.10     0.20  9999.00  9999.00  9999.00
 00029  1005.60    24.30    82.72     2.00   360.00    18.00     0.00  9999.00  9999.00  9999.00
 00030   996.10    22.70    92.89     4.00    70.00     8.00    13.00  9999.00  9999.00  9999.00
 00031   624.50     7.90    14.42     1.00    70.00    30.00     0.00  9999.00  9999.00  9999.00
 00032  1007.80    21.30    66.69     2.00   320.00    16.00     0.00  9999.00  9999.00  9999.00
 00033  1005.00    25.90    90.82     2.00    90.00    14.00     0.00  9999.00  9999.00  9999.00
 00034  1011.20    27.90    84.62     1.00    70.00    30.00     0.00  9999.00  9999.00  9999.00
 00035  1009.90    26.20    95.89     1.00    40.00    30.00     0.00  9999.00  9999.00  9999.00
 00036   841.90    14.50    77.81     1.00   360.00    25.00     0.00  9999.00  9999.00  9999.00
 00037  1011.00    20.20    76.66     0.00     0.00    17.00     0.00  9999.00  9999.00  9999.00
 00038  1009.40    21.50    95.17     1.00   180.00     3.90     2.00  9999.00  9999.00  9999.00
 00039  1013.60    22.60    70.91     6.00    20.00    17.00     0.00  9999.00  9999.00  9999.00
 00040  1009.10    22.90    87.87     7.00    40.00     8.00     0.00  9999.00  9999.00  9999.00
 00041   820.20    10.80    32.90     3.00   110.00    21.00     0.00  9999.00  9999.00  9999.00
 00042  1013.50    19.60    87.04     2.00    70.00     2.10     0.00  9999.00  9999.00  9999.00
 00043  1008.50    20.80   100.00     1.00    20.00     1.10     0.00  9999.00  9999.00  9999.00
 00044  1002.60    21.50    52.69     2.00    20.00    13.00     0.00  9999.00  9999.00  9999.00
 00045  1009.10    22.90    87.87     7.00    40.00     8.00     0.00  9999.00  9999.00  9999.00
 00046   968.60    20.20    95.72     0.00     0.00     4.50     2.00  9999.00  9999.00  9999.00
 00047  1013.90    21.90    75.94     1.00   320.00     6.00     0.00  9999.00  9999.00  9999.00
 00048   652.60    10.90    17.77     2.00    20.00    25.00     0.00  9999.00  9999.00  9999.00
 00049   602.50    -1.50    79.89     4.00   200.00    30.00     0.00  9999.00  9999.00  9999.00
 00050  1008.70    21.20    82.89     6.00    20.00    13.00     0.00  9999.00  9999.00  9999.00
