stn_id       p       t2      rh2      spd      dir      vis    rain6   rain24   tmax24   tmin24 
 00001   957.20    29.43    76.17     1.68    79.63    27.11  9999.00  9999.00  9999.00  9999.00
 00002   980.85    29.01    74.56     1.87    39.85    26.93  9999.00  9999.00  9999.00  9999.00
 00003   893.28    25.35    62.24     0.82   243.48    25.61  9999.00  9999.00  9999.00  9999.00
 00004   828.04    19.22    81.55     1.69   149.47    24.24  9999.00  9999.00  9999.00  9999.00
 00005   861.39    22.54    59.30     1.80    53.73    22.91  9999.00  9999.00  9999.00  9999.00
 00006   872.55    18.60    76.30     3.26   155.66    23.67  9999.00  9999.00  9999.00  9999.00
 00007   991.79    21.21    96.87     1.55   214.60    24.43  9999.00  9999.00  9999.00  9999.00
 00008   976.13    19.90    97.20     1.34    59.01    24.93  9999.00  9999.00  9999.00  9999.00
 00009   937.77    16.06    68.04     2.61   211.63    34.07  9999.00  9999.00  9999.00  9999.00
 00010   956.49    18.52    99.37     2.16    88.94     7.99  9999.00  9999.00  9999.00  9999.00
 00011   984.80    20.48    90.26     3.48    60.07    25.97  9999.00  9999.00  9999.00  9999.00
 00012   997.05    27.52    81.42     2.96   200.45    14.76  9999.00  9999.00  9999.00  9999.00
 00013   998.71    29.15    81.62     2.81   209.46    28.75  9999.00  9999.00  9999.00  9999.00
 00014   996.87    28.70    76.92     2.12   185.84    29.63  9999.00  9999.00  9999.00  9999.00
 00015   981.18    28.37    81.84     2.94   171.98    24.59  9999.00  9999.00  9999.00  9999.00
 00016   941.10    27.85    81.33     1.25   175.80    26.23  9999.00  9999.00  9999.00  9999.00
 00017   982.19    28.48    83.88     2.29   116.11    23.93  9999.00  9999.00  9999.00  9999.00
 00018   997.18    28.38    81.37     4.25   190.84    28.59  9999.00  9999.00  9999.00  9999.00
 00019   924.40    25.97    89.44     1.56    31.64    24.50  9999.00  9999.00  9999.00  9999.00
 00020  1002.78    26.02    87.28     4.06   162.88    22.41  9999.00  9999.00  9999.00  9999.00
 00021   890.25    17.40    58.64     0.88   236.28    25.17  9999.00  9999.00  9999.00  9999.00
 00022   999.71    24.08    80.98     2.80   112.59    19.70  9999.00  9999.00  9999.00  9999.00
 00023   916.22    19.84    38.83     2.05   278.48    21.18  9999.00  9999.00  9999.00  9999.00
 00024   938.15    22.82    43.31     2.45   345.97    23.06  9999.00  9999.00  9999.00  9999.00
 00025   792.01    18.54    88.05     2.08   202.60    25.03  9999.00  9999.00  9999.00  9999.00
 00026   999.14    30.71    59.64     4.21   195.39    29.82  9999.00  9999.00  9999.00  9999.00
 00027   993.91    30.12    64.09     3.79   194.33    29.14  9999.00  9999.00  9999.00  9999.00
 00028   964.20    28.28    72.63     4.64   189.05    27.32  9999.00  9999.00  9999.00  9999.00
 00029  1002.23    26.12    92.03     3.19   163.36    30.12  9999.00  9999.00  9999.00  9999.00
 00030   988.83    26.36    85.18     4.62   154.04    32.09  9999.00  9999.00  9999.00  9999.00
 00031   574.54     9.88    67.14     0.81   187.56    21.97  9999.00  9999.00  9999.00  9999.00
 00032   972.21    23.93    91.77     1.29   212.13    24.45  9999.00  9999.00  9999.00  9999.00
 00033  1003.90    23.40    95.17     5.30   150.76    32.52  9999.00  9999.00  9999.00  9999.00
 00034  1008.34    28.18    85.87     5.52   156.81    35.06  9999.00  9999.00  9999.00  9999.00
 00035  1003.75    27.59    87.58     4.25   170.88    32.38  9999.00  9999.00  9999.00  9999.00
 00036   771.81    18.76    86.15     0.64   178.65    21.56  9999.00  9999.00  9999.00  9999.00
 00037   962.77    24.31    93.28     1.01   200.50    25.88  9999.00  9999.00  9999.00  9999.00
 00038   991.00    25.01    94.28     1.30   181.03    28.71  9999.00  9999.00  9999.00  9999.00
 00039  1004.45    25.64    91.54     6.19   208.82    27.76  9999.00  9999.00  9999.00  9999.00
 00040  1002.96    25.68    93.34     3.70   215.78    29.21  9999.00  9999.00  9999.00  9999.00
 00041   961.09    25.82    83.45     1.47   175.64    28.82  9999.00  9999.00  9999.00  9999.00
 00042   999.34    29.30    73.76     2.48   208.82    29.17  9999.00  9999.00  9999.00  9999.00
 00043   993.39    30.34    57.45     4.33   186.40    30.24  9999.00  9999.00  9999.00  9999.00
 00044   975.79    27.18    81.19     1.11   249.92    28.50  9999.00  9999.00  9999.00  9999.00
 00045  1002.96    25.68    93.34     3.70   215.78    29.21  9999.00  9999.00  9999.00  9999.00
 00046   937.74    23.38    82.39     1.82   183.21    28.44  9999.00  9999.00  9999.00  9999.00
 00047   995.48    24.32    89.68     4.05   164.28    25.80  9999.00  9999.00  9999.00  9999.00
 00048   604.04    13.86    60.91     1.24    96.58    26.46  9999.00  9999.00  9999.00  9999.00
 00049   579.37     6.47    98.77     1.62   204.03     2.97  9999.00  9999.00  9999.00  9999.00
 00050   996.60    25.49    90.09     3.70   212.68    27.25  9999.00  9999.00  9999.00  9999.00
