stn_id       p       t2      rh2      spd      dir      vis    rain6   rain24   tmax24   tmin24 
 00001   997.70    13.30    83.06     1.00   200.00     4.60     0.00  9999.00  9999.00  9999.00
 00002  1013.30    11.80    28.98     2.00   140.00    10.00     0.00  9999.00  9999.00  9999.00
 00003   934.80     6.70    31.94     3.00   290.00    10.00     0.00  9999.00  9999.00  9999.00
 00004   866.60    -1.90    29.03     3.00   220.00    13.00     0.00  9999.00  9999.00  9999.00
 00005   892.10     2.20    18.54     4.00   320.00  9999.00     0.00  9999.00  9999.00  9999.00
 00006   889.70     2.30    12.06     4.00   250.00    30.00     0.00  9999.00  9999.00  9999.00
 00007  1014.50     4.50    16.05     4.00   200.00    30.00     0.00  9999.00  9999.00  9999.00
 00008   988.60     1.50    29.85     4.00   220.00     8.00     0.00  9999.00  9999.00  9999.00
 00009   961.00   -12.90    64.65     1.00   160.00     2.80     0.00  9999.00  9999.00  9999.00
 00010   987.70    -1.40    23.41     0.00   340.00    30.00     0.00  9999.00  9999.00  9999.00
 00011  1000.50     0.10    35.52     3.00   220.00    16.00     0.00  9999.00  9999.00  9999.00
 00012  1018.50    10.00    24.91     2.00   220.00    14.00     0.00  9999.00  9999.00  9999.00
 00013  1026.60     9.80    35.75     1.00    70.00    11.00     0.00  9999.00  9999.00  9999.00
 00014  1025.50    10.60    38.79     2.00    20.00    10.00     0.00  9999.00  9999.00  9999.00
 00015  1006.40    11.80    24.84     6.00   180.00    16.00     0.00  9999.00  9999.00  9999.00
 00016   977.00    11.80    29.88     2.00   270.00    11.00     0.00  9999.00  9999.00  9999.00
 00017  1013.90    14.50    36.87     3.00   160.00     8.00     0.00  9999.00  9999.00  9999.00
 00018  1027.40    11.30    37.85     2.00    90.00    18.00     0.00  9999.00  9999.00  9999.00
 00019   959.40    12.00    71.82     2.00    40.00  9999.00     0.00  9999.00  9999.00  9999.00
 00020  1031.80     6.90    55.74     2.00    90.00    14.00     0.00  9999.00  9999.00  9999.00
 00021   916.80    -3.60    77.17     1.00    20.00     2.00     0.00  9999.00  9999.00  9999.00
 00022  1023.50    10.20    25.97     2.00   220.00    13.00     0.00  9999.00  9999.00  9999.00
 00023   936.70     4.00    40.74     4.00   180.00    30.00     0.00  9999.00  9999.00  9999.00
 00024   969.60    -1.40    51.79     3.00   110.00    30.00     0.00  9999.00  9999.00  9999.00
 00025  9999.00  9999.00  9999.00  9999.00  9999.00  9999.00  9999.00  9999.00  9999.00  9999.00
 00026  1022.10    14.60    45.79     2.00   360.00     7.00     0.00  9999.00  9999.00  9999.00
 00027  1012.10    16.10    52.74     1.00   340.00     7.00     0.00  9999.00  9999.00  9999.00
 00028   991.50    13.60    73.11     1.00    40.00     6.00     0.00  9999.00  9999.00  9999.00
 00029  1014.20    17.60    68.63     2.00   340.00    25.00     0.00  9999.00  9999.00  9999.00
 00030  1003.20    20.80    52.87     3.00    90.00     9.00     0.00  9999.00  9999.00  9999.00
 00031   625.60     6.00     6.17     1.00    40.00    26.00     0.00  9999.00  9999.00  9999.00
 00032  1020.10    11.20    34.83     3.00   360.00    13.00     0.00  9999.00  9999.00  9999.00
 00033  1014.40    20.60    78.71     5.00    90.00    14.00     0.00  9999.00  9999.00  9999.00
 00034  1018.80    23.50    66.70     5.00    40.00    19.00     0.00  9999.00  9999.00  9999.00
 00035  1019.60    21.40    77.82     2.00    70.00    12.00     0.00  9999.00  9999.00  9999.00
 00036   837.90    18.00    26.74     1.00   360.00    18.00     0.00  9999.00  9999.00  9999.00
 00037  1023.30    11.10    36.96     4.00    90.00    13.00     0.00  9999.00  9999.00  9999.00
 00038  1020.10    14.40    36.84     3.00   140.00    13.00     0.00  9999.00  9999.00  9999.00
 00039  1026.00    12.30    48.86     7.00    40.00    11.00     0.00  9999.00  9999.00  9999.00
 00040  1020.10    13.70    51.02    16.00    40.00    16.00     0.00  9999.00  9999.00  9999.00
 00041   822.90     0.70    44.76     2.00   200.00    14.00     0.00  9999.00  9999.00  9999.00
 00042  1025.00     9.50    40.84     2.00    90.00    13.00     0.00  9999.00  9999.00  9999.00
 00043  1019.10    14.30    47.02     3.00    90.00     8.00     0.00  9999.00  9999.00  9999.00
 00044  1013.50    14.10    24.91     2.00    40.00    19.00     0.00  9999.00  9999.00  9999.00
 00045  1020.10    13.70    51.02    16.00    40.00    16.00     0.00  9999.00  9999.00  9999.00
 00046   977.50    17.10    57.92     1.00    40.00     9.00     0.00  9999.00  9999.00  9999.00
 00047  1027.10     9.40    61.04     2.00   140.00     8.00     0.00  9999.00  9999.00  9999.00
 00048   655.50     5.90    18.01     2.00    90.00    25.00     0.00  9999.00  9999.00  9999.00
 00049   602.20    -3.00    76.66     2.00   250.00    23.00     1.00  9999.00  9999.00  9999.00
 00050  1021.30    11.50    38.77     5.00    40.00    12.00     0.00  9999.00  9999.00  9999.00
