stn_id       p       t2      rh2      spd      dir      vis    rain6   rain24   tmax24   tmin24 
 00001   987.18     8.38    83.66     1.01    86.69     7.43  9999.00  9999.00  9999.00  9999.00
 00002  1011.59    -2.56    28.60     2.57   294.62    25.35  9999.00  9999.00  9999.00  9999.00
 00003   914.40    -9.39    42.31     1.62   246.36    23.80  9999.00  9999.00  9999.00  9999.00
 00004   841.38   -14.95    64.12     1.58   263.40    23.57  9999.00  9999.00  9999.00  9999.00
 00005   879.08   -15.29    64.98     1.18   173.87    25.79  9999.00  9999.00  9999.00  9999.00
 00006   888.82   -15.55    70.50     4.68   247.98    27.10  9999.00  9999.00  9999.00  9999.00
 00007  1017.57   -10.58    61.82     1.86   265.01    31.05  9999.00  9999.00  9999.00  9999.00
 00008   997.77   -18.19    91.97     3.45   239.38    35.33  9999.00  9999.00  9999.00  9999.00
 00009   944.44   -17.47    76.13     2.14   232.63    46.37  9999.00  9999.00  9999.00  9999.00
 00010   972.74   -12.91    67.53     3.92   272.42    35.24  9999.00  9999.00  9999.00  9999.00
 00011  1003.07   -20.78    99.86     3.46   235.29    39.11  9999.00  9999.00  9999.00  9999.00
 00012  1028.28    -5.20    32.81     2.27   311.84    26.00  9999.00  9999.00  9999.00  9999.00
 00013  1030.35    -1.52    59.23     2.04   316.26    20.41  9999.00  9999.00  9999.00  9999.00
 00014  1025.68     3.53    42.68     3.19   328.43    19.70  9999.00  9999.00  9999.00  9999.00
 00015  1011.40    -5.16    60.24     1.88   234.23    21.98  9999.00  9999.00  9999.00  9999.00
 00016   972.61    -4.29    69.01     0.70   104.66    22.05  9999.00  9999.00  9999.00  9999.00
 00017  1015.15    -0.83    29.11     4.02   291.75    21.05  9999.00  9999.00  9999.00  9999.00
 00018  1029.52    -2.19    73.33     2.00   321.54    19.90  9999.00  9999.00  9999.00  9999.00
 00019   950.42     7.25    88.94     0.70   286.82    22.21  9999.00  9999.00  9999.00  9999.00
 00020  1030.71     2.12    42.96     5.09   313.71    20.31  9999.00  9999.00  9999.00  9999.00
 00021   898.49    -4.95    61.96     0.83   170.59    32.79  9999.00  9999.00  9999.00  9999.00
 00022  1031.24    -5.50    35.44     2.40   328.42    24.56  9999.00  9999.00  9999.00  9999.00
 00023   926.16     0.37    84.48     0.78   149.88    28.65  9999.00  9999.00  9999.00  9999.00
 00024   954.11    -8.86    65.95     3.36   120.77    33.49  9999.00  9999.00  9999.00  9999.00
 00025   800.85    10.60    94.48     1.80   146.79    13.61  9999.00  9999.00  9999.00  9999.00
 00026  1027.83     6.08    37.24     4.87     7.07    19.04  9999.00  9999.00  9999.00  9999.00
 00027  1024.89     4.48    56.25     4.39   352.49    19.16  9999.00  9999.00  9999.00  9999.00
 00028   992.31     3.18    69.32     3.74    18.56    15.86  9999.00  9999.00  9999.00  9999.00
 00029  1017.31    13.91    64.92     5.18    13.19    20.94  9999.00  9999.00  9999.00  9999.00
 00030  1007.82    11.73    86.43     4.49     3.79     9.46  9999.00  9999.00  9999.00  9999.00
 00031   573.74    -9.19    50.73     1.96   213.96    34.18  9999.00  9999.00  9999.00  9999.00
 00032   988.96    12.33    75.29     1.40    44.23    17.60  9999.00  9999.00  9999.00  9999.00
 00033  1014.93    21.56    88.01    10.94    51.83    18.69  9999.00  9999.00  9999.00  9999.00
 00034  1012.86    26.42    91.66     9.97    50.65    14.04  9999.00  9999.00  9999.00  9999.00
 00035  1013.72    23.04    90.33     6.84    40.16    10.85  9999.00  9999.00  9999.00  9999.00
 00036   781.36     4.90    88.51     1.03    43.93    10.19  9999.00  9999.00  9999.00  9999.00
 00037   978.92    12.25    80.77     0.87   163.84    17.61  9999.00  9999.00  9999.00  9999.00
 00038  1005.34    16.19    72.59     1.37    33.17    20.07  9999.00  9999.00  9999.00  9999.00
 00039  1019.96    16.93    76.32    11.87    24.66    19.47  9999.00  9999.00  9999.00  9999.00
 00040  1016.29    18.09    71.25     7.49    28.52    20.84  9999.00  9999.00  9999.00  9999.00
 00041   985.71     0.64    60.79     1.23   182.71    18.54  9999.00  9999.00  9999.00  9999.00
 00042  1030.60     0.40    63.37     1.75   329.86    19.88  9999.00  9999.00  9999.00  9999.00
 00043  1020.54     6.56    35.81     4.04    20.86    19.22  9999.00  9999.00  9999.00  9999.00
 00044   999.74     6.97    58.26     2.13    32.72    18.61  9999.00  9999.00  9999.00  9999.00
 00045  1016.29    18.09    71.25     7.49    28.52    20.84  9999.00  9999.00  9999.00  9999.00
 00046   952.39     8.50    98.89     2.39    47.71     6.32  9999.00  9999.00  9999.00  9999.00
 00047  1016.13     9.65    52.56     5.15   338.27    18.97  9999.00  9999.00  9999.00  9999.00
 00048   606.25    -9.75    91.85     1.39    19.27    19.83  9999.00  9999.00  9999.00  9999.00
 00049   577.66   -10.70    63.03     0.39   168.69    27.97  9999.00  9999.00  9999.00  9999.00
 00050  1012.61    14.86    66.77     6.25    21.80    19.17  9999.00  9999.00  9999.00  9999.00
