stn_id       p       t2      rh2      spd      dir      vis    rain6   rain24   tmax24   tmin24 
 00001   982.27     9.81    90.34     0.51   273.56    14.48     0.10  9999.00  9999.00  9999.00
 00002  1003.42    -4.63    48.32     1.53   273.81    25.31     0.00  9999.00  9999.00  9999.00
 00003   908.24    -5.43    22.02     0.84   295.59    23.78     0.00  9999.00  9999.00  9999.00
 00004   836.67    -7.78    23.85     2.34   209.14    23.60     0.00  9999.00  9999.00  9999.00
 00005   872.16    -7.84    27.69     1.53   125.63    25.82     0.00  9999.00  9999.00  9999.00
 00006   879.01    -5.00    41.82     6.07   222.59    27.19     0.00  9999.00  9999.00  9999.00
 00007  1012.37    -8.35    67.32     2.20   157.76    31.53     0.00  9999.00  9999.00  9999.00
 00008   993.32   -13.41    92.50     4.05   209.44    28.04     0.00  9999.00  9999.00  9999.00
 00009   936.94   -17.49    98.68     1.81   203.54    46.83     0.00  9999.00  9999.00  9999.00
 00010   968.28   -10.12    83.45     2.60   274.54    35.78     0.01  9999.00  9999.00  9999.00
 00011   999.26   -16.61    96.20     5.91   197.35    30.75     0.00  9999.00  9999.00  9999.00
 00012  1019.38    -4.85    44.67     1.22   305.95    26.10     0.00  9999.00  9999.00  9999.00
 00013  1022.99    -0.21    74.84     1.69   216.48    20.48     0.00  9999.00  9999.00  9999.00
 00014  1019.30    -0.44    83.53     1.29   275.42    19.83     0.00  9999.00  9999.00  9999.00
 00015  1004.48    -3.21    68.89     1.94   179.41    22.03     0.00  9999.00  9999.00  9999.00
 00016   964.00    -1.24    82.74     0.41   109.10    22.09     0.00  9999.00  9999.00  9999.00
 00017  1006.58    -3.37    86.39     1.60   247.40    21.10     0.00  9999.00  9999.00  9999.00
 00018  1021.51    -0.11    79.64     2.57   200.26    19.94     0.00  9999.00  9999.00  9999.00
 00019   945.31     7.61    87.57     0.95   265.48    25.05     0.01  9999.00  9999.00  9999.00
 00020  1025.35    -0.39    77.82     2.32   323.93    20.43     0.00  9999.00  9999.00  9999.00
 00021   895.05    -6.47    77.94     2.31   163.59    37.51     0.00  9999.00  9999.00  9999.00
 00022  1022.78    -3.32    58.29     2.25   234.79    24.65     0.00  9999.00  9999.00  9999.00
 00023   924.31    -1.93    86.26     0.92   241.77    31.85     0.01  9999.00  9999.00  9999.00
 00024   951.10    -6.48    85.91     1.52   114.28    29.01     0.18  9999.00  9999.00  9999.00
 00025   797.86     8.14    96.95     1.77   206.02    19.22     0.00  9999.00  9999.00  9999.00
 00026  1020.81     2.60    80.01     2.06   351.33    19.06     0.00  9999.00  9999.00  9999.00
 00027  1016.37     9.42    60.72     1.66   348.56    19.12     0.00  9999.00  9999.00  9999.00
 00028   984.59     6.94    72.29     0.74   340.00    14.98     0.11  9999.00  9999.00  9999.00
 00029  1014.51    14.42    61.71     2.96     9.66    20.87     0.00  9999.00  9999.00  9999.00
 00030  1004.01    14.18    72.85     2.18   352.29    22.24     0.00  9999.00  9999.00  9999.00
 00031   572.38    -8.78    60.16     2.16   198.76    31.81     0.00  9999.00  9999.00  9999.00
 00032   985.78     8.25    69.20     1.62   335.47    17.90     0.00  9999.00  9999.00  9999.00
 00033  1013.99    20.52    83.38     8.16    51.30    22.65     0.08  9999.00  9999.00  9999.00
 00034  1012.32    26.24    90.53     8.86    63.67     7.56     3.67  9999.00  9999.00  9999.00
 00035  1012.61    23.46    78.58     4.67    43.18    23.67     0.01  9999.00  9999.00  9999.00
 00036   776.91     4.62    92.63     1.28    99.77    20.01     0.00  9999.00  9999.00  9999.00
 00037   975.86     7.64    73.92     1.13   257.64    17.82     0.00  9999.00  9999.00  9999.00
 00038  1002.89    12.18    79.85     1.25   326.98    20.03     0.00  9999.00  9999.00  9999.00
 00039  1016.60    16.34    70.49     8.67    79.94    19.66     0.01  9999.00  9999.00  9999.00
 00040  1013.78    16.21    70.43     5.80    20.22    20.77     0.00  9999.00  9999.00  9999.00
 00041   979.40     0.95    72.67     0.57   270.82    18.63     0.00  9999.00  9999.00  9999.00
 00042  1023.09    -0.80    83.93     1.33   187.23    19.95     0.00  9999.00  9999.00  9999.00
 00043  1014.01     4.33    80.39     1.54    37.41    19.24     0.00  9999.00  9999.00  9999.00
 00044   994.21     4.34    77.14     0.70   300.57    18.69     0.00  9999.00  9999.00  9999.00
 00045  1013.78    16.21    70.43     5.80    20.22    20.77     0.00  9999.00  9999.00  9999.00
 00046   948.75     6.22    90.27     1.37    47.92    18.67     0.00  9999.00  9999.00  9999.00
 00047  1012.07     6.83    71.46     3.08   338.76    19.03     0.00  9999.00  9999.00  9999.00
 00048   604.27    -8.29    78.17     0.87   179.39    30.19     0.00  9999.00  9999.00  9999.00
 00049   577.14   -10.07    80.49     0.57   194.87    19.33     0.07  9999.00  9999.00  9999.00
 00050  1009.10    12.91    62.05     4.55   328.60    19.14     0.00  9999.00  9999.00  9999.00
