stn_id       p       t2      rh2      spd      dir      vis    rain6   rain24   tmax24   tmin24 
 00001   988.34     8.98    82.58     1.39    87.01    13.74     0.22  9999.00  9999.00  9999.00
 00002  1012.34    -0.83    24.03     3.75   284.06    25.35     0.00  9999.00  9999.00  9999.00
 00003   915.17    -8.07    38.24     1.78   261.82    23.80     0.00  9999.00  9999.00  9999.00
 00004   842.11   -13.61    57.32     1.82   283.38    23.57     0.00  9999.00  9999.00  9999.00
 00005   879.94   -14.09    60.97     1.45   313.83    25.79     0.00  9999.00  9999.00  9999.00
 00006   890.05   -16.30    73.65     4.00   250.29    27.11     0.00  9999.00  9999.00  9999.00
 00007  1018.21    -9.99    63.70     2.11   268.25    31.02     0.00  9999.00  9999.00  9999.00
 00008   998.10   -16.80    92.03     4.02   239.01    35.29     0.00  9999.00  9999.00  9999.00
 00009   945.54   -16.42    73.40     2.45   246.35    46.36     0.00  9999.00  9999.00  9999.00
 00010   972.98   -12.53    67.73     4.03   274.88    35.20     0.00  9999.00  9999.00  9999.00
 00011  1003.11   -18.83    96.97     3.88   225.66    39.07     0.00  9999.00  9999.00  9999.00
 00012  1029.37    -5.76    36.72     1.90   336.65    26.00     0.00  9999.00  9999.00  9999.00
 00013  1030.92     0.97    52.86     2.04   317.68    20.41     0.00  9999.00  9999.00  9999.00
 00014  1026.18     5.18    41.32     3.49   329.64    19.69     0.00  9999.00  9999.00  9999.00
 00015  1012.37    -4.48    48.27     2.04   215.88    21.98     0.00  9999.00  9999.00  9999.00
 00016   973.73    -4.47    72.04     0.61   124.34    22.05     0.00  9999.00  9999.00  9999.00
 00017  1016.33    -0.24    29.46     4.48   287.79    21.06     0.00  9999.00  9999.00  9999.00
 00018  1030.31     0.44    59.58     1.98   322.32    19.90     0.00  9999.00  9999.00  9999.00
 00019   951.64     7.65    86.24     1.09   190.43    23.58     0.09  9999.00  9999.00  9999.00
 00020  1031.18     4.52    45.47     4.80   315.34    20.30     0.00  9999.00  9999.00  9999.00
 00021   899.36    -6.64    72.99     1.21   165.43    30.66     0.00  9999.00  9999.00  9999.00
 00022  1032.30    -4.83    33.82     2.83   349.36    24.57     0.00  9999.00  9999.00  9999.00
 00023   927.45     1.04    81.46     0.38   138.03    25.31     0.19  9999.00  9999.00  9999.00
 00024   954.45    -6.92    60.18     4.01   116.86    33.50     0.00  9999.00  9999.00  9999.00
 00025   801.85    10.05    94.38     1.52   126.02    18.73     0.10  9999.00  9999.00  9999.00
 00026  1028.37     6.72    36.50     4.59     5.41    19.04     0.00  9999.00  9999.00  9999.00
 00027  1025.98     4.62    58.48     4.71   349.29    19.17     0.03  9999.00  9999.00  9999.00
 00028   993.40     3.53    65.96     4.00    15.00    18.79     0.00  9999.00  9999.00  9999.00
 00029  1018.31    15.56    63.18     4.87    11.07    20.96     0.01  9999.00  9999.00  9999.00
 00030  1007.91    13.72    88.71     4.27    20.25     4.48     2.22  9999.00  9999.00  9999.00
 00031   574.28    -7.82    40.72     2.08   215.90    34.19     0.00  9999.00  9999.00  9999.00
 00032   989.53    12.36    73.61     2.13    27.75    17.74     0.05  9999.00  9999.00  9999.00
 00033  1015.98    21.86    88.77    10.40    50.37    13.47     4.17  9999.00  9999.00  9999.00
 00034  1014.59    26.80    88.68     9.66    54.33    17.96     1.05  9999.00  9999.00  9999.00
 00035  1014.82    23.40    95.21     5.88    48.50    10.08     2.96  9999.00  9999.00  9999.00
 00036   782.21     5.65    87.90     1.38    32.67     9.40     1.88  9999.00  9999.00  9999.00
 00037   979.55    12.30    77.68     1.28   101.96    17.34     0.09  9999.00  9999.00  9999.00
 00038  1006.38    16.67    70.55     1.81    16.10    20.08     0.00  9999.00  9999.00  9999.00
 00039  1020.04    17.78    77.77    12.21    21.09    19.28     0.09  9999.00  9999.00  9999.00
 00040  1017.14    18.28    71.45     7.59    21.96    20.85     0.00  9999.00  9999.00  9999.00
 00041   986.50     2.90    49.51     2.61     4.18    18.50     0.03  9999.00  9999.00  9999.00
 00042  1031.27     3.29    48.13     1.61   328.82    19.87     0.00  9999.00  9999.00  9999.00
 00043  1021.26     6.96    33.50     3.86    20.40    19.22     0.00  9999.00  9999.00  9999.00
 00044  1000.08     7.49    69.72     2.94    34.45    14.09     0.19  9999.00  9999.00  9999.00
 00045  1017.14    18.28    71.45     7.59    21.96    20.85     0.00  9999.00  9999.00  9999.00
 00046   953.04     9.55    97.69     2.70   349.75    11.22     1.56  9999.00  9999.00  9999.00
 00047  1016.81    10.55    61.95     4.79   352.09    18.22     0.42  9999.00  9999.00  9999.00
 00048   606.43    -8.04    86.18     1.25   133.54    33.56     0.02  9999.00  9999.00  9999.00
 00049   578.50    -9.84    62.00     0.45   190.50    27.46     0.00  9999.00  9999.00  9999.00
 00050  1012.88    15.29    69.92     7.00    18.94    19.19     0.00  9999.00  9999.00  9999.00
