stn_id       p       t2      rh2      spd      dir      vis    rain6   rain24   tmax24   tmin24 
 00001   977.01    16.02    98.78     0.35    67.14     1.37     0.00     0.87    22.19    14.51
 00002   993.17    16.53    67.87     1.85   257.37    23.51     0.00     0.00    27.15    11.51
 00003   904.26     7.42    79.73     1.16   314.35    22.27     0.00     0.00    22.52     5.62
 00004   835.60     6.25    81.41     2.32   194.89    22.20     0.00     0.00    15.54     4.36
 00005   869.40     4.46    62.47     0.87   128.76    24.45     0.00     0.00    17.37     2.15
 00006   878.75     5.64    67.14     4.15   220.58    25.33     0.00     0.00    16.16     3.56
 00007  1005.03     6.26    83.99     3.55    66.04    19.64     2.80     5.25    19.57     5.05
 00008   991.98     0.94    90.04     2.71    35.27     5.91     3.21     6.21    15.64     0.42
 00009   943.51    -6.18    41.55     2.02   202.84    32.88     0.12     0.12    -3.21    -9.87
 00010   969.14     3.99    86.54     1.22   324.61    28.87     0.04     3.98    18.54     1.70
 00011  1000.41    -1.46    76.50     2.72    28.68    31.16    -0.01     0.15    12.57    -2.82
 00012  1009.16    11.26    94.56     2.45   103.67    15.65     0.00     0.00    20.68    10.12
 00013  1017.18    17.14    80.39     2.32   207.85    20.48     0.00     0.00    25.79    14.08
 00014  1015.26    16.51    82.49     2.19   200.74    20.25     0.00     0.00    25.47    12.35
 00015   995.05    18.30    77.07     5.14   189.56    20.35     0.00     0.00    26.23    16.33
 00016   957.08    10.58    91.65     1.95   181.97    17.72     0.00     0.00    22.31     9.08
 00017   997.88    15.65    88.96     2.57   210.79    20.27     0.00     0.00    27.02    13.71
 00018  1015.18    18.57    73.94     3.53   188.60    20.04     0.00     0.00    26.40    15.71
 00019   940.98    16.08    92.11     0.46    86.19    19.88     0.05     0.41    20.23    15.12
 00020  1020.96    18.51    84.70     3.49   193.80    20.16     0.00     0.00    25.01    15.84
 00021   897.42     4.30    86.82     2.53    61.43     3.43     7.37    13.04    18.39     3.99
 00022  1011.80    13.12    93.93     1.22   283.84    19.31     0.00     0.00    20.89    11.24
 00023   926.16     1.92    93.38     5.38   277.14     5.04     2.70     7.63    16.23     1.93
 00024   946.85     4.00    87.44     7.82   277.98    17.53     0.40     6.55    10.28     4.07
 00025   801.05    12.78    92.28     1.40   186.22    21.60     0.01     0.89    19.17    11.58
 00026  1016.00    14.28    95.96     0.44    39.54     0.59     0.00     0.00    26.04    12.86
 00027  1011.51    16.31    91.41     1.85   137.28    20.13     0.00     0.00    25.80    13.32
 00028   980.67    13.41    96.43     1.04   174.05    12.31     0.00     0.00    23.13    11.98
 00029  1013.32    19.44    85.23     1.45    10.94    23.17     0.00     0.00    27.86    16.76
 00030  1002.62    17.77    86.04     2.11   329.72    25.16    -0.00     0.01    26.49    15.84
 00031   577.16    -7.05    78.32     2.00   208.91    29.16     0.00     0.00     5.84    -7.02
 00032   985.49    17.87    85.04     1.74    39.56    19.42     0.00     0.03    23.24    14.71
 00033  1014.19    22.12    84.65     5.92    51.62    25.99    -0.01     0.64    23.06    20.63
 00034  1013.43    27.55    83.36     9.51    52.58    23.59     0.93     3.15    28.13    26.53
 00035  1013.16    25.10    78.50     4.50    38.37    26.31     0.00     1.16    27.92    24.07
 00036   781.22     7.95    99.12     0.94    99.76     0.72     0.01     0.17    17.70     7.04
 00037   975.79    17.35    87.77     1.04    68.02    15.45     0.00     0.00    23.97    14.02
 00038  1002.56    19.06    79.41     1.16   342.71    21.94     0.00     0.00    27.36    15.56
 00039  1016.03    22.22    78.72     9.06    23.66    21.26     0.02     0.04    24.74    21.34
 00040  1013.40    22.15    73.28     6.43    27.55    22.82     0.00     0.00    26.80    20.62
 00041   976.79    14.31    89.79     1.38   147.55    18.11     0.00     0.00    24.23    10.26
 00042  1017.21    17.75    77.18     2.41   189.39    20.21     0.00     0.00    26.49    13.73
 00043  1009.43    16.41    94.03     0.23   282.00    20.59     0.00     0.00    25.65    14.48
 00044   991.82    14.06    85.76     1.34    86.62    19.72     0.00     0.00    24.23     9.72
 00045  1013.40    22.15    73.28     6.43    27.55    22.82     0.00     0.00    26.80    20.62
 00046   948.73    15.48    83.79     1.25    82.78    20.48     0.00     0.00    23.12    10.08
 00047  1010.66    16.48    95.57     2.74   329.91     2.25     0.03     0.03    23.25    14.96
 00048   610.02    -4.80    85.98     0.90    28.84    26.71     0.05     0.29     4.45    -7.85
 00049   581.07   -10.06    93.40     1.14    32.79     6.63    -0.00     0.04     2.50    -9.94
 00050  1008.56    21.51    74.39     5.50    19.86    20.84     0.00     0.00    26.30    19.76
