stn_id       p       t2      rh2      spd      dir      vis    rain6   rain24   tmax24   tmin24 
 00001   964.88    26.65    90.86     0.79   314.89    25.49  9999.00  9999.00  9999.00  9999.00
 00002   990.52    20.05    93.78     1.28   226.48    24.29  9999.00  9999.00  9999.00  9999.00
 00003   900.34    19.44    84.27     0.62   286.76    24.03  9999.00  9999.00  9999.00  9999.00
 00004   833.64    13.71    79.95     1.47   162.61    24.21  9999.00  9999.00  9999.00  9999.00
 00005   866.77    14.31    89.01     1.39    50.50    26.65  9999.00  9999.00  9999.00  9999.00
 00006   876.69    17.07    37.30     3.01   332.87    27.24  9999.00  9999.00  9999.00  9999.00
 00007   999.21    19.23    82.81     2.80   175.59    25.67  9999.00  9999.00  9999.00  9999.00
 00008   983.66    17.92    91.97     2.70   179.85    26.75  9999.00  9999.00  9999.00  9999.00
 00009   944.83     7.22    85.46     1.05    50.27    33.93  9999.00  9999.00  9999.00  9999.00
 00010   965.62    15.52    98.54     2.41   110.18     4.47  9999.00  9999.00  9999.00  9999.00
 00011   990.57    17.50    92.97     3.04   170.80    27.74  9999.00  9999.00  9999.00  9999.00
 00012  1004.84    20.33    92.31     2.20   198.57    23.43  9999.00  9999.00  9999.00  9999.00
 00013  1005.59    24.14    81.78     2.44    79.26    23.73  9999.00  9999.00  9999.00  9999.00
 00014  1002.53    21.73    94.16     2.41    36.64    25.27  9999.00  9999.00  9999.00  9999.00
 00015   990.35    21.01    93.46     1.06   160.91    20.05  9999.00  9999.00  9999.00  9999.00
 00016   949.74    23.28    76.40     1.33    75.52    24.85  9999.00  9999.00  9999.00  9999.00
 00017   992.19    22.73    87.71     1.69    70.44    22.84  9999.00  9999.00  9999.00  9999.00
 00018  1003.92    24.48    88.18     2.29    94.27    19.91  9999.00  9999.00  9999.00  9999.00
 00019   931.26    24.32    86.74     1.04   313.51    23.81  9999.00  9999.00  9999.00  9999.00
 00020  1009.16    20.74    96.90     3.02   122.23    21.52  9999.00  9999.00  9999.00  9999.00
 00021   886.77    18.49    45.39     2.47   149.86    26.69  9999.00  9999.00  9999.00  9999.00
 00022  1008.32    19.52    93.28     1.75   169.79    21.15  9999.00  9999.00  9999.00  9999.00
 00023   912.11    19.41    50.53     1.20   117.36    23.09  9999.00  9999.00  9999.00  9999.00
 00024   938.22    19.70    42.84     2.79   106.46    25.18  9999.00  9999.00  9999.00  9999.00
 00025   795.02    16.80    92.84     1.13   115.11    14.94  9999.00  9999.00  9999.00  9999.00
 00026  1002.94    25.49    87.13     1.21   160.49    24.97  9999.00  9999.00  9999.00  9999.00
 00027   998.54    26.48    90.89     1.40   173.56    25.10  9999.00  9999.00  9999.00  9999.00
 00028   968.21    26.41    80.24     1.35    89.59    24.50  9999.00  9999.00  9999.00  9999.00
 00029  1003.15    24.65    91.01     2.80   107.99    26.38  9999.00  9999.00  9999.00  9999.00
 00030   989.59    24.67    96.75     0.95    45.85    17.81  9999.00  9999.00  9999.00  9999.00
 00031   574.96     6.34    86.27     0.98   224.32    24.15  9999.00  9999.00  9999.00  9999.00
 00032   974.83    19.92    98.79     0.79   331.06     0.78  9999.00  9999.00  9999.00  9999.00
 00033  1003.52    23.02    99.27     3.71   169.79     2.98  9999.00  9999.00  9999.00  9999.00
 00034  1008.12    28.03    87.43     8.36   191.23    19.68  9999.00  9999.00  9999.00  9999.00
 00035  1003.08    26.24    95.35     3.77   182.97    19.91  9999.00  9999.00  9999.00  9999.00
 00036   775.74    17.31    89.60     0.84   111.17    17.92  9999.00  9999.00  9999.00  9999.00
 00037   965.30    20.35    98.67     0.54   246.19     2.92  9999.00  9999.00  9999.00  9999.00
 00038   993.10    22.23    98.61     0.63   156.53    25.60  9999.00  9999.00  9999.00  9999.00
 00039  1006.11    23.61    90.16     2.66   325.62    25.04  9999.00  9999.00  9999.00  9999.00
 00040  1004.51    24.30    90.26     0.15   137.49    26.03  9999.00  9999.00  9999.00  9999.00
 00041   965.16    23.16    83.26     1.35    76.75    24.07  9999.00  9999.00  9999.00  9999.00
 00042  1005.17    25.05    83.25     1.89    56.99    24.21  9999.00  9999.00  9999.00  9999.00
 00043   996.94    25.36    90.66     1.32   212.85    25.46  9999.00  9999.00  9999.00  9999.00
 00044   978.86    24.68    79.05     0.48   123.92    24.45  9999.00  9999.00  9999.00  9999.00
 00045  1004.51    24.30    90.26     0.15   137.49    26.03  9999.00  9999.00  9999.00  9999.00
 00046   939.58    21.34    93.08     1.40   169.68    25.03  9999.00  9999.00  9999.00  9999.00
 00047   998.31    20.11    99.38     1.19   297.39     0.42  9999.00  9999.00  9999.00  9999.00
 00048   604.88    10.62    65.29     0.95   158.97    29.53  9999.00  9999.00  9999.00  9999.00
 00049   579.65     4.47    99.12     1.22   188.02     1.76  9999.00  9999.00  9999.00  9999.00
 00050   998.36    22.27    92.86     1.65   297.56    24.60  9999.00  9999.00  9999.00  9999.00
