stn_id       p       t2      rh2      spd      dir      vis    rain6   rain24   tmax24   tmin24 
 00001   981.55    10.90    86.75     0.61   182.81    18.59     0.11  9999.00  9999.00  9999.00
 00002  1006.84    -2.24    79.96     1.34   265.11    24.39     0.00  9999.00  9999.00  9999.00
 00003   911.48    -4.50    65.15     0.66   305.92    22.81     0.00  9999.00  9999.00  9999.00
 00004   840.38    -5.14    59.54     1.84   201.14    22.50     0.00  9999.00  9999.00  9999.00
 00005   876.09    -5.52    47.59     0.83   118.00    24.32     0.00  9999.00  9999.00  9999.00
 00006   885.54    -3.82    51.31     4.64   234.36    24.91     0.00  9999.00  9999.00  9999.00
 00007  1016.61    -3.20    91.95     2.59   181.08    26.99     0.00  9999.00  9999.00  9999.00
 00008   998.99    -7.03    80.16     5.41   221.96    30.71     0.00  9999.00  9999.00  9999.00
 00009   951.14   -15.01    90.93     2.54   200.11    41.58     0.00  9999.00  9999.00  9999.00
 00010   977.66    -7.53    90.18     1.55   229.82    30.71     0.00  9999.00  9999.00  9999.00
 00011  1005.52    -9.41    87.81     5.37   207.66    34.13     0.00  9999.00  9999.00  9999.00
 00012  1023.20    -2.40    82.99     1.03   230.35    24.01     0.00  9999.00  9999.00  9999.00
 00013  1025.44     3.50    80.03     1.49    90.87    19.20     0.00  9999.00  9999.00  9999.00
 00014  1021.77     5.35    84.25     1.09   296.75    18.40     0.00  9999.00  9999.00  9999.00
 00015  1008.29     1.02    79.46     2.14   173.64    20.74     0.00  9999.00  9999.00  9999.00
 00016   966.35     2.22    91.16     0.95   194.58    20.69     0.00  9999.00  9999.00  9999.00
 00017  1008.85     1.81    90.80     1.53   254.48    19.80     0.00  9999.00  9999.00  9999.00
 00018  1024.06     2.51    86.66     1.69    90.67    18.80     0.00  9999.00  9999.00  9999.00
 00019   945.37     8.27    93.49     0.26   112.01    13.59     0.13  9999.00  9999.00  9999.00
 00020  1027.93     3.96    91.29     1.97   314.96    19.07     0.00  9999.00  9999.00  9999.00
 00021   909.94    -8.29    73.80     2.82   150.00    36.11     0.00  9999.00  9999.00  9999.00
 00022  1026.68     0.11    88.76     1.91   218.72    22.86     0.00  9999.00  9999.00  9999.00
 00023   934.80    -5.14    66.34     1.92   148.80    30.36     0.00  9999.00  9999.00  9999.00
 00024   965.24    -3.46    90.44     1.65   126.09    32.56     0.01  9999.00  9999.00  9999.00
 00025   799.01    11.45    96.80     2.18   214.65    19.76     0.00  9999.00  9999.00  9999.00
 00026  1022.83     5.09    88.02     1.79   105.73    18.47     0.00  9999.00  9999.00  9999.00
 00027  1017.87    10.84    75.61     1.15    28.78    18.77     0.00  9999.00  9999.00  9999.00
 00028   985.55     8.52    79.14     0.67   332.16    18.65     0.03  9999.00  9999.00  9999.00
 00029  1017.45    13.47    75.00     3.07    19.98    21.26     0.00  9999.00  9999.00  9999.00
 00030  1006.20    13.45    73.97     1.96    23.94    22.75     0.00  9999.00  9999.00  9999.00
 00031   574.87    -4.77    65.93     2.27   200.27    31.97     0.00  9999.00  9999.00  9999.00
 00032   988.51    12.51    84.24     1.74   348.58    17.81     0.00  9999.00  9999.00  9999.00
 00033  1016.78    20.28    91.91     8.02    64.68    10.85     0.41  9999.00  9999.00  9999.00
 00034  1015.20    27.09    84.37    11.62    59.96    18.40     0.76  9999.00  9999.00  9999.00
 00035  1015.54    23.22    85.98     4.83    54.11    17.55     0.13  9999.00  9999.00  9999.00
 00036   776.09     9.46    74.20     2.22   154.37    20.91     0.00  9999.00  9999.00  9999.00
 00037   978.65    11.54    89.36     1.15   262.00    17.71     0.00  9999.00  9999.00  9999.00
 00038  1005.83    14.24    92.18     1.34   320.13    20.23     0.09  9999.00  9999.00  9999.00
 00039  1019.38    18.26    80.36     9.25    20.30    19.78     0.07  9999.00  9999.00  9999.00
 00040  1016.95    17.94    74.05     5.37    63.85    21.15     0.00  9999.00  9999.00  9999.00
 00041   981.90     4.27    82.88     1.14    51.81    17.52     0.00  9999.00  9999.00  9999.00
 00042  1025.43     2.22    90.19     2.12   128.66    18.71     0.00  9999.00  9999.00  9999.00
 00043  1015.78     7.73    80.49     1.46    42.39    18.75     0.00  9999.00  9999.00  9999.00
 00044   996.34     5.22    87.11     1.34    82.59    17.96     0.00  9999.00  9999.00  9999.00
 00045  1016.95    17.94    74.05     5.37    63.85    21.15     0.00  9999.00  9999.00  9999.00
 00046   951.65     8.92    94.79     1.15    48.09    18.58     0.00  9999.00  9999.00  9999.00
 00047  1014.64    10.56    87.53     3.05   331.70    18.42     0.00  9999.00  9999.00  9999.00
 00048   605.99    -4.99    71.69     0.94   171.87    35.13     0.00  9999.00  9999.00  9999.00
 00049   579.61    -6.37    96.37     0.84   161.37    15.91     0.16  9999.00  9999.00  9999.00
 00050  1011.92    15.49    77.80     4.73    34.23    19.21     0.00  9999.00  9999.00  9999.00
