stn_id       p       t2      rh2      spd      dir      vis    rain6   rain24   tmax24   tmin24 
 00001  1002.50     3.50    95.15     1.00   360.00     2.20     0.00     0.20     6.10     3.50
 00002  1023.70   -10.60    82.00     3.00   340.00     1.90     0.00     0.00    -4.00   -11.30
 00003   939.90   -10.30    42.68     1.00   320.00    30.00     0.00     0.00    -3.40   -15.50
 00004   868.70   -24.70    74.53     2.00   220.00    12.00     0.00     0.00    -5.70   -24.70
 00005   898.90   -22.40    58.71     2.00   320.00    30.00     0.00     0.00   -12.30   -22.40
 00006   897.70   -24.90    70.75     6.00   290.00     3.50     0.00     0.00   -12.10   -25.20
 00007  1024.80   -11.90    78.87     2.00   340.00     6.00     0.40     0.80    -8.50   -18.40
 00008  1001.80   -19.50    75.45     2.00   340.00     3.00     0.00     0.00   -15.10   -21.60
 00009   980.50   -42.00    61.54     0.00     0.00     0.50     0.00     0.00   -24.90   -42.10
 00010   998.50   -22.20    73.48     1.00   290.00    10.00     0.00     0.00   -12.20   -22.90
 00011  1019.10   -26.50    72.66     1.00   220.00     2.30     0.00     0.10   -18.60   -28.20
 00012  1031.50    -7.90    22.30     5.00   340.00    23.00     0.00     0.00    -5.30   -13.00
 00013  1028.50     0.10   100.00     2.00   340.00     1.50     0.90    10.90     0.10    -1.60
 00014  1025.50     1.50    95.07     2.00   320.00     3.90     0.50    16.50     1.90     0.30
 00015  1012.70    -5.30    61.32     1.00   220.00    15.00     0.00     0.00     0.10    -5.30
 00016   983.20    -6.00    85.00     1.00   110.00     7.00     0.00     0.00     2.60    -6.00
 00017  1018.60    -5.20    92.64     0.00     0.00     4.70     0.00     0.00     0.20    -5.40
 00018  1031.00    -0.40    94.99     2.00   290.00     2.10     0.00     4.10    -0.40    -2.40
 00019   961.20    -1.30    95.66     0.00     0.00     3.30     0.00     0.00     8.70    -1.40
 00020  1028.80     5.30    93.89     2.00   360.00     6.00     3.00    19.00     5.50     3.50
 00021   924.30   -22.30    78.03     1.00    20.00     1.20     0.00     0.00   -16.20   -22.80
 00022  1034.40   -10.70    64.54     4.00   360.00     4.50     0.00     0.00    -3.90   -11.50
 00023   939.90   -12.60    48.14     1.00    90.00    30.00     0.00     0.00    -8.20   -16.80
 00024   982.60   -20.00    58.74     3.00   110.00    28.00     0.00     0.00   -16.70   -24.40
 00025   814.30     6.30    91.98     0.00     0.00    26.00     0.00     0.00    18.70     6.30
 00026  1026.40     1.60    84.00     3.00   360.00  9999.00     0.00     3.00     1.60     0.30
 00027  1018.50     0.20    90.93     2.00   320.00     4.40     0.00     1.20     0.20    -0.40
 00028   998.00     0.90    92.99     1.00   110.00    10.00     0.00     0.30     0.90    -1.70
 00029  1016.50     8.20    86.55     4.00   360.00    30.00     0.00     0.00    12.70     8.00
 00030  1008.90     6.40    86.98     4.00    40.00    30.00     0.10     2.10     7.10     5.80
 00031   626.90    -5.80    11.31     3.00   180.00    30.00     0.00     0.00    12.10    -5.80
 00032  1013.80    12.50    72.91     3.00   340.00    30.00     0.00     0.00    12.50     8.10
 00033  1013.30    15.10    96.81     3.00   320.00     1.20     0.30     2.80    20.20    15.10
 00034  1015.50    25.90    81.89     5.00    40.00     7.00     0.10     0.10    28.40    25.60
 00035  1017.50    17.80   100.00     1.00   290.00  9999.00     6.00    10.00    25.10    17.30
 00036   844.40     3.30    54.76     0.00     0.00    25.00     0.00     0.00    21.90     3.30
 00037  1017.00    12.30    71.89     3.00   270.00    26.00     0.00     0.00    12.70     7.70
 00038  1015.70    13.90    96.15     0.00     0.00     2.70     0.00     0.00    20.00    12.40
 00039  1020.30    15.70    82.79     4.00    40.00    16.00     0.00     0.00    16.20    11.70
 00040  1015.70    16.20    86.17     3.00    40.00     7.00     0.00     0.00    17.70    13.80
 00041   818.20    -4.60   100.00     1.00   320.00     0.10     0.00     3.70    -1.50    -5.80
 00042  1027.70    -0.20    97.12     2.00   270.00     1.60     0.30    11.30     0.10    -0.60
 00043  1024.10     1.20    87.73     3.00    90.00     4.60     0.00     1.40     1.70     0.50
 00044  1016.70     1.20    95.06     3.00   250.00     3.30     0.00     2.60     3.00     1.20
 00045  1015.70    16.20    86.17     3.00    40.00     7.00     0.00     0.00    17.70    13.80
 00046   978.10     4.00    95.17     3.00    20.00    10.00     0.60     1.60    10.40     4.00
 00047  1021.20     7.70    84.12     2.00   360.00    20.00     0.30     5.60     8.70     5.00
 00048   655.70     0.60    12.72     4.00    90.00    28.00     0.00     0.00    14.30    -3.00
 00049   600.60   -14.20    64.97     1.00   200.00    30.00     0.00     0.00     2.00   -14.20
 00050  1015.20    13.80    90.02     4.00    40.00     8.00     0.00     0.00    14.90    10.50
