stn_id       p       t2      rh2      spd      dir      vis    rain6   rain24   tmax24   tmin24 
 00001   966.35    27.56    81.33     1.27   216.05    25.87  9999.00  9999.00  9999.00  9999.00
 00002   988.57    24.42    95.27     1.43   225.43    25.83  9999.00  9999.00  9999.00  9999.00
 00003   900.23    22.39    72.03     1.07    80.60    24.86  9999.00  9999.00  9999.00  9999.00
 00004   834.99    17.54    54.26     1.23   106.28    24.86  9999.00  9999.00  9999.00  9999.00
 00005   868.81    16.92    36.27     2.42   107.66    27.61  9999.00  9999.00  9999.00  9999.00
 00006   879.42    18.19    27.62     2.77   327.90    28.81  9999.00  9999.00  9999.00  9999.00
 00007   999.19    23.79    91.71     1.24    59.40    24.84  9999.00  9999.00  9999.00  9999.00
 00008   983.99    22.11    95.51     2.72   323.89    27.46  9999.00  9999.00  9999.00  9999.00
 00009   936.80    12.65    66.20     3.08   216.23    40.32  9999.00  9999.00  9999.00  9999.00
 00010   963.28    20.09    98.96     1.35   112.04    24.03  9999.00  9999.00  9999.00  9999.00
 00011   989.90    20.64    92.18     3.37   300.13    29.40  9999.00  9999.00  9999.00  9999.00
 00012  1002.50    26.57    72.62     3.09   214.04    24.35  9999.00  9999.00  9999.00  9999.00
 00013  1004.17    25.41    84.83     2.61    93.98    23.77  9999.00  9999.00  9999.00  9999.00
 00014  1000.51    24.34    91.42     1.72    71.58    24.68  9999.00  9999.00  9999.00  9999.00
 00015   989.63    24.76    94.23     0.61   305.51    10.64  9999.00  9999.00  9999.00  9999.00
 00016   950.39    24.77    66.14     1.37   178.81    25.50  9999.00  9999.00  9999.00  9999.00
 00017   990.46    25.91    93.57     2.15    50.94    24.08  9999.00  9999.00  9999.00  9999.00
 00018  1002.85    26.56    81.47     2.89    88.21    24.03  9999.00  9999.00  9999.00  9999.00
 00019   934.07    23.88    83.82     1.61   157.07     7.19  9999.00  9999.00  9999.00  9999.00
 00020  1007.32    23.24    89.29     1.24   138.68    21.18  9999.00  9999.00  9999.00  9999.00
 00021   889.69    20.74    33.25     0.98   102.74    27.92  9999.00  9999.00  9999.00  9999.00
 00022  1005.95    25.42    87.25     2.04   233.05    21.80  9999.00  9999.00  9999.00  9999.00
 00023   916.15    19.98    41.64     1.25   216.93    23.41  9999.00  9999.00  9999.00  9999.00
 00024   940.60    19.68    34.73     2.53   295.82    25.77  9999.00  9999.00  9999.00  9999.00
 00025   796.07    17.71    93.21     1.20    84.69    24.69  9999.00  9999.00  9999.00  9999.00
 00026  1001.04    26.39    78.12     2.54    17.05    26.55  9999.00  9999.00  9999.00  9999.00
 00027   998.10    27.55    77.17     1.80   356.29    26.89  9999.00  9999.00  9999.00  9999.00
 00028   968.05    27.07    73.90     1.94    80.16    26.00  9999.00  9999.00  9999.00  9999.00
 00029   999.64    25.82    95.02     1.13   150.10    28.49  9999.00  9999.00  9999.00  9999.00
 00030   990.14    26.27    95.22     2.02   163.90    14.36  9999.00  9999.00  9999.00  9999.00
 00031   576.37    10.34    50.11     1.74   140.19    23.87  9999.00  9999.00  9999.00  9999.00
 00032   971.93    22.95    96.95     0.85   109.90     7.36  9999.00  9999.00  9999.00  9999.00
 00033  1003.25    24.64    97.35     3.38   187.77     7.06  9999.00  9999.00  9999.00  9999.00
 00034  1007.34    28.32    91.62     3.12   174.82    34.17  9999.00  9999.00  9999.00  9999.00
 00035  1002.99    28.26    90.30     3.65   175.93    30.47  9999.00  9999.00  9999.00  9999.00
 00036   777.12    17.68    91.73     0.51    74.20    14.60  9999.00  9999.00  9999.00  9999.00
 00037   962.39    23.03    95.96     0.92    88.94    16.61  9999.00  9999.00  9999.00  9999.00
 00038   988.97    25.18    94.28     0.45   192.66    16.04  9999.00  9999.00  9999.00  9999.00
 00039  1002.41    25.25    94.64     1.54   146.05    22.89  9999.00  9999.00  9999.00  9999.00
 00040  1000.17    26.04    93.95     2.41   228.75    25.08  9999.00  9999.00  9999.00  9999.00
 00041   963.46    23.84    89.85     1.00   104.18    24.63  9999.00  9999.00  9999.00  9999.00
 00042  1003.66    25.67    82.73     2.86    81.89    24.45  9999.00  9999.00  9999.00  9999.00
 00043   994.87    26.50    82.98     1.70    42.06    27.22  9999.00  9999.00  9999.00  9999.00
 00044   976.49    25.51    86.14     0.99   306.25    25.06  9999.00  9999.00  9999.00  9999.00
 00045  1000.17    26.04    93.95     2.41   228.75    25.08  9999.00  9999.00  9999.00  9999.00
 00046   935.92    24.38    90.63     0.97    49.58    12.75  9999.00  9999.00  9999.00  9999.00
 00047   996.13    22.58    97.73     1.68    79.72     9.37  9999.00  9999.00  9999.00  9999.00
 00048   606.99    14.18    47.46     0.62   161.83    28.71  9999.00  9999.00  9999.00  9999.00
 00049   581.67     5.91    98.01     1.16   194.06     7.56  9999.00  9999.00  9999.00  9999.00
 00050   994.99    24.70    96.69     0.74    32.48    23.96  9999.00  9999.00  9999.00  9999.00
