stn_id       p       t2      rh2      spd      dir      vis    rain6   rain24   tmax24   tmin24 
 00001   965.36    29.38    67.36     2.44   137.19    24.22     0.18  9999.00  9999.00  9999.00
 00002   987.15    37.83    23.57     3.80   146.62    27.72     0.00  9999.00  9999.00  9999.00
 00003   898.26    33.61    21.71     2.48   115.96    26.25     0.00  9999.00  9999.00  9999.00
 00004   833.12    28.79    24.18     3.61   121.93    25.11     0.00  9999.00  9999.00  9999.00
 00005   867.02    30.98    24.33     3.30   198.64    25.92     0.00  9999.00  9999.00  9999.00
 00006   875.90    34.44    16.95     3.46   225.23    25.24     0.00  9999.00  9999.00  9999.00
 00007   996.18    32.03    52.23     6.01   214.20    25.17     0.00  9999.00  9999.00  9999.00
 00008   981.29    30.94    57.39     2.43   177.84    25.58     0.00  9999.00  9999.00  9999.00
 00009   936.89    20.58    91.85     2.79   207.59    10.21     9.51  9999.00  9999.00  9999.00
 00010   961.35    26.59    61.54     2.00   315.57    23.76     0.41  9999.00  9999.00  9999.00
 00011   988.81    28.15    56.45     1.55   188.18    26.56     0.05  9999.00  9999.00  9999.00
 00012  1001.72    38.39    27.47     4.18   204.40    25.73     0.00  9999.00  9999.00  9999.00
 00013  1005.79    26.39    92.42     2.97    83.60     1.87     6.57  9999.00  9999.00  9999.00
 00014  1002.14    28.62    83.64     1.57    49.89    11.04     2.72  9999.00  9999.00  9999.00
 00015   989.45    32.45    48.44     2.50   185.78    24.75     0.05  9999.00  9999.00  9999.00
 00016   946.79    33.33    39.87     2.08    90.55    26.54     0.00  9999.00  9999.00  9999.00
 00017   990.79    29.45    68.92     2.30   132.69    24.44     1.00  9999.00  9999.00  9999.00
 00018  1004.02    26.46    93.05     2.48   114.61     1.77     7.10  9999.00  9999.00  9999.00
 00019   930.47    30.31    54.13     2.08   165.12    28.25     0.06  9999.00  9999.00  9999.00
 00020  1008.88    27.52    81.91     2.83    79.79    26.21     0.16  9999.00  9999.00  9999.00
 00021   886.26    33.49    15.20     2.94   327.77    25.19     0.00  9999.00  9999.00  9999.00
 00022  1005.44    37.22    27.82     3.88   206.86    24.56     0.00  9999.00  9999.00  9999.00
 00023   910.99    34.44    14.96     1.99   261.95    20.82     0.00  9999.00  9999.00  9999.00
 00024   934.84    33.30    15.18     3.68   296.94    22.77     0.00  9999.00  9999.00  9999.00
 00025   793.00    16.03    90.78     1.85   350.75     2.37    16.20  9999.00  9999.00  9999.00
 00026  1002.04    30.78    78.52     1.47   197.92    24.88     3.18  9999.00  9999.00  9999.00
 00027   998.50    28.18    87.06     2.55   214.30     2.41    14.40  9999.00  9999.00  9999.00
 00028   967.68    30.05    72.20     1.61   342.29    21.27     2.03  9999.00  9999.00  9999.00
 00029  1002.02    28.25    85.71     3.52   128.47    19.90     2.88  9999.00  9999.00  9999.00
 00030   988.31    30.69    73.36     2.97   141.63    29.92     0.44  9999.00  9999.00  9999.00
 00031   576.77     8.56    67.29     0.90   172.37    22.33     2.88  9999.00  9999.00  9999.00
 00032   973.12    30.14    63.55     2.61   198.62    23.27     0.05  9999.00  9999.00  9999.00
 00033  1002.27    22.33    97.91     5.59   114.04     6.32     0.25  9999.00  9999.00  9999.00
 00034  1004.77    28.08    86.72     6.51   141.83    34.60     2.06  9999.00  9999.00  9999.00
 00035  1001.94    29.08    84.35     4.05   138.00     8.16     6.19  9999.00  9999.00  9999.00
 00036   775.85    20.00    53.91     1.57    23.45    24.88     1.87  9999.00  9999.00  9999.00
 00037   963.66    31.60    59.23     2.15   203.14    26.30     0.02  9999.00  9999.00  9999.00
 00038   992.28    28.29    82.24     2.45   166.79     7.83     6.67  9999.00  9999.00  9999.00
 00039  1004.81    28.13    83.58     4.48   169.70    28.21     0.11  9999.00  9999.00  9999.00
 00040  1003.34    28.10    85.84     3.73   139.46    20.05     2.38  9999.00  9999.00  9999.00
 00041   965.20    28.47    81.99     0.25   178.09     9.96     2.40  9999.00  9999.00  9999.00
 00042  1005.20    28.32    88.48     2.77    67.87     8.17     6.73  9999.00  9999.00  9999.00
 00043   995.78    30.91    73.18     1.82   201.14    16.87     2.81  9999.00  9999.00  9999.00
 00044   978.85    28.21    83.38     2.62   295.34    11.14     5.60  9999.00  9999.00  9999.00
 00045  1003.34    28.10    85.84     3.73   139.46    20.05     2.38  9999.00  9999.00  9999.00
 00046   938.86    27.95    73.25     1.84   202.86     6.51     1.41  9999.00  9999.00  9999.00
 00047   996.81    27.34    84.51     3.01   146.62     9.83     0.58  9999.00  9999.00  9999.00
 00048   607.71    12.92    58.38     0.92   139.90    25.98     0.68  9999.00  9999.00  9999.00
 00049   580.20     9.26    74.10     1.52   192.97    12.45     2.22  9999.00  9999.00  9999.00
 00050   996.91    30.95    67.76     3.78   195.74    27.70     0.03  9999.00  9999.00  9999.00
