stn_id       p       t2      rh2      spd      dir      vis    rain6   rain24   tmax24   tmin24 
 00001   965.30    24.51    96.30     0.62   103.15     8.19    21.19  9999.00  9999.00  9999.00
 00002   987.74    23.66    95.46     1.80   118.49     1.92    19.75  9999.00  9999.00  9999.00
 00003   897.42    21.28    83.03     1.73   116.97    25.66     2.23  9999.00  9999.00  9999.00
 00004   830.07    18.95    80.87     2.79   160.91    22.15     1.48  9999.00  9999.00  9999.00
 00005   863.64    17.16    91.01     2.97   201.63    14.52     8.12  9999.00  9999.00  9999.00
 00006   873.26    18.92    85.05     5.61   181.27     5.86     6.10  9999.00  9999.00  9999.00
 00007  1001.50    25.19    69.68     1.87   198.57    25.21     0.04  9999.00  9999.00  9999.00
 00008   987.25    25.86    82.93     1.84    49.63    25.84     0.01  9999.00  9999.00  9999.00
 00009   948.19    19.17    54.17     1.30   240.11    34.70     0.00  9999.00  9999.00  9999.00
 00010   968.24    19.29    88.28     1.37   111.99    22.88     0.18  9999.00  9999.00  9999.00
 00011   994.41    25.81    81.33     1.83    39.74    26.61     0.03  9999.00  9999.00  9999.00
 00012  1004.57    24.79    69.05     2.11    60.20    18.91     1.07  9999.00  9999.00  9999.00
 00013  1003.79    24.29    88.96     1.82   283.11    28.37     0.00  9999.00  9999.00  9999.00
 00014  1001.19    27.41    89.11     3.38   225.92    22.96     0.42  9999.00  9999.00  9999.00
 00015   989.30    24.51    69.84     2.08   150.10    24.41     0.00  9999.00  9999.00  9999.00
 00016   946.69    25.87    79.13     0.76   167.54    26.56     0.00  9999.00  9999.00  9999.00
 00017   989.11    24.69    90.88     2.61   139.81    23.87     3.68  9999.00  9999.00  9999.00
 00018  1002.65    24.70    87.49     1.29    56.11    28.19     0.06  9999.00  9999.00  9999.00
 00019   931.44    24.62    83.99     1.08   285.30    27.12     0.88  9999.00  9999.00  9999.00
 00020  1006.34    26.97    90.23     3.45   232.15    14.26     3.21  9999.00  9999.00  9999.00
 00021   887.42    21.68    63.16     1.63   106.24    25.45     0.15  9999.00  9999.00  9999.00
 00022  1006.87    27.15    61.55     1.80   110.80    24.41     0.11  9999.00  9999.00  9999.00
 00023   913.31    17.99    63.88     1.21   195.03    21.06     0.00  9999.00  9999.00  9999.00
 00024   935.47    20.61    61.88     3.47   296.43    23.01     0.00  9999.00  9999.00  9999.00
 00025   795.43    16.74    94.48     0.91   143.45    16.25     1.20  9999.00  9999.00  9999.00
 00026  1003.28    28.85    85.29     3.07   187.85    27.34     0.39  9999.00  9999.00  9999.00
 00027   998.87    28.59    84.59     3.21   183.76    29.16     0.00  9999.00  9999.00  9999.00
 00028   969.38    26.79    84.58     3.44   196.54    27.22     0.00  9999.00  9999.00  9999.00
 00029  1004.01    26.62    91.33     1.77   121.88    29.97     0.09  9999.00  9999.00  9999.00
 00030   992.19    25.86    93.20     3.50   134.93    26.57     0.29  9999.00  9999.00  9999.00
 00031   576.51     2.19    96.64     0.90   223.36     4.03     0.01  9999.00  9999.00  9999.00
 00032   974.37    26.82    88.83     1.12   274.30    24.62     0.01  9999.00  9999.00  9999.00
 00033  1005.39    23.80    98.95     3.39   116.26     0.66     0.58  9999.00  9999.00  9999.00
 00034  1006.63    27.57    87.43     7.07   114.00    33.94     2.65  9999.00  9999.00  9999.00
 00035  1004.64    27.29    93.27     2.36   121.82    31.05     0.33  9999.00  9999.00  9999.00
 00036   776.37    16.12    96.49     0.61   129.46     8.60     3.70  9999.00  9999.00  9999.00
 00037   965.00    27.01    88.28     1.09   275.06    24.77     0.00  9999.00  9999.00  9999.00
 00038   992.74    26.57    87.07     0.98   294.45    28.98     0.00  9999.00  9999.00  9999.00
 00039  1005.78    26.54    88.81     3.64   236.99    27.42     0.00  9999.00  9999.00  9999.00
 00040  1004.03    26.59    89.82     1.53   280.05    29.01     0.04  9999.00  9999.00  9999.00
 00041   965.13    24.35    93.57     2.46   199.00    16.42     5.85  9999.00  9999.00  9999.00
 00042  1003.87    27.05    87.51     2.98   232.29    28.65     1.31  9999.00  9999.00  9999.00
 00043   997.42    28.76    82.07     2.53   192.50    27.04     0.44  9999.00  9999.00  9999.00
 00044   980.56    25.43    94.90     0.91   166.86    10.04     6.28  9999.00  9999.00  9999.00
 00045  1004.03    26.59    89.82     1.53   280.05    29.01     0.04  9999.00  9999.00  9999.00
 00046   940.36    24.83    89.33     2.41   221.22    28.66     0.13  9999.00  9999.00  9999.00
 00047   997.56    25.05    93.22     0.82   246.41    13.33     0.05  9999.00  9999.00  9999.00
 00048   607.70     5.23    90.75     0.78   186.39    18.34     0.02  9999.00  9999.00  9999.00
 00049   579.71     3.71    95.05     1.62    27.11     3.99     0.02  9999.00  9999.00  9999.00
 00050   998.01    27.82    80.88     2.83   250.92    27.19     0.00  9999.00  9999.00  9999.00
