stn_id       p       t2      rh2      spd      dir      vis    rain6   rain24   tmax24   tmin24 
 00001   981.92    11.53    83.80     0.47   100.95    21.74     0.01  9999.00  9999.00  9999.00
 00002  1000.63    -0.57    60.07     1.69   264.09    25.32     0.00  9999.00  9999.00  9999.00
 00003   906.81    -2.70    35.74     2.10   250.28    23.81     0.00  9999.00  9999.00  9999.00
 00004   836.11    -5.23    32.60     3.03   223.06    23.64     0.00  9999.00  9999.00  9999.00
 00005   870.22    -5.37    33.50     2.32   242.67    25.86     0.00  9999.00  9999.00  9999.00
 00006   878.18    -3.72    53.48     5.02   245.25    27.30     0.00  9999.00  9999.00  9999.00
 00007  1009.23     0.38    69.11     6.92   183.67    31.72     0.00  9999.00  9999.00  9999.00
 00008   989.67    -1.85    77.95     7.43   196.13    36.10     0.00  9999.00  9999.00  9999.00
 00009   930.91    -8.98    86.60     2.56   261.03    24.44     1.73  9999.00  9999.00  9999.00
 00010   972.63    -8.88    60.65     1.39   186.37    36.16     0.00  9999.00  9999.00  9999.00
 00011   995.39    -6.12    73.31    10.72   192.07    39.92     0.00  9999.00  9999.00  9999.00
 00012  1016.98    -1.73    60.48     1.72   189.44    26.17     0.00  9999.00  9999.00  9999.00
 00013  1023.44     1.86    74.91     2.46    85.01    20.56     0.00  9999.00  9999.00  9999.00
 00014  1020.25     6.31    68.45     1.92    14.53    19.93     0.00  9999.00  9999.00  9999.00
 00015  1003.15     2.44    63.05     4.43   185.95    22.08     0.00  9999.00  9999.00  9999.00
 00016   963.90     1.50    66.10     1.39   199.48    22.14     0.00  9999.00  9999.00  9999.00
 00017  1006.38     3.05    66.20     2.49   208.33    21.17     0.00  9999.00  9999.00  9999.00
 00018  1021.92     5.04    70.11     1.85   106.83    20.02     0.00  9999.00  9999.00  9999.00
 00019   945.45    10.21    81.57     0.96   248.26    24.52     0.05  9999.00  9999.00  9999.00
 00020  1026.13     5.44    87.29     2.06    16.74    20.54     0.00  9999.00  9999.00  9999.00
 00021   892.82    -2.12    70.79     4.12   146.47    37.52     0.00  9999.00  9999.00  9999.00
 00022  1020.42    -0.23    61.42     2.65   198.55    24.70     0.00  9999.00  9999.00  9999.00
 00023   917.23    -0.20    70.84     1.79   180.13    32.47     0.00  9999.00  9999.00  9999.00
 00024   946.38    -3.20    90.78     6.89   121.51     9.40     1.18  9999.00  9999.00  9999.00
 00025   797.84    11.98    89.72     1.82   216.59    19.21     0.01  9999.00  9999.00  9999.00
 00026  1021.30     8.71    87.01     0.83   315.46    15.40     2.92  9999.00  9999.00  9999.00
 00027  1017.76     9.07    88.28     0.99   304.14    18.65     0.16  9999.00  9999.00  9999.00
 00028   985.01     8.27    87.77     1.24   356.29    18.42     0.01  9999.00  9999.00  9999.00
 00029  1014.76    17.67    76.36     1.86    42.27    20.91     0.00  9999.00  9999.00  9999.00
 00030  1004.67    14.58    77.87     1.67     5.86    22.24     0.00  9999.00  9999.00  9999.00
 00031   573.21    -1.95     5.91     1.85   194.13    34.21     0.00  9999.00  9999.00  9999.00
 00032   987.21    12.62    86.43     1.61    55.22    16.52     0.49  9999.00  9999.00  9999.00
 00033  1015.57    20.95    88.16     6.30    59.36    15.04     0.08  9999.00  9999.00  9999.00
 00034  1014.41    26.77    85.24     9.73    58.84    24.91     1.17  9999.00  9999.00  9999.00
 00035  1014.54    23.36    88.09     4.26    43.09    13.63     0.43  9999.00  9999.00  9999.00
 00036   776.47     9.89    83.54     1.29    73.84    20.86     0.36  9999.00  9999.00  9999.00
 00037   977.28    12.50    92.20     0.96    36.44    16.42     0.32  9999.00  9999.00  9999.00
 00038  1003.75    17.27    75.64     1.77    89.04    20.06     0.33  9999.00  9999.00  9999.00
 00039  1017.92    18.22    78.90    10.57    19.76    19.56     0.03  9999.00  9999.00  9999.00
 00040  1015.29    19.92    73.75     6.58    43.25    20.35     0.02  9999.00  9999.00  9999.00
 00041   979.84     6.52    67.10     1.22    31.88    18.69     0.00  9999.00  9999.00  9999.00
 00042  1023.38     3.57    82.10     2.41    77.19    20.03     0.00  9999.00  9999.00  9999.00
 00043  1014.80     7.97    88.51     1.11   341.36    14.04     2.14  9999.00  9999.00  9999.00
 00044   994.83     8.69    89.71     1.18    29.85    10.55     1.89  9999.00  9999.00  9999.00
 00045  1015.29    19.92    73.75     6.58    43.25    20.35     0.02  9999.00  9999.00  9999.00
 00046   949.57    11.78    91.41     1.48    33.52    13.96     0.08  9999.00  9999.00  9999.00
 00047  1013.42    12.59    67.96     2.90    31.64    18.91     0.82  9999.00  9999.00  9999.00
 00048   605.49    -4.60    54.93     2.06    26.61    35.93    -0.00  9999.00  9999.00  9999.00
 00049   577.04    -5.09    70.36     0.46   208.03    27.95     0.00  9999.00  9999.00  9999.00
 00050  1010.57    15.67    76.46     5.75    10.85    19.14     1.00  9999.00  9999.00  9999.00
