stn_id       p       t2      rh2      spd      dir      vis    rain6   rain24   tmax24   tmin24 
 00001   982.50     9.98    93.26     1.03   241.41    20.86  9999.00  9999.00  9999.00  9999.00
 00002   996.10    -0.23    44.88     2.59   265.43    25.24  9999.00  9999.00  9999.00  9999.00
 00003   903.94    -5.48    41.41     1.28   284.11    23.78  9999.00  9999.00  9999.00  9999.00
 00004   833.00    -6.24    42.91     3.12   245.97    23.61  9999.00  9999.00  9999.00  9999.00
 00005   867.69    -7.71    49.82     0.93   271.70    25.85  9999.00  9999.00  9999.00  9999.00
 00006   876.91    -6.39    62.28     5.72   257.58    27.33  9999.00  9999.00  9999.00  9999.00
 00007  1004.50     2.31    85.98     5.22   207.51    29.37  9999.00  9999.00  9999.00  9999.00
 00008   984.92    -1.75    79.25     7.50   227.50    36.12  9999.00  9999.00  9999.00  9999.00
 00009   935.21   -17.11    99.83     2.41   285.55    47.15  9999.00  9999.00  9999.00  9999.00
 00010   967.96    -9.50    60.53     1.61   191.75    36.18  9999.00  9999.00  9999.00  9999.00
 00011   989.63    -3.81    81.73     9.23   220.05    39.95  9999.00  9999.00  9999.00  9999.00
 00012  1012.73    -5.37    74.59     1.28   336.04    26.14  9999.00  9999.00  9999.00  9999.00
 00013  1019.60    -0.12    81.16     2.26   131.85    20.53  9999.00  9999.00  9999.00  9999.00
 00014  1016.45     3.35    85.12     0.81   261.30    19.89  9999.00  9999.00  9999.00  9999.00
 00015   998.27     1.74    72.00     5.43   192.36    22.03  9999.00  9999.00  9999.00  9999.00
 00016   961.45    -2.55    90.15     1.25   189.22    22.15  9999.00  9999.00  9999.00  9999.00
 00017  1001.03     1.17    70.40     3.04   243.59    21.12  9999.00  9999.00  9999.00  9999.00
 00018  1018.21     1.65    85.36     1.76   154.70    19.99  9999.00  9999.00  9999.00  9999.00
 00019   945.28     5.96    88.98     1.68   285.81    25.72  9999.00  9999.00  9999.00  9999.00
 00020  1022.43     3.31    90.64     1.58   313.47    20.51  9999.00  9999.00  9999.00  9999.00
 00021   887.88    -3.06    67.64     6.33   154.64    37.43  9999.00  9999.00  9999.00  9999.00
 00022  1015.78    -2.93    81.47     2.12   214.45    24.66  9999.00  9999.00  9999.00  9999.00
 00023   913.73     1.30    64.34     1.46   279.39    12.53  9999.00  9999.00  9999.00  9999.00
 00024   937.36    -2.38    89.73     8.58   120.30    11.58  9999.00  9999.00  9999.00  9999.00
 00025   798.36    10.87    99.51     2.42   228.63     1.82  9999.00  9999.00  9999.00  9999.00
 00026  1018.34     9.02    81.45     1.10   308.62    19.09  9999.00  9999.00  9999.00  9999.00
 00027  1015.25     7.16    93.31     1.06   299.17    18.81  9999.00  9999.00  9999.00  9999.00
 00028   984.02     7.74    93.84     0.90   321.62    11.62  9999.00  9999.00  9999.00  9999.00
 00029  1013.30    13.77    73.24     3.14   328.85    20.85  9999.00  9999.00  9999.00  9999.00
 00030  1003.83    13.44    79.58     2.52   352.15    22.07  9999.00  9999.00  9999.00  9999.00
 00031   573.56    -9.47    33.53     2.12   214.91    34.25  9999.00  9999.00  9999.00  9999.00
 00032   983.98    12.15    96.22     1.29   338.29     8.05  9999.00  9999.00  9999.00  9999.00
 00033  1013.36    20.61    88.47     7.11    66.93    18.46  9999.00  9999.00  9999.00  9999.00
 00034  1012.88    26.48    85.86     9.22    59.91    26.76  9999.00  9999.00  9999.00  9999.00
 00035  1012.27    23.87    83.31     3.86    45.58    21.30  9999.00  9999.00  9999.00  9999.00
 00036   779.08     6.91    88.85     1.39    22.23    18.67  9999.00  9999.00  9999.00  9999.00
 00037   974.09    12.10    97.08     0.86   256.81     6.82  9999.00  9999.00  9999.00  9999.00
 00038  1001.21    14.23    92.47     0.75   313.88    20.02  9999.00  9999.00  9999.00  9999.00
 00039  1015.09    17.62    84.91     8.82    22.07    17.91  9999.00  9999.00  9999.00  9999.00
 00040  1012.49    17.76    79.55     5.39    32.53    20.44  9999.00  9999.00  9999.00  9999.00
 00041   976.64     5.91    73.81     0.63   159.97    18.67  9999.00  9999.00  9999.00  9999.00
 00042  1019.66     2.60    87.73     1.21   147.97    20.00  9999.00  9999.00  9999.00  9999.00
 00043  1012.06     8.12    91.09     0.42   181.97    10.34  9999.00  9999.00  9999.00  9999.00
 00044   991.86     8.17    92.72     0.74    37.31    10.15  9999.00  9999.00  9999.00  9999.00
 00045  1012.49    17.76    79.55     5.39    32.53    20.44  9999.00  9999.00  9999.00  9999.00
 00046   947.00    11.03    98.34     1.13     1.92     3.23  9999.00  9999.00  9999.00  9999.00
 00047  1009.58    12.19    76.16     3.41   329.71     4.10  9999.00  9999.00  9999.00  9999.00
 00048   606.52   -10.87    82.21     1.31   131.12    35.34  9999.00  9999.00  9999.00  9999.00
 00049   577.28    -9.95    47.92     0.81    34.97    27.92  9999.00  9999.00  9999.00  9999.00
 00050  1007.55    14.50    88.21     4.39    32.02     6.65  9999.00  9999.00  9999.00  9999.00
