stn_id       p       t2      rh2      spd      dir      vis    rain6   rain24   tmax24   tmin24 
 00001   973.05    24.21    58.22     1.07   100.00    23.69  9999.00  9999.00  9999.00  9999.00
 00002   997.74    19.65    49.20     1.90    22.34    22.86  9999.00  9999.00  9999.00  9999.00
 00003   903.96    19.09    34.76     1.49   141.36    21.83  9999.00  9999.00  9999.00  9999.00
 00004   836.84    11.94    44.39     1.21   306.21    21.97  9999.00  9999.00  9999.00  9999.00
 00005   871.88    14.59    40.01     1.19   208.66    24.84  9999.00  9999.00  9999.00  9999.00
 00006   884.66     9.19    27.28     2.03    37.43    26.06  9999.00  9999.00  9999.00  9999.00
 00007  1007.40    10.74    41.19     3.13   355.51    25.24  9999.00  9999.00  9999.00  9999.00
 00008   990.86     9.01    34.48     3.83   318.31    26.90  9999.00  9999.00  9999.00  9999.00
 00009   946.22     1.31    56.89     2.24   289.52    32.84  9999.00  9999.00  9999.00  9999.00
 00010   964.34     8.96    45.08     4.80   299.37    27.16  9999.00  9999.00  9999.00  9999.00
 00011   996.13     8.24    38.26     5.42   309.76    28.32  9999.00  9999.00  9999.00  9999.00
 00012  1014.37    16.83    51.53     1.88    68.11    23.04  9999.00  9999.00  9999.00  9999.00
 00013  1012.45    21.75    77.66     1.49   208.76    22.22  9999.00  9999.00  9999.00  9999.00
 00014  1010.01    21.92    71.31     1.08    62.26    22.90  9999.00  9999.00  9999.00  9999.00
 00015   996.15    21.26    42.63     1.94    67.20    20.01  9999.00  9999.00  9999.00  9999.00
 00016   955.83    21.88    51.58     1.09    73.38    21.49  9999.00  9999.00  9999.00  9999.00
 00017   996.93    23.94    56.93     0.42   181.35    21.01  9999.00  9999.00  9999.00  9999.00
 00018  1010.97    22.43    64.75     1.87   227.56    21.72  9999.00  9999.00  9999.00  9999.00
 00019   938.07    19.32    74.79     0.97   201.58    26.51  9999.00  9999.00  9999.00  9999.00
 00020  1015.60    20.77    73.49     1.25   263.10    21.54  9999.00  9999.00  9999.00  9999.00
 00021   894.17     8.97    42.44     4.45   311.19    25.78  9999.00  9999.00  9999.00  9999.00
 00022  1017.20    17.74    44.78     1.87    90.88    21.34  9999.00  9999.00  9999.00  9999.00
 00023   923.02     6.77    54.52     3.45   294.65    21.32  9999.00  9999.00  9999.00  9999.00
 00024   946.63     7.97    59.13     3.19   300.46    22.94  9999.00  9999.00  9999.00  9999.00
 00025   796.23    17.71    62.56     2.43   183.49    24.78  9999.00  9999.00  9999.00  9999.00
 00026  1011.69    23.53    65.93     1.08    66.88    22.65  9999.00  9999.00  9999.00  9999.00
 00027  1007.55    24.81    55.35     0.90    42.97    22.47  9999.00  9999.00  9999.00  9999.00
 00028   976.24    23.97    60.31     1.34    16.58    21.77  9999.00  9999.00  9999.00  9999.00
 00029  1007.57    26.00    66.48     1.69    53.65    25.63  9999.00  9999.00  9999.00  9999.00
 00030   996.70    25.42    58.47     2.76    29.58    28.40  9999.00  9999.00  9999.00  9999.00
 00031   571.03     8.58    13.95     4.88   256.35    28.93  9999.00  9999.00  9999.00  9999.00
 00032   980.35    19.68    75.10     1.66    90.76    21.62  9999.00  9999.00  9999.00  9999.00
 00033  1008.71    22.69    82.35     7.22    52.88    28.82  9999.00  9999.00  9999.00  9999.00
 00034  1008.36    26.55    89.00     9.64    71.75     0.83  9999.00  9999.00  9999.00  9999.00
 00035  1007.75    25.36    84.30     5.16    42.25    25.03  9999.00  9999.00  9999.00  9999.00
 00036   776.35    15.95    63.09     1.94   197.43    24.32  9999.00  9999.00  9999.00  9999.00
 00037   970.59    19.89    77.06     1.34   107.18    21.56  9999.00  9999.00  9999.00  9999.00
 00038   996.99    24.01    74.29     1.11    65.02    24.11  9999.00  9999.00  9999.00  9999.00
 00039  1011.24    23.33    71.05     8.22    51.30    23.56  9999.00  9999.00  9999.00  9999.00
 00040  1008.19    24.16    76.77     6.60    66.06    24.98  9999.00  9999.00  9999.00  9999.00
 00041   972.41    20.38    68.94     1.13   343.43    21.67  9999.00  9999.00  9999.00  9999.00
 00042  1012.84    22.13    73.55     1.53   224.25    22.30  9999.00  9999.00  9999.00  9999.00
 00043  1005.39    22.99    68.79     1.16    25.06    23.15  9999.00  9999.00  9999.00  9999.00
 00044   986.88    21.69    69.94     0.69   289.30    22.22  9999.00  9999.00  9999.00  9999.00
 00045  1008.19    24.16    76.77     6.60    66.06    24.98  9999.00  9999.00  9999.00  9999.00
 00046   943.60    22.07    65.37     1.33   355.33    23.13  9999.00  9999.00  9999.00  9999.00
 00047  1004.69    20.73    68.12     3.22   115.79    22.23  9999.00  9999.00  9999.00  9999.00
 00048   602.44     8.76    33.86     2.17   204.60    32.84  9999.00  9999.00  9999.00  9999.00
 00049   576.50     2.29    70.42     3.45   206.45    25.52  9999.00  9999.00  9999.00  9999.00
 00050  1003.61    22.99    64.34     4.87    53.84    23.02  9999.00  9999.00  9999.00  9999.00
