stn_id       p       t2      rh2      spd      dir      vis    rain6   rain24   tmax24   tmin24 
 00001   975.13    16.29    91.07     1.64    97.03    23.69     0.00  9999.00  9999.00  9999.00
 00002  1005.13    11.24    76.55     0.86   298.44    22.95     0.00  9999.00  9999.00  9999.00
 00003   909.75     7.46    80.29     1.80    61.78    21.91     0.00  9999.00  9999.00  9999.00
 00004   839.52     4.80    67.06     2.32   151.75    21.99     0.00  9999.00  9999.00  9999.00
 00005   874.34     5.93    63.84     1.71    65.20    24.86     0.00  9999.00  9999.00  9999.00
 00006   884.06     4.81    59.14     4.37   198.43    26.04     0.00  9999.00  9999.00  9999.00
 00007  1013.89     5.90    66.14     0.25   335.71    25.35     0.01  9999.00  9999.00  9999.00
 00008   996.86     5.55    53.11     1.59   286.67    27.02     0.00  9999.00  9999.00  9999.00
 00009   947.11    -0.37    64.42     1.90   197.24    32.86     0.00  9999.00  9999.00  9999.00
 00010   972.27     5.52    49.57     4.26   281.33    27.25     0.00  9999.00  9999.00  9999.00
 00011  1002.74     4.54    56.51     2.61   279.11    28.47    -0.01  9999.00  9999.00  9999.00
 00012  1021.39     9.18    71.03     0.89    19.64    23.17     0.00  9999.00  9999.00  9999.00
 00013  1018.01    16.43    86.19     0.71   345.42    22.27    -0.01  9999.00  9999.00  9999.00
 00014  1015.00    16.89    82.09     1.57   233.07    22.94     0.00  9999.00  9999.00  9999.00
 00015  1003.75    13.77    64.98     2.64   100.08    20.12    -0.00  9999.00  9999.00  9999.00
 00016   959.11    10.66    85.12     1.71   102.82    21.47     0.00  9999.00  9999.00  9999.00
 00017  1004.77    14.29    71.10     2.99    46.79    21.06     0.00  9999.00  9999.00  9999.00
 00018  1016.89    17.11    83.05     1.29    45.83    21.78     0.00  9999.00  9999.00  9999.00
 00019   940.12    16.51    86.89     0.75   234.04    11.78     0.48  9999.00  9999.00  9999.00
 00020  1020.77    17.39    86.57     0.77   276.79    11.91     0.01  9999.00  9999.00  9999.00
 00021   895.59     2.73    66.73     0.81   217.77    25.80    -0.00  9999.00  9999.00  9999.00
 00022  1024.27    10.11    66.81     0.94    27.34    21.47     0.00  9999.00  9999.00  9999.00
 00023   924.46     1.49    72.55     1.07   207.86    21.28     0.01  9999.00  9999.00  9999.00
 00024   949.66     2.48    92.66     0.95   226.96    17.72     0.62  9999.00  9999.00  9999.00
 00025   799.58    12.38    92.96     1.61   159.66    24.86     0.03  9999.00  9999.00  9999.00
 00026  1016.58    16.40    89.77     1.16   112.80     7.93     0.00  9999.00  9999.00  9999.00
 00027  1011.94    16.91    84.40     1.32   115.35    22.50     0.00  9999.00  9999.00  9999.00
 00028   980.36    14.65    92.40     0.59    50.27    21.79    -0.00  9999.00  9999.00  9999.00
 00029  1011.32    21.50    71.26     2.95    27.61    25.66    -0.01  9999.00  9999.00  9999.00
 00030  1000.21    20.90    76.00     2.20     5.60    28.46     0.00  9999.00  9999.00  9999.00
 00031   573.82    -4.49    84.67     1.64   212.05    28.98     0.00  9999.00  9999.00  9999.00
 00032   984.65    18.17    78.68     1.50    39.03    21.63     0.00  9999.00  9999.00  9999.00
 00033  1011.20    22.23    89.32     9.30    51.39    11.87     0.47  9999.00  9999.00  9999.00
 00034  1009.50    26.63    87.69     8.75    93.63    16.20     8.42  9999.00  9999.00  9999.00
 00035  1009.82    25.03    87.52     6.20    48.29    10.24     1.63  9999.00  9999.00  9999.00
 00036   778.84    11.02    90.40     0.91   160.70    22.75     0.47  9999.00  9999.00  9999.00
 00037   974.95    17.54    83.56     0.91    69.73    16.09    -0.00  9999.00  9999.00  9999.00
 00038  1001.44    19.98    84.01     1.12   141.26    23.68     0.00  9999.00  9999.00  9999.00
 00039  1015.18    21.70    76.91     8.68    24.21    23.64    -0.00  9999.00  9999.00  9999.00
 00040  1012.30    22.07    70.98     6.96    37.61    25.02     0.01  9999.00  9999.00  9999.00
 00041   977.11    15.36    78.95     0.57   138.12    21.72     0.00  9999.00  9999.00  9999.00
 00042  1018.36    16.34    77.80     1.01   236.32    22.33    -0.01  9999.00  9999.00  9999.00
 00043  1010.01    17.46    88.90     1.22    61.68    23.19    -0.00  9999.00  9999.00  9999.00
 00044   991.62    16.42    86.85     0.98    77.24    22.26    -0.00  9999.00  9999.00  9999.00
 00045  1012.30    22.07    70.98     6.96    37.61    25.02     0.01  9999.00  9999.00  9999.00
 00046   947.80    17.19    81.73     1.28    62.88    23.17     0.00  9999.00  9999.00  9999.00
 00047  1009.57    18.67    78.74     2.18   327.39    22.28     0.01  9999.00  9999.00  9999.00
 00048   605.55    -2.44    79.13     1.18   174.36    31.89     0.00  9999.00  9999.00  9999.00
 00049   578.37    -3.24    97.92     1.24   177.87     3.18     0.61  9999.00  9999.00  9999.00
 00050  1007.70    20.93    72.23     4.74    14.94    23.09    -0.01  9999.00  9999.00  9999.00
