stn_id       p       t2      rh2      spd      dir      vis    rain6   rain24   tmax24   tmin24 
 00001   962.98    21.66    85.58     1.28   113.14    26.29  9999.00  9999.00  9999.00  9999.00
 00002   985.81    15.92    53.79     1.45   277.83    22.44  9999.00  9999.00  9999.00  9999.00
 00003   896.02    12.28    50.48     2.21    41.56    21.53  9999.00  9999.00  9999.00  9999.00
 00004   829.67     7.66    57.40     1.72   118.15    19.86  9999.00  9999.00  9999.00  9999.00
 00005   864.73     7.97    65.34     1.82   180.35    19.41  9999.00  9999.00  9999.00  9999.00
 00006   875.96    10.35    60.43     1.00   259.93    18.71  9999.00  9999.00  9999.00  9999.00
 00007   996.00    14.10    94.69     2.28   124.28    21.18  9999.00  9999.00  9999.00  9999.00
 00008   981.28    13.32    94.27     1.59   128.97    20.66  9999.00  9999.00  9999.00  9999.00
 00009   945.95     8.94    96.70     1.65   203.10    36.56  9999.00  9999.00  9999.00  9999.00
 00010   961.86    12.37    95.17     1.75    93.71    10.71  9999.00  9999.00  9999.00  9999.00
 00011   989.44    14.76    90.92     3.80    70.95    24.96  9999.00  9999.00  9999.00  9999.00
 00012  1001.04    16.44    55.15     2.17    47.25    20.30  9999.00  9999.00  9999.00  9999.00
 00013   998.35    20.77    96.63     1.95    47.41    26.03  9999.00  9999.00  9999.00  9999.00
 00014   994.82    21.72    91.97     2.11   246.25    26.38  9999.00  9999.00  9999.00  9999.00
 00015   984.89    18.33    56.85     1.33   215.33    21.22  9999.00  9999.00  9999.00  9999.00
 00016   943.93    16.61    86.64     1.47   181.55    23.67  9999.00  9999.00  9999.00  9999.00
 00017   985.94    19.46    64.82     2.06   220.41    24.19  9999.00  9999.00  9999.00  9999.00
 00018   997.61    20.69    96.18     1.87   307.75    26.14  9999.00  9999.00  9999.00  9999.00
 00019   928.16    20.04    75.87     1.88   101.46    26.99  9999.00  9999.00  9999.00  9999.00
 00020  1000.53    20.17    95.13     1.93   249.04    23.33  9999.00  9999.00  9999.00  9999.00
 00021   884.34    20.96    21.92     2.50   156.68    25.73  9999.00  9999.00  9999.00  9999.00
 00022  1003.38    16.27    77.01     1.43   297.50    20.01  9999.00  9999.00  9999.00  9999.00
 00023   912.35    20.08    52.77     1.09   245.12    24.38  9999.00  9999.00  9999.00  9999.00
 00024   936.26    20.38    57.55     7.85   303.76    26.07  9999.00  9999.00  9999.00  9999.00
 00025   792.65    15.43    71.85     0.89    64.99    26.04  9999.00  9999.00  9999.00  9999.00
 00026   997.53    23.17    94.32     1.69   239.00    27.53  9999.00  9999.00  9999.00  9999.00
 00027   993.91    22.34    92.98     1.59   150.94    27.60  9999.00  9999.00  9999.00  9999.00
 00028   964.09    22.88    91.87     1.29   153.95    26.37  9999.00  9999.00  9999.00  9999.00
 00029   996.58    25.55    97.26     1.05    81.73     8.52  9999.00  9999.00  9999.00  9999.00
 00030   985.69    23.64    99.21     1.14    58.42    24.05  9999.00  9999.00  9999.00  9999.00
 00031   573.00     1.06    73.40     2.15   206.80    22.73  9999.00  9999.00  9999.00  9999.00
 00032   967.72    20.36    95.50     1.23   296.08    11.72  9999.00  9999.00  9999.00  9999.00
 00033   998.94    23.66    97.92     1.69   155.24     0.57  9999.00  9999.00  9999.00  9999.00
 00034  1002.49    28.33    88.60     6.65   215.38    32.50  9999.00  9999.00  9999.00  9999.00
 00035   998.24    25.48    96.53     0.76   152.88    13.73  9999.00  9999.00  9999.00  9999.00
 00036   774.40    12.55    79.47     0.39   124.50    21.54  9999.00  9999.00  9999.00  9999.00
 00037   958.37    19.89    96.95     1.14   299.39     9.17  9999.00  9999.00  9999.00  9999.00
 00038   985.54    23.24    99.53     0.83   337.61     3.40  9999.00  9999.00  9999.00  9999.00
 00039   998.89    23.78    92.24     1.34   291.89    18.92  9999.00  9999.00  9999.00  9999.00
 00040   996.67    24.57    94.40     1.89    64.53    16.43  9999.00  9999.00  9999.00  9999.00
 00041   959.62    21.02    95.34     1.53   260.64    26.15  9999.00  9999.00  9999.00  9999.00
 00042   998.54    22.44    93.82     2.51   272.79    26.46  9999.00  9999.00  9999.00  9999.00
 00043   991.71    22.21    95.61     1.34   190.58    28.03  9999.00  9999.00  9999.00  9999.00
 00044   973.87    20.34    95.46     0.98   195.63    25.62  9999.00  9999.00  9999.00  9999.00
 00045   996.67    24.57    94.40     1.89    64.53    16.43  9999.00  9999.00  9999.00  9999.00
 00046   933.49    17.02    93.82     0.54    98.85    25.38  9999.00  9999.00  9999.00  9999.00
 00047   990.65    21.01    99.16     1.44   290.13     0.62  9999.00  9999.00  9999.00  9999.00
 00048   603.61     5.83    78.18     1.04   167.62    24.07  9999.00  9999.00  9999.00  9999.00
 00049   576.99     2.13    99.08     0.77   172.38     1.42  9999.00  9999.00  9999.00  9999.00
 00050   991.21    22.70    98.56     0.87   250.75    21.10  9999.00  9999.00  9999.00  9999.00
