stn_id       p       t2      rh2      spd      dir      vis    rain6   rain24   tmax24   tmin24 
 00001   962.98    25.35    76.49     1.84   180.99    26.30     0.00  9999.00  9999.00  9999.00
 00002   982.82    28.32    23.32     1.04    92.02    22.33     0.00  9999.00  9999.00  9999.00
 00003   895.40    19.59    33.16     2.44   280.05    21.47     0.00  9999.00  9999.00  9999.00
 00004   829.37    16.34    35.32     1.20   170.04    19.82     0.00  9999.00  9999.00  9999.00
 00005   863.49    18.78    22.62     3.11    37.67    19.34     0.00  9999.00  9999.00  9999.00
 00006   874.62    15.83    37.12     2.44   342.23    18.67     0.16  9999.00  9999.00  9999.00
 00007   995.11    16.32    91.73     2.20    69.35    21.16     4.91  9999.00  9999.00  9999.00
 00008   980.65    16.67    78.52     2.01   167.26    22.94     0.08  9999.00  9999.00  9999.00
 00009   945.30    16.70    81.87     0.92    13.94    37.34     0.26  9999.00  9999.00  9999.00
 00010   962.11    13.94    88.36     2.66   105.21    24.79     0.03  9999.00  9999.00  9999.00
 00011   989.06    16.61    84.42     2.20    88.59    24.95     0.21  9999.00  9999.00  9999.00
 00012   999.39    23.52    33.40     2.09    46.51    20.25     0.13  9999.00  9999.00  9999.00
 00013   997.40    23.96    86.29     3.86   126.94    26.00     1.98  9999.00  9999.00  9999.00
 00014   994.72    26.85    73.08     2.60    96.96    26.38     0.00  9999.00  9999.00  9999.00
 00015   983.67    26.52    27.53     4.00    59.77    21.13     0.00  9999.00  9999.00  9999.00
 00016   943.87    26.21    57.01     1.83   151.35    23.66     0.00  9999.00  9999.00  9999.00
 00017   984.29    25.58    51.75     2.32   162.43    24.14     0.00  9999.00  9999.00  9999.00
 00018   995.63    27.63    80.32     2.35   183.13    26.09     1.00  9999.00  9999.00  9999.00
 00019   927.58    25.75    72.38     1.92   219.20    27.03     0.00  9999.00  9999.00  9999.00
 00020  1001.62    22.75    91.91     4.03   130.55    21.08     0.09  9999.00  9999.00  9999.00
 00021   882.98    33.24     9.49     3.04   342.68    25.71     0.00  9999.00  9999.00  9999.00
 00022  1002.14    24.37    32.41     2.07    53.43    19.91     0.03  9999.00  9999.00  9999.00
 00023   910.05    32.29    20.53     7.61   274.24    24.33     0.00  9999.00  9999.00  9999.00
 00024   931.26    36.32    12.91     4.03    15.28    25.93     0.00  9999.00  9999.00  9999.00
 00025   792.99    19.49    64.57     1.49   110.76    26.06     0.00  9999.00  9999.00  9999.00
 00026   996.71    27.53    83.75     1.84   177.56    27.62     0.00  9999.00  9999.00  9999.00
 00027   993.08    29.45    69.84     1.45   172.88    27.61     0.00  9999.00  9999.00  9999.00
 00028   963.76    30.61    62.52     1.15   126.14    26.37     0.00  9999.00  9999.00  9999.00
 00029   996.42    26.61    94.53     0.91   124.95    27.37     7.22  9999.00  9999.00  9999.00
 00030   985.35    26.41    94.07     1.36    85.29    31.77     2.48  9999.00  9999.00  9999.00
 00031   570.74    14.81    14.40     3.20   218.56    22.64     0.06  9999.00  9999.00  9999.00
 00032   967.85    22.21    93.26     1.11   232.57    22.44     0.44  9999.00  9999.00  9999.00
 00033   998.77    24.43    98.05     2.50   273.74     0.64     0.05  9999.00  9999.00  9999.00
 00034  1003.19    28.43    88.08     4.90   226.00    17.79     0.19  9999.00  9999.00  9999.00
 00035   998.22    27.58    88.35     1.29   238.26    18.14     0.45  9999.00  9999.00  9999.00
 00036   775.62    14.53    63.71     0.64   289.47    24.77     0.02  9999.00  9999.00  9999.00
 00037   958.43    22.33    93.30     0.99   223.35    22.48     0.35  9999.00  9999.00  9999.00
 00038   986.02    24.24    97.91     0.26   231.49    19.92     1.48  9999.00  9999.00  9999.00
 00039   999.01    23.92    90.25     1.86   117.10    24.26     0.99  9999.00  9999.00  9999.00
 00040   997.17    25.17    92.22     3.37    71.19    25.61     3.51  9999.00  9999.00  9999.00
 00041   959.20    25.17    78.98     1.67   242.35    26.21     0.00  9999.00  9999.00  9999.00
 00042   997.51    27.59    78.58     1.84   212.69    26.43     0.00  9999.00  9999.00  9999.00
 00043   990.88    27.34    80.03     1.88   179.75    28.03     0.00  9999.00  9999.00  9999.00
 00044   973.42    25.21    81.35     1.83   248.22    25.64     0.00  9999.00  9999.00  9999.00
 00045   997.17    25.17    92.22     3.37    71.19    25.61     3.51  9999.00  9999.00  9999.00
 00046   933.69    19.70    92.80     1.33   171.63    25.43     0.06  9999.00  9999.00  9999.00
 00047   990.77    23.53    89.18     1.13   135.85    22.73     0.02  9999.00  9999.00  9999.00
 00048   601.57    15.09    34.56     2.33   172.39    26.28     0.06  9999.00  9999.00  9999.00
 00049   576.81     4.67    89.53     1.98   198.33    21.74     3.48  9999.00  9999.00  9999.00
 00050   991.18    23.20    95.96     1.23   221.18     8.11     1.42  9999.00  9999.00  9999.00
