stn_id       p       t2      rh2      spd      dir      vis    rain6   rain24   tmax24   tmin24 
 00001   963.81    31.24    60.98     2.00    98.87    25.95  9999.00  9999.00  9999.00  9999.00
 00002   987.63    30.44    66.83     2.57   163.13    26.09  9999.00  9999.00  9999.00  9999.00
 00003   898.72    27.41    57.75     1.37   201.53    25.04  9999.00  9999.00  9999.00  9999.00
 00004   832.95    23.93    47.21     1.53   206.46    24.92  9999.00  9999.00  9999.00  9999.00
 00005   865.90    26.80    43.23     3.40   204.91    27.56  9999.00  9999.00  9999.00  9999.00
 00006   875.03    30.09    28.54     3.48   209.96    28.57  9999.00  9999.00  9999.00  9999.00
 00007   995.84    27.65    68.67     2.81    40.93    24.99  9999.00  9999.00  9999.00  9999.00
 00008   982.08    26.70    70.06     0.45   139.48    26.85  9999.00  9999.00  9999.00  9999.00
 00009   937.54    17.89    90.04     2.99   231.54    16.32  9999.00  9999.00  9999.00  9999.00
 00010   964.19    15.67    99.46     1.27    93.31     1.82  9999.00  9999.00  9999.00  9999.00
 00011   989.52    26.36    72.56     2.46   215.47    26.41  9999.00  9999.00  9999.00  9999.00
 00012  1002.18    30.65    71.47     1.35   214.99    24.59  9999.00  9999.00  9999.00  9999.00
 00013  1001.35    27.86    80.80     2.23   356.29    22.44  9999.00  9999.00  9999.00  9999.00
 00014   997.29    28.99    76.01     2.52   331.20    24.92  9999.00  9999.00  9999.00  9999.00
 00015   988.10    30.04    56.94     1.84    52.53    20.86  9999.00  9999.00  9999.00  9999.00
 00016   947.38    30.94    56.88     1.44   132.38    25.67  9999.00  9999.00  9999.00  9999.00
 00017   989.63    30.62    62.08     1.63    46.46    24.40  9999.00  9999.00  9999.00  9999.00
 00018  1000.53    28.32    76.82     2.17    20.89    20.42  9999.00  9999.00  9999.00  9999.00
 00019   930.35    29.15    63.94     0.80   223.09    27.24  9999.00  9999.00  9999.00  9999.00
 00020  1002.66    28.13    75.29     3.37    10.76    21.26  9999.00  9999.00  9999.00  9999.00
 00021   890.74    14.00    71.13     3.72   325.46    24.61  9999.00  9999.00  9999.00  9999.00
 00022  1005.21    31.64    63.73     2.96   244.95    22.05  9999.00  9999.00  9999.00  9999.00
 00023   918.69    14.25    50.88     3.31   278.81    23.25  9999.00  9999.00  9999.00  9999.00
 00024   942.20    15.32    52.84     6.89   306.11    25.59  9999.00  9999.00  9999.00  9999.00
 00025   794.30    20.14    81.35     1.66   108.39    10.36  9999.00  9999.00  9999.00  9999.00
 00026  1001.15    28.35    80.95     1.61   139.24    26.69  9999.00  9999.00  9999.00  9999.00
 00027   997.82    28.76    81.57     2.26   343.23    27.05  9999.00  9999.00  9999.00  9999.00
 00028   968.48    24.03    94.93     1.05   243.43     1.39  9999.00  9999.00  9999.00  9999.00
 00029   999.83    30.62    75.30     2.37   181.56    14.89  9999.00  9999.00  9999.00  9999.00
 00030   988.16    30.98    73.71     0.68   277.16    25.96  9999.00  9999.00  9999.00  9999.00
 00031   576.24     9.88    60.80     1.19   196.80    23.66  9999.00  9999.00  9999.00  9999.00
 00032   968.79    30.01    69.45     3.14   259.76    22.71  9999.00  9999.00  9999.00  9999.00
 00033  1003.04    24.40    97.06     2.23   117.70     0.35  9999.00  9999.00  9999.00  9999.00
 00034  1006.73    28.55    89.64     7.50   202.44    25.23  9999.00  9999.00  9999.00  9999.00
 00035  1002.31    31.87    70.10     2.42   174.80    31.67  9999.00  9999.00  9999.00  9999.00
 00036   774.86    21.71    67.57     1.31   178.96    14.15  9999.00  9999.00  9999.00  9999.00
 00037   959.53    30.46    68.91     2.95   273.98    23.00  9999.00  9999.00  9999.00  9999.00
 00038   988.22    30.33    71.01     3.31   254.75    20.25  9999.00  9999.00  9999.00  9999.00
 00039  1000.96    27.99    83.46     7.28   217.24    21.61  9999.00  9999.00  9999.00  9999.00
 00040   999.97    29.36    77.14     6.16   231.44    25.80  9999.00  9999.00  9999.00  9999.00
 00041   961.88    26.28    84.69     1.45    20.77    22.71  9999.00  9999.00  9999.00  9999.00
 00042  1001.60    27.75    80.44     0.87   120.80    24.52  9999.00  9999.00  9999.00  9999.00
 00043   995.14    28.50    81.18     1.75    39.16    13.50  9999.00  9999.00  9999.00  9999.00
 00044   975.81    26.64    87.61     2.11   276.90    21.83  9999.00  9999.00  9999.00  9999.00
 00045   999.97    29.36    77.14     6.16   231.44    25.80  9999.00  9999.00  9999.00  9999.00
 00046   936.56    26.27    87.58     1.82   236.01    23.03  9999.00  9999.00  9999.00  9999.00
 00047   991.09    27.99    85.33     0.82   196.85    14.98  9999.00  9999.00  9999.00  9999.00
 00048   607.20    12.07    65.19     1.97   191.78    28.28  9999.00  9999.00  9999.00  9999.00
 00049   580.25     8.51    70.97     1.59   209.86    23.53  9999.00  9999.00  9999.00  9999.00
 00050   992.86    30.47    72.53     4.83   225.64    24.44  9999.00  9999.00  9999.00  9999.00
