stn_id       p       t2      rh2      spd      dir      vis    rain6   rain24   tmax24   tmin24 
 00001   974.01     5.21    90.17     1.47   106.47    18.01  9999.00  9999.00  9999.00  9999.00
 00002  1000.33    -5.82    51.16     1.42   262.95    26.73  9999.00  9999.00  9999.00  9999.00
 00003   904.07    -4.98    37.50     1.13   176.12    25.02  9999.00  9999.00  9999.00  9999.00
 00004   831.95    -7.35    40.38     2.53   200.59    26.21  9999.00  9999.00  9999.00  9999.00
 00005   867.95    -9.78    54.38     1.23    62.43    31.09  9999.00  9999.00  9999.00  9999.00
 00006   877.46    -5.86    41.32     4.32   234.62    34.64  9999.00  9999.00  9999.00  9999.00
 00007  1008.85    -5.07    81.52     3.11   200.33    33.26  9999.00  9999.00  9999.00  9999.00
 00008   990.38    -8.42    85.15     4.52   242.02    39.78  9999.00  9999.00  9999.00  9999.00
 00009   945.20   -34.60   100.00     1.83   216.51    45.05  9999.00  9999.00  9999.00  9999.00
 00010   969.24   -16.32    80.20     2.25   208.22    37.95  9999.00  9999.00  9999.00  9999.00
 00011   996.07   -11.38    80.27     2.99   259.79    46.18  9999.00  9999.00  9999.00  9999.00
 00012  1016.70    -5.64    50.72     1.11   312.74    28.18  9999.00  9999.00  9999.00  9999.00
 00013  1018.71     4.20    90.81     2.35    32.20    16.52  9999.00  9999.00  9999.00  9999.00
 00014  1014.09     7.17    94.68     1.88   315.48     2.43  9999.00  9999.00  9999.00  9999.00
 00015  1002.37    -0.58    74.93     3.30   186.40    21.31  9999.00  9999.00  9999.00  9999.00
 00016   957.42    -3.70    88.21     0.95   123.58    18.83  9999.00  9999.00  9999.00  9999.00
 00017  1003.68    -3.16    87.16     1.89   222.78    19.40  9999.00  9999.00  9999.00  9999.00
 00018  1017.56     5.03    69.96     2.06    61.81    18.61  9999.00  9999.00  9999.00  9999.00
 00019   937.22     8.23    82.57     1.50    36.09    20.98  9999.00  9999.00  9999.00  9999.00
 00020  1020.17    10.46    91.45     3.83    29.99     1.58  9999.00  9999.00  9999.00  9999.00
 00021   892.69    -3.58    55.09     0.63   171.91    43.38  9999.00  9999.00  9999.00  9999.00
 00022  1020.01    -3.30    61.15     2.53   206.49    25.52  9999.00  9999.00  9999.00  9999.00
 00023   921.67    -3.35    91.92     2.27   142.03    37.06  9999.00  9999.00  9999.00  9999.00
 00024   947.96    -9.67    96.98     3.97   138.49     9.46  9999.00  9999.00  9999.00  9999.00
 00025   793.70     6.60    99.14     1.69   210.60     2.18  9999.00  9999.00  9999.00  9999.00
 00026  1016.31     7.18    93.60     1.93   330.40    18.26  9999.00  9999.00  9999.00  9999.00
 00027  1012.65     5.47    95.57     2.22   336.61    17.61  9999.00  9999.00  9999.00  9999.00
 00028   980.47     3.93    94.41     0.69   106.73    10.32  9999.00  9999.00  9999.00  9999.00
 00029  1009.57    15.76    89.05     3.38   292.83    20.12  9999.00  9999.00  9999.00  9999.00
 00030   999.09    11.54    91.09     2.41   186.16     8.26  9999.00  9999.00  9999.00  9999.00
 00031   568.29   -10.44    49.18     2.18   224.39    33.67  9999.00  9999.00  9999.00  9999.00
 00032   980.20    10.93    95.73     2.12   301.09    17.77  9999.00  9999.00  9999.00  9999.00
 00033  1009.82    21.33    98.31     2.31   154.00     0.45  9999.00  9999.00  9999.00  9999.00
 00034  1010.81    26.98    80.38     4.41   105.63    20.56  9999.00  9999.00  9999.00  9999.00
 00035  1009.18    21.58    97.80     0.57   237.09     5.64  9999.00  9999.00  9999.00  9999.00
 00036   771.88     1.17    84.50     1.63    80.84    16.01  9999.00  9999.00  9999.00  9999.00
 00037   970.54    10.74    97.32     1.72   300.58    13.06  9999.00  9999.00  9999.00  9999.00
 00038   998.49    13.64    97.04     1.14   303.76    19.56  9999.00  9999.00  9999.00  9999.00
 00039  1012.08    17.41    87.03     3.60   118.60    19.24  9999.00  9999.00  9999.00  9999.00
 00040  1009.61    17.18    87.13     3.39    51.52    20.13  9999.00  9999.00  9999.00  9999.00
 00041   974.59     5.62    97.15     0.85    24.56    16.42  9999.00  9999.00  9999.00  9999.00
 00042  1018.48     5.97    93.46     2.19    51.31    14.11  9999.00  9999.00  9999.00  9999.00
 00043  1009.45     6.93    96.96     0.88   329.32    17.94  9999.00  9999.00  9999.00  9999.00
 00044   989.62     5.67    96.61     0.58   134.36    15.38  9999.00  9999.00  9999.00  9999.00
 00045  1009.61    17.18    87.13     3.39    51.52    20.13  9999.00  9999.00  9999.00  9999.00
 00046   944.93    10.98    99.58     0.71   331.18     2.04  9999.00  9999.00  9999.00  9999.00
 00047  1005.35    11.51    93.89     4.32   313.40    17.82  9999.00  9999.00  9999.00  9999.00
 00048   599.10    -6.21    40.37     1.80   177.68    36.13  9999.00  9999.00  9999.00  9999.00
 00049   571.71   -15.14    98.61     0.86   100.78     8.27  9999.00  9999.00  9999.00  9999.00
 00050  1004.21    13.08    93.32     1.91   301.34    18.81  9999.00  9999.00  9999.00  9999.00
