stn_id       p       t2      rh2      spd      dir      vis    rain6   rain24   tmax24   tmin24 
 00001   976.24     7.54    83.39     1.79   105.03    18.06     0.00  9999.00  9999.00  9999.00
 00002  1001.78    -5.53    57.03     1.45   273.60    26.76     0.00  9999.00  9999.00  9999.00
 00003   905.20    -4.19    31.83     1.52   176.81    25.04     0.00  9999.00  9999.00  9999.00
 00004   833.01    -7.88    40.95     2.46   196.99    26.23     0.00  9999.00  9999.00  9999.00
 00005   869.31    -8.16    46.64     0.88    84.40    31.13     0.00  9999.00  9999.00  9999.00
 00006   878.41    -6.62    41.61     5.05   233.27    34.67     0.00  9999.00  9999.00  9999.00
 00007  1009.63    -3.96    72.06     4.73   187.79    33.30     0.00  9999.00  9999.00  9999.00
 00008   990.41    -7.02    66.96     6.15   224.76    39.79     0.00  9999.00  9999.00  9999.00
 00009   944.57   -33.13   100.00     1.22   221.85    56.72    -0.00  9999.00  9999.00  9999.00
 00010   970.63   -16.74    81.86     2.60   220.19    38.00    -0.00  9999.00  9999.00  9999.00
 00011   995.70    -9.82    74.53     4.75   214.27    46.17     0.00  9999.00  9999.00  9999.00
 00012  1017.78    -3.78    45.52     1.79   255.44    28.22     0.00  9999.00  9999.00  9999.00
 00013  1020.11     3.94    88.84     2.15    34.15     3.12     1.53  9999.00  9999.00  9999.00
 00014  1015.01     6.77    94.76     1.72   314.74     3.50     5.30  9999.00  9999.00  9999.00
 00015  1003.61    -0.12    66.39     3.13   182.64    21.33     0.00  9999.00  9999.00  9999.00
 00016   958.65    -2.62    79.85     1.08   115.72    18.85     0.00  9999.00  9999.00  9999.00
 00017  1005.51    -1.45    83.58     2.09   211.60    19.43     0.00  9999.00  9999.00  9999.00
 00018  1019.02     5.33    62.54     2.18    64.89    18.48     0.07  9999.00  9999.00  9999.00
 00019   939.08     8.27    79.82     1.60    24.99    21.19     0.06  9999.00  9999.00  9999.00
 00020  1021.00    10.26    90.68     3.45    42.00     1.99     2.71  9999.00  9999.00  9999.00
 00021   893.10    -3.82    53.98     1.56   172.28    42.57     0.01  9999.00  9999.00  9999.00
 00022  1021.23    -2.86    55.57     2.46   216.94    25.55     0.00  9999.00  9999.00  9999.00
 00023   922.84    -2.16    92.72     0.97   203.35    18.05     1.20  9999.00  9999.00  9999.00
 00024   947.59    -8.95    95.86     4.04   105.05    10.20     0.35  9999.00  9999.00  9999.00
 00025   795.13     7.52    89.82     1.89   214.32    19.61     0.00  9999.00  9999.00  9999.00
 00026  1017.07     7.40    92.80     1.95   340.46    18.21     0.39  9999.00  9999.00  9999.00
 00027  1014.01     5.61    95.13     2.29   324.07    17.63     0.13  9999.00  9999.00  9999.00
 00028   981.80     4.21    92.49     1.37    97.74    15.46     0.08  9999.00  9999.00  9999.00
 00029  1010.45    17.15    87.99     2.37     2.71    20.18     0.40  9999.00  9999.00  9999.00
 00030  1000.23    11.91    89.13     2.39    20.00    16.32     0.16  9999.00  9999.00  9999.00
 00031   569.04    -8.67    46.96     2.51   212.44    33.73     0.00  9999.00  9999.00  9999.00
 00032   981.88    12.31    93.82     2.20   306.48    17.09     1.11  9999.00  9999.00  9999.00
 00033  1011.02    21.17    96.85     3.34   165.65     0.64     0.51  9999.00  9999.00  9999.00
 00034  1012.46    26.80    82.34     5.82    91.12    15.43     0.45  9999.00  9999.00  9999.00
 00035  1010.38    22.47    96.06     1.56   250.66    10.14     0.69  9999.00  9999.00  9999.00
 00036   773.05     3.77    71.39     1.60    94.67    19.34    -0.00  9999.00  9999.00  9999.00
 00037   972.20    12.15    95.84     1.72   306.38    15.34     0.88  9999.00  9999.00  9999.00
 00038   999.59    14.39    96.20     1.23   314.94    19.59     0.00  9999.00  9999.00  9999.00
 00039  1013.05    17.72    84.97     5.49   257.38    19.25     0.00  9999.00  9999.00  9999.00
 00040  1010.61    17.94    84.71     4.10    54.60    20.15     0.08  9999.00  9999.00  9999.00
 00041   975.91     5.75    97.39     0.51    61.85     3.61     5.61  9999.00  9999.00  9999.00
 00042  1019.90     6.25    93.59     2.02    35.13     2.42     5.25  9999.00  9999.00  9999.00
 00043  1010.49     6.96    96.72     0.49    97.58    18.25     0.03  9999.00  9999.00  9999.00
 00044   990.70     5.66    96.46     0.66   328.13     5.21     4.62  9999.00  9999.00  9999.00
 00045  1010.61    17.94    84.71     4.10    54.60    20.15     0.08  9999.00  9999.00  9999.00
 00046   945.90    11.23    99.51     0.62    64.50     1.45     0.84  9999.00  9999.00  9999.00
 00047  1006.93    11.41    94.41     4.50   312.12     4.63     8.83  9999.00  9999.00  9999.00
 00048   599.63    -4.37    19.02     2.09   183.16    36.15     0.00  9999.00  9999.00  9999.00
 00049   573.04   -12.27    98.43     0.37   125.49     5.07     0.23  9999.00  9999.00  9999.00
 00050  1005.32    14.18    90.57     3.03   334.56    18.84     0.00  9999.00  9999.00  9999.00
