stn_id       p       t2      rh2      spd      dir      vis    rain6   rain24   tmax24   tmin24 
 00001   975.70    11.37    74.31     1.27   133.76    18.03     0.00  9999.00  9999.00  9999.00
 00002   998.50    -0.89    56.45     2.16   313.00    26.69     0.00  9999.00  9999.00  9999.00
 00003   902.78    -1.07    47.59     1.63   325.44    25.01     0.00  9999.00  9999.00  9999.00
 00004   833.24    -5.74    58.96     2.25   301.17    26.25     0.00  9999.00  9999.00  9999.00
 00005   869.58    -5.54    43.83     2.08   110.83    31.11     0.00  9999.00  9999.00  9999.00
 00006   881.03    -6.97    50.90     2.17   319.33    34.67     0.00  9999.00  9999.00  9999.00
 00007  1010.38    -2.41    46.98     3.29    20.93    33.15     0.00  9999.00  9999.00  9999.00
 00008   996.09    -9.83    52.14     2.62    14.13    39.82     0.00  9999.00  9999.00  9999.00
 00009   946.96   -27.22    99.93     1.80   223.31    56.91     0.00  9999.00  9999.00  9999.00
 00010   970.24    -9.25    79.65     2.37   303.24    37.89     0.00  9999.00  9999.00  9999.00
 00011  1003.88   -16.57    89.14     3.69   312.86    46.37     0.00  9999.00  9999.00  9999.00
 00012  1015.05     1.99    28.89     0.42   127.06    28.10     0.00  9999.00  9999.00  9999.00
 00013  1016.81     7.04    93.71     1.45     6.94     4.84     0.99  9999.00  9999.00  9999.00
 00014  1012.53     9.54    97.60     1.30   256.76     5.86     0.59  9999.00  9999.00  9999.00
 00015   999.16     2.32    77.48     2.86   185.95    21.22     0.00  9999.00  9999.00  9999.00
 00016   957.50     2.79    72.19     1.04   101.22    18.81     0.00  9999.00  9999.00  9999.00
 00017  1000.69     2.77    84.03     2.46   211.34    19.33     0.00  9999.00  9999.00  9999.00
 00018  1015.76     7.68    88.26     1.02    51.22    17.61     0.07  9999.00  9999.00  9999.00
 00019   939.73     9.17    88.31     0.51   261.67    12.91     0.03  9999.00  9999.00  9999.00
 00020  1018.35    12.69    85.37     2.07   102.42    18.43     0.04  9999.00  9999.00  9999.00
 00021   892.81    -4.44    80.29     1.09   231.31    44.17     0.00  9999.00  9999.00  9999.00
 00022  1017.93     3.35    60.52     1.56   253.23    25.45     0.15  9999.00  9999.00  9999.00
 00023   920.93    -3.23    81.68     2.07   189.68    37.93     0.06  9999.00  9999.00  9999.00
 00024   949.08   -10.11    98.08     3.14   127.74    26.75     0.00  9999.00  9999.00  9999.00
 00025   793.66    11.67    63.11     2.68   214.70    19.59     0.00  9999.00  9999.00  9999.00
 00026  1014.65     9.95    88.77     1.22    98.84    16.26     0.19  9999.00  9999.00  9999.00
 00027  1011.11     8.72    89.22     1.26   343.15    17.47     0.11  9999.00  9999.00  9999.00
 00028   979.21     6.95    87.43     0.65   311.71    14.81     0.08  9999.00  9999.00  9999.00
 00029  1008.24    17.91    83.44     2.26   338.80    20.24     0.01  9999.00  9999.00  9999.00
 00030   998.06    12.11    93.38     2.04    35.82    21.04     0.16  9999.00  9999.00  9999.00
 00031   568.59    -4.88     8.66     3.52   248.76    33.54     0.00  9999.00  9999.00  9999.00
 00032   980.43    16.15    92.29     0.86    80.78    14.42     0.61  9999.00  9999.00  9999.00
 00033  1009.26    21.34    97.56     4.05   118.55     0.97     0.18  9999.00  9999.00  9999.00
 00034  1011.36    27.68    73.83     3.86    69.86    24.02     0.00  9999.00  9999.00  9999.00
 00035  1008.72    23.84    93.80     1.43    96.06    21.42     3.61  9999.00  9999.00  9999.00
 00036   772.17     9.17    53.50     2.57   147.19    20.34     0.00  9999.00  9999.00  9999.00
 00037   970.71    15.12    94.01     0.72   210.68    14.21     0.47  9999.00  9999.00  9999.00
 00038   997.23    19.90    85.01     1.82   101.63    16.24     0.03  9999.00  9999.00  9999.00
 00039  1011.31    21.31    78.65     6.97    41.56    19.13     0.00  9999.00  9999.00  9999.00
 00040  1008.39    22.40    78.99     4.10    71.69    20.08     0.02  9999.00  9999.00  9999.00
 00041   973.73     8.28    96.61     0.73    28.42    17.72     0.00  9999.00  9999.00  9999.00
 00042  1016.75     8.63    95.71     0.98   333.76     5.68     0.74  9999.00  9999.00  9999.00
 00043  1008.01     9.83    90.83     1.21    16.01    18.28     0.48  9999.00  9999.00  9999.00
 00044   988.50     9.35    91.34     0.73    20.61    17.00     0.02  9999.00  9999.00  9999.00
 00045  1008.39    22.40    78.99     4.10    71.69    20.08     0.02  9999.00  9999.00  9999.00
 00046   943.93    12.78    99.95     1.43    54.91     2.10     2.93  9999.00  9999.00  9999.00
 00047  1005.12    15.75    83.04     4.15   349.60    18.49     0.00  9999.00  9999.00  9999.00
 00048   599.09     1.20    11.34     1.81   166.76    36.00     0.00  9999.00  9999.00  9999.00
 00049   572.58    -7.36    85.79     1.50   220.93    27.71     0.02  9999.00  9999.00  9999.00
 00050  1003.84    18.40    85.69     3.89    30.27    18.66     0.00  9999.00  9999.00  9999.00
