stn_id       p       t2      rh2      spd      dir      vis    rain6   rain24   tmax24   tmin24 
 00001   984.98     5.45    88.94     1.43    47.89    17.80     0.00  9999.00  9999.00  9999.00
 00002  1015.38   -10.00    75.97     1.62   277.12    26.77     0.00  9999.00  9999.00  9999.00
 00003   913.87    -7.94    54.13     0.79    65.23    25.23     0.00  9999.00  9999.00  9999.00
 00004   840.29   -14.11    92.22     2.69   180.66    26.46     0.00  9999.00  9999.00  9999.00
 00005   877.23    -8.89    45.64     1.28    75.21    30.88     0.00  9999.00  9999.00  9999.00
 00006   887.62    -9.39    52.48     3.89   203.51    33.98     0.00  9999.00  9999.00  9999.00
 00007  1027.27   -11.79    50.21     3.98    31.67    31.80     0.00  9999.00  9999.00  9999.00
 00008  1011.81   -16.57    74.82     1.63    34.65    39.02     0.00  9999.00  9999.00  9999.00
 00009   960.26   -24.82    91.61     2.76   195.21    58.97     0.00  9999.00  9999.00  9999.00
 00010   983.87   -16.70    74.01     3.67   288.89    36.80     0.00  9999.00  9999.00  9999.00
 00011  1019.53   -22.09    86.76     2.73   354.74    46.81     0.00  9999.00  9999.00  9999.00
 00012  1032.48    -4.71    48.25     1.33    80.42    27.77     0.00  9999.00  9999.00  9999.00
 00013  1027.75     4.10    68.26     2.90   346.63    18.48     0.00  9999.00  9999.00  9999.00
 00014  1022.39     6.07    80.62     3.38   326.06    18.17     0.04  9999.00  9999.00  9999.00
 00015  1013.89    -3.08    78.51     2.07    82.75    20.91     0.00  9999.00  9999.00  9999.00
 00016   968.96    -3.05    86.08     0.95    93.61    18.44     0.00  9999.00  9999.00  9999.00
 00017  1016.12    -3.63    63.39     1.41   299.62    19.07     0.00  9999.00  9999.00  9999.00
 00018  1027.70     1.88    76.48     2.58   345.30    18.03     0.00  9999.00  9999.00  9999.00
 00019   947.84     5.19    84.34     0.70   122.43    15.06     0.28  9999.00  9999.00  9999.00
 00020  1027.13     6.41    79.71     5.30   324.63    17.20     0.03  9999.00  9999.00  9999.00
 00021   896.38    -8.84    75.28     1.58   155.22    41.86     0.00  9999.00  9999.00  9999.00
 00022  1035.20    -2.11    43.45     3.47    67.45    25.12     0.00  9999.00  9999.00  9999.00
 00023   924.05    -9.04    41.00     1.90   165.29    40.45     0.01  9999.00  9999.00  9999.00
 00024   952.86   -10.89    97.88     3.89   117.68     5.09     0.04  9999.00  9999.00  9999.00
 00025   796.92     5.62    89.20     1.62   109.34    19.97     0.00  9999.00  9999.00  9999.00
 00026  1025.98     3.60    80.06     3.92   352.65    17.75     0.00  9999.00  9999.00  9999.00
 00027  1023.41     0.31    79.24     2.83   357.80    17.28     0.00  9999.00  9999.00  9999.00
 00028   990.39    -0.33    80.70     1.81    14.83    16.32     0.00  9999.00  9999.00  9999.00
 00029  1017.37    10.17    65.02     4.99    13.49    19.99     0.00  9999.00  9999.00  9999.00
 00030  1007.58     9.23    70.87     3.73    13.90    21.55     0.00  9999.00  9999.00  9999.00
 00031   571.09    -4.91    11.56     3.86   240.00    31.90     0.00  9999.00  9999.00  9999.00
 00032   986.88    10.57    88.13     1.85   281.83    12.98     0.21  9999.00  9999.00  9999.00
 00033  1016.00    18.26    85.84     8.64    44.90     2.79     2.33  9999.00  9999.00  9999.00
 00034  1013.38    25.76    88.12    11.65    39.07    11.02     1.95  9999.00  9999.00  9999.00
 00035  1014.60    20.31    82.19     5.37    31.41    16.78     0.12  9999.00  9999.00  9999.00
 00036   776.38     2.26    82.17     1.49   103.95    20.61     0.00  9999.00  9999.00  9999.00
 00037   976.95     9.96    90.12     1.58   311.98    12.66     0.30  9999.00  9999.00  9999.00
 00038  1004.12    13.35    76.78     2.31   342.65    18.76     0.04  9999.00  9999.00  9999.00
 00039  1018.35    15.39    75.96     9.75    20.59    18.23     0.06  9999.00  9999.00  9999.00
 00040  1015.11    15.72    74.95     5.72    16.65    19.63     0.03  9999.00  9999.00  9999.00
 00041   983.77     0.87    90.35     1.33   340.81    17.02     0.00  9999.00  9999.00  9999.00
 00042  1027.97     5.27    74.30     2.40   342.93    18.14     0.00  9999.00  9999.00  9999.00
 00043  1019.00     3.22    85.89     2.64    76.83    18.06     0.00  9999.00  9999.00  9999.00
 00044   997.60     3.93    90.19     1.49   334.85    17.43     0.01  9999.00  9999.00  9999.00
 00045  1015.11    15.72    74.95     5.72    16.65    19.63     0.03  9999.00  9999.00  9999.00
 00046   950.94     5.05    92.75     2.60    14.74    17.94     0.02  9999.00  9999.00  9999.00
 00047  1013.30     9.82    71.27     5.76   326.85    17.78     0.00  9999.00  9999.00  9999.00
 00048   599.94    -5.54    22.48     0.84   174.00    34.50     0.00  9999.00  9999.00  9999.00
 00049   573.46   -10.52    64.97     0.41   195.92    27.90     0.00  9999.00  9999.00  9999.00
 00050  1010.72    12.78    78.03     4.42    17.95    17.56     0.03  9999.00  9999.00  9999.00
