stn_id       p       t2      rh2      spd      dir      vis    rain6   rain24   tmax24   tmin24 
 00001   986.44     7.11    78.78     2.42   242.93    17.66  9999.00  9999.00  9999.00  9999.00
 00002  1014.91    -0.92    55.33     0.45   265.01    26.78  9999.00  9999.00  9999.00  9999.00
 00003   913.70    -1.30    28.34     1.84    47.97    25.22  9999.00  9999.00  9999.00  9999.00
 00004   839.75    -5.12    41.90     1.36   146.00    26.42  9999.00  9999.00  9999.00  9999.00
 00005   878.34    -5.87    38.36     1.49    92.88    30.94  9999.00  9999.00  9999.00  9999.00
 00006   890.38    -6.91    37.85     1.51   164.09    34.10  9999.00  9999.00  9999.00  9999.00
 00007  1023.76    -4.06    39.60     6.23     8.36    31.84  9999.00  9999.00  9999.00  9999.00
 00008  1007.66    -8.19    36.16     6.31    10.81    39.00  9999.00  9999.00  9999.00  9999.00
 00009   965.05   -18.84    57.04     1.00   257.97    58.95  9999.00  9999.00  9999.00  9999.00
 00010   975.96    -8.26    38.84     6.98   325.73    32.51  9999.00  9999.00  9999.00  9999.00
 00011  1015.37   -12.61    71.32     5.38   351.72    46.71  9999.00  9999.00  9999.00  9999.00
 00012  1031.97     1.34    26.97     3.31    22.60    27.80  9999.00  9999.00  9999.00  9999.00
 00013  1026.38     7.75    63.45     3.84     1.54    18.52  9999.00  9999.00  9999.00  9999.00
 00014  1021.38     8.18    71.83     4.81   341.71    18.22  9999.00  9999.00  9999.00  9999.00
 00015  1013.26     3.74    24.13     2.04   142.49    20.92  9999.00  9999.00  9999.00  9999.00
 00016   969.53     2.63    76.61     0.68   126.50    17.55  9999.00  9999.00  9999.00  9999.00
 00017  1015.86     3.19    45.31     1.18    43.37    19.09  9999.00  9999.00  9999.00  9999.00
 00018  1026.43     5.96    59.29     3.22    24.06    18.05  9999.00  9999.00  9999.00  9999.00
 00019   948.40     6.73    64.91     0.98   198.38    21.05  9999.00  9999.00  9999.00  9999.00
 00020  1025.97     9.76    73.54     5.84   330.23    18.33  9999.00  9999.00  9999.00  9999.00
 00021   894.80   -11.36    78.65     1.31   139.28    33.97  9999.00  9999.00  9999.00  9999.00
 00022  1034.46     2.44    24.97     2.81    58.04    25.14  9999.00  9999.00  9999.00  9999.00
 00023   922.55    -9.86    43.28     1.16   191.04    40.41  9999.00  9999.00  9999.00  9999.00
 00024   951.58   -13.24    97.38     1.68   127.47     7.53  9999.00  9999.00  9999.00  9999.00
 00025   799.88     7.37    71.31     3.54    92.36    19.84  9999.00  9999.00  9999.00  9999.00
 00026  1024.45     6.01    73.57     5.24    10.15    17.54  9999.00  9999.00  9999.00  9999.00
 00027  1022.50     4.41    78.62     5.18   347.12    16.27  9999.00  9999.00  9999.00  9999.00
 00028   991.06     2.56    84.45     4.09    28.98     7.81  9999.00  9999.00  9999.00  9999.00
 00029  1016.63    11.29    75.18     5.41     8.21    19.83  9999.00  9999.00  9999.00  9999.00
 00030  1008.22    10.85    63.94     5.96   316.05    21.56  9999.00  9999.00  9999.00  9999.00
 00031   571.78    -1.34     7.64     2.21   242.47    32.04  9999.00  9999.00  9999.00  9999.00
 00032   985.04    13.01    84.42     2.02    79.78    15.85  9999.00  9999.00  9999.00  9999.00
 00033  1016.70    16.09    85.87     6.82     3.02    15.19  9999.00  9999.00  9999.00  9999.00
 00034  1014.83    26.98    80.13     4.24    40.66    20.50  9999.00  9999.00  9999.00  9999.00
 00035  1015.01    21.15    84.02     6.73    23.96    10.66  9999.00  9999.00  9999.00  9999.00
 00036   780.36     2.65    68.15     0.51   265.98    20.67  9999.00  9999.00  9999.00  9999.00
 00037   974.99    12.94    88.17     1.44   184.76    13.41  9999.00  9999.00  9999.00  9999.00
 00038  1002.35    14.79    86.60     2.41   331.70    12.42  9999.00  9999.00  9999.00  9999.00
 00039  1016.09    17.19    79.16    11.81    31.41    12.81  9999.00  9999.00  9999.00  9999.00
 00040  1013.03    18.98    72.33     7.55    30.05    19.22  9999.00  9999.00  9999.00  9999.00
 00041   982.32     4.34    79.99     2.66    23.74    17.06  9999.00  9999.00  9999.00  9999.00
 00042  1026.91     6.02    69.76     1.92   352.37    18.17  9999.00  9999.00  9999.00  9999.00
 00043  1017.37     5.90    77.43     4.82    15.68    18.07  9999.00  9999.00  9999.00  9999.00
 00044   995.92     6.59    80.38     3.52    39.38    17.14  9999.00  9999.00  9999.00  9999.00
 00045  1013.03    18.98    72.33     7.55    30.05    19.22  9999.00  9999.00  9999.00  9999.00
 00046   949.19     7.14    97.01     2.56     5.76     5.47  9999.00  9999.00  9999.00  9999.00
 00047  1011.99    10.53    73.80     6.14   334.31    13.95  9999.00  9999.00  9999.00  9999.00
 00048   602.59    -4.86     6.33     0.69    91.01    34.68  9999.00  9999.00  9999.00  9999.00
 00049   574.59    -6.10    12.42     0.67   208.98    28.52  9999.00  9999.00  9999.00  9999.00
 00050  1008.62    15.12    76.04     6.65    30.67    17.92  9999.00  9999.00  9999.00  9999.00
