stn_id       p       t2      rh2      spd      dir      vis    rain6   rain24   tmax24   tmin24 
 00001   979.81    14.31    82.95     0.78   286.78    21.48     0.46  9999.00  9999.00  9999.00
 00002  1012.88     3.34    20.63     1.32   306.58    25.28     0.00  9999.00  9999.00  9999.00
 00003   914.25    -0.47    14.71     4.82   304.58    23.68     0.00  9999.00  9999.00  9999.00
 00004   842.11   -10.05    33.23     4.32   301.17    23.46     0.00  9999.00  9999.00  9999.00
 00005   880.38    -9.28    35.76     4.62   316.20    25.65     0.00  9999.00  9999.00  9999.00
 00006   891.31   -12.84    51.21     7.03   288.59    26.90     0.00  9999.00  9999.00  9999.00
 00007  1016.95    -8.32    33.13     6.13   307.55    30.53     0.00  9999.00  9999.00  9999.00
 00008   996.47   -15.27    78.14     4.94   265.74    33.96     0.00  9999.00  9999.00  9999.00
 00009   949.73   -15.85    56.70     4.19   327.81    45.94     0.01  9999.00  9999.00  9999.00
 00010   966.77   -11.04    39.65     6.89   283.03    31.62     0.12  9999.00  9999.00  9999.00
 00011  1001.14   -17.84    87.34     4.88   260.32    31.55     0.12  9999.00  9999.00  9999.00
 00012  1029.09     1.04    17.69     5.36   310.69    25.79     0.00  9999.00  9999.00  9999.00
 00013  1023.35    11.23    50.43     4.39    11.37    20.17     0.00  9999.00  9999.00  9999.00
 00014  1017.09    15.97    50.71     2.82     7.75    19.46     0.00  9999.00  9999.00  9999.00
 00015  1012.32     0.55    24.75     4.86   142.86    21.85     0.00  9999.00  9999.00  9999.00
 00016   971.84     5.60    29.02     2.10    41.78    21.87     0.00  9999.00  9999.00  9999.00
 00017  1014.88     4.30    31.20     2.87    58.94    20.90     0.00  9999.00  9999.00  9999.00
 00018  1022.61    11.87    49.25     4.79    10.59    19.68     0.00  9999.00  9999.00  9999.00
 00019   944.95    14.76    61.13     2.52    90.32    23.54     0.07  9999.00  9999.00  9999.00
 00020  1024.10    13.86    44.64     4.92   353.11    20.08     0.00  9999.00  9999.00  9999.00
 00021   897.55    -1.82    83.92     1.17   117.47     9.68     0.04  9999.00  9999.00  9999.00
 00022  1032.49     0.12    22.19     5.71   323.06    24.40     0.00  9999.00  9999.00  9999.00
 00023   920.82     6.11    43.56     4.88   113.56    32.05     0.00  9999.00  9999.00  9999.00
 00024   954.38    -2.04    62.59     6.00   116.93    33.45     0.00  9999.00  9999.00  9999.00
 00025   796.85    15.56    56.99     2.45   252.57    19.25     0.00  9999.00  9999.00  9999.00
 00026  1018.51    16.67    50.26     3.70    14.56    18.89     0.00  9999.00  9999.00  9999.00
 00027  1015.81    14.06    77.31     5.20   355.38    19.06     0.01  9999.00  9999.00  9999.00
 00028   983.41    11.11    89.14     3.36     9.66    17.78     0.03  9999.00  9999.00  9999.00
 00029  1012.48    20.54    60.38     3.26   292.40    20.92     0.00  9999.00  9999.00  9999.00
 00030  1000.63    23.90    59.02     1.95    51.58    22.32     0.00  9999.00  9999.00  9999.00
 00031   573.41     0.78    12.10     3.29   228.25    34.11     0.00  9999.00  9999.00  9999.00
 00032   983.72    19.69    58.37     1.93    50.47    17.87     0.00  9999.00  9999.00  9999.00
 00033  1011.62    22.11    87.09     9.27    46.40    15.52     0.24  9999.00  9999.00  9999.00
 00034  1011.52    26.59    87.70     6.44    62.30    25.40     4.26  9999.00  9999.00  9999.00
 00035  1010.32    26.35    83.56     3.52    77.48    10.47     2.86  9999.00  9999.00  9999.00
 00036   777.43    11.15    75.24     1.02   262.38    17.23     0.31  9999.00  9999.00  9999.00
 00037   973.93    19.73    57.00     1.35    53.22    17.79     0.00  9999.00  9999.00  9999.00
 00038  1000.43    24.18    41.31     0.87    47.58    20.00     0.00  9999.00  9999.00  9999.00
 00039  1014.47    22.81    61.60     8.83    40.55    19.66     0.00  9999.00  9999.00  9999.00
 00040  1011.90    24.57    49.36     4.96    49.18    20.81     0.00  9999.00  9999.00  9999.00
 00041   978.45    14.14    48.18     3.64     4.52    18.34     0.00  9999.00  9999.00  9999.00
 00042  1022.44    14.16    48.28     4.29     4.49    19.64     0.00  9999.00  9999.00  9999.00
 00043  1011.59    16.72    58.20     3.18    19.18    19.09     0.00  9999.00  9999.00  9999.00
 00044   991.82    17.71    56.72     1.11   107.46    18.49     0.00  9999.00  9999.00  9999.00
 00045  1011.90    24.57    49.36     4.96    49.18    20.81     0.00  9999.00  9999.00  9999.00
 00046   947.19    20.58    40.84     1.83   357.03    18.59     0.00  9999.00  9999.00  9999.00
 00047  1009.34    18.45    62.57     1.25    89.31    18.87     0.00  9999.00  9999.00  9999.00
 00048   605.04     3.17    29.01     1.51   224.64    35.08     0.00  9999.00  9999.00  9999.00
 00049   577.14     1.47    29.38     2.91   216.05    28.00     0.00  9999.00  9999.00  9999.00
 00050  1006.77    23.94    47.03     5.16    40.49    19.13     0.00  9999.00  9999.00  9999.00
