stn_id       p       t2      rh2      spd      dir      vis    rain6   rain24   tmax24   tmin24 
 00001   979.91     9.75    89.48     2.07    65.10    21.44  9999.00  9999.00  9999.00  9999.00
 00002   998.88    -4.11    78.95     1.27   267.21    24.89  9999.00  9999.00  9999.00  9999.00
 00003   904.88    -3.27    62.95     1.88   259.63    23.36  9999.00  9999.00  9999.00  9999.00
 00004   834.21    -3.43    62.81     3.08   273.19    23.13  9999.00  9999.00  9999.00  9999.00
 00005   869.34    -3.91    56.54     2.52   328.95    25.17  9999.00  9999.00  9999.00  9999.00
 00006   879.55    -7.77    65.28     4.39   285.34    26.24  9999.00  9999.00  9999.00  9999.00
 00007  1009.48    -4.56    76.14     1.12   323.59    12.89  9999.00  9999.00  9999.00  9999.00
 00008   993.00    -8.80    93.06     1.53    59.06    24.33  9999.00  9999.00  9999.00  9999.00
 00009   946.62   -22.87    88.40     2.59   231.60    45.07  9999.00  9999.00  9999.00  9999.00
 00010   970.68    -6.66    79.88     0.69    67.40    32.28  9999.00  9999.00  9999.00  9999.00
 00011  1002.50   -20.98    96.49     2.32    96.43    37.60  9999.00  9999.00  9999.00  9999.00
 00012  1015.28    -5.25    76.79     1.27   105.84    25.21  9999.00  9999.00  9999.00  9999.00
 00013  1018.57     6.31    94.63     2.14   247.82    19.90  9999.00  9999.00  9999.00  9999.00
 00014  1015.26    11.55    87.23     0.86    24.23    19.17  9999.00  9999.00  9999.00  9999.00
 00015   999.89     1.85    91.82     2.44   197.52    21.47  9999.00  9999.00  9999.00  9999.00
 00016   962.47     2.81    81.92     1.04   164.74    21.51  9999.00  9999.00  9999.00  9999.00
 00017  1001.69     5.02    75.21     3.09   261.44    20.51  9999.00  9999.00  9999.00  9999.00
 00018  1017.67     5.69    93.92     1.92   209.04    19.43  9999.00  9999.00  9999.00  9999.00
 00019   944.11    10.68    81.52     0.88   322.11    25.27  9999.00  9999.00  9999.00  9999.00
 00020  1020.54    11.98    82.21     2.73   271.74    19.81  9999.00  9999.00  9999.00  9999.00
 00021   900.82    -4.23    68.93     1.64   147.84    37.22  9999.00  9999.00  9999.00  9999.00
 00022  1018.10    -1.62    65.75     1.32   286.73    23.87  9999.00  9999.00  9999.00  9999.00
 00023   925.62    -2.64    81.09     1.69   128.59    31.86  9999.00  9999.00  9999.00  9999.00
 00024   957.07    -9.06    97.29     2.47   117.73     4.77  9999.00  9999.00  9999.00  9999.00
 00025   801.38    11.03    81.87     1.71   150.42    19.39  9999.00  9999.00  9999.00  9999.00
 00026  1019.59     9.08    87.09     1.36   148.44    18.78  9999.00  9999.00  9999.00  9999.00
 00027  1016.49     7.39    88.47     0.96   112.17    18.96  9999.00  9999.00  9999.00  9999.00
 00028   984.55     7.75    91.57     1.36   151.51    18.68  9999.00  9999.00  9999.00  9999.00
 00029  1014.10    17.25    87.52     0.91    95.58    21.02  9999.00  9999.00  9999.00  9999.00
 00030  1003.52    19.46    85.16     1.37    87.96    22.43  9999.00  9999.00  9999.00  9999.00
 00031   577.83    -2.32    17.11     1.33   236.08    34.20  9999.00  9999.00  9999.00  9999.00
 00032   984.15    12.13    94.33     1.55   329.73    17.83  9999.00  9999.00  9999.00  9999.00
 00033  1016.06    20.43    76.65     6.26    76.93    23.78  9999.00  9999.00  9999.00  9999.00
 00034  1015.23    26.32    68.89     9.74    41.52    27.33  9999.00  9999.00  9999.00  9999.00
 00035  1015.03    22.30    70.43     3.34    34.62    23.92  9999.00  9999.00  9999.00  9999.00
 00036   782.55     6.92    66.73     1.09    80.06    21.02  9999.00  9999.00  9999.00  9999.00
 00037   974.44    11.95    94.00     1.19   333.83    17.74  9999.00  9999.00  9999.00  9999.00
 00038  1001.92    14.13    84.86     1.31   300.79    20.05  9999.00  9999.00  9999.00  9999.00
 00039  1015.31    19.79    76.78     5.61   121.04    19.57  9999.00  9999.00  9999.00  9999.00
 00040  1013.32    18.73    83.35     2.94    52.30    20.90  9999.00  9999.00  9999.00  9999.00
 00041   977.01     8.14    96.21     1.43   241.26    18.13  9999.00  9999.00  9999.00  9999.00
 00042  1019.28     6.95    95.16     1.75   236.15    19.38  9999.00  9999.00  9999.00  9999.00
 00043  1013.09    12.02    89.23     0.98   279.99    19.01  9999.00  9999.00  9999.00  9999.00
 00044   992.61    12.28    94.50     1.73   285.28    18.36  9999.00  9999.00  9999.00  9999.00
 00045  1013.32    18.73    83.35     2.94    52.30    20.90  9999.00  9999.00  9999.00  9999.00
 00046   948.98    10.99    92.20     1.75    10.53    18.60  9999.00  9999.00  9999.00  9999.00
 00047  1009.05    14.73    88.05     2.01   323.42    18.74  9999.00  9999.00  9999.00  9999.00
 00048   610.34    -5.09    35.14     1.55   182.54    35.80  9999.00  9999.00  9999.00  9999.00
 00049   581.82    -6.97    86.50     0.77    37.98    28.24  9999.00  9999.00  9999.00  9999.00
 00050  1007.67    16.04    80.94     2.75   320.64    19.13  9999.00  9999.00  9999.00  9999.00
