stn_id       p       t2      rh2      spd      dir      vis    rain6   rain24   tmax24   tmin24 
 00001   980.70    13.94    84.78     1.12   313.40    11.06  9999.00  9999.00  9999.00  9999.00
 00002  1014.91     1.05    24.22     0.89   199.69    25.31  9999.00  9999.00  9999.00  9999.00
 00003   915.73    -2.53    19.43     3.30   304.25    23.70  9999.00  9999.00  9999.00  9999.00
 00004   842.89   -12.29    39.52     2.93   314.69    23.47  9999.00  9999.00  9999.00  9999.00
 00005   881.74   -12.42    45.57     4.49   328.34    25.67  9999.00  9999.00  9999.00  9999.00
 00006   892.26   -14.92    60.02     6.46   284.58    26.90  9999.00  9999.00  9999.00  9999.00
 00007  1017.41    -8.66    33.04     6.51   318.11    30.50  9999.00  9999.00  9999.00  9999.00
 00008   996.57   -16.78    81.62     4.79   268.51    34.70  9999.00  9999.00  9999.00  9999.00
 00009   949.49   -15.97    59.77     4.75   339.28    45.57  9999.00  9999.00  9999.00  9999.00
 00010   967.24   -10.11    39.64     6.45   281.14    30.03  9999.00  9999.00  9999.00  9999.00
 00011  1000.89   -20.99    90.60     3.78   270.76    32.96  9999.00  9999.00  9999.00  9999.00
 00012  1031.10    -1.61    20.29     5.70   323.03    25.81  9999.00  9999.00  9999.00  9999.00
 00013  1023.23    10.98    58.52     2.76    14.87    20.17  9999.00  9999.00  9999.00  9999.00
 00014  1018.07    13.62    56.98     0.58   294.38    19.46  9999.00  9999.00  9999.00  9999.00
 00015  1013.50    -1.13    25.66     5.20     9.26    21.85  9999.00  9999.00  9999.00  9999.00
 00016   973.95     3.18    30.37     3.33    50.38    21.89  9999.00  9999.00  9999.00  9999.00
 00017  1015.98     2.65    32.45     4.88    39.92    20.91  9999.00  9999.00  9999.00  9999.00
 00018  1022.56    10.90    58.43     2.61   351.38    19.67  9999.00  9999.00  9999.00  9999.00
 00019   945.55    15.32    66.04     0.90   208.81    25.32  9999.00  9999.00  9999.00  9999.00
 00020  1024.22    14.13    46.08     2.59   347.11    20.07  9999.00  9999.00  9999.00  9999.00
 00021   897.97    -4.68    77.51     1.58   206.69    24.98  9999.00  9999.00  9999.00  9999.00
 00022  1034.07    -1.54    22.98     5.67   333.06    24.41  9999.00  9999.00  9999.00  9999.00
 00023   921.20     0.54    51.38     2.94   124.80    32.03  9999.00  9999.00  9999.00  9999.00
 00024   954.55    -5.46    71.18     5.30   118.88    16.70  9999.00  9999.00  9999.00  9999.00
 00025   798.16    13.34    66.43     3.51   266.86    19.28  9999.00  9999.00  9999.00  9999.00
 00026  1019.73    14.03    62.90     2.86    12.19    18.91  9999.00  9999.00  9999.00  9999.00
 00027  1016.73    11.97    79.82     2.51   351.01    18.95  9999.00  9999.00  9999.00  9999.00
 00028   984.43     9.27    96.01     1.35    15.17     6.25  9999.00  9999.00  9999.00  9999.00
 00029  1014.27    19.73    60.82     2.13    34.30    20.95  9999.00  9999.00  9999.00  9999.00
 00030  1002.81    20.90    65.83     1.55    57.56    22.35  9999.00  9999.00  9999.00  9999.00
 00031   574.79    -4.14    42.50     1.27   205.15    34.18  9999.00  9999.00  9999.00  9999.00
 00032   986.04    17.75    63.48     2.03    49.37    17.90  9999.00  9999.00  9999.00  9999.00
 00033  1014.03    21.97    85.75     8.80    53.26    20.79  9999.00  9999.00  9999.00  9999.00
 00034  1013.75    26.45    87.96     6.45    70.83    14.02  9999.00  9999.00  9999.00  9999.00
 00035  1012.79    25.57    87.29     3.91    49.88     5.07  9999.00  9999.00  9999.00  9999.00
 00036   778.66    10.12    78.84     0.65   242.52    18.17  9999.00  9999.00  9999.00  9999.00
 00037   976.24    17.60    64.47     1.48    67.08    17.82  9999.00  9999.00  9999.00  9999.00
 00038  1003.15    21.16    47.89     1.32    15.50    20.04  9999.00  9999.00  9999.00  9999.00
 00039  1016.80    21.50    63.95     8.85    24.19    19.70  9999.00  9999.00  9999.00  9999.00
 00040  1014.51    21.90    55.27     5.99    37.72    20.85  9999.00  9999.00  9999.00  9999.00
 00041   979.21    13.31    52.91     1.40   115.33    18.35  9999.00  9999.00  9999.00  9999.00
 00042  1022.59    12.41    60.54     1.56   344.05    19.64  9999.00  9999.00  9999.00  9999.00
 00043  1012.78    14.08    64.38     1.76    19.79    19.10  9999.00  9999.00  9999.00  9999.00
 00044   993.26    14.21    65.03     1.06    56.75    18.50  9999.00  9999.00  9999.00  9999.00
 00045  1014.51    21.90    55.27     5.99    37.72    20.85  9999.00  9999.00  9999.00  9999.00
 00046   949.01    18.14    48.72     0.78    41.14    18.63  9999.00  9999.00  9999.00  9999.00
 00047  1011.43    16.93    63.67     1.35   277.29    18.89  9999.00  9999.00  9999.00  9999.00
 00048   606.63    -2.17    45.39     0.85    40.36    35.78  9999.00  9999.00  9999.00  9999.00
 00049   578.15    -2.08    34.20     1.18   214.39    28.04  9999.00  9999.00  9999.00  9999.00
 00050  1009.20    22.14    52.60     5.46    25.13    19.17  9999.00  9999.00  9999.00  9999.00
