stn_id       p       t2      rh2      spd      dir      vis    rain6   rain24   tmax24   tmin24 
 00001   957.94    24.75    97.90     0.75   261.96    17.20  9999.00  9999.00  9999.00  9999.00
 00002   983.90    23.84    90.20     2.66    14.21    26.10  9999.00  9999.00  9999.00  9999.00
 00003   893.82    21.98    90.35     2.91    42.86    10.40  9999.00  9999.00  9999.00  9999.00
 00004   828.29    16.17    98.47     1.72   130.17     0.29  9999.00  9999.00  9999.00  9999.00
 00005   861.33    19.98    81.62     1.03    65.88    26.97  9999.00  9999.00  9999.00  9999.00
 00006   871.06    18.76    70.99     3.42   168.87    27.37  9999.00  9999.00  9999.00  9999.00
 00007   994.49    16.80    82.30     3.63   351.55    24.40  9999.00  9999.00  9999.00  9999.00
 00008   979.01    16.89    84.68     3.07   325.56    16.97  9999.00  9999.00  9999.00  9999.00
 00009   945.68    10.99    87.95     1.22   194.14    38.35  9999.00  9999.00  9999.00  9999.00
 00010   958.44    13.84    93.45     2.09    90.47    15.30  9999.00  9999.00  9999.00  9999.00
 00011   988.30    16.27    74.55     5.57    44.72    28.68  9999.00  9999.00  9999.00  9999.00
 00012   999.49    24.62    95.60     1.09   107.11     5.00  9999.00  9999.00  9999.00  9999.00
 00013   995.51    24.24    93.77     1.99   122.69    25.31  9999.00  9999.00  9999.00  9999.00
 00014   993.03    23.17    99.43     0.76    80.16     0.53  9999.00  9999.00  9999.00  9999.00
 00015   980.88    23.94    99.47     3.47    52.13     1.32  9999.00  9999.00  9999.00  9999.00
 00016   940.61    24.79    93.93     1.84   143.65    22.42  9999.00  9999.00  9999.00  9999.00
 00017   981.88    25.02    98.40     2.43    23.30     3.42  9999.00  9999.00  9999.00  9999.00
 00018   993.96    26.20    92.36     1.86   114.78    19.91  9999.00  9999.00  9999.00  9999.00
 00019   923.81    22.82    93.72     0.62   313.88    26.85  9999.00  9999.00  9999.00  9999.00
 00020   999.01    21.86    99.02     1.44   124.84    16.22  9999.00  9999.00  9999.00  9999.00
 00021   880.58    21.46    27.88     2.70   160.43    26.73  9999.00  9999.00  9999.00  9999.00
 00022  1002.23    23.79    77.62     3.77    87.07    22.69  9999.00  9999.00  9999.00  9999.00
 00023   907.17    20.77    31.91     0.74   210.12    22.24  9999.00  9999.00  9999.00  9999.00
 00024   930.39    18.29    75.21     1.39   207.72    24.51  9999.00  9999.00  9999.00  9999.00
 00025   788.14    16.94    99.31     1.40   236.60     4.20  9999.00  9999.00  9999.00  9999.00
 00026   993.53    27.49    94.37     1.25   202.76    27.69  9999.00  9999.00  9999.00  9999.00
 00027   989.46    26.92    91.94     1.72   138.75    27.75  9999.00  9999.00  9999.00  9999.00
 00028   960.09    25.62    91.77     1.26   178.40    26.50  9999.00  9999.00  9999.00  9999.00
 00029   994.29    25.30    91.50     2.14   188.43    25.29  9999.00  9999.00  9999.00  9999.00
 00030   981.89    24.45    98.36     1.58   159.09    14.91  9999.00  9999.00  9999.00  9999.00
 00031   573.65     4.70    94.07     1.41   237.16    13.93  9999.00  9999.00  9999.00  9999.00
 00032   964.91    24.17    98.40     0.40   187.66     1.24  9999.00  9999.00  9999.00  9999.00
 00033   997.90    23.94    94.34     3.48   201.25     1.39  9999.00  9999.00  9999.00  9999.00
 00034  1003.68    28.73    82.88    10.49   219.48    34.70  9999.00  9999.00  9999.00  9999.00
 00035   997.43    26.11    82.07     1.69   184.72    27.18  9999.00  9999.00  9999.00  9999.00
 00036   769.50    15.70    99.07     0.16   144.72     2.91  9999.00  9999.00  9999.00  9999.00
 00037   955.57    24.19    99.01     0.41   155.67     0.83  9999.00  9999.00  9999.00  9999.00
 00038   982.39    25.10    95.25     1.14   256.20    27.39  9999.00  9999.00  9999.00  9999.00
 00039   995.13    25.63    94.63     2.52   221.30    24.76  9999.00  9999.00  9999.00  9999.00
 00040   994.30    25.62    92.45     4.27   236.00    27.99  9999.00  9999.00  9999.00  9999.00
 00041   956.13    24.19    91.06     1.04   125.86    25.96  9999.00  9999.00  9999.00  9999.00
 00042   995.25    24.98    94.74     1.50   100.68    25.92  9999.00  9999.00  9999.00  9999.00
 00043   987.69    27.16    91.11     1.29   201.45    28.36  9999.00  9999.00  9999.00  9999.00
 00044   970.04    25.31    96.84     0.67   246.54    25.73  9999.00  9999.00  9999.00  9999.00
 00045   994.30    25.62    92.45     4.27   236.00    27.99  9999.00  9999.00  9999.00  9999.00
 00046   930.98    22.68    97.97     1.26   182.52    27.06  9999.00  9999.00  9999.00  9999.00
 00047   988.44    23.38    98.61     0.72    49.47     1.54  9999.00  9999.00  9999.00  9999.00
 00048   603.89     7.32    95.68     0.39   183.00    25.87  9999.00  9999.00  9999.00  9999.00
 00049   576.38     4.84    97.29     1.04   224.73     2.36  9999.00  9999.00  9999.00  9999.00
 00050   987.70    25.45    98.41     1.65    53.02     9.25  9999.00  9999.00  9999.00  9999.00
