stn_id       p       t2      rh2      spd      dir      vis    rain6   rain24   tmax24   tmin24 
 00001   960.17    28.41    81.39     1.02   157.25    26.40     0.32  9999.00  9999.00  9999.00
 00002   979.81    31.22    78.16     1.83   123.42    26.68     0.11  9999.00  9999.00  9999.00
 00003   893.47    27.29    74.49     1.37   216.69    25.51     0.01  9999.00  9999.00  9999.00
 00004   829.71    20.28    91.26     1.17   150.80    24.92     6.53  9999.00  9999.00  9999.00
 00005   861.47    23.22    89.10     1.35   158.95    26.89     5.95  9999.00  9999.00  9999.00
 00006   870.53    26.65    48.25     2.31   300.89    27.05     0.00  9999.00  9999.00  9999.00
 00007   989.91    28.18    71.24     7.03   206.26    24.96     0.00  9999.00  9999.00  9999.00
 00008   971.90    27.81    80.03     7.09   221.11    25.12     0.35  9999.00  9999.00  9999.00
 00009   941.72    16.08    58.00     3.03    58.75    37.64     0.00  9999.00  9999.00  9999.00
 00010   955.32    23.18    98.89     1.83   111.58    12.63     6.09  9999.00  9999.00  9999.00
 00011   978.42    23.55    96.97     2.02   204.17    23.46     9.73  9999.00  9999.00  9999.00
 00012   994.60    30.01    85.23     2.21   166.25    24.98     0.02  9999.00  9999.00  9999.00
 00013   998.61    28.57    78.64     3.00    73.82    25.79     0.00  9999.00  9999.00  9999.00
 00014   994.85    26.82    88.11     2.20    47.00    25.72     0.83  9999.00  9999.00  9999.00
 00015   982.10    29.73    75.97     3.84   184.97    22.25     0.01  9999.00  9999.00  9999.00
 00016   941.04    30.68    66.00     1.37   109.94    25.95     0.00  9999.00  9999.00  9999.00
 00017   983.17    30.17    75.29     1.87   173.39    25.36    -0.00  9999.00  9999.00  9999.00
 00018   997.01    29.33    79.87     2.00    88.61    25.90     0.00  9999.00  9999.00  9999.00
 00019   926.92    25.96    83.43     0.98   157.17    25.22     0.44  9999.00  9999.00  9999.00
 00020  1001.27    23.94    92.35     3.65    45.68    23.35     0.00  9999.00  9999.00  9999.00
 00021   883.96    23.52    46.10     2.40   165.93    26.62     0.17  9999.00  9999.00  9999.00
 00022   997.93    30.34    81.82     1.85   180.88    22.96     0.08  9999.00  9999.00  9999.00
 00023   908.76    28.62    26.32     4.79   285.87    22.07     0.22  9999.00  9999.00  9999.00
 00024   931.96    29.24    32.33     0.75   232.07    24.24     0.01  9999.00  9999.00  9999.00
 00025   791.09    18.82    93.73     1.02   109.53     3.51     5.50  9999.00  9999.00  9999.00
 00026   995.89    29.77    81.41     2.04   154.10    28.09     0.00  9999.00  9999.00  9999.00
 00027   992.61    30.39    81.09     1.45   279.19    27.99     0.01  9999.00  9999.00  9999.00
 00028   963.36    29.04    77.88     0.91   100.29    26.65     0.05  9999.00  9999.00  9999.00
 00029   996.92    29.00    74.68     3.69   176.73    29.37     0.00  9999.00  9999.00  9999.00
 00030   985.58    26.33    91.56     2.94   105.51    31.13     5.28  9999.00  9999.00  9999.00
 00031   572.67    10.55    67.64     1.86   237.87    13.79     2.27  9999.00  9999.00  9999.00
 00032   963.91    26.55    87.25     1.05   210.26    24.62     1.21  9999.00  9999.00  9999.00
 00033   998.71    22.68    95.01     7.78   235.06     0.12    19.72  9999.00  9999.00  9999.00
 00034  1005.45    28.74    86.38     9.22   202.02    34.82     0.00  9999.00  9999.00  9999.00
 00035   998.87    26.45    88.67     5.78   196.05     2.14     5.87  9999.00  9999.00  9999.00
 00036   771.75    20.15    78.95     1.00   115.22    21.32     1.52  9999.00  9999.00  9999.00
 00037   954.79    27.71    82.30     0.80   253.70    24.61     0.55  9999.00  9999.00  9999.00
 00038   981.99    30.24    71.41     2.59   242.05    27.60     0.00  9999.00  9999.00  9999.00
 00039   994.40    27.96    84.74     5.57   226.73    26.40     0.01  9999.00  9999.00  9999.00
 00040   994.46    28.86    81.27     7.67   230.78    28.21     0.12  9999.00  9999.00  9999.00
 00041   958.68    26.76    80.12     1.75    35.22    26.36     0.00  9999.00  9999.00  9999.00
 00042   998.11    29.03    78.39     2.38    67.96    26.37     0.00  9999.00  9999.00  9999.00
 00043   990.09    30.82    74.92     1.26    83.95    28.67    -0.00  9999.00  9999.00  9999.00
 00044   971.69    28.18    78.65     1.52    80.65    26.55     0.01  9999.00  9999.00  9999.00
 00045   994.46    28.86    81.27     7.67   230.78    28.21     0.12  9999.00  9999.00  9999.00
 00046   932.16    26.18    79.37     1.46   300.89    27.28    -0.00  9999.00  9999.00  9999.00
 00047   985.17    27.84    72.46     6.40   337.39    24.92     0.06  9999.00  9999.00  9999.00
 00048   602.73    14.92    55.32     0.90    71.41    27.56     0.19  9999.00  9999.00  9999.00
 00049   577.33     6.22    94.58     1.85   203.87    12.74     3.97  9999.00  9999.00  9999.00
 00050   986.97    29.04    90.83     1.22   109.76    26.09     0.01  9999.00  9999.00  9999.00
