stn_id       p       t2      rh2      spd      dir      vis    rain6   rain24   tmax24   tmin24 
 00001   968.27    23.49    85.72     1.38    93.57    25.57     0.00  9999.00  9999.00  9999.00
 00002   994.96    21.29    88.12     1.74   244.89    24.62     0.00  9999.00  9999.00  9999.00
 00003   904.87    15.30    82.56     1.58   106.16    24.21     0.00  9999.00  9999.00  9999.00
 00004   837.18    12.11    87.25     1.99   151.50    24.39     0.00  9999.00  9999.00  9999.00
 00005   870.30    18.25    60.96     3.04   194.73    26.86     0.00  9999.00  9999.00  9999.00
 00006   878.79    19.89    49.78     6.49   193.05    27.58     0.00  9999.00  9999.00  9999.00
 00007  1004.14    17.36    88.06     2.22   143.77    25.67     0.00  9999.00  9999.00  9999.00
 00008   988.94    17.04    87.98     3.06   174.11    26.95     0.00  9999.00  9999.00  9999.00
 00009   937.83     9.36    99.06     2.16    49.15    26.15     3.03  9999.00  9999.00  9999.00
 00010   969.50    12.66    95.26     0.99   254.16    30.01     0.00  9999.00  9999.00  9999.00
 00011   994.93    17.90    85.77     4.16   190.29    28.19     0.00  9999.00  9999.00  9999.00
 00012  1009.86    22.64    89.19     2.15   194.74    23.58     0.00  9999.00  9999.00  9999.00
 00013  1010.17    20.49    97.81     2.43    88.36    23.12     0.00  9999.00  9999.00  9999.00
 00014  1006.69    20.43    96.08     2.01    68.34    21.75     0.06  9999.00  9999.00  9999.00
 00015   995.28    21.08    91.11     1.88   147.20    20.22     0.00  9999.00  9999.00  9999.00
 00016   952.78    20.80    80.69     2.28   105.53    25.00     0.00  9999.00  9999.00  9999.00
 00017   996.62    21.89    88.24     1.68   183.37    23.12     0.00  9999.00  9999.00  9999.00
 00018  1008.37    23.22    92.18     2.91    88.87    23.57     0.00  9999.00  9999.00  9999.00
 00019   934.16    22.78    90.17     1.45   337.32     4.59     3.91  9999.00  9999.00  9999.00
 00020  1012.87    19.24    95.02     1.81    32.57    22.40     0.00  9999.00  9999.00  9999.00
 00021   889.03    12.26    58.46     1.79   153.90    26.93     0.00  9999.00  9999.00  9999.00
 00022  1013.18    22.67    84.32     2.89   183.72    21.35     0.00  9999.00  9999.00  9999.00
 00023   916.33    12.62    54.93     1.96   185.10    23.19     0.00  9999.00  9999.00  9999.00
 00024   940.36    15.65    48.79     1.80   118.45    25.30     0.00  9999.00  9999.00  9999.00
 00025   796.49    16.44    90.89     0.89    59.59    24.35     0.41  9999.00  9999.00  9999.00
 00026  1004.86    24.10    85.87     2.96    37.01    25.19     0.04  9999.00  9999.00  9999.00
 00027  1000.46    24.96    89.84     2.59    24.39    25.38     0.09  9999.00  9999.00  9999.00
 00028   971.26    23.52    91.31     2.31   357.50     6.70     0.58  9999.00  9999.00  9999.00
 00029   999.24    24.85    98.52     0.92    75.72     8.29     9.31  9999.00  9999.00  9999.00
 00030   990.52    25.07    91.68     1.71   300.83    29.37     0.00  9999.00  9999.00  9999.00
 00031   576.65     4.00    70.88     2.40   189.56    24.77     0.00  9999.00  9999.00  9999.00
 00032   975.33    19.29    97.76     1.78    40.94     3.25     3.91  9999.00  9999.00  9999.00
 00033  1003.42    23.43    99.65     3.72   253.14     0.20     0.03  9999.00  9999.00  9999.00
 00034  1006.90    27.55    89.82     4.11   230.87    30.03     0.01  9999.00  9999.00  9999.00
 00035  1002.84    25.91    96.49     1.33   219.30    26.64     0.00  9999.00  9999.00  9999.00
 00036   777.37    16.33    87.23     0.93    91.52    23.75     0.31  9999.00  9999.00  9999.00
 00037   965.75    19.90    98.84     1.27    57.25     2.95     4.05  9999.00  9999.00  9999.00
 00038   991.72    22.40    96.04     1.70    77.71     8.91     4.05  9999.00  9999.00  9999.00
 00039  1005.32    23.06    91.45     8.29    33.28     1.75     8.69  9999.00  9999.00  9999.00
 00040  1002.45    23.56    96.85     5.84    36.62     6.81     3.96  9999.00  9999.00  9999.00
 00041   968.35    19.97    96.80     1.54    84.53    24.21     0.00  9999.00  9999.00  9999.00
 00042  1009.47    22.09    95.50     3.45    74.55    24.33     0.00  9999.00  9999.00  9999.00
 00043   998.05    24.02    92.40     2.65    43.20    25.72     0.00  9999.00  9999.00  9999.00
 00044   980.93    22.46    92.47     2.45    61.26    24.57     0.00  9999.00  9999.00  9999.00
 00045  1002.45    23.56    96.85     5.84    36.62     6.81     3.96  9999.00  9999.00  9999.00
 00046   938.22    21.03    99.85     1.48    99.90     6.23     6.03  9999.00  9999.00  9999.00
 00047   999.84    21.24    96.84     1.36   156.12     8.13     0.00  9999.00  9999.00  9999.00
 00048   607.31     7.37    56.92     1.12   184.14    29.43     0.00  9999.00  9999.00  9999.00
 00049   581.14     2.72    98.19     0.96   195.63    12.31     0.15  9999.00  9999.00  9999.00
 00050   997.98    21.50    94.21     4.85    26.35     2.49     2.95  9999.00  9999.00  9999.00
