stn_id       p       t2      rh2      spd      dir      vis    rain6   rain24   tmax24   tmin24 
 00001   959.44    24.88    93.93     1.83    81.89    20.18     5.19  9999.00  9999.00  9999.00
 00002   982.85    29.70    38.23     1.44   191.64    25.18     0.00  9999.00  9999.00  9999.00
 00003   895.33    25.00    50.11     0.59    91.65    24.12     0.00  9999.00  9999.00  9999.00
 00004   830.18    22.33    47.02     1.73   217.65    22.53     0.00  9999.00  9999.00  9999.00
 00005   863.01    23.53    36.37     1.52   164.96    22.30     0.00  9999.00  9999.00  9999.00
 00006   871.01    28.25    23.50     6.48   224.18    21.37     0.00  9999.00  9999.00  9999.00
 00007   992.53    26.35    54.53     5.86   217.64    23.13     0.00  9999.00  9999.00  9999.00
 00008   975.88    23.87    66.26     5.08   252.75    24.18     0.00  9999.00  9999.00  9999.00
 00009   938.19    17.02    86.05     0.76    21.80    32.70     0.14  9999.00  9999.00  9999.00
 00010   958.27    19.59    88.23     1.48   110.54    25.48     0.01  9999.00  9999.00  9999.00
 00011   982.80    22.94    72.37     1.18   301.16    25.52     0.01  9999.00  9999.00  9999.00
 00012   997.14    30.05    39.46     1.89   193.47    22.90     0.00  9999.00  9999.00  9999.00
 00013   999.93    26.01    93.13     1.91   127.06    19.78     0.51  9999.00  9999.00  9999.00
 00014   997.53    26.05    94.48     0.58   194.77     4.36     5.33  9999.00  9999.00  9999.00
 00015   985.23    27.67    63.40     2.65   184.55    23.42     0.00  9999.00  9999.00  9999.00
 00016   943.51    24.71    69.43     1.68   139.96    25.35     0.00  9999.00  9999.00  9999.00
 00017   985.60    28.43    66.60     2.05   164.84    26.08     0.00  9999.00  9999.00  9999.00
 00018   998.45    27.00    88.05     1.85   182.32    23.76     0.22  9999.00  9999.00  9999.00
 00019   925.38    23.22    81.82     0.54   241.23    27.76     0.00  9999.00  9999.00  9999.00
 00020  1002.60    22.83    98.24     5.23   103.79     0.12    38.63  9999.00  9999.00  9999.00
 00021   886.89    15.66    52.90     1.50   214.84    25.28     0.00  9999.00  9999.00  9999.00
 00022  1000.46    31.03    36.21     4.29   224.25    22.35     0.00  9999.00  9999.00  9999.00
 00023   913.38    13.97    37.27     1.71   198.44    22.28     0.00  9999.00  9999.00  9999.00
 00024   937.01    16.21    36.97     0.84   147.24    24.08     0.00  9999.00  9999.00  9999.00
 00025   791.10    18.88    87.13     1.81   213.10    25.49     0.00  9999.00  9999.00  9999.00
 00026   999.88    28.03    87.32     1.79   217.75    27.76     0.76  9999.00  9999.00  9999.00
 00027   995.02    27.62    89.81     1.40   179.98    28.59     0.12  9999.00  9999.00  9999.00
 00028   964.71    26.33    89.91     2.21   184.51    27.07     2.28  9999.00  9999.00  9999.00
 00029  1000.98    26.96    90.83     1.58   200.30    26.62     0.19  9999.00  9999.00  9999.00
 00030   988.01    27.14    86.38     4.58   165.28    32.05     0.04  9999.00  9999.00  9999.00
 00031   574.94     4.20    83.92     1.30   229.09    20.56     0.02  9999.00  9999.00  9999.00
 00032   972.44    26.14    80.55     2.81   240.23    22.26     0.01  9999.00  9999.00  9999.00
 00033  1002.63    23.86    97.59     2.85   171.66     0.25     0.01  9999.00  9999.00  9999.00
 00034  1006.12    28.28    88.92     7.54   204.11    33.68     0.07  9999.00  9999.00  9999.00
 00035  1002.20    28.45    86.28     3.63   195.38    31.76     0.00  9999.00  9999.00  9999.00
 00036   770.70    19.24    82.04     1.53   181.33    24.85     0.07  9999.00  9999.00  9999.00
 00037   963.06    26.48    79.34     2.53   243.16    24.25     0.02  9999.00  9999.00  9999.00
 00038   990.63    26.27    89.63     0.89   167.94    10.57     0.27  9999.00  9999.00  9999.00
 00039  1004.20    25.92    93.36     4.19   220.21    13.22     0.64  9999.00  9999.00  9999.00
 00040  1001.58    26.23    93.94     1.84   158.21     8.54     1.08  9999.00  9999.00  9999.00
 00041   961.36    24.20    95.92     2.51   224.99     3.30    10.04  9999.00  9999.00  9999.00
 00042  1000.08    26.84    89.15     3.13   220.94    19.09     0.20  9999.00  9999.00  9999.00
 00043   993.76    28.41    82.44     3.95   195.11    29.41     0.00  9999.00  9999.00  9999.00
 00044   976.38    27.03    88.06     1.19   211.29    26.72     0.11  9999.00  9999.00  9999.00
 00045  1001.58    26.23    93.94     1.84   158.21     8.54     1.08  9999.00  9999.00  9999.00
 00046   938.04    24.26    85.08     3.06   198.93    26.67     0.05  9999.00  9999.00  9999.00
 00047   994.39    25.75    90.98     2.35   215.62    14.82     0.01  9999.00  9999.00  9999.00
 00048   605.30     7.77    82.19     1.32   191.46    26.34     0.01  9999.00  9999.00  9999.00
 00049   578.34     4.36    93.15     0.52   163.78    12.74     0.33  9999.00  9999.00  9999.00
 00050   996.42    26.82    86.34     4.13   225.29    22.59     0.22  9999.00  9999.00  9999.00
