stn_id       p       t2      rh2      spd      dir      vis    rain6   rain24   tmax24   tmin24 
 00001   959.96    26.83    85.95     1.95    64.75    25.74  9999.00  9999.00  9999.00  9999.00
 00002   982.98    37.63    20.41     3.69   147.32    25.17  9999.00  9999.00  9999.00  9999.00
 00003   895.37    31.10    35.08     0.99   168.22    24.13  9999.00  9999.00  9999.00  9999.00
 00004   830.50    25.85    37.57     2.06   218.10    22.54  9999.00  9999.00  9999.00  9999.00
 00005   863.15    28.38    32.33     4.68   207.64    22.35  9999.00  9999.00  9999.00  9999.00
 00006   870.90    34.32    12.58     6.79   224.16    21.37  9999.00  9999.00  9999.00  9999.00
 00007   993.13    30.20    49.43     4.86   240.03    23.18  9999.00  9999.00  9999.00  9999.00
 00008   976.54    28.20    52.21     4.08   302.67    24.20  9999.00  9999.00  9999.00  9999.00
 00009   938.87    20.51    70.49     0.95   349.25    32.48  9999.00  9999.00  9999.00  9999.00
 00010   956.33    25.92    67.80     2.46   118.10    25.52  9999.00  9999.00  9999.00  9999.00
 00011   982.87    21.27    78.66     4.91   345.53     7.93  9999.00  9999.00  9999.00  9999.00
 00012   997.39    37.42    25.83     3.84   207.69    22.92  9999.00  9999.00  9999.00  9999.00
 00013  1000.72    28.03    86.16     2.05   133.13    20.14  9999.00  9999.00  9999.00  9999.00
 00014   998.21    26.50    94.10     1.40    44.04     1.33  9999.00  9999.00  9999.00  9999.00
 00015   985.44    32.71    39.43     2.52   185.19    23.39  9999.00  9999.00  9999.00  9999.00
 00016   944.28    27.84    52.63     2.70   145.11    25.34  9999.00  9999.00  9999.00  9999.00
 00017   986.10    33.01    43.26     3.08   181.00    26.04  9999.00  9999.00  9999.00  9999.00
 00018   999.13    29.22    78.18     0.80   184.10     9.44  9999.00  9999.00  9999.00  9999.00
 00019   926.38    25.82    71.77     0.77    77.90    27.82  9999.00  9999.00  9999.00  9999.00
 00020  1003.26    24.63    95.23     6.32   179.47     0.52  9999.00  9999.00  9999.00  9999.00
 00021   887.49    19.59    30.18     0.79   284.59    25.26  9999.00  9999.00  9999.00  9999.00
 00022  1000.99    37.42    24.33     4.89   222.70    22.37  9999.00  9999.00  9999.00  9999.00
 00023   913.75    23.42    18.88     2.46   298.53    22.26  9999.00  9999.00  9999.00  9999.00
 00024   937.19    23.11    20.36     0.51   265.57    24.06  9999.00  9999.00  9999.00  9999.00
 00025   791.65    22.77    64.55     4.56   251.61    25.57  9999.00  9999.00  9999.00  9999.00
 00026   999.95    30.87    76.47     3.68   216.73    28.70  9999.00  9999.00  9999.00  9999.00
 00027   995.67    31.26    77.52     2.28   207.03    26.97  9999.00  9999.00  9999.00  9999.00
 00028   965.03    29.44    72.48     4.67   199.97    27.05  9999.00  9999.00  9999.00  9999.00
 00029  1001.03    30.50    68.62     1.64   183.82    28.81  9999.00  9999.00  9999.00  9999.00
 00030   988.42    30.07    75.95     3.65   176.42    28.80  9999.00  9999.00  9999.00  9999.00
 00031   575.35    10.13    49.49     1.70   258.36    22.29  9999.00  9999.00  9999.00  9999.00
 00032   972.68    29.36    65.06     3.79   221.46    23.13  9999.00  9999.00  9999.00  9999.00
 00033  1003.16    24.87    96.29     2.54   163.64     4.76  9999.00  9999.00  9999.00  9999.00
 00034  1006.95    28.40    90.47     6.13   213.63    31.30  9999.00  9999.00  9999.00  9999.00
 00035  1002.61    32.29    65.45     3.36   208.19    31.71  9999.00  9999.00  9999.00  9999.00
 00036   771.30    22.08    66.27     3.12   197.32    24.90  9999.00  9999.00  9999.00  9999.00
 00037   963.27    30.39    62.12     3.21   225.64    24.14  9999.00  9999.00  9999.00  9999.00
 00038   990.80    28.57    80.11     1.23   146.59    14.15  9999.00  9999.00  9999.00  9999.00
 00039  1004.64    27.31    86.86     4.85   188.42    11.16  9999.00  9999.00  9999.00  9999.00
 00040  1002.33    27.75    86.60     2.61   158.60    22.54  9999.00  9999.00  9999.00  9999.00
 00041   962.23    24.42    96.47     2.19   243.09     4.74  9999.00  9999.00  9999.00  9999.00
 00042  1000.89    28.47    85.42     3.28   250.98    15.75  9999.00  9999.00  9999.00  9999.00
 00043   994.01    31.38    72.89     3.99   204.66    29.43  9999.00  9999.00  9999.00  9999.00
 00044   976.66    30.23    74.30     2.58   225.36    27.15  9999.00  9999.00  9999.00  9999.00
 00045  1002.33    27.75    86.60     2.61   158.60    22.54  9999.00  9999.00  9999.00  9999.00
 00046   937.97    27.48    70.04     2.65   207.36    27.09  9999.00  9999.00  9999.00  9999.00
 00047   994.61    28.49    80.57     3.67   188.80    23.62  9999.00  9999.00  9999.00  9999.00
 00048   605.88    12.32    57.78     2.07   187.12    26.37  9999.00  9999.00  9999.00  9999.00
 00049   579.15     6.91    82.62     1.86   202.11    19.67  9999.00  9999.00  9999.00  9999.00
 00050   996.66    29.73    73.89     5.10   204.66    20.39  9999.00  9999.00  9999.00  9999.00
