stn_id       p       t2      rh2      spd      dir      vis    rain6   rain24   tmax24   tmin24 
 00001   961.50    28.72    71.09     0.70   244.36    25.12     2.06  9999.00  9999.00  9999.00
 00002   980.17    40.35    15.14     2.25   138.08    24.95     0.00  9999.00  9999.00  9999.00
 00003   893.91    32.95    19.86     1.87   118.99    23.92     0.00  9999.00  9999.00  9999.00
 00004   829.51    26.88    28.67     0.50   213.02    22.37     0.00  9999.00  9999.00  9999.00
 00005   861.85    31.28    16.14     4.02   235.56    22.10     0.00  9999.00  9999.00  9999.00
 00006   869.61    34.49     7.41     6.27   286.18    21.15     0.00  9999.00  9999.00  9999.00
 00007   987.99    32.93    39.21     7.95   225.59    22.97     0.02  9999.00  9999.00  9999.00
 00008   974.11    28.87    44.47     2.78   171.12    24.06     0.11  9999.00  9999.00  9999.00
 00009   933.44    22.21    49.84     1.74    64.18    35.26     0.36  9999.00  9999.00  9999.00
 00010   955.21    25.24    66.31     1.39    88.75    25.48     0.33  9999.00  9999.00  9999.00
 00011   981.39    29.02    35.09     1.74   254.75    25.40     0.00  9999.00  9999.00  9999.00
 00012   994.55    37.51    28.35     3.16   197.82    22.74     0.00  9999.00  9999.00  9999.00
 00013   998.67    28.27    80.99     1.50   208.38    15.32     5.18  9999.00  9999.00  9999.00
 00014   996.52    30.49    77.62     2.10   238.96     5.30     4.84  9999.00  9999.00  9999.00
 00015   982.28    35.16    25.63     0.68   139.51    23.19     0.00  9999.00  9999.00  9999.00
 00016   942.81    32.72    47.51     1.25    45.65    25.32     0.00  9999.00  9999.00  9999.00
 00017   983.31    35.67    37.75     1.02   177.40    25.91     0.00  9999.00  9999.00  9999.00
 00018   996.47    27.10    88.23     3.57   100.54     4.58     6.10  9999.00  9999.00  9999.00
 00019   927.66    24.74    72.30     0.64   162.59    24.23     3.09  9999.00  9999.00  9999.00
 00020  1002.53    27.96    86.18     1.10   101.88     4.26    12.66  9999.00  9999.00  9999.00
 00021   888.41    19.94    43.53     3.33   328.53    25.33     0.02  9999.00  9999.00  9999.00
 00022   997.79    38.12    27.34     3.74   224.77    22.21     0.00  9999.00  9999.00  9999.00
 00023   914.72    22.76    21.33     1.39   105.98    22.39     0.00  9999.00  9999.00  9999.00
 00024   938.19    23.51    23.16     6.22   297.50    24.19     0.00  9999.00  9999.00  9999.00
 00025   791.31    25.11    55.58     3.95   247.87    25.58     0.05  9999.00  9999.00  9999.00
 00026   997.46    29.82    78.77     4.34   195.67    26.17     1.24  9999.00  9999.00  9999.00
 00027   993.66    30.96    74.39     2.80   301.17    18.91     1.63  9999.00  9999.00  9999.00
 00028   963.74    30.92    68.94     3.11   217.79    19.62     0.23  9999.00  9999.00  9999.00
 00029   998.94    32.10    65.94     2.32   195.50    27.34     0.73  9999.00  9999.00  9999.00
 00030   986.55    32.27    67.42     3.96   172.98    32.03     0.24  9999.00  9999.00  9999.00
 00031   575.22    11.60    51.63     2.23   189.70    15.69     1.99  9999.00  9999.00  9999.00
 00032   970.13    29.07    68.97     4.30   216.57    19.39     0.50  9999.00  9999.00  9999.00
 00033  1001.89    24.39    97.35     2.92   137.23     0.30     0.02  9999.00  9999.00  9999.00
 00034  1005.77    28.44    87.27     4.34   220.79    33.69     0.15  9999.00  9999.00  9999.00
 00035  1001.39    32.68    65.26     1.45   238.43    19.71     0.78  9999.00  9999.00  9999.00
 00036   771.68    22.97    65.36     1.06   221.04    23.82     0.52  9999.00  9999.00  9999.00
 00037   960.71    30.11    66.45     3.40   216.26    20.02     0.61  9999.00  9999.00  9999.00
 00038   989.49    28.46    80.01     2.72   197.80     6.35     4.82  9999.00  9999.00  9999.00
 00039  1002.80    27.63    83.82     6.92   203.38    22.37     0.80  9999.00  9999.00  9999.00
 00040  1000.94    28.21    86.10     4.73   184.95    19.14     0.64  9999.00  9999.00  9999.00
 00041   959.53    26.58    86.94     2.91   190.49    17.55     5.01  9999.00  9999.00  9999.00
 00042   998.51    28.89    83.92     1.16   123.44     3.60     2.86  9999.00  9999.00  9999.00
 00043   991.80    29.95    76.67     3.99   197.45    25.83     0.76  9999.00  9999.00  9999.00
 00044   974.53    28.74    78.68     1.60   180.39    25.71     1.06  9999.00  9999.00  9999.00
 00045  1000.94    28.21    86.10     4.73   184.95    19.14     0.64  9999.00  9999.00  9999.00
 00046   935.41    28.54    69.53     3.43   220.50    26.95     1.06  9999.00  9999.00  9999.00
 00047   992.21    28.19    79.92     5.47   192.77    15.74     1.48  9999.00  9999.00  9999.00
 00048   605.31    15.23    43.28     2.06   193.93    26.36     0.13  9999.00  9999.00  9999.00
 00049   579.52     8.66    74.77     3.36   209.10    16.95     0.75  9999.00  9999.00  9999.00
 00050   994.86    29.65    73.44     6.28   212.86    20.71     1.44  9999.00  9999.00  9999.00
