stn_id       p       t2      rh2      spd      dir      vis    rain6   rain24   tmax24   tmin24 
 00001   969.17    28.21    58.81     2.50   125.39    25.36  9999.00  9999.00  9999.00  9999.00
 00002   992.81    25.71    69.74     0.52    23.45    24.01  9999.00  9999.00  9999.00  9999.00
 00003   902.23    22.17    65.95     1.22   186.82    23.85  9999.00  9999.00  9999.00  9999.00
 00004   834.96    18.63    66.26     2.48   219.79    24.05  9999.00  9999.00  9999.00  9999.00
 00005   869.09    18.35    70.96     2.74   184.61    26.47  9999.00  9999.00  9999.00  9999.00
 00006   877.96    23.63    38.20     2.29   209.89    26.98  9999.00  9999.00  9999.00  9999.00
 00007  1003.98    25.94    57.03     2.33   173.74    25.91  9999.00  9999.00  9999.00  9999.00
 00008   989.54    24.53    58.97     3.81   194.68    26.70  9999.00  9999.00  9999.00  9999.00
 00009   950.00    14.18    41.17     1.59   220.26    32.77  9999.00  9999.00  9999.00  9999.00
 00010   970.17    22.18    67.53     0.59    51.22    30.38  9999.00  9999.00  9999.00  9999.00
 00011   997.31    23.14    68.20     2.70   167.01    27.38  9999.00  9999.00  9999.00  9999.00
 00012  1008.73    25.44    72.14     0.66   171.05    23.29  9999.00  9999.00  9999.00  9999.00
 00013  1009.71    23.95    87.66     1.70    74.00     5.55  9999.00  9999.00  9999.00  9999.00
 00014  1006.17    25.05    87.54     0.89   293.71    19.94  9999.00  9999.00  9999.00  9999.00
 00015   993.76    27.65    48.15     1.19   238.14    19.94  9999.00  9999.00  9999.00  9999.00
 00016   951.82    26.92    60.25     0.38   139.04    24.70  9999.00  9999.00  9999.00  9999.00
 00017   994.84    27.35    62.45     2.11   177.16    22.60  9999.00  9999.00  9999.00  9999.00
 00018  1008.63    25.74    78.65     1.42   317.66    12.27  9999.00  9999.00  9999.00  9999.00
 00019   934.97    24.48    78.20     0.53   148.85    27.15  9999.00  9999.00  9999.00  9999.00
 00020  1011.63    23.19    97.64     1.84   305.28     5.91  9999.00  9999.00  9999.00  9999.00
 00021   893.23    11.48    68.09     1.88   332.25    26.56  9999.00  9999.00  9999.00  9999.00
 00022  1011.37    27.97    57.21     1.84   204.89    21.06  9999.00  9999.00  9999.00  9999.00
 00023   920.21    13.23    46.06     2.17   303.58    23.15  9999.00  9999.00  9999.00  9999.00
 00024   944.10    12.69    67.86     3.23   296.41    24.03  9999.00  9999.00  9999.00  9999.00
 00025   797.53    21.15    65.80     2.73   151.90    24.90  9999.00  9999.00  9999.00  9999.00
 00026  1008.91    26.63    77.32     0.50   128.20    24.42  9999.00  9999.00  9999.00  9999.00
 00027  1004.98    27.75    71.17     0.55   116.64    24.58  9999.00  9999.00  9999.00  9999.00
 00028   974.74    26.69    74.89     0.69   162.46    20.82  9999.00  9999.00  9999.00  9999.00
 00029  1006.81    27.79    81.76     0.98    36.67    22.16  9999.00  9999.00  9999.00  9999.00
 00030   995.95    27.11    80.51     3.23    96.92    28.03  9999.00  9999.00  9999.00  9999.00
 00031   578.15     7.76    53.18     1.64   190.16    25.27  9999.00  9999.00  9999.00  9999.00
 00032   977.67    25.20    89.96     0.96   245.37    22.34  9999.00  9999.00  9999.00  9999.00
 00033  1008.55    21.17    98.23     5.38    88.61     2.16  9999.00  9999.00  9999.00  9999.00
 00034  1010.70    28.01    83.56     3.89   169.78    20.86  9999.00  9999.00  9999.00  9999.00
 00035  1007.76    27.86    84.00     2.16    86.65    24.84  9999.00  9999.00  9999.00  9999.00
 00036   777.97    20.59    70.17     0.63   275.38    22.80  9999.00  9999.00  9999.00  9999.00
 00037   968.23    25.06    90.23     0.91   232.45    23.12  9999.00  9999.00  9999.00  9999.00
 00038   995.85    27.95    75.02     0.83   237.10    25.15  9999.00  9999.00  9999.00  9999.00
 00039  1008.92    27.32    81.32     3.11   222.34    24.99  9999.00  9999.00  9999.00  9999.00
 00040  1007.20    27.56    82.52     2.04   169.21    24.39  9999.00  9999.00  9999.00  9999.00
 00041   969.19    25.31    79.55     0.77   266.37    13.82  9999.00  9999.00  9999.00  9999.00
 00042  1009.59    25.53    85.62     0.64   256.83    12.61  9999.00  9999.00  9999.00  9999.00
 00043  1002.74    26.16    78.78     1.01    61.01    24.99  9999.00  9999.00  9999.00  9999.00
 00044   984.07    24.95    84.97     1.88   262.59    21.74  9999.00  9999.00  9999.00  9999.00
 00045  1007.20    27.56    82.52     2.04   169.21    24.39  9999.00  9999.00  9999.00  9999.00
 00046   943.07    24.23    85.40     1.75   229.23    17.79  9999.00  9999.00  9999.00  9999.00
 00047  1000.85    25.53    88.60     1.82   151.95     4.90  9999.00  9999.00  9999.00  9999.00
 00048   609.00    10.24    63.47     1.90   180.54    29.90  9999.00  9999.00  9999.00  9999.00
 00049   582.09     7.24    56.05     1.52   204.03    25.11  9999.00  9999.00  9999.00  9999.00
 00050  1001.15    28.21    74.28     2.43   237.10    23.54  9999.00  9999.00  9999.00  9999.00
