stn_id       p       t2      rh2      spd      dir      vis    rain6   rain24   tmax24   tmin24 
 00001   966.44    24.54    77.55     1.78    79.51    25.32  9999.00  9999.00  9999.00  9999.00
 00002   992.09    21.08    91.20     1.77   333.68    23.98  9999.00  9999.00  9999.00  9999.00
 00003   901.07    16.70    85.33     1.38    56.05    23.78  9999.00  9999.00  9999.00  9999.00
 00004   834.04    12.30    92.19     1.54   134.18    24.02  9999.00  9999.00  9999.00  9999.00
 00005   867.50    15.01    87.80     0.86   135.31    26.38  9999.00  9999.00  9999.00  9999.00
 00006   876.99    16.21    69.70     3.53   192.19    26.95  9999.00  9999.00  9999.00  9999.00
 00007  1002.95    18.80    90.87     1.67   192.36    25.89  9999.00  9999.00  9999.00  9999.00
 00008   988.01    18.02    85.10     2.08   131.11    26.68  9999.00  9999.00  9999.00  9999.00
 00009   946.59     4.96    87.41     2.41   195.92    32.72  9999.00  9999.00  9999.00  9999.00
 00010   968.87    16.42    94.78     1.90   104.11    24.62  9999.00  9999.00  9999.00  9999.00
 00011   995.52    18.59    87.81     3.00   136.95    27.37  9999.00  9999.00  9999.00  9999.00
 00012  1007.41    21.67    80.72     1.44   159.14    23.26  9999.00  9999.00  9999.00  9999.00
 00013  1008.60    21.95    95.06     0.52   204.21    23.76  9999.00  9999.00  9999.00  9999.00
 00014  1005.49    22.09    97.72     1.23   200.97    25.40  9999.00  9999.00  9999.00  9999.00
 00015   992.63    20.17    73.78     1.66   184.30    19.92  9999.00  9999.00  9999.00  9999.00
 00016   949.72    21.72    83.63     1.88   128.23    24.60  9999.00  9999.00  9999.00  9999.00
 00017   993.73    22.34    81.53     2.08   164.51    22.54  9999.00  9999.00  9999.00  9999.00
 00018  1007.45    21.29    97.02     1.62   156.41    13.78  9999.00  9999.00  9999.00  9999.00
 00019   932.71    22.06    89.01     1.02   101.35    26.98  9999.00  9999.00  9999.00  9999.00
 00020  1011.31    21.39    97.80     1.85    53.67    12.77  9999.00  9999.00  9999.00  9999.00
 00021   893.25    10.42    80.36     0.69   182.75    26.50  9999.00  9999.00  9999.00  9999.00
 00022  1010.64    20.19    67.31     2.93   144.83    21.01  9999.00  9999.00  9999.00  9999.00
 00023   920.29    10.93    63.36     1.69   236.03    23.14  9999.00  9999.00  9999.00  9999.00
 00024   943.78    12.34    64.01     3.13   286.14    25.14  9999.00  9999.00  9999.00  9999.00
 00025   797.20    16.42    85.36     1.85   158.23    24.90  9999.00  9999.00  9999.00  9999.00
 00026  1006.91    23.16    93.24     1.38    77.07    24.61  9999.00  9999.00  9999.00  9999.00
 00027  1002.46    24.23    91.19     1.45   126.14    24.70  9999.00  9999.00  9999.00  9999.00
 00028   971.94    23.82    84.38     1.51   110.77    24.16  9999.00  9999.00  9999.00  9999.00
 00029  1006.24    24.59    96.52     1.61   124.83    25.99  9999.00  9999.00  9999.00  9999.00
 00030   994.85    25.18    91.92     1.79   156.03    28.70  9999.00  9999.00  9999.00  9999.00
 00031   576.30     6.49    53.19     2.58   185.04    25.28  9999.00  9999.00  9999.00  9999.00
 00032   976.69    21.83    96.51     1.25   289.76     0.35  9999.00  9999.00  9999.00  9999.00
 00033  1008.09    23.44    98.42     3.66   118.52     1.61  9999.00  9999.00  9999.00  9999.00
 00034  1010.86    27.61    84.91     4.72   155.97    12.60  9999.00  9999.00  9999.00  9999.00
 00035  1007.49    26.24    93.61     2.21   131.69    27.06  9999.00  9999.00  9999.00  9999.00
 00036   776.67    17.03    86.23     1.40   137.20    23.99  9999.00  9999.00  9999.00  9999.00
 00037   967.29    21.20    97.85     0.97   292.70     0.53  9999.00  9999.00  9999.00  9999.00
 00038   994.83    23.85    98.46     0.48   182.48    19.19  9999.00  9999.00  9999.00  9999.00
 00039  1008.00    24.63    95.38     2.25   244.23    24.97  9999.00  9999.00  9999.00  9999.00
 00040  1006.21    24.71    97.48     1.34   237.27    25.84  9999.00  9999.00  9999.00  9999.00
 00041   968.50    20.67    95.24     1.02   181.57    23.93  9999.00  9999.00  9999.00  9999.00
 00042  1008.52    21.58    96.56     1.32   189.13    24.18  9999.00  9999.00  9999.00  9999.00
 00043  1000.55    23.44    92.66     1.32   108.01    25.06  9999.00  9999.00  9999.00  9999.00
 00044   982.81    22.50    93.95     1.01    69.10    24.32  9999.00  9999.00  9999.00  9999.00
 00045  1006.21    24.71    97.48     1.34   237.27    25.84  9999.00  9999.00  9999.00  9999.00
 00046   942.01    19.54    99.79     0.67   117.24     0.55  9999.00  9999.00  9999.00  9999.00
 00047  1000.25    23.20    99.08     0.60    56.48     0.54  9999.00  9999.00  9999.00  9999.00
 00048   606.61    11.85    37.63     1.87   184.16    29.83  9999.00  9999.00  9999.00  9999.00
 00049   581.63     3.35    99.08     0.85   185.26     2.45  9999.00  9999.00  9999.00  9999.00
 00050  1000.29    24.18    95.55     1.28   230.79    22.58  9999.00  9999.00  9999.00  9999.00
