stn_id       p       t2      rh2      spd      dir      vis    rain6   rain24   tmax24   tmin24 
 00001   963.08    24.84    93.33     1.63   130.24     9.49     8.90    33.12    33.04    24.07
 00002   986.71    27.38    84.57     1.79   201.69    26.64     0.01     3.14    29.73    24.80
 00003   898.29    23.68    84.38     2.98   204.37    25.66     0.03     4.20    28.04    21.00
 00004   832.01    20.16    89.33     3.46   208.88    18.86     0.11    10.24    24.84    18.62
 00005   864.52    20.89    95.16     4.43   200.60     5.79     0.57    13.49    26.22    19.66
 00006   872.02    25.30    69.41     6.75   224.17    26.97    -0.00     1.95    28.93    22.05
 00007   995.86    25.08    82.43     6.32   208.15    23.00     1.68     2.49    29.68    23.01
 00008   977.58    24.07    82.44     9.00   220.39    24.70     4.53     8.04    28.54    22.10
 00009   940.60    18.65    58.42     2.68    32.98    37.26     0.00     0.00    29.46    14.30
 00010   960.38    22.87    98.28     1.11   223.43     4.80     5.03     5.04    30.14    22.04
 00011   982.20    22.86    94.17     4.40   190.54     0.16    24.34    24.50    30.13    22.94
 00012  1001.57    26.98    89.40     4.06   203.54    24.71     0.15     2.43    29.27    23.83
 00013  1004.96    26.46    82.80     3.33   107.50    26.12    -0.00     0.73    30.81    23.67
 00014  1001.48    24.65    88.94     2.11    69.99    26.83     0.01     1.73    28.49    22.66
 00015   988.97    27.14    78.27     4.13   186.32    22.55     0.00     0.08    32.41    24.48
 00016   946.84    26.64    80.55     1.77    76.54    26.11     0.00     2.28    33.81    23.83
 00017   989.70    27.01    86.27     2.04   145.98    25.44     0.10    15.79    30.99    24.94
 00018  1003.06    27.05    82.32     3.92   109.34    21.37    -0.00     0.01    31.93    24.57
 00019   928.76    24.23    89.91     1.67    70.68    22.58     0.62     3.40    30.23    23.05
 00020  1007.44    25.12    83.23     3.53    65.80    23.76     0.00     0.50    28.44    22.10
 00021   883.84    20.44    53.17     2.40   159.16    26.47     0.03     0.28    32.95    18.98
 00022  1004.89    28.40    78.02     4.59   205.64    22.85     0.01     0.72    30.50    24.45
 00023   909.13    19.36    43.65     1.45   192.21    21.95     0.00     0.34    32.95    18.83
 00024   932.10    23.11    40.70     2.75   294.73    24.08     0.00     0.01    35.27    21.47
 00025   792.11    16.73    97.39     1.42   266.86     6.66     5.59    27.07    21.35    16.38
 00026  1001.34    27.34    90.65     0.58   129.21    15.93     0.12     1.86    31.14    24.71
 00027   997.76    25.87    92.67     1.29   225.25    19.03     0.25     4.33    30.59    24.44
 00028   967.90    23.42    99.40     1.46    24.50     1.79     8.41    26.69    30.38    23.24
 00029  1000.78    26.90    87.28     1.63   137.39    28.32     0.18     1.05    31.23    24.74
 00030   988.50    26.20    90.76     2.41   135.67    30.60     0.09     5.24    29.78    25.19
 00031   574.21     5.49    92.05     1.01   235.74    13.50     0.54     3.80    15.35     5.21
 00032   970.93    25.38    87.42     0.43    97.80    18.40     0.08     1.36    28.41    22.37
 00033  1002.82    23.04    98.27     1.82   158.06     0.25     0.02     0.27    24.56    22.34
 00034  1006.85    28.05    83.67     5.65   214.63    17.16     0.52     1.82    28.83    27.47
 00035  1002.38    26.41    93.18     0.33    92.81    15.74     0.01    11.66    30.85    25.02
 00036   773.74    16.30    94.26     0.88    26.25    10.43     0.13    14.31    23.26    14.64
 00037   961.56    25.40    87.37     0.23    74.85    22.61     0.04     1.93    28.95    22.06
 00038   988.84    25.29    90.45     0.90   295.78    21.21    -0.00     6.26    30.46    23.47
 00039  1001.90    25.56    90.90     3.23    56.60    24.21     0.06     0.24    26.59    24.53
 00040  1000.14    26.22    90.97     2.01   226.00    24.19     0.02     1.37    28.52    24.72
 00041   964.16    24.99    85.76     1.82   119.87    26.46     0.00     0.92    30.17    22.13
 00042  1004.46    26.71    83.74     4.03   104.04    26.62     0.00     0.10    31.21    23.91
 00043   995.41    27.03    90.51     0.45   204.56    24.06     0.32     4.34    30.91    24.62
 00044   977.51    26.03    85.85     2.85    61.28    26.83     0.01     0.32    31.00    23.35
 00045  1000.14    26.22    90.97     2.01   226.00    24.19     0.02     1.37    28.52    24.72
 00046   936.85    23.47    90.17     0.58    39.67    20.05     0.00    10.54    26.17    21.50
 00047   993.97    25.62    85.73     3.75   328.18    23.34     0.05     1.11    27.26    24.45
 00048   605.29     8.62    93.55     1.00   150.92    15.32     2.45     7.34    17.46     8.37
 00049   578.52     4.25    93.70     0.64   153.71    15.80     0.60     6.10    12.10     3.77
 00050   994.27    26.65    85.60     1.30    64.95    25.63     0.08     0.97    29.54    24.08
