stn_id       p       t2      rh2      spd      dir      vis    rain6   rain24   tmax24   tmin24 
 00001   960.54    26.39    91.47     0.70   178.86    26.46     5.20  9999.00  9999.00  9999.00
 00002   980.68    30.22    71.71     4.21   166.91    26.72     0.05  9999.00  9999.00  9999.00
 00003   893.83    26.27    73.34     1.85   209.39    25.55     0.07  9999.00  9999.00  9999.00
 00004   829.06    21.75    82.36     1.60   215.42    24.95     0.57  9999.00  9999.00  9999.00
 00005   860.62    25.28    69.19     2.70   208.32    26.24     0.16  9999.00  9999.00  9999.00
 00006   868.90    25.67    67.16     6.86   215.07    26.98     3.52  9999.00  9999.00  9999.00
 00007   990.77    27.27    71.39     6.55   209.46    24.97     0.00  9999.00  9999.00  9999.00
 00008   973.51    24.72    91.32     4.85   216.98    12.22    11.26  9999.00  9999.00  9999.00
 00009   939.26    17.11    56.45     1.89    67.56    37.33     0.00  9999.00  9999.00  9999.00
 00010   955.04    23.14    90.14     1.34   205.52    27.35     5.06  9999.00  9999.00  9999.00
 00011   979.52    23.60    94.58     1.82   298.32    28.21     0.36  9999.00  9999.00  9999.00
 00012   995.23    29.94    76.16     3.56   193.13    25.00     0.04  9999.00  9999.00  9999.00
 00013  1000.88    27.68    83.29     2.23   103.04    25.99     0.03  9999.00  9999.00  9999.00
 00014   997.93    25.34    91.30     2.63    89.09    26.84     0.17  9999.00  9999.00  9999.00
 00015   983.78    28.66    71.68     3.66   184.38    22.40     0.09  9999.00  9999.00  9999.00
 00016   942.41    29.77    66.62     1.82   106.57    25.99     0.00  9999.00  9999.00  9999.00
 00017   985.09    29.13    75.63     2.45   150.78    25.48     0.13  9999.00  9999.00  9999.00
 00018   999.05    28.24    79.92     2.52   103.49    26.07     0.00  9999.00  9999.00  9999.00
 00019   926.72    25.52    87.45     1.00   318.49    25.92     0.56  9999.00  9999.00  9999.00
 00020  1004.27    23.67    91.23     2.87    51.94    23.61     0.00  9999.00  9999.00  9999.00
 00021   880.93    31.51    20.97     2.90   218.67    26.42     0.00  9999.00  9999.00  9999.00
 00022   998.96    30.48    69.17     3.74   204.31    23.03     0.08  9999.00  9999.00  9999.00
 00023   906.68    33.11    15.56     2.70   340.83    21.92     0.00  9999.00  9999.00  9999.00
 00024   929.72    33.43    18.22     5.14   292.84    24.07     0.00  9999.00  9999.00  9999.00
 00025   790.33    18.69    90.88     0.36    95.84     6.23     4.99  9999.00  9999.00  9999.00
 00026   997.71    28.90    85.91     0.94    87.59    28.20     0.16  9999.00  9999.00  9999.00
 00027   994.22    27.58    88.97     0.89   152.25    28.05     1.72  9999.00  9999.00  9999.00
 00028   964.54    27.17    82.27     0.45    56.38    26.69     0.30  9999.00  9999.00  9999.00
 00029   997.70    27.89    82.70     1.55   173.59    29.40     0.46  9999.00  9999.00  9999.00
 00030   985.80    26.29    91.79     2.24   117.57    31.29     2.86  9999.00  9999.00  9999.00
 00031   572.23    13.39    49.07     1.99   135.25    22.95     0.64  9999.00  9999.00  9999.00
 00032   967.76    25.32    89.02     1.19   165.17    14.68     0.09  9999.00  9999.00  9999.00
 00033  1000.67    23.77    98.18     2.05   216.72     1.00     1.59  9999.00  9999.00  9999.00
 00034  1005.08    27.97    80.99     7.47   266.62    34.66     2.28  9999.00  9999.00  9999.00
 00035   999.74    27.14    87.67     2.64   307.35    16.95     0.86  9999.00  9999.00  9999.00
 00036   771.83    19.07    84.00     1.04   102.80    18.77     2.22  9999.00  9999.00  9999.00
 00037   958.42    25.45    89.38     1.07   201.18    21.56     0.15  9999.00  9999.00  9999.00
 00038   986.19    26.41    95.62     0.39   157.86    27.65     1.03  9999.00  9999.00  9999.00
 00039   999.12    25.84    92.43     3.12   231.71    24.45     1.65  9999.00  9999.00  9999.00
 00040   997.40    26.55    90.44     3.24   221.48    26.91     1.24  9999.00  9999.00  9999.00
 00041   960.64    25.59    85.40     1.36    94.09    26.53     0.10  9999.00  9999.00  9999.00
 00042  1000.57    27.58    83.15     2.73    84.00    26.57     0.04  9999.00  9999.00  9999.00
 00043   991.72    28.35    88.19     0.98    49.29    28.79     2.59  9999.00  9999.00  9999.00
 00044   973.93    26.50    83.34     1.51    48.83    26.73     0.00  9999.00  9999.00  9999.00
 00045   997.40    26.55    90.44     3.24   221.48    26.91     1.24  9999.00  9999.00  9999.00
 00046   934.10    25.01    86.42     0.81   235.22    14.46     1.28  9999.00  9999.00  9999.00
 00047   990.46    25.98    89.91     1.50    72.37    25.07     0.06  9999.00  9999.00  9999.00
 00048   603.48    12.81    67.68     1.08   150.01    26.05     1.42  9999.00  9999.00  9999.00
 00049   577.55     6.59    91.35     2.08   201.42    16.17     2.30  9999.00  9999.00  9999.00
 00050   991.37    25.87    92.97     1.97   234.74    25.74     1.10  9999.00  9999.00  9999.00
