stn_id       p       t2      rh2      spd      dir      vis    rain6   rain24   tmax24   tmin24 
 00001   958.69    27.47    61.22     3.12   123.92    26.75     0.00  9999.00  9999.00  9999.00
 00002   982.23    29.59    54.92     2.14   185.81    24.62     0.02  9999.00  9999.00  9999.00
 00003   895.38    20.08    94.21     1.33   117.99     1.18     8.17  9999.00  9999.00  9999.00
 00004   828.63    15.62    93.54     2.36   144.08     1.84     8.95  9999.00  9999.00  9999.00
 00005   862.59    16.84    85.82     1.80   167.88     2.65     2.95  9999.00  9999.00  9999.00
 00006   874.08    14.21    71.45     6.43   330.25     2.87     1.66  9999.00  9999.00  9999.00
 00007   994.92    22.04    85.14     4.57   183.01    22.85     0.00  9999.00  9999.00  9999.00
 00008   978.63    19.30    93.98     2.07   206.31    24.01     0.00  9999.00  9999.00  9999.00
 00009   936.68    16.83    87.33     3.86   164.87    24.79     0.88  9999.00  9999.00  9999.00
 00010   958.29    18.64    91.53     3.69   258.06    17.31     0.19  9999.00  9999.00  9999.00
 00011   984.07    20.02    95.29     3.08   253.54    24.39     0.77  9999.00  9999.00  9999.00
 00012   997.34    29.25    50.97     2.87   187.76    22.39     0.00  9999.00  9999.00  9999.00
 00013  1004.12    25.74    81.21     3.16   194.45    27.67     0.00  9999.00  9999.00  9999.00
 00014  1002.42    26.13    81.43     2.79   202.96    28.08     0.01  9999.00  9999.00  9999.00
 00015   985.44    27.83    61.95     4.10   178.92    23.06     0.00  9999.00  9999.00  9999.00
 00016   944.12    22.54    95.65     1.65    45.26    16.81    10.03  9999.00  9999.00  9999.00
 00017   985.86    28.76    68.11     4.36   191.63    25.81     0.00  9999.00  9999.00  9999.00
 00018  1002.51    26.23    80.02     4.52   194.80    27.58     0.00  9999.00  9999.00  9999.00
 00019   924.84    25.19    77.91     1.38   323.10    27.40     0.01  9999.00  9999.00  9999.00
 00020  1008.10    25.97    85.01     3.85   199.62    25.67     0.04  9999.00  9999.00  9999.00
 00021   881.60    15.85    39.37     2.52   150.49    25.21     0.00  9999.00  9999.00  9999.00
 00022  1000.80    28.69    53.99     3.37   176.48    21.94     0.00  9999.00  9999.00  9999.00
 00023   905.59    19.21    41.59     3.47   193.06    22.53     0.00  9999.00  9999.00  9999.00
 00024   931.57    19.77    32.91     4.33   113.40    24.33     0.00  9999.00  9999.00  9999.00
 00025   794.51    17.58    81.41     2.66   200.18    25.69     0.00  9999.00  9999.00  9999.00
 00026  1004.16    26.86    80.98     3.27   195.33    28.78     0.00  9999.00  9999.00  9999.00
 00027   998.65    26.61    78.90     3.32   162.99    28.50     0.00  9999.00  9999.00  9999.00
 00028   968.58    24.47    80.55     2.83   187.84    27.00     0.00  9999.00  9999.00  9999.00
 00029  1005.29    24.77    97.08     1.61   110.85    28.86     0.00  9999.00  9999.00  9999.00
 00030   993.45    24.10    92.61     2.00   153.29    32.14     0.01  9999.00  9999.00  9999.00
 00031   575.29     5.30    70.69     2.00   184.13    22.28     0.00  9999.00  9999.00  9999.00
 00032   975.43    23.20    93.61     1.20   280.10    21.56     0.00  9999.00  9999.00  9999.00
 00033  1006.70    24.04    97.85     3.51   136.54     0.48     0.03  9999.00  9999.00  9999.00
 00034  1009.05    27.66    87.89     4.34   125.33    27.19     0.43  9999.00  9999.00  9999.00
 00035  1006.00    27.01    90.64     3.21   154.56    28.78     0.03  9999.00  9999.00  9999.00
 00036   771.97    18.75    68.41     2.67   185.73    24.88     0.00  9999.00  9999.00  9999.00
 00037   966.10    23.14    93.96     1.07   272.29    21.64     0.00  9999.00  9999.00  9999.00
 00038   994.28    23.19    99.35     0.72   267.39     8.63     0.02  9999.00  9999.00  9999.00
 00039  1007.07    25.76    87.24     3.85   245.47    25.77     0.00  9999.00  9999.00  9999.00
 00040  1005.54    25.40    93.28     0.95   311.30    27.07     1.08  9999.00  9999.00  9999.00
 00041   966.01    22.25    92.87     1.47   175.23    27.62     0.00  9999.00  9999.00  9999.00
 00042  1004.49    26.64    74.58     2.93   195.38    27.96     0.00  9999.00  9999.00  9999.00
 00043   998.32    26.68    80.76     2.98   190.11    29.20     0.00  9999.00  9999.00  9999.00
 00044   980.89    22.89    97.48     1.19   139.02    26.53     0.28  9999.00  9999.00  9999.00
 00045  1005.54    25.40    93.28     0.95   311.30    27.07     1.08  9999.00  9999.00  9999.00
 00046   941.44    21.38    96.62     1.51   183.89    16.26     0.00  9999.00  9999.00  9999.00
 00047   998.39    23.57    98.78     1.67   128.77     1.19     0.08  9999.00  9999.00  9999.00
 00048   605.89     8.75    72.24     1.84   182.13    26.37     0.86  9999.00  9999.00  9999.00
 00049   580.18     3.63    99.26     1.33   220.34     1.73     1.21  9999.00  9999.00  9999.00
 00050   999.23    24.88    88.40     2.28   252.80    25.25     0.00  9999.00  9999.00  9999.00
