stn_id       p       t2      rh2      spd      dir      vis    rain6   rain24   tmax24   tmin24 
 00001   976.10    24.90    95.86     3.00   180.00    29.00     0.00     4.00    33.90    23.50
 00002   990.70    29.60    83.78     1.00   160.00     4.10     0.00     0.00    34.30    26.90
 00003   918.30    26.60    86.03     2.00   160.00    12.00     0.00     0.00    32.90    23.00
 00004   854.80    23.20    80.02     1.00   200.00    16.00     0.00     0.00    30.90    17.80
 00005   878.30    24.60    82.73     2.00    90.00     8.00     0.00     0.00    29.70    21.70
 00006   875.60    27.80    56.62     7.00   270.00    30.00     0.00     0.30    33.90    23.00
 00007   994.00    29.10    71.57     4.00   180.00    30.00     0.00     0.00    32.50    27.60
 00008   971.50    24.30    95.84     2.00   220.00     7.00     6.00    26.00    27.90    23.20
 00009   957.90     9.10    96.66     1.00   290.00     9.00     0.00     0.00    24.10     4.40
 00010   970.90    27.80    68.76     2.00   250.00    29.00     0.00     3.00    29.70    24.00
 00011   983.30    23.00   100.00     1.00    90.00     3.00     1.00    68.10    24.00    22.60
 00012   997.00    28.50    88.83     1.00   220.00     4.60     0.00     0.00    31.00    26.80
 00013  1000.90    28.10    86.70     2.00   110.00     7.00     0.00     0.00    32.90    26.30
 00014   998.50    29.90    75.70     3.00   360.00    16.00     0.00     0.00    33.80    28.00
 00015   984.10    29.30    72.92     5.00   220.00    20.00     0.00     0.00    33.40    28.60
 00016   955.00    26.70    90.86     1.00    20.00    11.00     0.00     0.00    34.20    25.10
 00017   990.80    30.00    76.63     2.00   200.00    12.00     0.00     0.00    33.70    28.30
 00018  1002.30    30.50    71.80     2.00   110.00    18.00     0.00     0.00    34.50    26.80
 00019   939.20    24.80    94.12     2.00    40.00     4.30     0.00     0.40    29.60    23.30
 00020  1003.80    29.80    80.85     5.00    40.00    23.00     0.00     0.00    31.90    28.20
 00021   903.00    24.20    34.77     1.00    70.00    30.00     0.00     0.00    33.20    24.00
 00022  1001.20    29.70    83.79     2.00   200.00  9999.00     0.00     0.00    33.50    27.20
 00023   925.50    20.00    64.69     1.00   180.00    25.00     0.00     0.00    35.60    20.00
 00024   951.20    25.30    50.57     4.00   270.00    30.00     0.00     0.00    33.90    17.00
 00025   807.70    19.80    85.93     3.00    20.00    22.00     0.00     0.40    25.70    19.20
 00026   998.20    31.80    72.87     2.00    40.00    19.00     0.00     0.00    35.00    29.40
 00027   990.80    28.30    83.65     1.00    20.00    12.00     0.00     0.10    32.50    24.80
 00028   972.20    26.30    97.05     0.00     0.00     3.40     0.00     1.90    28.40    24.40
 00029   995.40    28.40    82.66     1.00   360.00    30.00     0.00     0.00    34.50    24.40
 00030   985.70    27.60    92.01     3.00    90.00    11.00     0.00     0.00    32.20    25.20
 00031   627.10    10.30    86.13     1.00    90.00    30.00     0.20     0.20    19.80     9.40
 00032   990.10    30.60    65.57     4.00   290.00    28.00     0.00     0.00    35.30    27.90
 00033   995.30    27.60    85.62     1.00   140.00    30.00     0.00    32.00    31.20    25.70
 00034  1003.50    30.10    78.98    10.00   220.00    10.00     2.00     2.00    31.20    27.90
 00035  1000.40    27.70    85.63     0.00     0.00    30.00     0.00     0.00    33.60    25.60
 00036   836.20    20.60    73.78     1.00    20.00    30.00     0.00     0.00    29.40    20.20
 00037   993.20    30.40    66.74     5.00   360.00    24.00     0.00     0.00    36.40    28.00
 00038   994.70    29.20    82.74     2.00   290.00    12.00     0.00     0.00    35.20    26.40
 00039   997.60    29.80    74.78     4.00   270.00    11.00     0.00     0.00    32.70    28.20
 00040   995.40    29.50    79.85     6.00   270.00    14.00     0.00     0.00    33.50    27.70
 00041   814.00    20.60    59.87     6.00    70.00    30.00     0.10     0.10    22.80    16.90
 00042   999.60    29.30    79.83     3.00    90.00    17.00     0.00     0.00    33.60    26.40
 00043   996.00    28.60   100.00     2.00   220.00     8.00     0.00     0.00    33.80    26.50
 00044   989.90    29.50    70.77     1.00    20.00    24.00     0.00     0.00    34.90    26.30
 00045   995.40    29.50    79.85     6.00   270.00    14.00     0.00     0.00    33.50    27.70
 00046   957.90    26.40    97.05     1.00    70.00    10.00     0.00     0.00    34.00    24.70
 00047   993.40    31.60    61.51     3.00   290.00    20.00     0.00     0.00    35.10    29.70
 00048   654.90    12.10    86.89     2.00    90.00     3.60     6.00     6.00    22.10    12.10
 00049   602.70     7.90    84.69     2.00   160.00    30.00     0.00     0.30    12.70     7.70
 00050   992.40    31.50    66.54     1.00   270.00    13.00     0.00     0.00    33.80    27.90
