stn_id       p       t2      rh2      spd      dir      vis    rain6   rain24   tmax24   tmin24 
 00001   996.75    12.67    57.11     0.98   304.22    21.19  9999.00  9999.00  9999.00  9999.00
 00002  1008.46     9.04    31.68     6.27   283.47    24.49  9999.00  9999.00  9999.00  9999.00
 00003   914.16     2.93    34.14     5.11   283.93    22.91  9999.00  9999.00  9999.00  9999.00
 00004   841.79    -3.84    42.85     7.27   295.76    22.56  9999.00  9999.00  9999.00  9999.00
 00005   877.81    -2.72    33.73     4.81   297.28    24.35  9999.00  9999.00  9999.00  9999.00
 00006   887.31    -5.09    61.49     7.66   294.44    21.29  9999.00  9999.00  9999.00  9999.00
 00007  1006.70    -0.30    73.11     5.11   320.84    25.13  9999.00  9999.00  9999.00  9999.00
 00008   987.57    -1.20    94.01     3.63   270.27    14.05  9999.00  9999.00  9999.00  9999.00
 00009   948.62    -8.79    80.37     3.28    44.84    16.80  9999.00  9999.00  9999.00  9999.00
 00010   967.47     3.09    69.22     1.31   114.38    25.56  9999.00  9999.00  9999.00  9999.00
 00011   995.10    -2.65    93.78     1.84   239.08    12.13  9999.00  9999.00  9999.00  9999.00
 00012  1022.35     7.22    30.21     5.36   295.22    24.04  9999.00  9999.00  9999.00  9999.00
 00013  1025.16    11.80    47.60     6.90   296.36    19.10  9999.00  9999.00  9999.00  9999.00
 00014  1021.44    12.36    71.43     6.04   286.13    18.27  9999.00  9999.00  9999.00  9999.00
 00015  1007.65     7.96    32.89     6.25   325.04    20.75  9999.00  9999.00  9999.00  9999.00
 00016   976.63     7.73    40.53     2.89   257.48    20.83  9999.00  9999.00  9999.00  9999.00
 00017  1014.51     9.70    35.03     7.35   302.45    19.83  9999.00  9999.00  9999.00  9999.00
 00018  1025.97    11.52    43.50     7.50   298.75    18.73  9999.00  9999.00  9999.00  9999.00
 00019   959.95    11.39    46.81     2.43   215.66    24.71  9999.00  9999.00  9999.00  9999.00
 00020  1024.63    11.67    79.36     6.54   273.66    18.91  9999.00  9999.00  9999.00  9999.00
 00021   899.01    -3.02    65.48     4.46   146.21    36.46  9999.00  9999.00  9999.00  9999.00
 00022  1024.81     7.63    29.11     7.33   316.59    22.88  9999.00  9999.00  9999.00  9999.00
 00023   923.45    -0.29    51.63     1.35   122.06    30.66  9999.00  9999.00  9999.00  9999.00
 00024   954.14    -4.96    60.63     5.95   115.42    32.88  9999.00  9999.00  9999.00  9999.00
 00025   809.38     4.77    69.50     4.95    69.74    18.34  9999.00  9999.00  9999.00  9999.00
 00026  1028.71    14.04    52.49     5.67   333.49    18.43  9999.00  9999.00  9999.00  9999.00
 00027  1027.85    13.50    47.24     5.57    11.95    18.78  9999.00  9999.00  9999.00  9999.00
 00028   996.46    12.26    75.11     0.71    44.73    18.72  9999.00  9999.00  9999.00  9999.00
 00029  1022.93    15.24    69.47     5.76     6.26    21.20  9999.00  9999.00  9999.00  9999.00
 00030  1015.49    14.21    70.73     5.16   316.76    22.72  9999.00  9999.00  9999.00  9999.00
 00031   578.80    -1.60    40.79     0.57   180.37    33.97  9999.00  9999.00  9999.00  9999.00
 00032   988.40    15.84    73.89     5.07   306.93    17.68  9999.00  9999.00  9999.00  9999.00
 00033  1022.21    19.71    82.44     9.69    10.94    24.08  9999.00  9999.00  9999.00  9999.00
 00034  1019.30    27.54    80.95    10.37    45.06    24.88  9999.00  9999.00  9999.00  9999.00
 00035  1020.64    23.13    83.52     6.73     9.43    19.25  9999.00  9999.00  9999.00  9999.00
 00036   790.68     4.54    65.19     1.16    48.21    21.03  9999.00  9999.00  9999.00  9999.00
 00037   978.95    15.36    75.20     4.76   305.84    15.45  9999.00  9999.00  9999.00  9999.00
 00038  1007.33    20.48    59.03     4.72   339.86    20.10  9999.00  9999.00  9999.00  9999.00
 00039  1019.93    22.74    60.10     5.83   335.99    19.68  9999.00  9999.00  9999.00  9999.00
 00040  1018.20    22.93    60.04     5.09   346.73    21.04  9999.00  9999.00  9999.00  9999.00
 00041   984.70    10.17    52.81     4.80   316.53    17.43  9999.00  9999.00  9999.00  9999.00
 00042  1026.77    11.96    47.18     6.89   291.92    18.61  9999.00  9999.00  9999.00  9999.00
 00043  1022.43    14.00    58.87     3.64   342.83    18.72  9999.00  9999.00  9999.00  9999.00
 00044  1000.47    11.72    76.70     4.51   297.53    16.16  9999.00  9999.00  9999.00  9999.00
 00045  1018.20    22.93    60.04     5.09   346.73    21.04  9999.00  9999.00  9999.00  9999.00
 00046   956.41     8.70    88.36     3.98   356.71    18.49  9999.00  9999.00  9999.00  9999.00
 00047  1012.84    13.93    83.76     5.54   325.40     7.16  9999.00  9999.00  9999.00  9999.00
 00048   611.92    -4.18    59.97     1.35   181.29    34.43  9999.00  9999.00  9999.00  9999.00
 00049   582.69    -2.81    45.11     0.39   203.36    28.45  9999.00  9999.00  9999.00  9999.00
 00050  1012.08    22.05    54.13     4.62   335.80    19.09  9999.00  9999.00  9999.00  9999.00
