stn_id       p       t2      rh2      spd      dir      vis    rain6   rain24   tmax24   tmin24 
 00001   988.04     4.13    81.58     1.45    91.05    21.07  9999.00  9999.00  9999.00  9999.00
 00002  1004.42    -0.24    42.10     2.39   310.51    24.45  9999.00  9999.00  9999.00  9999.00
 00003   908.61    -2.74    37.42     2.41   273.91    22.84  9999.00  9999.00  9999.00  9999.00
 00004   838.28    -8.16    50.30     2.73   301.73    22.54  9999.00  9999.00  9999.00  9999.00
 00005   875.32    -8.91    55.76     2.27   299.63    24.36  9999.00  9999.00  9999.00  9999.00
 00006   886.78   -12.58    76.74     3.56   297.48    25.02  9999.00  9999.00  9999.00  9999.00
 00007  1004.18    -8.96    71.36     3.42   275.87    24.47  9999.00  9999.00  9999.00  9999.00
 00008   982.87    -6.70    95.96     4.44   286.84    20.08  9999.00  9999.00  9999.00  9999.00
 00009   952.98   -14.55    96.90     1.89   228.01    42.33  9999.00  9999.00  9999.00  9999.00
 00010   956.08    -5.64    77.11     5.37   273.35    19.61  9999.00  9999.00  9999.00  9999.00
 00011   984.78    -2.88    95.73     5.59   323.81     6.61  9999.00  9999.00  9999.00  9999.00
 00012  1020.05    -1.83    30.45     3.39   333.70    24.08  9999.00  9999.00  9999.00  9999.00
 00013  1020.46     3.96    65.60     4.34   252.74    19.08  9999.00  9999.00  9999.00  9999.00
 00014  1018.47     3.52    67.83     3.07   246.78    18.27  9999.00  9999.00  9999.00  9999.00
 00015  1002.18     2.08    35.12     4.63   344.44    20.71  9999.00  9999.00  9999.00  9999.00
 00016   967.90     0.46    66.23     1.76   228.96    20.75  9999.00  9999.00  9999.00  9999.00
 00017  1006.26     7.49    32.74     6.88   297.10    19.75  9999.00  9999.00  9999.00  9999.00
 00018  1019.98     4.32    61.42     3.61   255.68    18.69  9999.00  9999.00  9999.00  9999.00
 00019   950.40     6.19    62.10     0.95   113.94    24.76  9999.00  9999.00  9999.00  9999.00
 00020  1022.36     3.56    64.65     3.87   265.06    18.95  9999.00  9999.00  9999.00  9999.00
 00021   899.10    -5.08    63.72     4.03   154.35    36.51  9999.00  9999.00  9999.00  9999.00
 00022  1022.52    -0.53    26.50     5.52   337.99    22.91  9999.00  9999.00  9999.00  9999.00
 00023   923.36    -1.08    49.72     1.76   172.38    30.73  9999.00  9999.00  9999.00  9999.00
 00024   953.37    -5.77    74.73     4.55   115.14    32.90  9999.00  9999.00  9999.00  9999.00
 00025   805.51     4.91    72.19     0.97    32.52     8.58  9999.00  9999.00  9999.00  9999.00
 00026  1023.99     2.89    78.21     2.24   246.29    18.38  9999.00  9999.00  9999.00  9999.00
 00027  1020.44     3.94    81.44     2.03   183.85    18.70  9999.00  9999.00  9999.00  9999.00
 00028   989.27     5.11    89.00     1.31   173.57    18.62  9999.00  9999.00  9999.00  9999.00
 00029  1019.65     9.41    47.94     3.41    43.61    21.12  9999.00  9999.00  9999.00  9999.00
 00030  1010.26    10.04    85.17     2.05   327.41    22.64  9999.00  9999.00  9999.00  9999.00
 00031   576.73    -7.46    71.66     1.94   214.82    33.92  9999.00  9999.00  9999.00  9999.00
 00032   988.06     5.38    72.31     2.90   307.07    17.67  9999.00  9999.00  9999.00  9999.00
 00033  1020.84    15.27    67.59     7.95     6.73    24.02  9999.00  9999.00  9999.00  9999.00
 00034  1017.34    25.26    83.98    14.23    21.90    23.32  9999.00  9999.00  9999.00  9999.00
 00035  1019.48    17.31    59.93     5.38    14.70    24.18  9999.00  9999.00  9999.00  9999.00
 00036   786.03     2.55    85.25     0.84   110.48    21.02  9999.00  9999.00  9999.00  9999.00
 00037   978.32     4.56    76.57     2.52   295.04    17.57  9999.00  9999.00  9999.00  9999.00
 00038  1006.39     6.76    62.58     1.75   300.47    20.06  9999.00  9999.00  9999.00  9999.00
 00039  1020.47    12.04    60.24     6.01   116.84    19.66  9999.00  9999.00  9999.00  9999.00
 00040  1017.59    11.79    49.66     5.61    51.20    20.97  9999.00  9999.00  9999.00  9999.00
 00041   980.34     0.60    80.64     1.95   235.33    17.42  9999.00  9999.00  9999.00  9999.00
 00042  1021.87     4.50    61.18     4.21   238.29    18.59  9999.00  9999.00  9999.00  9999.00
 00043  1017.66     2.59    78.12     1.78   222.30    18.66  9999.00  9999.00  9999.00  9999.00
 00044   997.25     1.99    83.77     1.71   241.86    17.87  9999.00  9999.00  9999.00  9999.00
 00045  1017.59    11.79    49.66     5.61    51.20    20.97  9999.00  9999.00  9999.00  9999.00
 00046   952.83     2.54    69.90     2.10    21.30    18.44  9999.00  9999.00  9999.00  9999.00
 00047  1013.26     6.78    68.68     2.87   335.22    18.29  9999.00  9999.00  9999.00  9999.00
 00048   609.57   -11.01    96.08     1.71   121.20     6.94  9999.00  9999.00  9999.00  9999.00
 00049   580.64    -7.30    74.84     0.33    70.23    28.38  9999.00  9999.00  9999.00  9999.00
 00050  1012.61     6.52    74.39     2.14   319.23    19.08  9999.00  9999.00  9999.00  9999.00
