stn_id       p       t2      rh2      spd      dir      vis    rain6   rain24   tmax24   tmin24 
 00001   963.37    24.27    94.00     1.52    62.13    27.06  9999.00  9999.00  9999.00  9999.00
 00002   985.87    21.38    98.62     0.52   298.22    15.40  9999.00  9999.00  9999.00  9999.00
 00003   897.29    18.79    92.14     0.70   294.26    26.15  9999.00  9999.00  9999.00  9999.00
 00004   832.04    14.28    86.28     1.05   226.59    25.13  9999.00  9999.00  9999.00  9999.00
 00005   865.79    13.28    94.61     1.50   174.89    26.17  9999.00  9999.00  9999.00  9999.00
 00006   876.33    14.60    88.24     2.21   303.77    25.70  9999.00  9999.00  9999.00  9999.00
 00007   994.23    20.05    96.41     3.36   202.28    11.80  9999.00  9999.00  9999.00  9999.00
 00008   977.14    21.74    93.61     5.26   203.10     8.94  9999.00  9999.00  9999.00  9999.00
 00009   943.69    12.98    99.82     3.79    45.39     4.83  9999.00  9999.00  9999.00  9999.00
 00010   963.07    16.20    97.13     3.91   111.00     1.95  9999.00  9999.00  9999.00  9999.00
 00011   985.36    22.65    94.57     4.12   145.23     0.73  9999.00  9999.00  9999.00  9999.00
 00012  1000.59    20.36    99.00     0.80   237.02    22.27  9999.00  9999.00  9999.00  9999.00
 00013  1003.90    25.23    96.35     2.32   208.54    15.86  9999.00  9999.00  9999.00  9999.00
 00014  1001.24    26.71    89.47     2.43   200.79    28.94  9999.00  9999.00  9999.00  9999.00
 00015   986.39    23.62    95.51     1.05   189.77    11.12  9999.00  9999.00  9999.00  9999.00
 00016   945.65    22.68    87.87     1.19   137.99    26.45  9999.00  9999.00  9999.00  9999.00
 00017   987.05    24.71    96.20     1.07    63.90    26.27  9999.00  9999.00  9999.00  9999.00
 00018  1002.17    24.78    98.12     2.50   184.57     7.31  9999.00  9999.00  9999.00  9999.00
 00019   929.55    23.86    91.34     1.20    28.02    28.02  9999.00  9999.00  9999.00  9999.00
 00020  1006.97    24.86    93.93     2.89   178.95    23.29  9999.00  9999.00  9999.00  9999.00
 00021   885.65    21.64    45.47     2.08   142.40    25.55  9999.00  9999.00  9999.00  9999.00
 00022  1003.64    20.57    97.37     1.18   174.92    22.98  9999.00  9999.00  9999.00  9999.00
 00023   911.99    20.49    31.15     0.99   206.93    21.12  9999.00  9999.00  9999.00  9999.00
 00024   934.67    23.20    32.45     4.64   286.28    23.11  9999.00  9999.00  9999.00  9999.00
 00025   795.67    16.56    97.61     1.10   166.17     5.93  9999.00  9999.00  9999.00  9999.00
 00026  1002.97    27.88    79.78     3.29   200.34    29.36  9999.00  9999.00  9999.00  9999.00
 00027   998.48    28.40    78.03     4.23   190.41    28.98  9999.00  9999.00  9999.00  9999.00
 00028   969.19    26.14    85.35     3.76   195.72    27.21  9999.00  9999.00  9999.00  9999.00
 00029  1005.38    25.11    95.09     0.81    56.88    24.49  9999.00  9999.00  9999.00  9999.00
 00030   993.21    23.89    92.43     1.72   136.09    31.90  9999.00  9999.00  9999.00  9999.00
 00031   576.58     5.75    87.76     1.38   191.04    16.38  9999.00  9999.00  9999.00  9999.00
 00032   975.33    22.83    96.31     1.09   265.58     9.27  9999.00  9999.00  9999.00  9999.00
 00033  1006.46    23.57    99.54     2.33   119.27     0.43  9999.00  9999.00  9999.00  9999.00
 00034  1008.33    27.21    87.36     4.01   135.89    34.43  9999.00  9999.00  9999.00  9999.00
 00035  1005.84    25.56    97.14     1.44   144.90    19.34  9999.00  9999.00  9999.00  9999.00
 00036   776.11    15.28    99.19     0.97   136.33     1.70  9999.00  9999.00  9999.00  9999.00
 00037   965.92    23.14    97.84     1.00   246.45     7.37  9999.00  9999.00  9999.00  9999.00
 00038   994.19    24.18    98.47     0.95   305.44     4.92  9999.00  9999.00  9999.00  9999.00
 00039  1007.08    25.18    94.85     3.85   259.04    24.81  9999.00  9999.00  9999.00  9999.00
 00040  1005.18    25.66    97.08     1.31   278.04    20.72  9999.00  9999.00  9999.00  9999.00
 00041   965.07    24.44    94.16     2.09   206.70    20.11  9999.00  9999.00  9999.00  9999.00
 00042  1003.88    25.63    94.23     2.06   213.03    15.84  9999.00  9999.00  9999.00  9999.00
 00043   997.24    27.91    76.28     3.51   197.43    30.02  9999.00  9999.00  9999.00  9999.00
 00044   980.17    24.61    97.17     1.10   169.94    28.25  9999.00  9999.00  9999.00  9999.00
 00045  1005.18    25.66    97.08     1.31   278.04    20.72  9999.00  9999.00  9999.00  9999.00
 00046   941.17    21.85    95.00     2.03   199.24    28.48  9999.00  9999.00  9999.00  9999.00
 00047   998.69    23.23    96.89     2.35   188.98    17.00  9999.00  9999.00  9999.00  9999.00
 00048   606.93     8.38    83.19     1.35   182.43    26.89  9999.00  9999.00  9999.00  9999.00
 00049   580.46     4.04    99.51     0.90   192.84     2.85  9999.00  9999.00  9999.00  9999.00
 00050   999.24    24.28    94.04     2.15   257.56    25.49  9999.00  9999.00  9999.00  9999.00
