stn_id       p       t2      rh2      spd      dir      vis    rain6   rain24   tmax24   tmin24 
 00001   968.72    14.10    82.42     1.31   288.18    15.87     0.48  9999.00  9999.00  9999.00
 00002  1006.34     9.33    72.08     1.00   115.94    19.20     0.01  9999.00  9999.00  9999.00
 00003   908.64     2.48    89.39     1.87    41.42    13.45     0.18  9999.00  9999.00  9999.00
 00004   837.22    -0.37    91.69     1.54   111.24    16.64     0.00  9999.00  9999.00  9999.00
 00005   873.46     6.81    74.27     1.92   233.97    16.40     0.01  9999.00  9999.00  9999.00
 00006   884.27     8.25    24.24     3.56    62.14    16.15     0.00  9999.00  9999.00  9999.00
 00007  1016.09     9.51    40.55     4.42    28.91    19.82     0.00  9999.00  9999.00  9999.00
 00008  1000.99     3.42    29.21     2.67   343.17    21.66     0.00  9999.00  9999.00  9999.00
 00009   957.45    -5.26    59.26     2.18   305.39    36.65     0.03  9999.00  9999.00  9999.00
 00010   975.76     2.49    45.27     2.77   298.83    22.19     0.00  9999.00  9999.00  9999.00
 00011  1006.90     2.88    32.07     2.45   309.28    23.76     0.00  9999.00  9999.00  9999.00
 00012  1022.33    11.55    65.95     0.82   256.52    18.73     0.00  9999.00  9999.00  9999.00
 00013  1013.14    18.16    68.40     4.29    60.35    22.97     1.31  9999.00  9999.00  9999.00
 00014  1009.59    17.38    88.94     2.12    30.74    23.68     0.66  9999.00  9999.00  9999.00
 00015  1004.74    11.22    63.18     3.98    33.66    19.45     0.00  9999.00  9999.00  9999.00
 00016   959.50     5.79    94.46     2.95    29.80     5.81     4.60  9999.00  9999.00  9999.00
 00017  1005.44     7.82    90.03     4.03    24.90     2.98     4.54  9999.00  9999.00  9999.00
 00018  1011.69    17.00    73.90     3.53    46.23    10.23     1.65  9999.00  9999.00  9999.00
 00019   933.38    13.46    77.43     2.21   106.74    17.59     0.79  9999.00  9999.00  9999.00
 00020  1016.46    19.12    88.82     2.69    86.76    14.81     0.33  9999.00  9999.00  9999.00
 00021   894.80     4.56    78.92     5.23   301.74     5.29     0.67  9999.00  9999.00  9999.00
 00022  1025.26    10.99    65.48     1.34   311.93    18.64     0.00  9999.00  9999.00  9999.00
 00023   923.95     7.04    52.23     2.60   314.69    25.85     1.18  9999.00  9999.00  9999.00
 00024   947.37     8.49    51.85     6.66   286.06    28.59     0.00  9999.00  9999.00  9999.00
 00025   790.48    22.16    35.67     5.00   227.13    24.99     0.22  9999.00  9999.00  9999.00
 00026  1006.46    16.30    93.55     4.43    25.20     6.04     4.04  9999.00  9999.00  9999.00
 00027  1002.78    13.76    96.14     5.78   329.13     9.67     8.42  9999.00  9999.00  9999.00
 00028   972.52    10.89    92.67     5.25    28.99     6.38     7.20  9999.00  9999.00  9999.00
 00029  1003.46    24.91    92.33     3.11   140.54    24.58     1.01  9999.00  9999.00  9999.00
 00030   987.01    28.38    80.55     6.00   146.69    28.30     0.15  9999.00  9999.00  9999.00
 00031   566.86     1.53    12.88     4.76   245.02    25.72     0.00  9999.00  9999.00  9999.00
 00032   978.99    17.57    87.96     0.99    81.69    21.38     0.06  9999.00  9999.00  9999.00
 00033  1003.06    24.01    92.92     7.88   152.72    23.83     0.56  9999.00  9999.00  9999.00
 00034  1007.94    28.24    87.18     6.95   163.87    29.24     0.12  9999.00  9999.00  9999.00
 00035  1003.35    28.12    85.78     6.26   168.11    27.41     0.00  9999.00  9999.00  9999.00
 00036   767.70    20.21    31.83     2.55   181.26    23.64     0.00  9999.00  9999.00  9999.00
 00037   969.23    17.50    88.69     0.93   104.57    21.31     0.20  9999.00  9999.00  9999.00
 00038   995.75    21.91    81.84     2.11   114.25    23.81     0.59  9999.00  9999.00  9999.00
 00039  1010.03    21.73    82.77     6.79    36.71    18.49     0.96  9999.00  9999.00  9999.00
 00040  1006.93    22.73    85.42     5.81    61.71    21.15     0.72  9999.00  9999.00  9999.00
 00041   970.13    14.64    91.30     2.03    69.90     7.46     3.76  9999.00  9999.00  9999.00
 00042  1012.48    17.39    81.20     2.01    74.19    23.23     1.24  9999.00  9999.00  9999.00
 00043   999.38    17.40    93.97     3.43    42.19    23.23     5.41  9999.00  9999.00  9999.00
 00044   982.80    17.83    84.92     2.75    49.04    22.24     1.34  9999.00  9999.00  9999.00
 00045  1006.93    22.73    85.42     5.81    61.71    21.15     0.72  9999.00  9999.00  9999.00
 00046   940.84    20.87    89.88     1.12   142.46    23.02     2.22  9999.00  9999.00  9999.00
 00047  1003.38    19.55    82.67     0.90   319.15    22.32     0.00  9999.00  9999.00  9999.00
 00048   596.86     6.13    25.96     2.27   202.50    28.83     0.16  9999.00  9999.00  9999.00
 00049   572.49    -3.77    85.17     2.14   183.59    18.34     1.26  9999.00  9999.00  9999.00
 00050  1002.53    19.49    86.97     3.51    28.03    21.36     1.76  9999.00  9999.00  9999.00
