stn_id       p       t2      rh2      spd      dir      vis    rain6   rain24   tmax24   tmin24 
 00001   965.53    24.72    84.96     0.95   110.18    27.38  9999.00  9999.00  9999.00  9999.00
 00002   988.27    28.76    43.87     1.89   295.83    27.87  9999.00  9999.00  9999.00  9999.00
 00003   900.45    23.47    45.40     1.29   112.06    26.40  9999.00  9999.00  9999.00  9999.00
 00004   834.30    18.31    53.48     0.98    71.49    25.11  9999.00  9999.00  9999.00  9999.00
 00005   868.52    19.18    48.59     1.86    38.99    25.69  9999.00  9999.00  9999.00  9999.00
 00006   878.85    20.16    43.25     1.97   227.37    24.90  9999.00  9999.00  9999.00  9999.00
 00007   994.04    19.52    93.78     1.72   260.27    13.94  9999.00  9999.00  9999.00  9999.00
 00008   976.95    18.54    98.56     4.06   312.17     6.56  9999.00  9999.00  9999.00  9999.00
 00009   942.54    23.14    57.78     0.65   226.88    33.74  9999.00  9999.00  9999.00  9999.00
 00010   958.43    15.80    98.54     0.91    95.15     8.95  9999.00  9999.00  9999.00  9999.00
 00011   983.17    18.23    99.42     2.30    32.82     1.75  9999.00  9999.00  9999.00  9999.00
 00012  1002.43    26.33    51.26     0.80   296.27    25.79  9999.00  9999.00  9999.00  9999.00
 00013  1002.55    25.34    90.59     1.36   203.88    27.58  9999.00  9999.00  9999.00  9999.00
 00014   998.85    26.86    84.28     3.65    13.14    29.95  9999.00  9999.00  9999.00  9999.00
 00015   988.25    26.04    62.38     1.70   334.73    25.15  9999.00  9999.00  9999.00  9999.00
 00016   949.30    23.74    71.12     0.99    39.63    26.71  9999.00  9999.00  9999.00  9999.00
 00017   990.25    26.10    64.99     2.53    64.39    27.35  9999.00  9999.00  9999.00  9999.00
 00018  1001.66    24.94    94.19     1.98   154.02    20.47  9999.00  9999.00  9999.00  9999.00
 00019   931.00    23.89    76.33     0.81   326.53    28.45  9999.00  9999.00  9999.00  9999.00
 00020  1004.94    26.88    87.31     1.47   113.80    26.49  9999.00  9999.00  9999.00  9999.00
 00021   883.50    23.66    37.50     2.24   160.70    24.92  9999.00  9999.00  9999.00  9999.00
 00022  1005.33    27.16    51.37     1.36   287.05    24.81  9999.00  9999.00  9999.00  9999.00
 00023   911.80    21.18    36.76     2.12   226.65    20.67  9999.00  9999.00  9999.00  9999.00
 00024   933.15    25.26    37.73     3.22   306.07    22.55  9999.00  9999.00  9999.00  9999.00
 00025   793.31    17.42    72.25     1.58   216.43    25.15  9999.00  9999.00  9999.00  9999.00
 00026   998.32    26.69    69.37     5.52    15.16    26.46  9999.00  9999.00  9999.00  9999.00
 00027   995.39    25.93    80.31     3.33   339.01    29.40  9999.00  9999.00  9999.00  9999.00
 00028   966.39    25.71    84.71     1.94    20.73    27.50  9999.00  9999.00  9999.00  9999.00
 00029   993.40    27.15    90.26     1.69   307.30    28.76  9999.00  9999.00  9999.00  9999.00
 00030   984.10    28.08    77.50     1.86   337.41    31.98  9999.00  9999.00  9999.00  9999.00
 00031   576.21     5.84    90.94     0.97   220.23     9.71  9999.00  9999.00  9999.00  9999.00
 00032   966.91    25.55    87.62     3.43    57.56     3.90  9999.00  9999.00  9999.00  9999.00
 00033   997.24    23.28    98.69     3.45   252.91     0.83  9999.00  9999.00  9999.00  9999.00
 00034   998.90    28.43    87.41     7.32   260.21    10.86  9999.00  9999.00  9999.00  9999.00
 00035   996.61    24.88    95.95     3.18   306.97     0.56  9999.00  9999.00  9999.00  9999.00
 00036   777.22    15.34    67.32     1.58    31.48    24.99  9999.00  9999.00  9999.00  9999.00
 00037   957.53    26.22    87.30     2.76    68.91     8.49  9999.00  9999.00  9999.00  9999.00
 00038   983.49    29.16    75.70     1.91    96.18    29.09  9999.00  9999.00  9999.00  9999.00
 00039   996.89    27.08    84.28     4.11    44.93    27.16  9999.00  9999.00  9999.00  9999.00
 00040   994.56    27.91    81.92     4.41    70.42    22.24  9999.00  9999.00  9999.00  9999.00
 00041   961.78    25.45    89.42     2.96    25.69    24.95  9999.00  9999.00  9999.00  9999.00
 00042  1002.71    25.29    95.17     2.07    28.07     1.51  9999.00  9999.00  9999.00  9999.00
 00043   991.67    27.94    72.02     4.91    34.44    30.60  9999.00  9999.00  9999.00  9999.00
 00044   973.77    28.29    83.84     1.84    56.30    28.77  9999.00  9999.00  9999.00  9999.00
 00045   994.56    27.91    81.92     4.41    70.42    22.24  9999.00  9999.00  9999.00  9999.00
 00046   931.09    28.46    71.42     1.14    54.77    27.18  9999.00  9999.00  9999.00  9999.00
 00047   992.47    25.64    90.17     3.27    78.07    11.10  9999.00  9999.00  9999.00  9999.00
 00048   606.51     8.88    90.01     0.42   129.88    14.45  9999.00  9999.00  9999.00  9999.00
 00049   579.45     4.64    97.76     0.93   249.18     1.36  9999.00  9999.00  9999.00  9999.00
 00050   989.20    28.83    75.93     4.32    37.30    25.01  9999.00  9999.00  9999.00  9999.00
