stn_id       p       t2      rh2      spd      dir      vis    rain6   rain24   tmax24   tmin24 
 00001   979.51    13.75    81.07     2.29    86.55    17.60     1.60  9999.00  9999.00  9999.00
 00002  1014.13     1.55    65.05     1.79   149.75    24.35     0.00  9999.00  9999.00  9999.00
 00003   915.20     0.37    44.88     2.65   313.77    22.77     0.06  9999.00  9999.00  9999.00
 00004   844.38    -9.42    34.93     1.76   331.23    22.51     0.00  9999.00  9999.00  9999.00
 00005   882.26    -8.57    27.72     2.60   341.48    24.50     0.00  9999.00  9999.00  9999.00
 00006   893.00    -9.30    26.90     4.21   298.74    25.18     0.00  9999.00  9999.00  9999.00
 00007  1023.36   -10.17    77.98     1.10   171.55    26.92     0.00  9999.00  9999.00  9999.00
 00008  1004.51   -17.68    96.56     3.97   226.92    30.36     0.00  9999.00  9999.00  9999.00
 00009   956.17   -14.95    71.55     2.70   313.97    40.52     0.00  9999.00  9999.00  9999.00
 00010   979.54    -8.68    59.36     2.33   293.34    30.32     0.00  9999.00  9999.00  9999.00
 00011  1010.93   -19.71    96.62     4.44   205.08    33.51     0.00  9999.00  9999.00  9999.00
 00012  1030.16     0.06    51.77     2.90   256.54    24.03     0.00  9999.00  9999.00  9999.00
 00013  1027.42    11.06    67.09     4.05    41.35    19.53     0.00  9999.00  9999.00  9999.00
 00014  1022.41    12.65    70.69     2.96    38.12    18.82     0.03  9999.00  9999.00  9999.00
 00015  1014.15     3.09    52.35     1.10   302.26    20.75     0.00  9999.00  9999.00  9999.00
 00016   972.94     2.38    88.89     0.60   233.96    19.40     0.33  9999.00  9999.00  9999.00
 00017  1016.76     2.73    87.67     1.35   298.13    19.23     1.66  9999.00  9999.00  9999.00
 00018  1026.14    10.72    65.46     4.52    39.25    19.12     0.00  9999.00  9999.00  9999.00
 00019   945.00    11.06    92.15     2.03    77.70     4.01     1.80  9999.00  9999.00  9999.00
 00020  1028.60    12.66    70.04     3.72    21.96    19.33     0.00  9999.00  9999.00  9999.00
 00021   901.21     0.76    93.24     1.43   114.35    30.43     0.53  9999.00  9999.00  9999.00
 00022  1033.44    -0.33    54.05     2.09   237.18    22.79     0.00  9999.00  9999.00  9999.00
 00023   925.17     2.42    76.18     3.57   125.43    28.22     0.00  9999.00  9999.00  9999.00
 00024   956.53    -0.60    69.89     4.94   118.14    31.19     0.00  9999.00  9999.00  9999.00
 00025   798.82    13.38    77.10     1.82   209.63    20.20     0.00  9999.00  9999.00  9999.00
 00026  1021.45    11.98    83.47     4.50    15.32     7.46     0.23  9999.00  9999.00  9999.00
 00027  1018.54     9.50    91.72     4.90   332.46     3.11     3.49  9999.00  9999.00  9999.00
 00028   986.35     6.73    88.25     4.16    22.01    12.80     1.60  9999.00  9999.00  9999.00
 00029  1013.78    18.96    85.68     3.47     4.14    21.57     0.52  9999.00  9999.00  9999.00
 00030  1002.06    18.71    83.66     3.52    51.36    22.01     0.18  9999.00  9999.00  9999.00
 00031   571.58    -2.20    23.05     2.47   243.40    32.92     0.00  9999.00  9999.00  9999.00
 00032   987.72    14.87    83.71     2.99    29.59    17.41     1.18  9999.00  9999.00  9999.00
 00033  1013.11    21.96    95.72     6.61    73.26     0.67     0.15  9999.00  9999.00  9999.00
 00034  1013.71    28.10    85.06     6.34    61.73    25.77     0.29  9999.00  9999.00  9999.00
 00035  1012.25    25.16    92.83     3.55    51.97    15.11     1.97  9999.00  9999.00  9999.00
 00036   778.02    10.97    70.01     2.38   169.36    21.32     0.01  9999.00  9999.00  9999.00
 00037   977.83    14.88    85.46     1.99    45.03    17.45     1.39  9999.00  9999.00  9999.00
 00038  1003.73    20.00    70.01     2.78    63.70    20.58     0.00  9999.00  9999.00  9999.00
 00039  1017.62    20.30    79.41    11.78    30.03    20.07     0.03  9999.00  9999.00  9999.00
 00040  1014.46    21.44    71.64     8.80    45.80    21.50     0.01  9999.00  9999.00  9999.00
 00041   982.37    10.01    83.75     2.58    56.17    14.88     0.16  9999.00  9999.00  9999.00
 00042  1026.55    12.59    64.94     3.49    64.82    19.08     0.00  9999.00  9999.00  9999.00
 00043  1014.45    11.72    89.72     3.87    22.18    13.62     0.96  9999.00  9999.00  9999.00
 00044   995.27    11.18    94.38     3.51    52.72    13.86     1.63  9999.00  9999.00  9999.00
 00045  1014.46    21.44    71.64     8.80    45.80    21.50     0.01  9999.00  9999.00  9999.00
 00046   949.33    16.24    97.70     1.83    23.78    13.28     0.99  9999.00  9999.00  9999.00
 00047  1013.86    15.70    79.35     5.16    17.88    17.94     0.78  9999.00  9999.00  9999.00
 00048   603.52    -1.82    62.99     1.49    67.12    32.07     0.06  9999.00  9999.00  9999.00
 00049   576.75    -5.67    88.63     1.76   193.70    23.39     0.09  9999.00  9999.00  9999.00
 00050  1010.34    18.30    74.53     6.59    20.76    19.55     0.00  9999.00  9999.00  9999.00
