stn_id       p       t2      rh2      spd      dir      vis    rain6   rain24   tmax24   tmin24 
 00001   976.01    15.23    71.63     3.04    99.71    21.27  9999.00  9999.00  9999.00  9999.00
 00002  1015.77     1.30    55.18     0.34    98.84    21.50  9999.00  9999.00  9999.00  9999.00
 00003   914.18    -0.77    63.12     1.30    77.57    20.55  9999.00  9999.00  9999.00  9999.00
 00004   841.19    -4.30    84.91     0.94   318.87    15.42  9999.00  9999.00  9999.00  9999.00
 00005   880.10   -10.38    29.49     2.99   107.07    24.46  9999.00  9999.00  9999.00  9999.00
 00006   892.52   -13.53    43.84     2.10   261.21    25.20  9999.00  9999.00  9999.00  9999.00
 00007  1025.23   -11.61    78.56     2.01   251.74    26.91  9999.00  9999.00  9999.00  9999.00
 00008  1005.71   -17.85    95.50     4.68   239.52    30.29  9999.00  9999.00  9999.00  9999.00
 00009   955.65   -18.62    81.41     2.55   265.97    40.30  9999.00  9999.00  9999.00  9999.00
 00010   980.76   -11.36    66.21     3.75   275.97    30.26  9999.00  9999.00  9999.00  9999.00
 00011  1011.09   -19.90    94.42     4.03   210.88    33.37  9999.00  9999.00  9999.00  9999.00
 00012  1033.00    -4.74    71.92     1.45   107.45    24.06  9999.00  9999.00  9999.00  9999.00
 00013  1026.64     8.88    69.05     3.28    28.28    19.58  9999.00  9999.00  9999.00  9999.00
 00014  1021.55    11.70    71.37     3.72    25.42    18.68  9999.00  9999.00  9999.00  9999.00
 00015  1015.11     1.88    50.06     1.57    28.69    17.68  9999.00  9999.00  9999.00  9999.00
 00016   968.71     1.46    92.92     2.16   150.56     7.48  9999.00  9999.00  9999.00  9999.00
 00017  1016.42     1.65    75.04     3.13    33.57    19.01  9999.00  9999.00  9999.00  9999.00
 00018  1025.62     8.68    66.53     3.73    42.05    19.17  9999.00  9999.00  9999.00  9999.00
 00019   940.18    13.40    97.27     3.64    55.68     1.25  9999.00  9999.00  9999.00  9999.00
 00020  1027.67    12.71    65.56     4.86    23.85    19.36  9999.00  9999.00  9999.00  9999.00
 00021   901.91     0.60    98.13     0.73   208.94     2.65  9999.00  9999.00  9999.00  9999.00
 00022  1035.63    -2.47    60.17     1.52   307.80    22.79  9999.00  9999.00  9999.00  9999.00
 00023   929.03    -0.47    88.08     1.43   155.29    28.71  9999.00  9999.00  9999.00  9999.00
 00024   957.31    -1.80    88.76     1.69    94.12    21.98  9999.00  9999.00  9999.00  9999.00
 00025   798.23     9.99    92.65     1.81   204.93    20.29  9999.00  9999.00  9999.00  9999.00
 00026  1020.03    11.32    89.18     5.00    17.98     8.47  9999.00  9999.00  9999.00  9999.00
 00027  1016.83    10.10    92.02     4.46   341.21    15.87  9999.00  9999.00  9999.00  9999.00
 00028   984.53     7.18    83.45     3.99    18.37    10.99  9999.00  9999.00  9999.00  9999.00
 00029  1011.72    20.29    91.34     3.25    17.04    21.36  9999.00  9999.00  9999.00  9999.00
 00030   999.91    20.20    93.20     3.01    49.91    15.40  9999.00  9999.00  9999.00  9999.00
 00031   572.28    -7.37    74.15     1.95   216.02    30.29  9999.00  9999.00  9999.00  9999.00
 00032   986.31    14.73    82.46     2.89    37.45    14.28  9999.00  9999.00  9999.00  9999.00
 00033  1011.99    22.85    99.46     1.79    70.10     1.28  9999.00  9999.00  9999.00  9999.00
 00034  1013.13    27.48    88.61     4.28    41.67    28.47  9999.00  9999.00  9999.00  9999.00
 00035  1011.17    24.65    98.88     1.79    24.99     3.02  9999.00  9999.00  9999.00  9999.00
 00036   777.64     7.08    80.26     1.28   112.08    21.38  9999.00  9999.00  9999.00  9999.00
 00037   976.42    14.71    86.39     1.89    48.25    14.22  9999.00  9999.00  9999.00  9999.00
 00038  1002.57    19.05    83.35     1.15    71.69    16.23  9999.00  9999.00  9999.00  9999.00
 00039  1016.35    19.48    81.29    12.36    29.11    12.53  9999.00  9999.00  9999.00  9999.00
 00040  1013.44    20.55    78.65     8.27    38.63    16.69  9999.00  9999.00  9999.00  9999.00
 00041   981.45     8.89    87.74     2.70    48.08    14.80  9999.00  9999.00  9999.00  9999.00
 00042  1026.04    10.79    67.36     3.97    55.93    14.52  9999.00  9999.00  9999.00  9999.00
 00043  1012.72    11.62    91.85     4.32    24.25     2.59  9999.00  9999.00  9999.00  9999.00
 00044   993.91    10.78    90.00     4.38    55.11     8.28  9999.00  9999.00  9999.00  9999.00
 00045  1013.44    20.55    78.65     8.27    38.63    16.69  9999.00  9999.00  9999.00  9999.00
 00046   947.91    16.99    99.92     1.11    60.46     2.08  9999.00  9999.00  9999.00  9999.00
 00047  1012.82    14.13    89.12     4.81   166.21     4.99  9999.00  9999.00  9999.00  9999.00
 00048   604.63   -10.86    94.72     1.68   167.83     5.61  9999.00  9999.00  9999.00  9999.00
 00049   576.81    -6.98    95.62     0.99   175.41    10.95  9999.00  9999.00  9999.00  9999.00
 00050  1009.25    17.43    76.32     6.57    23.21    17.24  9999.00  9999.00  9999.00  9999.00
