stn_id       p       t2      rh2      spd      dir      vis    rain6   rain24   tmax24   tmin24 
 00001   976.79    20.20    73.27     3.08   115.62    21.39  9999.00  9999.00  9999.00  9999.00
 00002  1016.70     3.29    24.54     2.56   115.59    24.29  9999.00  9999.00  9999.00  9999.00
 00003   914.55     1.60    39.32     2.28    66.07    21.76  9999.00  9999.00  9999.00  9999.00
 00004   841.02    -0.59    24.48     1.14   139.44    22.20  9999.00  9999.00  9999.00  9999.00
 00005   880.23    -6.02    16.55     2.50    42.09    24.47  9999.00  9999.00  9999.00  9999.00
 00006   893.02    -8.74    30.06     3.04   306.90    25.23  9999.00  9999.00  9999.00  9999.00
 00007  1024.18    -7.91    67.35     2.10   317.54    26.84  9999.00  9999.00  9999.00  9999.00
 00008  1003.43   -13.14    86.68     4.76   247.42    30.15  9999.00  9999.00  9999.00  9999.00
 00009   956.30   -13.30    47.53     2.80   313.83    40.05  9999.00  9999.00  9999.00  9999.00
 00010   975.71    -4.58    37.25     6.17   290.49    30.06  9999.00  9999.00  9999.00  9999.00
 00011  1007.69   -13.30    89.82     4.13   235.76    26.90  9999.00  9999.00  9999.00  9999.00
 00012  1033.96     2.46    23.83     3.18    73.36    24.04  9999.00  9999.00  9999.00  9999.00
 00013  1025.32    11.60    63.83     5.59    41.68    19.63  9999.00  9999.00  9999.00  9999.00
 00014  1019.38    13.35    84.08     4.73    13.47     7.09  9999.00  9999.00  9999.00  9999.00
 00015  1014.69     5.02    37.41     4.38    34.77    20.72  9999.00  9999.00  9999.00  9999.00
 00016   965.58     6.27    55.36     4.28    71.93    18.46  9999.00  9999.00  9999.00  9999.00
 00017  1015.66     6.94    30.48     4.69    56.61    20.05  9999.00  9999.00  9999.00  9999.00
 00018  1024.64    10.38    65.93     4.58    37.52    19.22  9999.00  9999.00  9999.00  9999.00
 00019   941.30    15.05    89.92     1.64    69.69    12.36  9999.00  9999.00  9999.00  9999.00
 00020  1025.07    14.37    68.65     7.27    16.87    19.34  9999.00  9999.00  9999.00  9999.00
 00021   899.53     3.74    91.08     0.55   112.47     8.52  9999.00  9999.00  9999.00  9999.00
 00022  1036.53     2.99    23.90     4.53    28.14    22.76  9999.00  9999.00  9999.00  9999.00
 00023   928.99     3.73    93.23     2.37   257.80     5.64  9999.00  9999.00  9999.00  9999.00
 00024   954.11    -4.76    65.96     0.99   125.77    30.50  9999.00  9999.00  9999.00  9999.00
 00025   799.89    16.64    61.23     4.08   237.79    20.42  9999.00  9999.00  9999.00  9999.00
 00026  1018.36    14.19    86.36     5.92     6.36    17.39  9999.00  9999.00  9999.00  9999.00
 00027  1014.75    14.94    87.64     4.93   347.51     6.77  9999.00  9999.00  9999.00  9999.00
 00028   983.82    12.62    86.01     5.10    27.87    10.73  9999.00  9999.00  9999.00  9999.00
 00029  1011.74    25.93    86.86     0.91   293.56    21.52  9999.00  9999.00  9999.00  9999.00
 00030  1000.41    25.98    82.16     1.28   185.05    23.54  9999.00  9999.00  9999.00  9999.00
 00031   574.71    -2.02    42.10     1.24   231.71    32.83  9999.00  9999.00  9999.00  9999.00
 00032   983.09    22.81    83.27     1.34    32.52    10.94  9999.00  9999.00  9999.00  9999.00
 00033  1013.52    23.12    99.54     1.42   106.37     0.51  9999.00  9999.00  9999.00  9999.00
 00034  1014.71    27.81    86.41     2.73    98.16    28.63  9999.00  9999.00  9999.00  9999.00
 00035  1012.50    29.06    76.58     2.25    86.37    12.66  9999.00  9999.00  9999.00  9999.00
 00036   779.63    12.89    66.74     1.12   221.49    21.51  9999.00  9999.00  9999.00  9999.00
 00037   973.46    22.12    89.44     1.03    24.11     6.53  9999.00  9999.00  9999.00  9999.00
 00038  1000.22    27.08    64.23     0.57   132.26    20.75  9999.00  9999.00  9999.00  9999.00
 00039  1014.09    24.89    80.80     4.05    69.03    20.31  9999.00  9999.00  9999.00  9999.00
 00040  1011.67    27.05    69.63     2.09    75.55    21.68  9999.00  9999.00  9999.00  9999.00
 00041   980.19    10.61    88.78     4.15    40.89    12.23  9999.00  9999.00  9999.00  9999.00
 00042  1024.62    12.15    70.71     4.32    36.85    19.20  9999.00  9999.00  9999.00  9999.00
 00043  1011.39    14.32    89.68     5.08    19.07    17.28  9999.00  9999.00  9999.00  9999.00
 00044   991.66    15.22    90.79     5.66    44.23    16.67  9999.00  9999.00  9999.00  9999.00
 00045  1011.67    27.05    69.63     2.09    75.55    21.68  9999.00  9999.00  9999.00  9999.00
 00046   947.48    19.25    98.73     1.57   351.82     0.31  9999.00  9999.00  9999.00  9999.00
 00047  1009.07    19.43    87.30     5.27    20.25     7.93  9999.00  9999.00  9999.00  9999.00
 00048   607.98    -8.74    66.84     1.50    70.02    32.61  9999.00  9999.00  9999.00  9999.00
 00049   578.53    -1.97    51.34     1.81   207.51    28.36  9999.00  9999.00  9999.00  9999.00
 00050  1006.22    27.16    62.93     2.36    87.14    19.72  9999.00  9999.00  9999.00  9999.00
