stn_id       p       t2      rh2      spd      dir      vis    rain6   rain24   tmax24   tmin24 
 00001   960.58    24.40    96.89     0.78    74.01    22.37  9999.00  9999.00  9999.00  9999.00
 00002   981.67    25.40    95.66     0.71   260.25    26.71  9999.00  9999.00  9999.00  9999.00
 00003   894.30    21.97    94.72     2.17   190.74    25.53  9999.00  9999.00  9999.00  9999.00
 00004   829.27    18.48    93.48     1.89   193.12    25.02  9999.00  9999.00  9999.00  9999.00
 00005   861.79    20.30    93.68     1.25   104.92    25.72  9999.00  9999.00  9999.00  9999.00
 00006   870.05    22.27    81.72     3.58   237.11    27.05  9999.00  9999.00  9999.00  9999.00
 00007   990.62    25.80    78.90     7.00   210.35    24.96  9999.00  9999.00  9999.00  9999.00
 00008   973.49    22.65    96.41     5.67   223.59    18.97  9999.00  9999.00  9999.00  9999.00
 00009   941.10    10.65    79.60     1.15    48.58    37.47  9999.00  9999.00  9999.00  9999.00
 00010   955.33    21.40    94.04     1.89   200.60    20.21  9999.00  9999.00  9999.00  9999.00
 00011   980.02    21.98    98.49     1.70    65.28    14.25  9999.00  9999.00  9999.00  9999.00
 00012   996.45    26.23    92.28     2.97   194.27    24.39  9999.00  9999.00  9999.00  9999.00
 00013  1000.98    23.81    93.29     2.38    95.00    25.90  9999.00  9999.00  9999.00  9999.00
 00014   997.26    24.36    91.59     3.19   226.09    25.48  9999.00  9999.00  9999.00  9999.00
 00015   984.47    26.46    87.81     4.45   190.06    22.16  9999.00  9999.00  9999.00  9999.00
 00016   943.13    24.26    87.61     1.79   112.70    25.99  9999.00  9999.00  9999.00  9999.00
 00017   985.92    25.28    94.44     2.30   177.68    25.46  9999.00  9999.00  9999.00  9999.00
 00018   999.73    24.84    91.79     2.25   118.55    21.24  9999.00  9999.00  9999.00  9999.00
 00019   925.64    22.41    93.24     0.69   298.55    26.58  9999.00  9999.00  9999.00  9999.00
 00020  1003.10    22.77    94.54     4.27    33.61    23.19  9999.00  9999.00  9999.00  9999.00
 00021   882.34    21.71    38.87     1.95   163.81    26.49  9999.00  9999.00  9999.00  9999.00
 00022  1000.07    27.07    86.86     3.73   203.45    23.01  9999.00  9999.00  9999.00  9999.00
 00023   910.71    20.45    67.89     2.90   211.08    10.78  9999.00  9999.00  9999.00  9999.00
 00024   930.71    23.59    35.15     1.59   280.14    24.13  9999.00  9999.00  9999.00  9999.00
 00025   789.84    16.79    99.33     0.94   145.33     0.75  9999.00  9999.00  9999.00  9999.00
 00026   997.91    25.69    89.56     2.22    57.46    28.13  9999.00  9999.00  9999.00  9999.00
 00027   994.70    24.97    98.73     1.00   339.37    28.05  9999.00  9999.00  9999.00  9999.00
 00028   964.82    23.64    97.67     0.53   184.91     6.64  9999.00  9999.00  9999.00  9999.00
 00029   997.07    24.19    97.56     0.83    76.41    29.30  9999.00  9999.00  9999.00  9999.00
 00030   985.63    24.74    96.01     1.86   102.11    29.72  9999.00  9999.00  9999.00  9999.00
 00031   573.45     6.61    88.22     1.01   180.12    16.51  9999.00  9999.00  9999.00  9999.00
 00032   963.93    23.95    91.61     2.10   290.41    22.82  9999.00  9999.00  9999.00  9999.00
 00033   999.15    24.01    95.64     3.70   236.29     0.16  9999.00  9999.00  9999.00  9999.00
 00034  1004.06    28.30    90.74     6.18   201.97    34.82  9999.00  9999.00  9999.00  9999.00
 00035   998.51    25.24    96.87     1.45   235.06    19.72  9999.00  9999.00  9999.00  9999.00
 00036   771.87    16.03    97.58     0.38   152.97    20.03  9999.00  9999.00  9999.00  9999.00
 00037   954.91    23.92    92.29     1.98   291.45    24.67  9999.00  9999.00  9999.00  9999.00
 00038   983.26    24.21    95.34     1.56   276.42    27.64  9999.00  9999.00  9999.00  9999.00
 00039   994.85    25.99    89.81     5.15   256.18    26.61  9999.00  9999.00  9999.00  9999.00
 00040   994.88    25.93    85.61     4.30   256.85    28.21  9999.00  9999.00  9999.00  9999.00
 00041   960.54    22.33    96.58     1.34    48.77    26.48  9999.00  9999.00  9999.00  9999.00
 00042  1000.80    24.07    94.54     2.50    93.31    26.48  9999.00  9999.00  9999.00  9999.00
 00043   991.77    24.79    94.65     1.34    17.97    28.72  9999.00  9999.00  9999.00  9999.00
 00044   973.86    23.83    88.16     1.98    45.87    26.66  9999.00  9999.00  9999.00  9999.00
 00045   994.88    25.93    85.61     4.30   256.85    28.21  9999.00  9999.00  9999.00  9999.00
 00046   932.99    21.86    99.00     1.08   253.13    23.72  9999.00  9999.00  9999.00  9999.00
 00047   986.52    25.59    79.69     7.44   325.63    18.09  9999.00  9999.00  9999.00  9999.00
 00048   603.91     8.89    84.13     0.63   171.23    12.85  9999.00  9999.00  9999.00  9999.00
 00049   577.52     4.33    98.45     0.69   173.34     3.69  9999.00  9999.00  9999.00  9999.00
 00050   987.07    25.43    92.72     2.69   286.48    26.10  9999.00  9999.00  9999.00  9999.00
