stn_id       p       t2      rh2      spd      dir      vis    rain6   rain24   tmax24   tmin24 
 00001   958.57    30.30    73.88     0.81   167.12    25.22  9999.00  9999.00  9999.00  9999.00
 00002   978.81    30.05    83.14     2.89   328.13    11.06  9999.00  9999.00  9999.00  9999.00
 00003   892.15    26.46    78.41     3.18    92.97    23.61  9999.00  9999.00  9999.00  9999.00
 00004   827.92    25.65    54.77     3.52    26.16    24.92  9999.00  9999.00  9999.00  9999.00
 00005   860.95    29.55    36.50     3.33   335.59    26.81  9999.00  9999.00  9999.00  9999.00
 00006   871.61    29.06    26.36     5.76   318.27    27.14  9999.00  9999.00  9999.00  9999.00
 00007   989.30    26.70    92.56     3.96   199.78     4.06  9999.00  9999.00  9999.00  9999.00
 00008   973.99    24.85    94.65     1.53   233.28     6.30  9999.00  9999.00  9999.00  9999.00
 00009   942.34    20.80    44.00     2.65    66.27    37.87  9999.00  9999.00  9999.00  9999.00
 00010   955.19    26.56    83.42     1.47   232.29    27.12  9999.00  9999.00  9999.00  9999.00
 00011   983.16    18.58    82.36     5.32    71.53    27.14  9999.00  9999.00  9999.00  9999.00
 00012   994.22    30.46    72.41     1.01    69.64    24.87  9999.00  9999.00  9999.00  9999.00
 00013   997.17    31.09    67.40     2.52    97.82    25.59  9999.00  9999.00  9999.00  9999.00
 00014   994.15    29.64    75.43     3.26    15.43    26.46  9999.00  9999.00  9999.00  9999.00
 00015   979.81    33.25    60.49     4.44   205.51    22.08  9999.00  9999.00  9999.00  9999.00
 00016   940.22    33.11    54.88     1.96   194.82    25.87  9999.00  9999.00  9999.00  9999.00
 00017   980.21    34.98    56.30     3.08   191.10    25.20  9999.00  9999.00  9999.00  9999.00
 00018   995.47    32.08    66.82     2.30   129.29    25.72  9999.00  9999.00  9999.00  9999.00
 00019   924.91    27.25    77.42     1.41   232.03    22.62  9999.00  9999.00  9999.00  9999.00
 00020  1000.52    26.63    86.14     3.90    42.00    23.09  9999.00  9999.00  9999.00  9999.00
 00021   882.83    32.04    20.21     3.85   187.16    26.65  9999.00  9999.00  9999.00  9999.00
 00022   996.86    29.89    81.44     1.53    51.91    22.51  9999.00  9999.00  9999.00  9999.00
 00023   908.61    33.23    12.62     5.57   282.04    22.12  9999.00  9999.00  9999.00  9999.00
 00024   931.44    31.77    22.32     1.86   299.36    24.30  9999.00  9999.00  9999.00  9999.00
 00025   789.46    19.71    85.84     0.82   254.71    12.20  9999.00  9999.00  9999.00  9999.00
 00026   994.89    33.14    66.47     2.06    46.04    27.95  9999.00  9999.00  9999.00  9999.00
 00027   990.85    34.41    62.48     0.61   187.93    27.88  9999.00  9999.00  9999.00  9999.00
 00028   961.59    32.46    65.78     1.20   168.43    25.33  9999.00  9999.00  9999.00  9999.00
 00029   995.41    31.93    67.89     3.16   199.32    28.76  9999.00  9999.00  9999.00  9999.00
 00030   984.81    29.03    79.17     2.88   154.99    16.34  9999.00  9999.00  9999.00  9999.00
 00031   573.37    12.14    57.89     1.50   217.76    16.17  9999.00  9999.00  9999.00  9999.00
 00032   963.59    31.11    69.54     1.28   227.25    24.47  9999.00  9999.00  9999.00  9999.00
 00033  1000.35    23.80    95.12     4.85   245.41    30.61  9999.00  9999.00  9999.00  9999.00
 00034  1005.73    28.45    87.69     7.56   219.08    34.80  9999.00  9999.00  9999.00  9999.00
 00035   999.86    28.08    86.31     0.98   243.62    11.19  9999.00  9999.00  9999.00  9999.00
 00036   770.60    21.38    70.30     0.81   222.50    24.03  9999.00  9999.00  9999.00  9999.00
 00037   954.46    32.06    66.61     1.01   217.20    24.48  9999.00  9999.00  9999.00  9999.00
 00038   982.36    31.33    76.68     0.47   201.44    27.54  9999.00  9999.00  9999.00  9999.00
 00039   994.94    28.95    81.68     5.66   209.57    26.16  9999.00  9999.00  9999.00  9999.00
 00040   993.98    30.41    78.15     5.77   220.63    24.47  9999.00  9999.00  9999.00  9999.00
 00041   957.71    30.01    68.94     2.33    35.68    26.21  9999.00  9999.00  9999.00  9999.00
 00042   997.27    30.81    68.97     2.53    76.80    26.19  9999.00  9999.00  9999.00  9999.00
 00043   988.88    33.21    67.21     2.18    36.89    28.54  9999.00  9999.00  9999.00  9999.00
 00044   971.00    31.78    62.76     0.53   343.38    26.43  9999.00  9999.00  9999.00  9999.00
 00045   993.98    30.41    78.15     5.77   220.63    24.47  9999.00  9999.00  9999.00  9999.00
 00046   931.32    29.87    66.29     1.95   314.95    27.17  9999.00  9999.00  9999.00  9999.00
 00047   986.35    29.81    68.71     4.20   333.61    24.83  9999.00  9999.00  9999.00  9999.00
 00048   603.55    12.69    69.74     1.21   196.33    10.38  9999.00  9999.00  9999.00  9999.00
 00049   577.82     7.77    88.98     2.52   195.88     8.05  9999.00  9999.00  9999.00  9999.00
 00050   987.11    31.34    73.45     4.34   201.12    25.99  9999.00  9999.00  9999.00  9999.00
