stn_id       p       t2      rh2      spd      dir      vis    rain6   rain24   tmax24   tmin24 
 00001   968.15    21.11    89.13     2.13   274.97     5.28    11.28  9999.00  9999.00  9999.00
 00002   976.13    32.14    29.09     4.22   268.72    27.23    -0.00  9999.00  9999.00  9999.00
 00003   891.88    25.61    30.73     2.49   276.42    25.86    -0.00  9999.00  9999.00  9999.00
 00004   827.12    17.54    52.23     3.20   298.83    24.57     0.00  9999.00  9999.00  9999.00
 00005   861.19    18.16    66.53     7.97   341.09    19.50     0.02  9999.00  9999.00  9999.00
 00006   870.81    16.24    85.23     7.41   323.66    19.97     1.44  9999.00  9999.00  9999.00
 00007   982.47    22.12    94.79     3.22   208.53     4.13     6.75  9999.00  9999.00  9999.00
 00008   968.86    21.69    84.62     5.41   121.36     7.47     4.02  9999.00  9999.00  9999.00
 00009   937.17    17.81    79.14     2.16   352.63    32.23     0.02  9999.00  9999.00  9999.00
 00010   956.33    15.94    88.43     4.64   108.01    18.59     0.09  9999.00  9999.00  9999.00
 00011   979.34    24.41    59.86     6.24   109.95    25.94     0.00  9999.00  9999.00  9999.00
 00012   990.99    25.41    82.93     1.67   297.00    25.25    -0.00  9999.00  9999.00  9999.00
 00013   997.59    29.57    77.99     4.02   237.50    23.99     0.05  9999.00  9999.00  9999.00
 00014   996.00    30.39    77.14     3.33   204.61    29.92     0.00  9999.00  9999.00  9999.00
 00015   977.75    28.03    81.14     3.35   214.20    24.81    -0.00  9999.00  9999.00  9999.00
 00016   946.74    23.49    58.06     2.89   226.20    26.40    -0.00  9999.00  9999.00  9999.00
 00017   981.24    26.64    54.52     4.79   280.01    26.96     0.00  9999.00  9999.00  9999.00
 00018   997.10    26.92    91.29     3.88   289.18    12.19     4.87  9999.00  9999.00  9999.00
 00019   933.98    21.94    84.91     2.35   271.61    28.39     0.01  9999.00  9999.00  9999.00
 00020  1000.90    30.19    77.97     4.45   202.47    27.49     0.00  9999.00  9999.00  9999.00
 00021   886.38    20.25    41.38     3.92   152.91    25.02     0.00  9999.00  9999.00  9999.00
 00022   993.58    27.48    77.64     2.25   233.53    24.36     0.00  9999.00  9999.00  9999.00
 00023   910.97    20.98    33.69     2.17   190.35    20.85     0.00  9999.00  9999.00  9999.00
 00024   935.14    24.64    33.89     3.38   114.32    22.77     0.00  9999.00  9999.00  9999.00
 00025   794.06    16.67    95.18     1.16   230.37    19.22     0.05  9999.00  9999.00  9999.00
 00026   998.73    30.57    64.99     4.23   213.01    30.02     0.00  9999.00  9999.00  9999.00
 00027   995.21    29.41    76.50     2.91   191.91    29.32     0.20  9999.00  9999.00  9999.00
 00028   966.43    27.47    82.77     4.00   200.03    21.82     0.16  9999.00  9999.00  9999.00
 00029  1001.68    25.54    85.86     1.43   232.17    30.29     0.01  9999.00  9999.00  9999.00
 00030   989.44    26.68    86.75     2.22   132.29    32.12    -0.00  9999.00  9999.00  9999.00
 00031   575.71     3.73    95.72     1.13   278.86     1.51     7.25  9999.00  9999.00  9999.00
 00032   970.60    27.83    73.51     0.57   276.59    24.45     0.00  9999.00  9999.00  9999.00
 00033  1003.05    23.96    97.37     2.55   145.67     0.20     0.02  9999.00  9999.00  9999.00
 00034  1006.22    27.49    86.87     2.15   242.92    34.95    -0.00  9999.00  9999.00  9999.00
 00035  1002.48    28.37    84.20     3.41   182.90    32.48     0.00  9999.00  9999.00  9999.00
 00036   776.14    15.15    90.99     1.71    15.93    13.78     3.20  9999.00  9999.00  9999.00
 00037   961.26    28.25    72.92     0.74   277.74    26.20     0.00  9999.00  9999.00  9999.00
 00038   988.93    27.80    79.96     1.03   266.78    28.98     0.00  9999.00  9999.00  9999.00
 00039  1001.53    26.98    80.04     3.35   227.06    28.03     0.00  9999.00  9999.00  9999.00
 00040  1000.44    27.22    81.35     2.63   269.35    29.45     0.00  9999.00  9999.00  9999.00
 00041   960.40    28.87    70.23     3.01   215.33    29.00     0.00  9999.00  9999.00  9999.00
 00042   998.29    30.23    73.16     3.63   228.26    29.38     0.00  9999.00  9999.00  9999.00
 00043   993.21    30.33    64.55     4.08   204.91    30.47     0.00  9999.00  9999.00  9999.00
 00044   975.61    30.26    64.96     1.77   228.37    28.75     0.00  9999.00  9999.00  9999.00
 00045  1000.44    27.22    81.35     2.63   269.35    29.45     0.00  9999.00  9999.00  9999.00
 00046   936.96    25.59    79.89     2.11   219.43    28.76    -0.00  9999.00  9999.00  9999.00
 00047   993.70    25.36    86.54     1.53   165.24    13.63     0.01  9999.00  9999.00  9999.00
 00048   606.49     7.71    89.44     1.12   111.87     3.78     3.29  9999.00  9999.00  9999.00
 00049   579.39     3.12    97.10     0.41    99.04     6.72     0.05  9999.00  9999.00  9999.00
 00050   993.74    28.96    69.41     1.27   240.43    27.54     0.00  9999.00  9999.00  9999.00
