stn_id       p       t2      rh2      spd      dir      vis    rain6   rain24   tmax24   tmin24 
 00001   968.74    12.44    96.73     1.38    91.47     0.75     0.00     2.69    18.35    10.51
 00002   994.40    10.72    80.67     1.39   185.71    20.82     0.27     0.34    21.45     7.68
 00003   899.83     9.03    86.63     0.71   115.27    18.64     0.01     3.72    17.96     6.63
 00004   829.88     4.05    87.71     2.21   134.52    17.62     0.01     0.10    13.02    -0.04
 00005   864.99     4.56    80.50     1.67    98.57    18.65    -0.00     0.07    15.52     0.04
 00006   872.91     7.17    61.45     6.83   192.54    19.30     0.00     0.14    17.95     4.99
 00007  1007.39    12.22    56.98     4.12   178.15    22.70     0.00     0.00    20.90     6.40
 00008   990.18    11.79    59.37     5.66   194.53    25.73     0.00     0.00    20.67     6.41
 00009   937.99     3.00    73.89     1.60   206.52    43.28     0.02     0.07    12.72     0.57
 00010   971.76     7.80    46.37     0.32   223.13    26.50     0.00     0.00    17.53    -3.18
 00011   996.27    11.14    64.70     6.55   188.94    28.93     0.00     0.00    19.45     6.47
 00012  1011.19    12.22    53.31     1.18   159.45    20.19     0.00     0.00    22.57     7.59
 00013  1012.78    14.51    81.94     2.17   106.33    20.31     0.04     0.17    17.67    11.61
 00014  1009.30    14.52    88.35     0.77   239.50    20.49     0.03     0.30    17.86    10.95
 00015   996.70    12.76    52.40     2.79   154.68    18.69     0.00     0.00    20.48     8.07
 00016   949.58     9.74    87.90     1.96   100.33    14.64     0.00     0.03    21.76     6.74
 00017   996.14    12.87    76.95     2.87   152.15    19.19     0.00     0.00    21.66    10.38
 00018  1011.31    13.51    85.50     1.96   105.57    16.41    -0.00     0.38    17.29     9.55
 00019   932.49    13.40    90.31     0.54   127.85    15.15     0.07     0.56    18.43    12.73
 00020  1015.03    15.87    77.61     2.00   285.31    19.69     0.00     0.26    18.57    13.03
 00021   893.52    -5.52    65.63     3.89    45.59    30.87     0.45     4.99    10.86    -5.41
 00022  1014.62    13.84    52.67     3.59   198.79    19.33     0.00     0.00    22.64    10.72
 00023   926.90    -8.64    57.07     3.00   273.07    29.34     0.00     0.00     4.24    -8.64
 00024   947.36    -7.64    70.76    11.10   286.51    31.83     0.01     0.04     0.36    -7.58
 00025   793.58    11.41    65.92     1.53   213.37    22.95     0.00     0.02    21.74     8.83
 00026  1010.64    14.99    85.17     1.00    28.16    20.83    -0.00     0.21    19.47    10.03
 00027  1006.01    15.61    87.45     1.48   130.17    19.70     0.00     0.18    20.11    12.41
 00028   974.13    14.31    92.51     0.86    32.90    19.05     0.36     1.12    20.93    10.69
 00029  1007.52    18.92    94.08     1.85    25.62    14.38     1.69    21.13    20.90    16.70
 00030   995.32    19.86    93.29     2.00    73.29     8.19     0.32     1.11    24.49    16.99
 00031   567.58    -6.79    82.31     1.22   209.58    25.68     0.06     0.20     5.89    -7.06
 00032   978.58    16.19    85.65     0.59   276.22    18.02     0.05     0.12    16.33    13.42
 00033  1008.57    21.96    96.78     2.81   144.21     6.69     0.05     1.83    23.07    19.92
 00034  1011.08    27.25    78.43     2.69   122.25    23.48     0.01     0.57    27.75    26.58
 00035  1007.93    25.21    88.73     1.90   169.57    23.49     0.35     3.79    28.48    23.26
 00036   773.25     5.45    96.96     0.36   212.75     0.27     0.04     3.13    18.12     4.39
 00037   968.82    15.82    87.94     0.29   231.79    18.39     0.02     0.08    16.19    13.50
 00038   996.57    17.25    98.88     0.76   342.32     0.78     3.94     9.61    20.51    15.97
 00039  1010.18    20.50    81.14     4.41    81.96    13.79     0.15     2.39    21.44    17.82
 00040  1007.33    19.33    89.66     4.07    40.52     1.32    10.79    15.44    22.12    17.87
 00041   970.75    12.73    89.45     0.52   146.30    19.79    -0.00     0.45    15.80     8.88
 00042  1012.60    14.22    87.64     1.55   111.08    20.39    -0.00     0.16    17.67     9.83
 00043  1004.20    14.62    92.16     0.81    59.98     0.84     0.00     0.52    19.26    10.14
 00044   985.37    14.22    89.84     0.69    45.20    13.34     1.07     1.40    17.21    11.28
 00045  1007.33    19.33    89.66     4.07    40.52     1.32    10.79    15.44    22.12    17.87
 00046   942.43    15.00    97.55     0.94    67.59    16.53     0.60     5.23    17.33    13.89
 00047  1002.99    16.78    84.65     2.16   348.99    13.56     1.00     1.40    19.71    14.57
 00048   599.31    -5.47    82.16     1.03   173.89    29.35     0.05     0.58     4.67    -9.13
 00049   572.74    -6.46    97.58     1.44   180.99     4.98     1.35     3.85    -1.17   -12.80
 00050  1002.47    18.70    82.80     2.38   322.06    19.88     0.00     0.51    21.28    15.02
