stn_id       p       t2      rh2      spd      dir      vis    rain6   rain24   tmax24   tmin24 
 00001   977.02    29.00  9999.00     2.00   340.00     7.00  9999.00  9999.00  9999.00  9999.00
 00002   999.94    27.10  9999.00     2.00   140.00    30.00  9999.00  9999.00  9999.00  9999.00
 00003   918.24    27.90  9999.00     2.00   200.00    30.00  9999.00  9999.00  9999.00  9999.00
 00004   853.22    22.40  9999.00     3.00    70.00    30.00  9999.00  9999.00  9999.00  9999.00
 00005   888.94    23.40  9999.00     3.00   220.00    30.00  9999.00  9999.00  9999.00  9999.00
 00006   879.76    23.40  9999.00     4.00   360.00    30.00  9999.00  9999.00  9999.00  9999.00
 00007  1002.45    29.30  9999.00     4.00   340.00    30.00  9999.00  9999.00  9999.00  9999.00
 00008   982.69    26.10  9999.00     3.00   360.00    15.00  9999.00  9999.00  9999.00  9999.00
 00009   963.03    22.70  9999.00     4.00    20.00    30.00  9999.00  9999.00  9999.00  9999.00
 00010   979.08    26.50  9999.00     2.00   140.00    30.00  9999.00  9999.00  9999.00  9999.00
 00011   994.46    23.20  9999.00     3.00   340.00    30.00  9999.00  9999.00  9999.00  9999.00
 00012  1006.55    22.40  9999.00     2.00    70.00    30.00  9999.00  9999.00  9999.00  9999.00
 00013  1006.16    31.10  9999.00     2.00    70.00    17.00  9999.00  9999.00  9999.00  9999.00
 00014  1001.17    33.40  9999.00     3.00    90.00    16.00  9999.00  9999.00  9999.00  9999.00
 00015   989.52    27.80  9999.00     1.00   320.00    22.00  9999.00  9999.00  9999.00  9999.00
 00016   957.14    30.00  9999.00     3.00    40.00    26.00  9999.00  9999.00  9999.00  9999.00
 00017   995.39    30.70  9999.00     1.00   250.00    29.00  9999.00  9999.00  9999.00  9999.00
 00018  1003.78    31.40  9999.00     2.00    70.00    23.00  9999.00  9999.00  9999.00  9999.00
 00019   941.32    21.80  9999.00     2.00   270.00    10.00  9999.00  9999.00  9999.00  9999.00
 00020  1006.02    31.60  9999.00     2.00    20.00    27.00  9999.00  9999.00  9999.00  9999.00
 00021   897.77    28.30  9999.00     2.00   320.00    30.00  9999.00  9999.00  9999.00  9999.00
 00022  1009.90    25.90  9999.00     1.00   220.00    30.00  9999.00  9999.00  9999.00  9999.00
 00023   921.43    31.30  9999.00     3.00   320.00    30.00  9999.00  9999.00  9999.00  9999.00
 00024   949.68    30.30  9999.00     1.00    70.00    30.00  9999.00  9999.00  9999.00  9999.00
 00025   808.30    20.30    77.62     2.00    40.00    24.00  9999.00  9999.00  9999.00  9999.00
 00026  1000.04    33.90  9999.00     2.00    40.00    25.00  9999.00  9999.00  9999.00  9999.00
 00027   998.10    32.00  9999.00     3.00   340.00    16.00  9999.00  9999.00  9999.00  9999.00
 00028   976.19    29.30  9999.00     2.00   220.00    17.00  9999.00  9999.00  9999.00  9999.00
 00029  1000.89    28.60  9999.00     2.00   140.00    30.00  9999.00  9999.00  9999.00  9999.00
 00030   988.77    31.40  9999.00     2.00   110.00    24.00  9999.00  9999.00  9999.00  9999.00
 00031   623.60    16.00    64.63     2.00    40.00    20.00  9999.00  9999.00  9999.00  9999.00
 00032   996.29    29.60  9999.00     1.00   250.00    30.00  9999.00  9999.00  9999.00  9999.00
 00033  1002.41    31.10  9999.00     2.00   360.00    30.00  9999.00  9999.00  9999.00  9999.00
 00034  1004.30    32.50  9999.00     2.00   200.00    19.00  9999.00  9999.00  9999.00  9999.00
 00035  1001.80    30.60  9999.00     2.00   140.00    30.00  9999.00  9999.00  9999.00  9999.00
 00036   837.50    19.10    96.90     1.00   110.00    10.00  9999.00  9999.00  9999.00  9999.00
 00037  1000.24    29.90  9999.00     3.00   140.00    30.00  9999.00  9999.00  9999.00  9999.00
 00038  1002.04    32.60  9999.00     2.00    70.00    30.00  9999.00  9999.00  9999.00  9999.00
 00039  1003.85    29.40  9999.00     1.00   250.00    11.00  9999.00  9999.00  9999.00  9999.00
 00040   999.97    30.20  9999.00     3.00   180.00    21.00  9999.00  9999.00  9999.00  9999.00
 00041   816.40    19.40    98.13     2.00   320.00     4.80  9999.00  9999.00  9999.00  9999.00
 00042  1004.99    33.10  9999.00     1.00   290.00    25.00  9999.00  9999.00  9999.00  9999.00
 00043  1002.22    33.00  9999.00     3.00    40.00    23.00  9999.00  9999.00  9999.00  9999.00
 00044   997.04    31.80  9999.00     0.00   110.00    23.00  9999.00  9999.00  9999.00  9999.00
 00045   999.97    30.20  9999.00     3.00   180.00    21.00  9999.00  9999.00  9999.00  9999.00
 00046   964.52    26.90  9999.00     2.00    70.00     7.00  9999.00  9999.00  9999.00  9999.00
 00047  1002.17    29.00  9999.00     2.00    90.00     9.00  9999.00  9999.00  9999.00  9999.00
 00048   650.00    17.30    54.80     2.00   340.00    30.00  9999.00  9999.00  9999.00  9999.00
 00049   601.00     8.60    84.18     3.00   220.00    30.00  9999.00  9999.00  9999.00  9999.00
 00050  1003.85    29.50  9999.00     3.00   160.00     8.00  9999.00  9999.00  9999.00  9999.00
