stn_id       p       t2      rh2      spd      dir      vis    rain6   rain24   tmax24   tmin24 
 00001   984.00    13.60    98.05     1.00    70.00     4.90     0.00     0.00    24.00    12.00
 00002  1005.90    11.40    71.72     1.00   220.00     3.60     0.00     0.00    23.30     9.00
 00003   926.30     8.90    47.89     2.00    20.00    14.00     0.00     0.00    23.20     7.30
 00004   857.70     6.20    50.79     0.00     0.00    10.00     0.00     0.00    18.50     3.90
 00005  9999.00  9999.00  9999.00  9999.00  9999.00  9999.00  9999.00     0.00    19.40     7.10
 00006   881.20    11.50    24.94     7.00   200.00    23.00     0.00     0.00    19.10     7.20
 00007  1011.10    10.70    57.96     1.00   140.00     9.00     0.00     0.00    20.70     2.60
 00008   988.40    12.90    37.76     3.00   200.00     5.00     0.00     0.00    16.50     8.10
 00009   955.50     0.70    70.65     1.00   320.00    13.00     0.00     0.00    11.20    -7.00
 00010   989.00     5.60    49.88     1.00    40.00    12.00     0.00     0.00    18.70     0.20
 00011  1001.20    10.20    36.96     3.00   180.00     1.60     0.00     0.00    16.70    -1.20
 00012  1012.90    13.70    55.90     2.00   200.00     6.00     0.00     0.00    24.70     9.30
 00013  1015.40    11.50    76.85     3.00   110.00     3.60     0.00     0.20    15.40    10.00
 00014  1014.30    12.10    88.10     1.00    70.00     2.70     0.00     1.00    12.90    10.80
 00015   998.90    15.90    39.76     2.00   180.00    10.00     0.00     0.00    23.20    13.50
 00016   963.70    12.40    63.05     2.00    40.00    10.00     0.00     0.00    21.00    11.00
 00017  1004.50    14.20    69.82     2.00   180.00     7.00     0.00     0.00    22.10    11.30
 00018  1016.30    12.80    84.69     2.00    70.00     9.00     0.00     0.00    17.20     9.70
 00019   945.50    13.80    83.11     1.00    90.00     7.00     0.00     0.00    18.40    13.10
 00020  1019.20    12.90    73.99     1.00    20.00     9.00     0.00     0.90    14.40    11.90
 00021   905.40     8.10    43.90     2.00    70.00    20.00     0.00     0.00    18.30     5.10
 00022  1017.70    14.70    48.83     3.00   180.00     7.00     0.00     0.00    25.60    10.30
 00023   933.00    -1.80    78.66     2.00    70.00    23.00     0.00     0.00    17.90    -1.80
 00024   963.80    -2.60    58.89     3.00   320.00    30.00     0.00     0.00    16.00    -2.60
 00025   809.30    12.40    53.99     2.00   220.00    17.00     0.00     0.00    22.90    11.00
 00026  1011.80    15.50    82.77     2.00    90.00  9999.00     0.00     0.00    19.00    12.60
 00027  1002.80    11.20    98.02     1.00   250.00     3.00     0.00     0.00    18.50     9.80
 00028   982.50    11.10    96.07     1.00   250.00     9.00     0.00     0.00    22.70     9.20
 00029  1006.40    17.00    95.62     2.00   360.00     6.00     0.40    27.80    18.00    16.50
 00030   995.20    17.50    90.86     4.00    70.00     7.00     0.00     0.00    22.30    15.50
 00031   623.90     0.20    35.55     2.00   160.00    30.00     0.00     0.00    10.40     0.20
 00032  1007.50    14.00    91.23     1.00   320.00     4.40     0.00     0.50    15.70    12.80
 00033  1004.80    22.30    92.87     1.00    40.00     4.40     0.00     0.00    23.70    21.20
 00034  1011.70    26.10    83.93     2.00    70.00    16.00     0.00     0.00    29.20    25.00
 00035  1009.60    22.50    95.79     0.00     0.00     4.00     0.00     9.70    25.20    21.80
 00036   836.90    12.50    61.74     1.00    70.00    30.00     0.00     0.10    26.40    11.60
 00037  1010.60    13.60    93.03     1.00    90.00     3.80     0.00     0.20    16.90    12.70
 00038  1009.60    15.20    87.78     2.00   140.00     6.00     0.10     1.50    18.30    14.90
 00039  1014.10    14.90    80.00     4.00    40.00    19.00     0.00     0.30    16.60    13.80
 00040  1009.70    15.20    90.11     4.00    20.00     8.00     1.00     1.00    17.70    15.00
 00041   815.10     2.60   100.00     2.00   290.00     0.00     0.00     0.00     6.90     2.20
 00042  1013.80    12.60    78.07     4.00   110.00     6.00     0.00     0.30    14.20    10.60
 00043  1008.70    13.50   100.00     1.00    20.00     4.90     0.00     0.00    18.90    10.40
 00044  1003.70    13.00    88.18     1.00    20.00    11.00     0.00     0.40    14.90    11.10
 00045  1009.70    15.20    90.11     4.00    20.00     8.00     1.00     1.00    17.70    15.00
 00046   968.40    14.30   100.00     1.00    90.00  9999.00     0.10     1.20    17.00    14.10
 00047  1012.90    14.70    81.04     1.00   220.00     6.00     0.00     0.10    16.10    12.50
 00048   654.20    -0.40    60.84     3.00   110.00    30.00     0.00     2.00     7.50    -0.40
 00049   599.80    -8.60    64.32     2.00   110.00    30.00     0.00     3.00     2.60    -8.60
 00050  1009.20    14.40    78.87     4.00    70.00    17.00     0.00     1.00    16.90    13.00
