stn_id       p       t2      rh2      spd      dir      vis    rain6   rain24   tmax24   tmin24 
 00001   959.48    25.47    94.21     0.76   148.54    26.23  9999.00  9999.00  9999.00  9999.00
 00002   985.14    23.55    87.63     2.30   142.23    26.29  9999.00  9999.00  9999.00  9999.00
 00003   895.24    20.04    96.76     0.91   107.58    24.08  9999.00  9999.00  9999.00  9999.00
 00004   829.61    17.47    77.55     1.68   161.09    24.93  9999.00  9999.00  9999.00  9999.00
 00005   862.53    17.63    79.27     1.28    63.37    27.03  9999.00  9999.00  9999.00  9999.00
 00006   871.15    20.07    60.14     3.09   207.50    27.51  9999.00  9999.00  9999.00  9999.00
 00007   995.28    17.02    97.50     2.54   353.89    24.64  9999.00  9999.00  9999.00  9999.00
 00008   979.29    18.26    94.01     2.54   154.45    21.87  9999.00  9999.00  9999.00  9999.00
 00009   943.82    14.96    70.87     2.27   198.87    38.57  9999.00  9999.00  9999.00  9999.00
 00010   961.44    14.27    94.63     2.28   116.58    22.64  9999.00  9999.00  9999.00  9999.00
 00011   989.09    17.93    73.57     5.17    61.15    26.93  9999.00  9999.00  9999.00  9999.00
 00012  1001.29    22.68    83.54     2.56   146.30    22.25  9999.00  9999.00  9999.00  9999.00
 00013   997.58    25.26    98.19     2.21    17.09    14.16  9999.00  9999.00  9999.00  9999.00
 00014   993.90    25.54    90.03     0.34   187.13    26.00  9999.00  9999.00  9999.00  9999.00
 00015   985.35    19.88    78.89     1.33   101.40    21.70  9999.00  9999.00  9999.00  9999.00
 00016   943.96    24.11    95.51     1.12   199.79    19.97  9999.00  9999.00  9999.00  9999.00
 00017   986.67    23.80    88.75     1.76    30.20    24.94  9999.00  9999.00  9999.00  9999.00
 00018   996.61    25.97    97.14     1.57    38.40    20.45  9999.00  9999.00  9999.00  9999.00
 00019   925.79    23.42    90.28     0.74   281.78    27.43  9999.00  9999.00  9999.00  9999.00
 00020   999.21    22.78    94.92     2.39   284.78    22.50  9999.00  9999.00  9999.00  9999.00
 00021   878.35    21.29    41.34     2.50   154.34    26.81  9999.00  9999.00  9999.00  9999.00
 00022  1004.73    21.17    76.01     2.59   149.35    22.39  9999.00  9999.00  9999.00  9999.00
 00023   905.43    22.52    45.66     3.30   195.31    22.33  9999.00  9999.00  9999.00  9999.00
 00024   927.94    23.23    45.96     0.72   109.36    24.53  9999.00  9999.00  9999.00  9999.00
 00025   789.24    15.37    98.24     1.03    20.67    22.87  9999.00  9999.00  9999.00  9999.00
 00026   995.56    27.01    91.03     1.85    15.22    19.23  9999.00  9999.00  9999.00  9999.00
 00027   992.33    25.55    95.15     2.20   336.81    18.84  9999.00  9999.00  9999.00  9999.00
 00028   962.74    25.33    95.74     0.45    94.68    22.15  9999.00  9999.00  9999.00  9999.00
 00029   996.22    25.99    88.67     1.87   198.24    29.15  9999.00  9999.00  9999.00  9999.00
 00030   983.08    24.72    97.41     1.37   128.50    21.61  9999.00  9999.00  9999.00  9999.00
 00031   572.10     6.70    90.25     0.81   195.40    18.47  9999.00  9999.00  9999.00  9999.00
 00032   965.02    25.25    94.93     1.05   255.28    22.13  9999.00  9999.00  9999.00  9999.00
 00033   998.86    22.69    95.96     3.70   169.09     7.13  9999.00  9999.00  9999.00  9999.00
 00034  1004.58    28.91    84.88     9.15   213.89    34.70  9999.00  9999.00  9999.00  9999.00
 00035   998.73    26.35    80.79     3.31   183.97    31.78  9999.00  9999.00  9999.00  9999.00
 00036   771.60    15.35    97.93     0.66   211.10     7.95  9999.00  9999.00  9999.00  9999.00
 00037   955.83    25.26    95.48     0.95   282.01    24.33  9999.00  9999.00  9999.00  9999.00
 00038   983.57    25.94    92.65     1.39   250.30    27.34  9999.00  9999.00  9999.00  9999.00
 00039   996.16    26.09    91.21     4.72   214.16    26.25  9999.00  9999.00  9999.00  9999.00
 00040   995.40    26.01    91.34     4.54   237.07    27.94  9999.00  9999.00  9999.00  9999.00
 00041   957.97    25.02    98.65     0.70    10.24    24.17  9999.00  9999.00  9999.00  9999.00
 00042   997.45    25.69    98.22     0.54    78.19    25.76  9999.00  9999.00  9999.00  9999.00
 00043   989.37    27.31    93.71     1.76    38.52    28.30  9999.00  9999.00  9999.00  9999.00
 00044   971.20    26.08    97.05     0.75   125.72    26.18  9999.00  9999.00  9999.00  9999.00
 00045   995.40    26.01    91.34     4.54   237.07    27.94  9999.00  9999.00  9999.00  9999.00
 00046   932.14    23.70    91.86     1.54   189.18    26.97  9999.00  9999.00  9999.00  9999.00
 00047   987.79    24.75    95.84     0.49   227.16    14.68  9999.00  9999.00  9999.00  9999.00
 00048   602.99     7.73    92.03     0.45   193.83    25.05  9999.00  9999.00  9999.00  9999.00
 00049   575.86     4.40    96.47     0.23    43.85     8.51  9999.00  9999.00  9999.00  9999.00
 00050   988.41    25.84    95.37     2.03   210.08    25.76  9999.00  9999.00  9999.00  9999.00
