stn_id       p       t2      rh2      spd      dir      vis    rain6   rain24   tmax24   tmin24 
 00001   976.25    17.02    71.23     4.68   210.30    19.20  9999.00  9999.00  9999.00  9999.00
 00002   996.51    19.86    31.01     1.52   112.36    20.19  9999.00  9999.00  9999.00  9999.00
 00003   905.45    13.52    26.75     3.54   324.21    18.44  9999.00  9999.00  9999.00  9999.00
 00004   836.92     5.52    33.31     6.10   313.69    16.68  9999.00  9999.00  9999.00  9999.00
 00005   872.05     5.29    27.05     5.70   301.91    16.28  9999.00  9999.00  9999.00  9999.00
 00006   880.26     3.32    37.33    11.33   281.26    16.05  9999.00  9999.00  9999.00  9999.00
 00007  1004.26    14.89    39.23     3.30    81.64    20.01  9999.00  9999.00  9999.00  9999.00
 00008   990.70    12.63    27.14     1.06   202.49    21.88  9999.00  9999.00  9999.00  9999.00
 00009   948.55     0.90    51.26     2.38   331.05    37.01  9999.00  9999.00  9999.00  9999.00
 00010   967.49    11.78    31.49     3.94   289.71    22.40  9999.00  9999.00  9999.00  9999.00
 00011   998.24    10.06    40.59     2.87   336.82    23.96  9999.00  9999.00  9999.00  9999.00
 00012  1011.85    19.14    19.41     3.51   325.91    18.66  9999.00  9999.00  9999.00  9999.00
 00013  1006.24    20.31    86.86     3.24   336.49    15.16  9999.00  9999.00  9999.00  9999.00
 00014  1001.98    24.07    79.52     1.91   263.52    14.66  9999.00  9999.00  9999.00  9999.00
 00015   994.22    18.15    76.03     5.06   355.21    19.38  9999.00  9999.00  9999.00  9999.00
 00016   961.11    18.06    39.21     3.04   264.78    19.40  9999.00  9999.00  9999.00  9999.00
 00017   999.02    19.38    32.81     3.97   242.32    18.16  9999.00  9999.00  9999.00  9999.00
 00018  1005.54    23.54    67.50     4.04   355.55    21.99  9999.00  9999.00  9999.00  9999.00
 00019   943.24    17.88    56.76     3.84   222.04    24.23  9999.00  9999.00  9999.00  9999.00
 00020  1007.33    24.07    76.96     2.53   260.21    15.00  9999.00  9999.00  9999.00  9999.00
 00021   892.80    13.50    34.64     1.83   152.98    29.52  9999.00  9999.00  9999.00  9999.00
 00022  1014.84    16.71    33.01     2.57   358.15    18.64  9999.00  9999.00  9999.00  9999.00
 00023   917.97     8.94    61.04     1.57    87.21    26.43  9999.00  9999.00  9999.00  9999.00
 00024   947.20     5.78    42.26     4.89   116.01    29.24  9999.00  9999.00  9999.00  9999.00
 00025   796.05    22.32    26.28     4.59   296.56    24.53  9999.00  9999.00  9999.00  9999.00
 00026  1004.85    22.50    89.80     0.96   173.87     8.70  9999.00  9999.00  9999.00  9999.00
 00027  1001.78    22.63    94.55     1.94    15.64     9.09  9999.00  9999.00  9999.00  9999.00
 00028   971.14    20.79    98.14     1.31    22.44     6.23  9999.00  9999.00  9999.00  9999.00
 00029  1004.90    28.16    72.58     3.28   195.08    24.07  9999.00  9999.00  9999.00  9999.00
 00030   992.48    27.73    80.74     4.03   167.74    12.52  9999.00  9999.00  9999.00  9999.00
 00031   579.05     2.00     9.67     2.93    76.54    26.54  9999.00  9999.00  9999.00  9999.00
 00032   974.22    26.36    68.67     1.63   245.97    19.15  9999.00  9999.00  9999.00  9999.00
 00033  1006.44    24.75    86.54     4.69   150.72    26.65  9999.00  9999.00  9999.00  9999.00
 00034  1010.67    27.72    77.03     2.33   192.69    28.47  9999.00  9999.00  9999.00  9999.00
 00035  1006.33    30.99    63.74     5.81   178.82    26.48  9999.00  9999.00  9999.00  9999.00
 00036   778.07    17.01    59.72     2.22   132.73    23.28  9999.00  9999.00  9999.00  9999.00
 00037   964.75    26.61    67.20     1.72   261.18    20.63  9999.00  9999.00  9999.00  9999.00
 00038   992.90    27.55    66.52     2.21   254.99    23.01  9999.00  9999.00  9999.00  9999.00
 00039  1006.17    25.10    81.63     2.13   194.57    22.43  9999.00  9999.00  9999.00  9999.00
 00040  1004.57    27.06    74.12     2.35   207.49    23.54  9999.00  9999.00  9999.00  9999.00
 00041   965.35    22.60    78.15     1.41   311.47    15.34  9999.00  9999.00  9999.00  9999.00
 00042  1006.22    22.47    85.91     3.92   320.85    20.13  9999.00  9999.00  9999.00  9999.00
 00043   998.59    22.18    96.72     0.42   143.29     4.08  9999.00  9999.00  9999.00  9999.00
 00044   980.25    22.15    91.98     0.51   296.15     8.68  9999.00  9999.00  9999.00  9999.00
 00045  1004.57    27.06    74.12     2.35   207.49    23.54  9999.00  9999.00  9999.00  9999.00
 00046   939.94    22.99    78.19     3.01   226.18    22.35  9999.00  9999.00  9999.00  9999.00
 00047   996.79    24.46    82.92     1.48   160.64    13.49  9999.00  9999.00  9999.00  9999.00
 00048   611.86     3.40    19.72     1.87    25.52    30.05  9999.00  9999.00  9999.00  9999.00
 00049   581.66     0.41    27.97     2.59    23.78    25.72  9999.00  9999.00  9999.00  9999.00
 00050   998.12    27.56    69.25     2.42   226.84    21.95  9999.00  9999.00  9999.00  9999.00
