stn_id       p       t2      rh2      spd      dir      vis    rain6   rain24   tmax24   tmin24 
 00001  9999.00    22.20  9999.00     2.00   290.00    17.00  9999.00  9999.00  9999.00  9999.00
 00002  1003.21    15.60  9999.00     2.00   110.00     4.40  9999.00  9999.00  9999.00  9999.00
 00003   919.17    12.70  9999.00     2.00   110.00     7.00  9999.00  9999.00  9999.00  9999.00
 00004   847.55    11.50  9999.00     1.00   250.00    19.00  9999.00  9999.00  9999.00  9999.00
 00005  9999.00  9999.00  9999.00  9999.00  9999.00  9999.00  9999.00  9999.00  9999.00  9999.00
 00006   874.04    11.20  9999.00    11.00   160.00     7.00  9999.00  9999.00  9999.00  9999.00
 00007  1012.11     3.10  9999.00     0.00   140.00    13.00  9999.00  9999.00  9999.00  9999.00
 00008   988.55    10.50  9999.00     2.00   140.00     7.00  9999.00  9999.00  9999.00  9999.00
 00009   969.36    -0.80  9999.00     3.00   360.00    30.00  9999.00  9999.00  9999.00  9999.00
 00010   992.35     3.60  9999.00     2.00   180.00     7.00  9999.00  9999.00  9999.00  9999.00
 00011   997.92    12.10  9999.00     3.00   200.00     6.00  9999.00  9999.00  9999.00  9999.00
 00012  1010.24    13.60  9999.00     2.00    70.00  9999.00  9999.00  9999.00  9999.00  9999.00
 00013  1014.16    12.10  9999.00     3.00   110.00    12.00  9999.00  9999.00  9999.00  9999.00
 00014  1010.14    12.30  9999.00     2.00   340.00     1.50  9999.00  9999.00  9999.00  9999.00
 00015   994.54    14.40  9999.00     2.00   110.00    25.00  9999.00  9999.00  9999.00  9999.00
 00016   951.09    21.90  9999.00     7.00   160.00    20.00  9999.00  9999.00  9999.00  9999.00
 00017   998.65    14.40  9999.00     1.00   110.00     6.00  9999.00  9999.00  9999.00  9999.00
 00018  1010.46    11.40  9999.00     1.00    20.00     7.00  9999.00  9999.00  9999.00  9999.00
 00019  9999.00    17.60  9999.00     1.00    40.00     6.00  9999.00  9999.00  9999.00  9999.00
 00020  1015.12     8.50  9999.00     0.00     0.00     8.00  9999.00  9999.00  9999.00  9999.00
 00021   914.39    -2.00  9999.00     3.00   320.00    30.00  9999.00  9999.00  9999.00  9999.00
 00022  1014.10    12.90  9999.00     2.00   140.00     9.00  9999.00  9999.00  9999.00  9999.00
 00023   942.70    -6.90  9999.00     2.00   200.00    30.00  9999.00  9999.00  9999.00  9999.00
 00024   969.07    -4.90  9999.00     5.00   270.00    30.00  9999.00  9999.00  9999.00  9999.00
 00025   806.80    14.20    67.92     2.00   200.00    22.00  9999.00  9999.00  9999.00  9999.00
 00026  1006.71    15.30  9999.00     1.00    20.00    10.00  9999.00  9999.00  9999.00  9999.00
 00027  1000.79    17.20  9999.00     2.00   110.00    23.00  9999.00  9999.00  9999.00  9999.00
 00028   974.83    18.70  9999.00     1.00   220.00    13.00  9999.00  9999.00  9999.00  9999.00
 00029  1006.87    19.80  9999.00     1.00   290.00  9999.00  9999.00  9999.00  9999.00  9999.00
 00030   993.32    19.50  9999.00     3.00    90.00     0.10  9999.00  9999.00  9999.00  9999.00
 00031   617.90     1.20    22.06     3.00   270.00     3.30  9999.00  9999.00  9999.00  9999.00
 00032  1005.11    14.30  9999.00     1.00   250.00     6.00  9999.00  9999.00  9999.00  9999.00
 00033  1006.31    24.70  9999.00     3.00   140.00    14.00  9999.00  9999.00  9999.00  9999.00
 00034  1009.30    26.10  9999.00     2.00    90.00    17.00  9999.00  9999.00  9999.00  9999.00
 00035  1006.29    25.20  9999.00     2.00   140.00    14.00  9999.00  9999.00  9999.00  9999.00
 00036   829.60    21.00    30.68     5.00   180.00    30.00  9999.00  9999.00  9999.00  9999.00
 00037  1009.30    13.50  9999.00     1.00    20.00  9999.00  9999.00  9999.00  9999.00  9999.00
 00038  1010.22    17.50  9999.00     1.00   290.00     3.30  9999.00  9999.00  9999.00  9999.00
 00039  1011.64    14.90  9999.00     2.00    20.00     4.90  9999.00  9999.00  9999.00  9999.00
 00040  1006.83    17.10  9999.00     1.00    20.00     4.20  9999.00  9999.00  9999.00  9999.00
 00041   815.30     8.80    38.81     2.00   140.00    24.00  9999.00  9999.00  9999.00  9999.00
 00042  1012.18    11.90  9999.00     2.00   110.00     2.90  9999.00  9999.00  9999.00  9999.00
 00043  1008.40    13.30  9999.00     2.00   140.00    12.00  9999.00  9999.00  9999.00  9999.00
 00044  1005.08    12.40  9999.00     1.00    20.00     9.00  9999.00  9999.00  9999.00  9999.00
 00045  1006.83    17.10  9999.00     1.00    20.00     4.20  9999.00  9999.00  9999.00  9999.00
 00046   970.22    16.20  9999.00     1.00   270.00     0.20  9999.00  9999.00  9999.00  9999.00
 00047  1010.84    12.80  9999.00     1.00   270.00     2.00  9999.00  9999.00  9999.00  9999.00
 00048   645.60     2.00    70.88     0.00     0.00    27.00  9999.00  9999.00  9999.00  9999.00
 00049   594.50    -4.10    82.63     2.00   200.00     6.00  9999.00  9999.00  9999.00  9999.00
 00050  1012.04    14.40  9999.00     2.00   360.00     4.10  9999.00  9999.00  9999.00  9999.00
