stn_id       p       t2      rh2      spd      dir      vis    rain6   rain24   tmax24   tmin24 
 00001   957.22    31.50    73.19     1.97    20.52    25.98  9999.00  9999.00  9999.00  9999.00
 00002   981.57    26.57    93.06     1.27   303.85     7.68  9999.00  9999.00  9999.00  9999.00
 00003   894.13    23.28    90.42     2.33   344.97    11.99  9999.00  9999.00  9999.00  9999.00
 00004   830.25    17.47    94.77     2.51    87.07     1.70  9999.00  9999.00  9999.00  9999.00
 00005   863.67    20.94    78.50     1.58   258.25    26.18  9999.00  9999.00  9999.00  9999.00
 00006   872.62    23.56    52.60     1.78   231.32    28.17  9999.00  9999.00  9999.00  9999.00
 00007   989.89    24.05    82.26     2.81   332.50    24.90  9999.00  9999.00  9999.00  9999.00
 00008   975.96    23.08    89.15     3.75    24.31    26.64  9999.00  9999.00  9999.00  9999.00
 00009   941.32    20.06    71.63     2.16   119.98    39.80  9999.00  9999.00  9999.00  9999.00
 00010   960.36    15.78    96.34     3.35    94.79    22.92  9999.00  9999.00  9999.00  9999.00
 00011   985.29    20.83    88.60     4.97    88.61    28.59  9999.00  9999.00  9999.00  9999.00
 00012   996.79    26.20    92.65     1.25    22.58     1.65  9999.00  9999.00  9999.00  9999.00
 00013   998.83    28.32    79.84     2.00    83.08    24.48  9999.00  9999.00  9999.00  9999.00
 00014   996.35    28.56    73.05     2.30    64.87    25.35  9999.00  9999.00  9999.00  9999.00
 00015   981.83    28.44    81.50     1.73   227.66    21.12  9999.00  9999.00  9999.00  9999.00
 00016   945.44    25.58    93.13     1.99   248.77     2.53  9999.00  9999.00  9999.00  9999.00
 00017   982.73    30.26    72.93     2.90   183.26    24.54  9999.00  9999.00  9999.00  9999.00
 00018   997.27    28.63    77.18     2.06   138.60    24.71  9999.00  9999.00  9999.00  9999.00
 00019   925.61    26.69    89.24     1.53    52.60    26.35  9999.00  9999.00  9999.00  9999.00
 00020  1002.61    26.31    78.43     2.97   102.46    21.86  9999.00  9999.00  9999.00  9999.00
 00021   880.70    31.35    20.51     5.34   336.59    27.32  9999.00  9999.00  9999.00  9999.00
 00022   999.33    27.26    74.86     2.27   107.27    21.92  9999.00  9999.00  9999.00  9999.00
 00023   910.76    23.11    55.42     2.60   236.51    22.84  9999.00  9999.00  9999.00  9999.00
 00024   932.73    25.89    45.31     1.84   327.96    25.14  9999.00  9999.00  9999.00  9999.00
 00025   789.62    19.57    90.46     1.76   161.99    21.53  9999.00  9999.00  9999.00  9999.00
 00026   997.13    29.11    80.21     1.85   133.18    27.20  9999.00  9999.00  9999.00  9999.00
 00027   992.55    29.29    79.62     1.40   304.30    27.38  9999.00  9999.00  9999.00  9999.00
 00028   962.45    27.31    76.44     2.69    50.31    26.29  9999.00  9999.00  9999.00  9999.00
 00029   996.90    26.98    86.77     2.93   199.69    28.90  9999.00  9999.00  9999.00  9999.00
 00030   985.37    26.01    94.42     1.74   131.95    30.92  9999.00  9999.00  9999.00  9999.00
 00031   574.28    10.20    71.64     0.86   247.08    18.96  9999.00  9999.00  9999.00  9999.00
 00032   969.88    25.04    88.88     0.74   235.70     8.78  9999.00  9999.00  9999.00  9999.00
 00033  1000.49    23.78    97.61     2.85   165.26     2.12  9999.00  9999.00  9999.00  9999.00
 00034  1004.60    28.63    89.23     5.60   202.31    34.60  9999.00  9999.00  9999.00  9999.00
 00035   999.87    26.71    94.52     0.62   110.64    30.58  9999.00  9999.00  9999.00  9999.00
 00036   770.73    20.51    88.74     1.11   147.44    18.66  9999.00  9999.00  9999.00  9999.00
 00037   960.55    24.56    92.20     0.87   198.05     6.44  9999.00  9999.00  9999.00  9999.00
 00038   986.98    24.42    98.13     1.17   114.45     1.70  9999.00  9999.00  9999.00  9999.00
 00039  1000.58    25.69    92.57     1.63   174.34    17.61  9999.00  9999.00  9999.00  9999.00
 00040   998.03    25.67    91.66     0.55   140.69     0.21  9999.00  9999.00  9999.00  9999.00
 00041   959.63    29.65    62.65     1.68   100.45    25.24  9999.00  9999.00  9999.00  9999.00
 00042   998.79    28.81    76.10     1.95    62.87    25.15  9999.00  9999.00  9999.00  9999.00
 00043   990.97    28.49    86.69     1.59    99.27    27.84  9999.00  9999.00  9999.00  9999.00
 00044   973.81    29.90    68.17     1.02   135.23    25.64  9999.00  9999.00  9999.00  9999.00
 00045   998.03    25.67    91.66     0.55   140.69     0.21  9999.00  9999.00  9999.00  9999.00
 00046   934.32    22.98    99.36     1.22   147.58     0.79  9999.00  9999.00  9999.00  9999.00
 00047   992.91    24.63    92.33     1.42   106.07    23.23  9999.00  9999.00  9999.00  9999.00
 00048   604.32    14.63    63.47     0.49   209.67    28.20  9999.00  9999.00  9999.00  9999.00
 00049   578.06     7.07    85.89     1.43   199.50    23.33  9999.00  9999.00  9999.00  9999.00
 00050   993.18    25.00    97.31     0.28    73.38     9.05  9999.00  9999.00  9999.00  9999.00
