stn_id       p       t2      rh2      spd      dir      vis    rain6   rain24   tmax24   tmin24 
 00001   985.94     8.16    83.79     0.34   179.85    21.10     0.00  9999.00  9999.00  9999.00
 00002  1005.53    -2.10    68.27     1.41   278.79    24.54     0.00  9999.00  9999.00  9999.00
 00003   910.64    -3.43    57.17     1.09   252.03    22.96     0.00  9999.00  9999.00  9999.00
 00004   839.50    -3.50    40.62     3.20   230.84    22.64     0.00  9999.00  9999.00  9999.00
 00005   874.27    -5.62    52.61     0.96   109.26    24.46     0.00  9999.00  9999.00  9999.00
 00006   881.46    -2.09    35.29     6.04   242.70    25.06     0.00  9999.00  9999.00  9999.00
 00007  1012.59    -7.74    69.94     2.21   250.20    27.45     0.00  9999.00  9999.00  9999.00
 00008   991.70   -11.94    88.98     5.05   268.86    31.26     0.00  9999.00  9999.00  9999.00
 00009   938.73    -9.77    71.25     2.45   226.57    42.30     0.00  9999.00  9999.00  9999.00
 00010   957.79    -5.56    68.26     6.98   275.39    23.96     0.60  9999.00  9999.00  9999.00
 00011   994.72    -9.71    87.34     6.33   305.17    34.76     0.00  9999.00  9999.00  9999.00
 00012  1022.09    -2.99    57.78     1.27   164.64    24.26     0.00  9999.00  9999.00  9999.00
 00013  1027.13     2.80    73.02     1.17    28.80    19.27     0.00  9999.00  9999.00  9999.00
 00014  1023.77     5.42    66.32     2.07   304.94    18.45     0.00  9999.00  9999.00  9999.00
 00015  1007.74     0.30    47.10     2.77   182.96    20.89     0.00  9999.00  9999.00  9999.00
 00016   967.33    -0.26    72.79     0.51   192.44    20.83     0.00  9999.00  9999.00  9999.00
 00017  1010.27     2.37    74.97     2.12   290.38    19.92     0.00  9999.00  9999.00  9999.00
 00018  1025.66     3.49    72.72     1.84   141.32    18.86     0.00  9999.00  9999.00  9999.00
 00019   949.06     8.37    93.17     0.57   286.35    21.79     0.00  9999.00  9999.00  9999.00
 00020  1028.35     5.02    53.47     4.41   298.08    19.12     0.00  9999.00  9999.00  9999.00
 00021   893.53    -3.41    64.19     4.05   156.97    36.45     0.00  9999.00  9999.00  9999.00
 00022  1025.38    -2.10    53.48     2.45   229.18    23.08     0.00  9999.00  9999.00  9999.00
 00023   915.87     0.29    65.41     1.84   156.06    30.69     0.00  9999.00  9999.00  9999.00
 00024   947.69    -5.10    72.55     4.85   116.64    32.80     0.00  9999.00  9999.00  9999.00
 00025   802.53     8.25    65.98     1.19    81.69    19.53     0.00  9999.00  9999.00  9999.00
 00026  1024.85     7.45    87.66     2.03    29.67    18.47     0.00  9999.00  9999.00  9999.00
 00027  1019.84     6.86    92.04     1.75   147.82    18.74     0.00  9999.00  9999.00  9999.00
 00028   987.65     6.99    86.32     0.76   160.66    18.60     0.00  9999.00  9999.00  9999.00
 00029  1019.51    12.00    56.13     3.02    14.25    21.12     0.00  9999.00  9999.00  9999.00
 00030  1008.90    10.23    81.94     2.31   189.01    22.60     0.00  9999.00  9999.00  9999.00
 00031   575.44    -7.45    35.94     2.03   237.69    33.88     0.00  9999.00  9999.00  9999.00
 00032   990.68     7.65    70.57     2.07   310.13    17.73     0.00  9999.00  9999.00  9999.00
 00033  1019.80    18.88    59.43     8.73    49.40    24.00     0.00  9999.00  9999.00  9999.00
 00034  1018.13    25.38    64.32    12.05    38.23    27.83     0.04  9999.00  9999.00  9999.00
 00035  1018.58    19.32    66.48     4.69    31.50    24.18     0.00  9999.00  9999.00  9999.00
 00036   783.05     6.59    95.62     0.85   139.39     1.76     4.87  9999.00  9999.00  9999.00
 00037   980.72     7.08    73.21     1.65   307.75    17.62     0.00  9999.00  9999.00  9999.00
 00038  1008.16     9.82    60.83     1.67   317.60    20.09     0.00  9999.00  9999.00  9999.00
 00039  1022.01    15.84    50.93     8.03    84.45    19.68     0.00  9999.00  9999.00  9999.00
 00040  1019.17    14.58    47.03     5.12    49.93    20.99     0.00  9999.00  9999.00  9999.00
 00041   983.86     4.22    82.39     0.76    67.20    17.56     0.00  9999.00  9999.00  9999.00
 00042  1027.40     4.02    72.62     1.46   144.88    18.77     0.00  9999.00  9999.00  9999.00
 00043  1018.01     7.57    79.14     1.86    51.68    18.72     0.00  9999.00  9999.00  9999.00
 00044   999.00     6.26    84.17     0.99    88.76    17.96     0.00  9999.00  9999.00  9999.00
 00045  1019.17    14.58    47.03     5.12    49.93    20.99     0.00  9999.00  9999.00  9999.00
 00046   953.65     6.57    68.34     2.20    42.83    18.47     0.00  9999.00  9999.00  9999.00
 00047  1016.67     9.55    72.56     3.45   335.72    18.40     0.00  9999.00  9999.00  9999.00
 00048   607.83    -9.52    86.25     1.82   168.41    15.25     0.35  9999.00  9999.00  9999.00
 00049   578.13   -11.58    97.16     1.64    21.14     2.16     0.04  9999.00  9999.00  9999.00
 00050  1014.36    12.21    44.49     3.89   329.37    19.10     0.00  9999.00  9999.00  9999.00
