stn_id       p       t2      rh2      spd      dir      vis    rain6   rain24   tmax24   tmin24 
 00001   980.57    14.13    81.45     0.48    66.81    20.57  9999.00  9999.00  9999.00  9999.00
 00002   999.58     9.38    54.09     0.25   158.06    24.58  9999.00  9999.00  9999.00  9999.00
 00003   906.09     5.56    42.60     1.98   195.03    23.01  9999.00  9999.00  9999.00  9999.00
 00004   835.39     8.01    22.45     3.98   226.75    22.70  9999.00  9999.00  9999.00  9999.00
 00005   870.50     1.24    42.82     2.03   179.42    24.58  9999.00  9999.00  9999.00  9999.00
 00006   877.35     7.44    16.71     5.77   240.51    25.26  9999.00  9999.00  9999.00  9999.00
 00007  1008.24     9.43    58.02     6.27   191.39    27.92  9999.00  9999.00  9999.00  9999.00
 00008   990.19     0.12    83.56     6.87   195.77    31.84  9999.00  9999.00  9999.00  9999.00
 00009   928.28    -1.73    68.80     4.24   234.93    42.66  9999.00  9999.00  9999.00  9999.00
 00010   969.99     3.15    41.55     3.90   280.27    31.84  9999.00  9999.00  9999.00  9999.00
 00011   997.16    -5.69    89.11     7.39   194.04    35.44  9999.00  9999.00  9999.00  9999.00
 00012  1016.17     7.80    56.59     0.74   185.92    24.44  9999.00  9999.00  9999.00  9999.00
 00013  1020.38    15.85    67.75     1.88   167.69    19.40  9999.00  9999.00  9999.00  9999.00
 00014  1017.28    15.66    65.92     0.71    51.27    18.60  9999.00  9999.00  9999.00  9999.00
 00015  1001.61    13.25    50.05     5.08   189.61    21.00  9999.00  9999.00  9999.00  9999.00
 00016   960.86     7.94    81.05     0.66   269.86    20.94  9999.00  9999.00  9999.00  9999.00
 00017  1003.88    12.88    52.92     1.46   208.09    20.01  9999.00  9999.00  9999.00  9999.00
 00018  1018.97    12.56    86.51     1.53   151.32    13.50  9999.00  9999.00  9999.00  9999.00
 00019   943.88    11.37    85.92     0.95   187.69    19.71  9999.00  9999.00  9999.00  9999.00
 00020  1023.25    16.26    58.03     0.60   258.55    19.28  9999.00  9999.00  9999.00  9999.00
 00021   900.71    -1.01    96.22     1.04   263.99     4.15  9999.00  9999.00  9999.00  9999.00
 00022  1019.36    10.39    49.05     2.74   222.69    23.23  9999.00  9999.00  9999.00  9999.00
 00023   930.44     0.95    90.49     4.53   269.70    24.96  9999.00  9999.00  9999.00  9999.00
 00024   953.39     0.45    91.79     6.07   278.37    20.36  9999.00  9999.00  9999.00  9999.00
 00025   800.95     9.76    94.95     1.18   280.31    12.61  9999.00  9999.00  9999.00  9999.00
 00026  1018.27    15.33    66.45     1.64    58.85    18.48  9999.00  9999.00  9999.00  9999.00
 00027  1013.23    16.73    75.41     0.95   109.63    18.74  9999.00  9999.00  9999.00  9999.00
 00028   981.92    16.19    70.95     0.39    71.61    18.58  9999.00  9999.00  9999.00  9999.00
 00029  1014.88    20.97    53.31     1.92    60.71    21.07  9999.00  9999.00  9999.00  9999.00
 00030  1004.46    19.72    65.07     0.83     5.81    22.52  9999.00  9999.00  9999.00  9999.00
 00031   577.41     0.42    17.91     1.39   239.77    34.01  9999.00  9999.00  9999.00  9999.00
 00032   985.62    17.62    52.02     3.23    59.44    17.71  9999.00  9999.00  9999.00  9999.00
 00033  1016.78    20.26    74.00     5.80    63.67    23.95  9999.00  9999.00  9999.00  9999.00
 00034  1016.08    26.04    72.05    10.23    37.69    27.71  9999.00  9999.00  9999.00  9999.00
 00035  1015.70    24.73    59.31     4.54    52.55    24.10  9999.00  9999.00  9999.00  9999.00
 00036   781.46     7.64    84.84     0.85   210.13    16.20  9999.00  9999.00  9999.00  9999.00
 00037   975.72    17.65    47.75     2.41    69.45    17.60  9999.00  9999.00  9999.00  9999.00
 00038  1003.03    20.86    41.49     1.76    40.00    20.02  9999.00  9999.00  9999.00  9999.00
 00039  1016.32    21.20    60.20    10.04    30.87    19.64  9999.00  9999.00  9999.00  9999.00
 00040  1014.49    21.83    52.36     5.64    37.80    20.94  9999.00  9999.00  9999.00  9999.00
 00041   977.97    14.58    60.30     0.96   130.81    17.66  9999.00  9999.00  9999.00  9999.00
 00042  1020.42    16.15    65.32     1.70   105.12    18.89  9999.00  9999.00  9999.00  9999.00
 00043  1011.42    16.03    60.49     1.74    64.50    18.73  9999.00  9999.00  9999.00  9999.00
 00044   992.41    14.18    62.70     1.70    66.75    18.00  9999.00  9999.00  9999.00  9999.00
 00045  1014.49    21.83    52.36     5.64    37.80    20.94  9999.00  9999.00  9999.00  9999.00
 00046   948.65    16.06    49.40     0.76    39.60    18.45  9999.00  9999.00  9999.00  9999.00
 00047  1011.22    17.03    45.08     1.66    38.62    18.42  9999.00  9999.00  9999.00  9999.00
 00048   610.67    -8.80    52.77     1.20    71.83    32.52  9999.00  9999.00  9999.00  9999.00
 00049   580.32    -0.43    33.67     0.32   295.11    28.30  9999.00  9999.00  9999.00  9999.00
 00050  1008.83    21.46    49.18     6.58    34.05    19.08  9999.00  9999.00  9999.00  9999.00
