stn_id       p       t2      rh2      spd      dir      vis    rain6   rain24   tmax24   tmin24 
 00001   985.18     8.35    80.54     1.69    75.23    21.08     0.00  9999.00  9999.00  9999.00
 00002  1007.39    -2.73    73.91     1.10   272.50    24.56     0.00  9999.00  9999.00  9999.00
 00003   911.93    -5.31    68.66     0.76   315.56    22.97     0.00  9999.00  9999.00  9999.00
 00004   840.48    -3.86    48.03     2.61   218.81    22.64     0.00  9999.00  9999.00  9999.00
 00005   875.58    -5.70    50.31     0.94    66.04    24.45     0.00  9999.00  9999.00  9999.00
 00006   883.82    -3.66    46.55     5.16   225.76    25.07     0.00  9999.00  9999.00  9999.00
 00007  1013.38    -8.10    82.90     2.40   296.67    27.16     0.01  9999.00  9999.00  9999.00
 00008   991.47    -9.80    88.00     6.78   305.15    31.19     0.08  9999.00  9999.00  9999.00
 00009   941.58    -8.94    69.55     3.36   219.83    42.30     0.00  9999.00  9999.00  9999.00
 00010   958.96    -7.27    72.96     5.72   271.24    14.36     2.44  9999.00  9999.00  9999.00
 00011   994.77    -7.02    85.70     7.54   328.11    34.60     0.35  9999.00  9999.00  9999.00
 00012  1023.71    -3.85    58.88     1.42   114.67    24.25     0.00  9999.00  9999.00  9999.00
 00013  1025.15     1.66    67.74     2.20   335.91    19.22     0.00  9999.00  9999.00  9999.00
 00014  1020.99     5.17    73.51     2.62   324.36    18.39     0.00  9999.00  9999.00  9999.00
 00015  1007.99    -1.45    53.08     2.68    94.10    20.87     0.00  9999.00  9999.00  9999.00
 00016   966.96     0.47    70.94     0.56   156.54    20.81     0.00  9999.00  9999.00  9999.00
 00017  1009.74     3.49    67.73     2.49   333.13    19.89     0.00  9999.00  9999.00  9999.00
 00018  1024.01     1.95    77.74     2.20    44.82    18.82     0.00  9999.00  9999.00  9999.00
 00019   948.89     9.04    91.27     0.44   280.57    21.67     0.00  9999.00  9999.00  9999.00
 00020  1025.78     4.79    40.77     5.41   319.19    19.06     0.00  9999.00  9999.00  9999.00
 00021   895.58    -3.10    65.06     4.80   150.71    36.48     0.00  9999.00  9999.00  9999.00
 00022  1026.75    -1.59    41.55     2.09    47.86    23.07     0.00  9999.00  9999.00  9999.00
 00023   918.73     0.77    61.67     1.73   145.25    30.72     0.00  9999.00  9999.00  9999.00
 00024   949.69    -3.82    76.73     4.48   122.42    32.85     0.00  9999.00  9999.00  9999.00
 00025   802.45     9.26    65.55     1.26    90.17    19.53     0.00  9999.00  9999.00  9999.00
 00026  1022.71     6.11    83.18     1.60   322.22    18.42     0.00  9999.00  9999.00  9999.00
 00027  1018.93     8.11    85.75     0.83   133.41    18.73     0.00  9999.00  9999.00  9999.00
 00028   987.45     6.26    86.83     1.10   161.41    18.59     0.00  9999.00  9999.00  9999.00
 00029  1018.94    11.41    45.76     3.18     9.19    21.10     0.00  9999.00  9999.00  9999.00
 00030  1008.08    10.62    77.40     2.32    60.83    22.58     0.00  9999.00  9999.00  9999.00
 00031   575.46    -5.41    21.26     2.50   227.07    33.86     0.00  9999.00  9999.00  9999.00
 00032   988.44     5.43    73.77     2.47   305.97    17.68     0.00  9999.00  9999.00  9999.00
 00033  1019.69    18.75    60.92     3.71     7.26    24.01     0.00  9999.00  9999.00  9999.00
 00034  1017.54    26.12    69.55    11.29    33.66    27.67     0.41  9999.00  9999.00  9999.00
 00035  1018.53    17.63    66.54     3.57   198.49    24.17     0.00  9999.00  9999.00  9999.00
 00036   783.12     6.44    87.19     0.65   108.21     4.38     0.67  9999.00  9999.00  9999.00
 00037   978.64     4.36    78.78     1.91   307.54    17.58     0.00  9999.00  9999.00  9999.00
 00038  1006.30     8.03    66.48     2.13   321.48    20.06     0.00  9999.00  9999.00  9999.00
 00039  1019.73    14.77    54.64     7.28   251.29    19.64     0.00  9999.00  9999.00  9999.00
 00040  1017.16    14.15    47.07     4.85    48.37    20.96     0.00  9999.00  9999.00  9999.00
 00041   982.01     3.73    85.89     1.49   331.37    17.52     0.00  9999.00  9999.00  9999.00
 00042  1025.65     3.68    68.38     2.09   209.32    18.72     0.00  9999.00  9999.00  9999.00
 00043  1016.05     7.52    72.63     0.34    97.66    18.68     0.00  9999.00  9999.00  9999.00
 00044   997.07     3.85    88.00     1.21   224.35    17.92     0.00  9999.00  9999.00  9999.00
 00045  1017.16    14.15    47.07     4.85    48.37    20.96     0.00  9999.00  9999.00  9999.00
 00046   952.62     3.96    69.68     1.75    40.84    18.45     0.00  9999.00  9999.00  9999.00
 00047  1013.66     8.44    74.16     3.04   306.51    18.35     0.00  9999.00  9999.00  9999.00
 00048   607.07    -6.02    77.15     1.64   176.34    35.23     0.17  9999.00  9999.00  9999.00
 00049   578.83    -6.83    97.25     0.48    33.05    15.73     0.04  9999.00  9999.00  9999.00
 00050  1012.14     9.36    54.63     4.18   332.24    19.06     0.00  9999.00  9999.00  9999.00
