stn_id       p       t2      rh2      spd      dir      vis    rain6   rain24   tmax24   tmin24 
 00001   983.97     9.49    92.45     0.85   248.51     5.77  9999.00  9999.00  9999.00  9999.00
 00002  1007.87    -9.66    82.83     1.58   275.99    26.78  9999.00  9999.00  9999.00  9999.00
 00003   910.76   -11.71    94.26     0.67   138.09    11.94  9999.00  9999.00  9999.00  9999.00
 00004   837.86    -8.96    76.51     2.08   253.14    25.44  9999.00  9999.00  9999.00  9999.00
 00005   875.88   -15.09    90.97     0.44   149.46    25.92  9999.00  9999.00  9999.00  9999.00
 00006   883.54    -7.52    72.35     6.01   257.61    32.87  9999.00  9999.00  9999.00  9999.00
 00007  1015.32   -15.12    92.70     2.22   218.58    27.32  9999.00  9999.00  9999.00  9999.00
 00008   995.60    -9.20    73.67     4.12   197.86    42.06  9999.00  9999.00  9999.00  9999.00
 00009   941.62   -21.34    90.50     2.48    21.99    23.71  9999.00  9999.00  9999.00  9999.00
 00010   975.60    -8.60    55.23     0.44   146.78    41.51  9999.00  9999.00  9999.00  9999.00
 00011  1003.43   -16.43    86.03     5.87   180.35    45.94  9999.00  9999.00  9999.00  9999.00
 00012  1024.35    -5.95    69.27     0.61   275.07    29.03  9999.00  9999.00  9999.00  9999.00
 00013  1026.36     6.27    73.15     1.30   336.12    21.55  9999.00  9999.00  9999.00  9999.00
 00014  1021.81     8.48    69.08     2.49   336.99    21.57  9999.00  9999.00  9999.00  9999.00
 00015  1008.64    -0.77    78.97     1.77   206.31    18.27  9999.00  9999.00  9999.00  9999.00
 00016   969.09     2.58    51.39     2.10   238.21    21.73  9999.00  9999.00  9999.00  9999.00
 00017  1011.32     2.04    49.54     2.21   236.72    21.46  9999.00  9999.00  9999.00  9999.00
 00018  1025.65     5.19    71.19     0.25   298.44    20.78  9999.00  9999.00  9999.00  9999.00
 00019   947.49     9.84    72.73     0.34   210.48    24.41  9999.00  9999.00  9999.00  9999.00
 00020  1026.74    10.62    69.99     4.42   321.64    21.58  9999.00  9999.00  9999.00  9999.00
 00021   900.89    -9.58    60.64     3.91   154.99    40.83  9999.00  9999.00  9999.00  9999.00
 00022  1027.61    -2.61    64.20     1.80   250.69    26.75  9999.00  9999.00  9999.00  9999.00
 00023   926.94    -4.32    84.70     1.76   151.75    34.40  9999.00  9999.00  9999.00  9999.00
 00024   954.93    -9.22    95.53     2.40   123.20    36.95  9999.00  9999.00  9999.00  9999.00
 00025   799.03    11.23    73.40     3.21   220.20    18.94  9999.00  9999.00  9999.00  9999.00
 00026  1024.04     7.35    68.87     3.35    16.41    19.79  9999.00  9999.00  9999.00  9999.00
 00027  1020.70     6.98    72.72     2.72   332.96    19.21  9999.00  9999.00  9999.00  9999.00
 00028   987.56     7.38    70.98     2.94     7.60    18.14  9999.00  9999.00  9999.00  9999.00
 00029  1016.58    17.90    59.71     3.87    21.53    20.93  9999.00  9999.00  9999.00  9999.00
 00030  1004.90    19.05    70.31     3.41    57.38    22.07  9999.00  9999.00  9999.00  9999.00
 00031   572.52    -8.04    31.75     1.19   249.58    36.29  9999.00  9999.00  9999.00  9999.00
 00032   988.03    12.13    45.39     2.03    56.17    18.77  9999.00  9999.00  9999.00  9999.00
 00033  1016.35    20.74    86.04     8.74    61.88    18.62  9999.00  9999.00  9999.00  9999.00
 00034  1015.96    26.00    88.23     7.78    55.35    10.96  9999.00  9999.00  9999.00  9999.00
 00035  1015.16    24.72    80.33     6.00    54.25    20.95  9999.00  9999.00  9999.00  9999.00
 00036   778.89     6.02    74.99     0.82   221.00    19.36  9999.00  9999.00  9999.00  9999.00
 00037   977.88    12.19    50.61     1.28    72.34    18.70  9999.00  9999.00  9999.00  9999.00
 00038  1005.00    17.37    53.98     2.34    56.56    20.46  9999.00  9999.00  9999.00  9999.00
 00039  1019.44    17.20    65.23    10.64    34.70    20.23  9999.00  9999.00  9999.00  9999.00
 00040  1016.20    18.98    53.28     7.40    38.61    20.99  9999.00  9999.00  9999.00  9999.00
 00041   981.94     6.09    73.78     1.52    49.02    19.84  9999.00  9999.00  9999.00  9999.00
 00042  1026.71     5.75    72.60     0.72   338.43    21.13  9999.00  9999.00  9999.00  9999.00
 00043  1017.10     7.17    71.06     2.45    31.69    19.93  9999.00  9999.00  9999.00  9999.00
 00044   996.34     7.26    70.35     2.34    59.23    19.75  9999.00  9999.00  9999.00  9999.00
 00045  1016.20    18.98    53.28     7.40    38.61    20.99  9999.00  9999.00  9999.00  9999.00
 00046   950.54    10.89    78.88     1.46    19.71    19.42  9999.00  9999.00  9999.00  9999.00
 00047  1013.67    11.85    64.38     4.03   323.00    20.22  9999.00  9999.00  9999.00  9999.00
 00048   605.53   -11.21    43.26     1.00    79.47    36.66  9999.00  9999.00  9999.00  9999.00
 00049   575.47    -8.83    40.27     0.83    36.30    28.80  9999.00  9999.00  9999.00  9999.00
 00050  1011.87    16.40    46.66     6.57    34.63    19.81  9999.00  9999.00  9999.00  9999.00
