stn_id       p       t2      rh2      spd      dir      vis    rain6   rain24   tmax24   tmin24 
 00001   962.19    25.02    92.59     1.99   254.82     1.38    22.89  9999.00  9999.00  9999.00
 00002   990.60    27.25    73.86     3.27     4.34    25.86     1.74  9999.00  9999.00  9999.00
 00003   900.52    22.93    72.96     3.32    39.75    10.66     1.56  9999.00  9999.00  9999.00
 00004   834.41    19.67    65.71     1.97    91.77    22.88     3.78  9999.00  9999.00  9999.00
 00005   868.10    25.81    46.16     2.09   160.24    26.54     0.00  9999.00  9999.00  9999.00
 00006   877.81    29.39    30.82     3.41   179.80    26.39     0.00  9999.00  9999.00  9999.00
 00007  1001.71    28.39    71.20     6.70   218.60    19.15     1.36  9999.00  9999.00  9999.00
 00008   984.33    27.60    69.67     7.68   223.48    26.20     0.15  9999.00  9999.00  9999.00
 00009   935.93    23.99    59.30     1.33   259.74    35.01     0.48  9999.00  9999.00  9999.00
 00010   965.59    27.95    72.36     2.56   251.77    11.83     2.60  9999.00  9999.00  9999.00
 00011   989.46    28.18    70.27     7.03   214.81    27.70     0.89  9999.00  9999.00  9999.00
 00012  1006.94    25.58    86.25     2.34     3.27     6.74     6.95  9999.00  9999.00  9999.00
 00013  1001.23    26.22    88.64     6.12    97.75     7.24    13.41  9999.00  9999.00  9999.00
 00014   996.27    29.08    76.77     7.03   104.89     4.39     1.98  9999.00  9999.00  9999.00
 00015   989.29    28.69    75.81     1.51   109.90    14.61     7.12  9999.00  9999.00  9999.00
 00016   946.44    26.52    81.75     1.52   264.31     3.17     7.41  9999.00  9999.00  9999.00
 00017   988.72    29.75    68.04     4.68    79.51    10.32     0.48  9999.00  9999.00  9999.00
 00018   998.88    25.89    91.20     5.50    81.66    14.74     6.18  9999.00  9999.00  9999.00
 00019   928.28    28.99    62.29     1.62    78.83    18.57     0.12  9999.00  9999.00  9999.00
 00020  1006.65    24.87    91.76     7.09   117.18     5.27     7.05  9999.00  9999.00  9999.00
 00021   878.00    34.82    16.61     3.18   336.35    25.84     0.00  9999.00  9999.00  9999.00
 00022  1008.22    29.64    70.23     4.37    13.43     6.70     2.08  9999.00  9999.00  9999.00
 00023   909.38    24.18    49.30     8.69   288.61    20.23     0.01  9999.00  9999.00  9999.00
 00024   927.23    34.32    17.72     5.14   250.56    23.48     0.00  9999.00  9999.00  9999.00
 00025   790.11    19.40    86.31     3.06    76.45     4.85     8.23  9999.00  9999.00  9999.00
 00026   994.17    28.36    76.74     4.30    26.35    25.14     0.31  9999.00  9999.00  9999.00
 00027   990.36    32.66    60.30     4.24     8.12    28.34     0.12  9999.00  9999.00  9999.00
 00028   962.82    29.49    78.43     2.09    99.83    25.00     7.67  9999.00  9999.00  9999.00
 00029   991.27    34.23    60.18     3.12   300.84    29.63     0.02  9999.00  9999.00  9999.00
 00030   982.67    33.48    61.98     1.61   313.74    31.35     0.08  9999.00  9999.00  9999.00
 00031   574.58    12.68    56.34     0.77   192.40    22.68     0.47  9999.00  9999.00  9999.00
 00032   961.12    22.52    99.41     5.82   115.16     0.39    38.88  9999.00  9999.00  9999.00
 00033   996.51    24.83    93.63     4.43   263.67     0.11     0.00  9999.00  9999.00  9999.00
 00034  1001.16    28.86    88.53     5.02   212.86    34.95     0.00  9999.00  9999.00  9999.00
 00035   996.17    31.68    70.33     1.89    35.64    19.91     0.70  9999.00  9999.00  9999.00
 00036   771.95    22.95    69.81     2.77   333.62    20.74     0.70  9999.00  9999.00  9999.00
 00037   951.23    22.88    99.51     4.74   100.98     0.33    35.60  9999.00  9999.00  9999.00
 00038   979.06    29.80    75.80     3.46   239.80    28.01    18.66  9999.00  9999.00  9999.00
 00039   992.14    26.54    88.98    12.22   191.18    22.96    34.38  9999.00  9999.00  9999.00
 00040   990.46    28.75    83.91     6.29   207.88     7.55     4.28  9999.00  9999.00  9999.00
 00041   958.32    27.14    77.83     3.69    96.76    18.48     1.23  9999.00  9999.00  9999.00
 00042   999.52    27.10    85.88     5.21    76.72    17.64     9.51  9999.00  9999.00  9999.00
 00043   987.98    27.68    79.57     3.69    21.41     9.87     0.85  9999.00  9999.00  9999.00
 00044   969.55    26.29    87.51     3.18    42.36     1.70     1.95  9999.00  9999.00  9999.00
 00045   990.46    28.75    83.91     6.29   207.88     7.55     4.28  9999.00  9999.00  9999.00
 00046   927.70    25.36    85.16     2.26   319.29    10.65     2.42  9999.00  9999.00  9999.00
 00047   991.19    24.51    86.97     6.39   115.46     1.79     6.58  9999.00  9999.00  9999.00
 00048   604.78    14.82    55.25     0.54   193.78    27.27     0.43  9999.00  9999.00  9999.00
 00049   577.99     9.50    88.51     1.78   211.18     3.65     2.11  9999.00  9999.00  9999.00
 00050   983.95    26.16    90.29     9.37   187.56     9.69    79.28  9999.00  9999.00  9999.00
