stn_id       p       t2      rh2      spd      dir      vis    rain6   rain24   tmax24   tmin24 
 00001   958.79    27.48    85.19     1.45    74.67    26.59     1.21     4.01    31.45    23.45
 00002   984.62    22.74    86.93     3.66   316.60    15.45     0.56    24.06    23.47    21.57
 00003   894.72    22.81    79.90     2.60    83.27    24.99     0.50     3.21    28.50    20.39
 00004   829.61    18.70    82.01     2.69    63.94    25.02     0.19     0.82    23.04    13.50
 00005   863.94    25.20    51.31     2.80    92.82    26.61     0.00     0.00    32.08    16.87
 00006   875.43    26.93    38.40     4.83   106.79    26.63     0.00     0.00    32.82    18.24
 00007  1002.47    23.15    92.45     2.06   125.45    25.22     2.47    45.84    23.92    21.15
 00008   987.95    22.43    83.21     3.55   197.94    26.38     0.02     0.02    25.59    21.84
 00009   943.04    20.73    89.46     0.99   344.41    36.82     1.21     2.08    27.41    13.95
 00010   968.58    21.97    82.12     1.76   236.97    24.13     0.03    12.76    24.71    20.31
 00011   993.02    24.39    78.55     5.33   211.63    28.05     2.93     6.31    27.87    21.99
 00012  1000.41    21.67    93.96     4.72    42.79     0.20    47.21   140.16    22.60    21.47
 00013  1002.01    26.36    94.61     2.16   128.47    13.39     3.66    16.68    28.10    24.64
 00014   999.72    27.59    86.65     1.66   183.65    20.83     3.26     4.78    32.36    25.03
 00015   983.41    25.44    82.00     2.19   200.92    19.60     0.08   129.79    26.46    23.06
 00016   943.30    25.82    87.26     0.78   234.88    26.09     2.09    10.49    29.41    22.16
 00017   985.37    27.90    74.81     2.34   144.80    25.75     0.25     2.35    30.91    24.02
 00018   999.88    26.28    89.01     3.04   154.78    18.74     0.67    17.16    28.20    24.32
 00019   925.11    26.44    83.82     1.12   308.87    18.18     0.86     2.60    29.68    22.47
 00020  1007.22    23.88    95.46     6.59   147.82     7.06    -0.00     0.39    26.74    23.89
 00021   882.59    24.89    29.07     3.68   297.87    26.14    -0.00     0.01    26.76    19.37
 00022  1001.41    22.16    98.18     4.73    95.13     6.32    10.09    88.42    22.44    20.63
 00023   905.89    32.12    19.99     2.36    76.96    21.66    -0.01    -0.01    33.24    16.80
 00024   930.58    31.36    15.45     2.76   314.74    23.76     0.00     0.00    32.05    17.23
 00025   790.68    18.70    88.25     1.97   109.09    11.20     4.20     5.25    23.57    16.49
 00026   999.42    27.46    90.97     1.38   138.72    28.39     0.85    12.16    31.57    25.14
 00027   994.21    27.18    93.74     2.40   122.22    28.32    11.26    20.14    31.68    25.94
 00028   963.91    26.94    87.39     0.90   209.55    26.82     2.08    23.49    29.45    23.83
 00029   998.56    27.81    85.27     2.16   120.87    29.65     0.56     3.92    31.32    25.02
 00030   986.18    27.60    84.89     2.19   127.19    26.46     1.53     3.03    30.88    25.25
 00031   571.86     9.61    76.94     1.67   144.62    17.32     2.90     4.53    16.23     5.25
 00032   972.68    23.88    95.51     0.96    77.63    19.49     2.82     3.37    29.43    22.98
 00033  1000.24    23.77    98.26     2.61   144.94     2.26     0.63     2.05    24.34    21.77
 00034  1004.14    27.31    87.05     2.88   249.16    13.37     2.69     3.84    28.66    27.34
 00035   999.88    28.03    81.96     3.97   159.62    30.29     0.93     2.61    32.14    26.43
 00036   771.39    20.29    79.47     1.17   199.99    24.62     2.99     5.20    23.37    15.52
 00037   963.23    23.99    96.65     0.68    75.89    15.31     5.78     6.66    30.01    23.29
 00038   989.37    25.68    96.78     0.48    74.66    28.03     4.44     8.39    29.55    23.86
 00039  1003.07    25.53    95.51     2.28    43.43    25.93     2.35     4.28    27.47    24.82
 00040  1000.66    26.16    93.45     0.91   128.08    19.42     0.75     5.50    28.33    25.15
 00041   962.53    24.74    93.37     1.02   143.94    26.77     2.74    10.24    28.84    22.94
 00042  1001.70    26.96    93.10     1.55   103.26    21.15     1.79    14.18    29.09    25.14
 00043   993.08    27.30    90.16     1.05   163.54    29.04     2.02     7.04    31.63    26.14
 00044   976.62    25.91    95.56     1.26    85.12    17.33    17.20    21.59    31.93    24.08
 00045  1000.66    26.16    93.45     0.91   128.08    19.42     0.75     5.50    28.33    25.15
 00046   936.16    24.33    95.36     0.73   122.25    27.74     2.30     3.52    29.40    21.95
 00047   997.12    23.88    99.02     1.49    75.65     4.81     0.72     4.42    25.47    23.60
 00048   602.56    12.78    69.27     1.14   219.81    26.30     2.19     7.41    17.26     8.12
 00049   576.50     6.93    89.83     2.15   208.23     8.54     3.31     6.52    10.02     4.27
 00050   995.51    25.94    93.11     1.34    39.52    26.49     0.93     2.40    30.14    24.73
