stn_id       p       t2      rh2      spd      dir      vis    rain6   rain24   tmax24   tmin24 
 00001   969.48    19.83    96.34     0.40   127.01     5.98     6.39  9999.00  9999.00  9999.00
 00002  1001.04    15.85    91.01     1.08   310.18    23.77     0.00  9999.00  9999.00  9999.00
 00003   907.54    12.79    88.48     2.33    31.91    19.77     0.41  9999.00  9999.00  9999.00
 00004   838.31     9.48    89.40     2.52   141.82    19.72     0.10  9999.00  9999.00  9999.00
 00005   873.10    13.24    79.75     3.13   206.93     9.93     0.10  9999.00  9999.00  9999.00
 00006   882.43    14.45    69.19     5.28   199.77    26.55     0.17  9999.00  9999.00  9999.00
 00007  1012.54    11.98    81.60     2.12   160.59    25.84     0.00  9999.00  9999.00  9999.00
 00008   997.20     8.33    83.09     2.20   163.04    26.85     0.00  9999.00  9999.00  9999.00
 00009   947.22     4.35    91.58     2.49   185.93    32.78     0.00  9999.00  9999.00  9999.00
 00010   977.77     4.40    94.25     0.86   244.46    29.61     0.00  9999.00  9999.00  9999.00
 00011  1004.93     9.82    74.53     2.60   177.65    27.72     0.00  9999.00  9999.00  9999.00
 00012  1017.44    14.13    74.62     1.39   186.79    23.30     0.00  9999.00  9999.00  9999.00
 00013  1012.59    19.45    80.46     3.66    76.49    22.83     0.09  9999.00  9999.00  9999.00
 00014  1009.17    19.66    88.51     1.51   336.39    24.61     0.28  9999.00  9999.00  9999.00
 00015  1000.00    17.71    78.13     1.46    76.03    20.03     0.00  9999.00  9999.00  9999.00
 00016   955.82    15.69    90.50     2.82    62.74    23.33     0.49  9999.00  9999.00  9999.00
 00017  1001.32    16.10    91.04     2.10    53.50     3.04     7.41  9999.00  9999.00  9999.00
 00018  1011.07    18.98    84.94     3.01    79.96     2.02     0.90  9999.00  9999.00  9999.00
 00019   934.97    17.48    88.13     1.55    51.80    19.37     0.72  9999.00  9999.00  9999.00
 00020  1015.51    20.54    89.17     2.68    83.00    22.87     0.44  9999.00  9999.00  9999.00
 00021   893.17     7.20    72.70     2.26   148.66    26.34     0.00  9999.00  9999.00  9999.00
 00022  1020.07    13.32    93.55     1.65    95.61    21.23     0.00  9999.00  9999.00  9999.00
 00023   920.03     9.74    90.35     4.67   274.90     0.64     9.09  9999.00  9999.00  9999.00
 00024   942.91    10.40    85.23     2.82   296.31     1.78     9.30  9999.00  9999.00  9999.00
 00025   795.58    16.70    96.75     2.30   183.47    21.83     0.11  9999.00  9999.00  9999.00
 00026  1008.73    21.39    88.35     2.84   145.74    24.05     0.01  9999.00  9999.00  9999.00
 00027  1004.76    22.14    91.08     1.97   342.27    22.90     0.01  9999.00  9999.00  9999.00
 00028   973.11    20.83    93.83     0.85     6.84    23.50     0.03  9999.00  9999.00  9999.00
 00029  1005.55    24.95    97.00     0.48   238.31    16.90     0.60  9999.00  9999.00  9999.00
 00030   994.21    24.27    96.04     1.70   165.44    28.76     0.00  9999.00  9999.00  9999.00
 00031   575.28     2.72    86.42     1.70   169.47    26.01     0.06  9999.00  9999.00  9999.00
 00032   977.85    20.90    83.71     2.19    36.19    13.83     0.50  9999.00  9999.00  9999.00
 00033  1007.29    22.90    99.41     1.82   114.48     0.27     0.09  9999.00  9999.00  9999.00
 00034  1007.92    27.38    88.34     6.02    55.02    23.00     0.84  9999.00  9999.00  9999.00
 00035  1006.34    25.31    96.64     1.43    23.96    10.50     0.00  9999.00  9999.00  9999.00
 00036   774.63    15.78    95.04     1.23   167.90    17.19     0.52  9999.00  9999.00  9999.00
 00037   968.26    21.49    85.56     1.37    55.05    17.15     0.20  9999.00  9999.00  9999.00
 00038   994.16    24.84    87.41     1.06    56.37    23.50     0.03  9999.00  9999.00  9999.00
 00039  1007.69    23.74    85.78     9.51    23.87    20.54     0.21  9999.00  9999.00  9999.00
 00040  1005.22    25.27    85.43     5.56    41.74    13.92     0.22  9999.00  9999.00  9999.00
 00041   970.55    18.37    97.25     1.28   115.97    21.34     0.01  9999.00  9999.00  9999.00
 00042  1012.07    19.19    86.13     3.36    81.38    23.57     0.01  9999.00  9999.00  9999.00
 00043  1002.44    22.02    90.47     1.95    31.89    24.52     0.01  9999.00  9999.00  9999.00
 00044   984.19    20.67    90.66     1.96    57.55    23.27     0.00  9999.00  9999.00  9999.00
 00045  1005.22    25.27    85.43     5.56    41.74    13.92     0.22  9999.00  9999.00  9999.00
 00046   941.53    21.93    96.97     1.00    93.69    24.20     0.02  9999.00  9999.00  9999.00
 00047  1002.56    21.58    87.52     1.44    57.91    21.03     0.12  9999.00  9999.00  9999.00
 00048   606.12     6.25    87.86     1.38   189.84    25.92     1.22  9999.00  9999.00  9999.00
 00049   580.07     1.23    97.18     1.18   191.29     1.51     2.80  9999.00  9999.00  9999.00
 00050  1000.40    23.12    82.49     5.72    19.58    23.08     0.06  9999.00  9999.00  9999.00
