stn_id       p       t2      rh2      spd      dir      vis    rain6   rain24   tmax24   tmin24 
 00001   982.40    20.00  9999.00     1.00   360.00     8.00  9999.00  9999.00  9999.00  9999.00
 00002  1010.85    22.70  9999.00     2.00   360.00    30.00  9999.00  9999.00  9999.00  9999.00
 00003   931.60    15.70  9999.00     3.00    20.00    13.00  9999.00  9999.00  9999.00  9999.00
 00004   863.51    13.70  9999.00     3.00    40.00    30.00  9999.00  9999.00  9999.00  9999.00
 00005   899.49    15.90  9999.00     4.00   140.00    30.00  9999.00  9999.00  9999.00  9999.00
 00006   892.55    13.70  9999.00     4.00    90.00    30.00  9999.00  9999.00  9999.00  9999.00
 00007  1011.41    19.00  9999.00     2.00   360.00    30.00  9999.00  9999.00  9999.00  9999.00
 00008   987.48    18.80  9999.00     1.00   270.00    22.00  9999.00  9999.00  9999.00  9999.00
 00009   957.56    16.00  9999.00     4.00   270.00    30.00  9999.00  9999.00  9999.00  9999.00
 00010   984.15    18.50  9999.00     2.00   320.00    30.00  9999.00  9999.00  9999.00  9999.00
 00011   998.41    19.90  9999.00     3.00   320.00    30.00  9999.00  9999.00  9999.00  9999.00
 00012  1015.72    23.50  9999.00     4.00    20.00    30.00  9999.00  9999.00  9999.00  9999.00
 00013  1013.26    18.90  9999.00     3.00    20.00    28.00  9999.00  9999.00  9999.00  9999.00
 00014  1007.35    16.90  9999.00     3.00   340.00    13.00  9999.00  9999.00  9999.00  9999.00
 00015   998.38    22.10  9999.00     5.00    20.00    30.00  9999.00  9999.00  9999.00  9999.00
 00016   969.71    15.20  9999.00     4.00    90.00    17.00  9999.00  9999.00  9999.00  9999.00
 00017  1005.78    21.60  9999.00     4.00   360.00    28.00  9999.00  9999.00  9999.00  9999.00
 00018  1011.56    20.30  9999.00     3.00   360.00    26.00  9999.00  9999.00  9999.00  9999.00
 00019   943.21    22.90  9999.00     3.00    40.00    26.00  9999.00  9999.00  9999.00  9999.00
 00020  1010.12    15.50  9999.00     3.00   290.00    16.00  9999.00  9999.00  9999.00  9999.00
 00021   914.39     7.70  9999.00     4.00   320.00    30.00  9999.00  9999.00  9999.00  9999.00
 00022  1019.30    23.10  9999.00     2.00    40.00    28.00  9999.00  9999.00  9999.00  9999.00
 00023   937.19    11.90  9999.00     2.00   320.00    30.00  9999.00  9999.00  9999.00  9999.00
 00024   964.38    10.70  9999.00     3.00   110.00    30.00  9999.00  9999.00  9999.00  9999.00
 00025   808.40    24.50    30.76     3.00   180.00    30.00  9999.00  9999.00  9999.00  9999.00
 00026  1007.71    21.60  9999.00     3.00    20.00    17.00  9999.00  9999.00  9999.00  9999.00
 00027  1007.34    15.70  9999.00     6.00   340.00    15.00  9999.00  9999.00  9999.00  9999.00
 00028   985.65    13.50  9999.00     2.00    20.00  9999.00  9999.00  9999.00  9999.00  9999.00
 00029  1003.09    23.50  9999.00     9.00   270.00     3.80  9999.00  9999.00  9999.00  9999.00
 00030   990.85    25.30  9999.00     4.00    20.00    30.00  9999.00  9999.00  9999.00  9999.00
 00031   623.80    10.40    12.87     3.00   340.00    30.00  9999.00  9999.00  9999.00  9999.00
 00032   998.67    20.00  9999.00     1.00   140.00     3.10  9999.00  9999.00  9999.00  9999.00
 00033  1000.91    35.00  9999.00     2.00   200.00    24.00  9999.00  9999.00  9999.00  9999.00
 00034  1005.30    31.80  9999.00     4.00   200.00    20.00  9999.00  9999.00  9999.00  9999.00
 00035  1001.10    32.30  9999.00     3.00   180.00    18.00  9999.00  9999.00  9999.00  9999.00
 00036   836.30    24.00    35.66     2.00   220.00    30.00  9999.00  9999.00  9999.00  9999.00
 00037  1002.63    20.10  9999.00     4.00   140.00    20.00  9999.00  9999.00  9999.00  9999.00
 00038  1003.24    27.00  9999.00     3.00    40.00    10.00  9999.00  9999.00  9999.00  9999.00
 00039  1004.45    24.20  9999.00     2.00    20.00     6.00  9999.00  9999.00  9999.00  9999.00
 00040  1000.66    26.10  9999.00     2.00   250.00     8.00  9999.00  9999.00  9999.00  9999.00
 00041   813.00     5.50   100.00    11.00   340.00     0.00  9999.00  9999.00  9999.00  9999.00
 00042  1012.38    18.50  9999.00     4.00    20.00    24.00  9999.00  9999.00  9999.00  9999.00
 00043  1009.50    20.50  9999.00     5.00    20.00    20.00  9999.00  9999.00  9999.00  9999.00
 00044  1002.40    22.00  9999.00     3.00   360.00    30.00  9999.00  9999.00  9999.00  9999.00
 00045  1000.66    26.10  9999.00     2.00   250.00     8.00  9999.00  9999.00  9999.00  9999.00
 00046   965.97    23.40  9999.00     3.00    20.00    30.00  9999.00  9999.00  9999.00  9999.00
 00047  1004.56    21.60  9999.00     1.00   250.00     6.00  9999.00  9999.00  9999.00  9999.00
 00048   650.30    13.70    28.81     2.00   320.00    19.00  9999.00  9999.00  9999.00  9999.00
 00049   600.60     3.10    78.81     4.00   200.00    30.00  9999.00  9999.00  9999.00  9999.00
 00050  1005.05    20.00  9999.00     8.00    70.00     1.90  9999.00  9999.00  9999.00  9999.00
