stn_id       p       t2      rh2      spd      dir      vis    rain6   rain24   tmax24   tmin24 
 00001   975.20    27.60    76.76     2.00   200.00     7.00     0.00     0.00    37.40    25.10
 00002   997.70    24.80    65.68     2.00   360.00    26.00     0.00     0.00    32.80    21.70
 00003   922.10    19.70    76.07     1.00    40.00    30.00     0.00     0.40    31.10    14.70
 00004   856.70    14.80    70.87     1.00   250.00    19.00     0.00     0.00    27.60     8.50
 00005   883.60    18.10    40.93     3.00   340.00    30.00     0.00     0.10    25.60    14.40
 00006   884.90    14.40    53.76     1.00   250.00    30.00     0.00     0.00    24.90    10.30
 00007  1002.50    18.80    95.07     2.00    40.00     6.00     0.00     0.00    28.20    15.60
 00008   980.90    19.70    65.93     3.00   250.00    13.00     0.00     0.00    25.50    15.80
 00009   955.80    14.80    64.90     2.00   270.00    30.00     0.00     0.00    23.40     5.90
 00010   977.90    21.40    96.95     1.00   270.00    29.00     2.00    14.30    25.00    20.20
 00011   992.40    21.40    77.82     2.00   200.00    30.00     0.00     0.00    25.70    16.90
 00012  1003.70    25.40    59.83     2.00    70.00    27.00     0.00     0.00    31.30    21.00
 00013  1003.30    26.00    87.05     3.00   360.00     6.00     0.00    47.00    27.70    23.30
 00014  1001.00    27.00    85.05     2.00   320.00    17.00     0.00     9.00    32.70    24.50
 00015   988.00    27.00    47.82     1.00   320.00    30.00     0.00     0.00    31.90    20.50
 00016   958.90    22.50    85.67     2.00   320.00    23.00     0.00     0.00    31.80    21.70
 00017   995.00    27.90    51.55     2.00    90.00    29.00     0.00     0.00    34.10    22.50
 00018  1005.00    27.70    75.85     2.00    70.00     8.00     0.00     0.00    32.00    23.70
 00019   939.30    26.00    80.88     1.00   290.00     9.00     0.00     0.00    33.30    24.20
 00020  1004.70    27.70    84.60     2.00   270.00     8.00     0.00    40.00    32.80    25.00
 00021   906.10    21.00    38.69     1.00    90.00    30.00     0.00     0.00    31.10    21.00
 00022  1007.60    27.00    59.80     1.00    90.00    23.00     0.00     0.00    30.10    20.50
 00023   928.30    19.40    34.91     4.00   250.00    18.00     0.00     0.00    31.20    19.20
 00024   954.40    14.10    83.15     1.00   320.00    30.00     0.00     0.00    30.50    13.30
 00025   808.60    19.30    86.99     0.00     0.00     8.00     0.00     1.00    24.80    18.80
 00026  1001.20    28.40    76.88     2.00    40.00    13.00     0.00    21.00    30.20    25.20
 00027   992.70    26.20    84.97     1.00   250.00     7.00     0.00     0.00    33.50    23.70
 00028   973.30    26.80    87.64     1.00   110.00    16.00     0.00     0.00    34.40    24.40
 00029   997.30    29.50    88.37     1.00    70.00    30.00     1.00     1.70    33.00    26.20
 00030   986.70    26.60    95.90     2.00   140.00  9999.00     0.00     0.00    34.80    26.20
 00031   623.90    12.50    65.68     3.00   290.00    30.00     0.00     0.40    21.70    11.30
 00032   997.00    26.30    95.90     0.00     0.00     8.00     0.00    44.00    32.90    23.60
 00033   997.50    28.20    86.71     2.00   200.00    26.00     0.00     0.00    31.80    26.70
 00034  1005.30    29.60    82.79     5.00   200.00    17.00     8.00    21.30    33.00    27.20
 00035  1002.10    27.70    88.77     0.00     0.00    30.00     0.10     1.30    33.40    26.30
 00036   837.50    17.60    92.03     0.00     0.00    21.00     0.00     3.00    21.10    16.60
 00037  1000.74    25.90  9999.00     1.00    90.00     8.00     0.00    21.00    31.90    23.70
 00038   999.80    26.60    89.77     1.00   270.00    11.00     0.00     1.10    34.30    25.00
 00039  1004.30    27.30    84.05     1.00   290.00    16.00     0.00     3.10    30.10    25.50
 00040  1000.30    27.90    93.13     1.00   250.00    18.00     0.00     0.00    31.60    26.90
 00041   814.50    14.80   100.00     5.00    40.00     0.10     0.20    33.50    17.60    14.10
 00042  1002.20    25.60    98.21     2.00   290.00     2.20     0.00     7.70    27.50    24.20
 00043   999.00    26.20   100.00     1.00   290.00     3.90     0.00    14.00    29.50    24.60
 00044   992.60    25.40    97.03     1.00    90.00     7.00    10.00    37.60    28.80    24.30
 00045  1000.30    27.90    93.13     1.00   250.00    18.00     0.00     0.00    31.60    26.90
 00046   960.90    23.60   100.00     0.00   220.00     4.70     3.00    22.30    29.60    23.10
 00047  1001.30    26.40    88.68     0.00     0.00    17.00     0.20    14.20    33.70    25.00
 00048   654.80    14.50    59.63     1.00   290.00    21.00     0.00     0.30    23.60    14.50
 00049   603.40     6.90    92.01     2.00   250.00    30.00     0.00     6.30    15.80     6.90
 00050   999.10    27.50    85.61     2.00   140.00    20.00     0.10     3.10    30.50    24.50
