stn_id       p       t2      rh2      spd      dir      vis    rain6   rain24   tmax24   tmin24 
 00001   979.09    19.83    73.14     0.50   271.18    22.46  9999.00  9999.00  9999.00  9999.00
 00002   997.00    19.41    57.13     0.68    30.88    23.43  9999.00  9999.00  9999.00  9999.00
 00003   905.39    15.49    49.49     2.16   199.33    22.20  9999.00  9999.00  9999.00  9999.00
 00004   836.36    12.68    62.19     4.07   233.16    22.16  9999.00  9999.00  9999.00  9999.00
 00005   870.84    10.82    62.67     1.86   194.90    24.57  9999.00  9999.00  9999.00  9999.00
 00006   879.22    14.80    26.14     6.22   249.17    25.42  9999.00  9999.00  9999.00  9999.00
 00007  1008.21    17.60    63.82     5.33   180.06    25.97  9999.00  9999.00  9999.00  9999.00
 00008   992.17    15.02    56.96     5.41   200.51    28.45  9999.00  9999.00  9999.00  9999.00
 00009   945.89     2.90    49.88     2.68   302.35    36.08  9999.00  9999.00  9999.00  9999.00
 00010   973.72    10.13    50.39     0.79   109.88    28.62  9999.00  9999.00  9999.00  9999.00
 00011   999.84    11.83    49.54     4.39   174.77    30.63  9999.00  9999.00  9999.00  9999.00
 00012  1012.97    17.91    70.46     1.23    59.57    23.43  9999.00  9999.00  9999.00  9999.00
 00013  1016.16    21.79    62.68     3.63   134.79    20.76  9999.00  9999.00  9999.00  9999.00
 00014  1013.38    20.83    64.54     1.47   135.60    20.66  9999.00  9999.00  9999.00  9999.00
 00015   998.08    22.48    58.11     4.74   192.06    20.33  9999.00  9999.00  9999.00  9999.00
 00016   959.43    17.10    73.78     1.65   260.86    21.10  9999.00  9999.00  9999.00  9999.00
 00017   999.64    22.89    57.43     1.59   253.80    20.42  9999.00  9999.00  9999.00  9999.00
 00018  1014.46    20.96    67.38     1.73   128.76    20.31  9999.00  9999.00  9999.00  9999.00
 00019   942.97    17.81    76.39     1.49   198.32    24.31  9999.00  9999.00  9999.00  9999.00
 00020  1019.91    21.79    59.91     4.28   125.91    20.36  9999.00  9999.00  9999.00  9999.00
 00021   892.26     7.68    59.58     1.42   123.04    29.26  9999.00  9999.00  9999.00  9999.00
 00022  1015.74    20.61    67.61     2.11   212.00    21.97  9999.00  9999.00  9999.00  9999.00
 00023   916.80     5.43    82.52     1.15   241.44    24.34  9999.00  9999.00  9999.00  9999.00
 00024   945.94     0.35    57.50     6.33   114.80    26.69  9999.00  9999.00  9999.00  9999.00
 00025   800.36    14.90    77.88     0.44   150.26    22.39  9999.00  9999.00  9999.00  9999.00
 00026  1013.67    22.37    75.68     0.99    34.67    17.71  9999.00  9999.00  9999.00  9999.00
 00027  1010.22    22.19    79.00     1.23   331.55    20.48  9999.00  9999.00  9999.00  9999.00
 00028   980.28    20.44    67.24     1.09   293.62    20.27  9999.00  9999.00  9999.00  9999.00
 00029  1010.56    24.20    82.90     2.28    92.33     9.97  9999.00  9999.00  9999.00  9999.00
 00030  1001.09    22.14    86.77     2.25   344.60    15.39  9999.00  9999.00  9999.00  9999.00
 00031   577.09     0.82    38.64     0.69   218.60    31.07  9999.00  9999.00  9999.00  9999.00
 00032   983.48    19.49    71.60     2.85    60.81    19.75  9999.00  9999.00  9999.00  9999.00
 00033  1012.35    21.92    98.19     1.53   154.53     0.54  9999.00  9999.00  9999.00  9999.00
 00034  1013.52    27.78    78.70     2.56    52.19    29.97  9999.00  9999.00  9999.00  9999.00
 00035  1011.19    27.02    91.40     0.65   144.38    25.98  9999.00  9999.00  9999.00  9999.00
 00036   781.53    12.59    73.56     1.05   312.89    22.79  9999.00  9999.00  9999.00  9999.00
 00037   973.67    19.81    69.81     2.16    73.93    19.66  9999.00  9999.00  9999.00  9999.00
 00038  1000.46    20.67    91.43     0.86    24.95     2.57  9999.00  9999.00  9999.00  9999.00
 00039  1014.25    22.41    75.76     9.12    29.90    19.35  9999.00  9999.00  9999.00  9999.00
 00040  1011.49    23.42    72.85     6.48    49.37    23.11  9999.00  9999.00  9999.00  9999.00
 00041   974.66    20.09    62.11     1.25   139.91    19.61  9999.00  9999.00  9999.00  9999.00
 00042  1015.81    22.54    59.30     1.86   108.64    20.53  9999.00  9999.00  9999.00  9999.00
 00043  1007.28    22.32    72.33     1.03    42.96    20.97  9999.00  9999.00  9999.00  9999.00
 00044   989.16    17.82    84.79     2.01    60.47    15.71  9999.00  9999.00  9999.00  9999.00
 00045  1011.49    23.42    72.85     6.48    49.37    23.11  9999.00  9999.00  9999.00  9999.00
 00046   946.49    18.47    91.81     0.85    77.26     5.25  9999.00  9999.00  9999.00  9999.00
 00047  1008.46    20.10    69.36     2.01    29.60    20.37  9999.00  9999.00  9999.00  9999.00
 00048   609.02     1.22    38.22     0.68    99.39    34.04  9999.00  9999.00  9999.00  9999.00
 00049   580.12    -1.29    56.40     0.94   278.97    28.44  9999.00  9999.00  9999.00  9999.00
 00050  1006.81    21.98    70.60     5.98    31.90    20.64  9999.00  9999.00  9999.00  9999.00
