stn_id       p       t2      rh2      spd      dir      vis    rain6   rain24   tmax24   tmin24 
 00001   962.14    25.20    90.14     1.85    28.16    22.66     8.41  9999.00  9999.00  9999.00
 00002   985.64    22.93    78.27     1.82   210.44    21.45     0.00  9999.00  9999.00  9999.00
 00003   898.16    17.50    64.62     1.87   270.43    20.43     0.00  9999.00  9999.00  9999.00
 00004   831.19    10.94    70.91     2.93   227.60    18.90     0.00  9999.00  9999.00  9999.00
 00005   863.29    14.76    28.82     3.21   246.68    18.65     0.05  9999.00  9999.00  9999.00
 00006   871.80    16.12    29.12     6.74   256.92    18.27     0.00  9999.00  9999.00  9999.00
 00007   993.92    20.87    70.24     6.12   183.28    20.44     0.00  9999.00  9999.00  9999.00
 00008   977.14    18.64    57.00     5.12   173.87    22.33     0.32  9999.00  9999.00  9999.00
 00009   940.88    12.23    59.62     1.07    89.99    37.15     0.00  9999.00  9999.00  9999.00
 00010   960.32    14.90    68.54     1.02   205.02    23.76     0.00  9999.00  9999.00  9999.00
 00011   986.53    16.91    56.61     2.39   208.91    24.67     0.38  9999.00  9999.00  9999.00
 00012   998.93    24.41    62.37     4.01   211.63    19.69     0.00  9999.00  9999.00  9999.00
 00013  1003.16    23.38    87.77     1.22    42.31    22.25     0.29  9999.00  9999.00  9999.00
 00014   999.48    22.72    91.11     2.41   234.11    24.87     0.02  9999.00  9999.00  9999.00
 00015   986.70    23.46    69.10     1.85   223.54    20.23     0.00  9999.00  9999.00  9999.00
 00016   950.61    18.94    94.77     1.42   195.70    22.79     0.90  9999.00  9999.00  9999.00
 00017   988.82    23.58    80.82     1.34   199.36    23.12     0.18  9999.00  9999.00  9999.00
 00018  1002.03    23.46    85.56     1.68    28.51    25.10     0.17  9999.00  9999.00  9999.00
 00019   930.18    24.21    68.07     1.95   110.63    24.09     6.14  9999.00  9999.00  9999.00
 00020  1005.81    22.15    91.27     2.52    33.13    20.55     0.01  9999.00  9999.00  9999.00
 00021   889.92    18.57    26.92     4.34   338.25    26.38     0.00  9999.00  9999.00  9999.00
 00022  1002.89    23.94    57.72     3.10   236.02    19.21     0.00  9999.00  9999.00  9999.00
 00023   918.11    19.90    25.14     3.51   101.19    24.90     0.00  9999.00  9999.00  9999.00
 00024   940.72    19.26    31.47     6.44   304.74    26.58     0.00  9999.00  9999.00  9999.00
 00025   789.51    26.91    34.61     3.25   205.70    26.12     0.04  9999.00  9999.00  9999.00
 00026   999.87    25.24    80.40     3.90    15.20    27.28     0.02  9999.00  9999.00  9999.00
 00027   996.77    25.01    78.43     2.99   341.81    26.11     0.07  9999.00  9999.00  9999.00
 00028   966.57    23.74    81.12     2.06     5.31    25.83     0.00  9999.00  9999.00  9999.00
 00029   995.06    29.53    82.40     1.43   333.27    27.48     0.19  9999.00  9999.00  9999.00
 00030   984.64    29.79    76.24     2.16   142.47    31.60     0.00  9999.00  9999.00  9999.00
 00031   573.04    12.48    11.52     4.42   241.21    23.60     0.00  9999.00  9999.00  9999.00
 00032   966.54    24.10    84.68     3.03    50.41    21.95     0.03  9999.00  9999.00  9999.00
 00033   998.72    23.00    90.57     4.30   273.42    19.21     0.03  9999.00  9999.00  9999.00
 00034  1003.15    27.81    86.29     4.50   231.31    31.59     0.00  9999.00  9999.00  9999.00
 00035   998.18    29.85    67.57     1.70   142.32    29.92     0.00  9999.00  9999.00  9999.00
 00036   769.91    26.79    33.37     1.03   132.88    24.48     0.00  9999.00  9999.00  9999.00
 00037   957.19    24.70    85.00     2.03    64.01    22.94     0.05  9999.00  9999.00  9999.00
 00038   982.61    28.11    77.76     0.77   224.05    25.80     0.03  9999.00  9999.00  9999.00
 00039   995.59    26.28    81.00    11.14    28.31    20.37     0.01  9999.00  9999.00  9999.00
 00040   994.18    28.11    78.27     1.01   181.10    23.32     0.00  9999.00  9999.00  9999.00
 00041   962.39    22.11    91.10     2.16    14.56    22.34     0.13  9999.00  9999.00  9999.00
 00042  1003.22    23.35    85.96     1.64   347.20    18.70     0.34  9999.00  9999.00  9999.00
 00043   993.43    26.14    81.38     2.44    38.01    27.70     0.32  9999.00  9999.00  9999.00
 00044   974.37    25.71    85.20     1.51   344.51    23.45     0.69  9999.00  9999.00  9999.00
 00045   994.18    28.11    78.27     1.01   181.10    23.32     0.00  9999.00  9999.00  9999.00
 00046   932.73    23.79    89.55     1.88   357.69    22.98     0.83  9999.00  9999.00  9999.00
 00047   991.54    24.72    88.87     4.36    41.49    22.18     0.09  9999.00  9999.00  9999.00
 00048   602.31    16.75    31.93     1.56   140.43    26.63     0.04  9999.00  9999.00  9999.00
 00049   578.40     4.74    78.77     2.24   205.19    23.16     0.01  9999.00  9999.00  9999.00
 00050   988.40    26.63    76.31     6.91    26.18    23.42     0.03  9999.00  9999.00  9999.00
