stn_id       p       t2      rh2      spd      dir      vis    rain6   rain24   tmax24   tmin24 
 00001   967.05    25.20    89.81     1.18   243.66    14.93  9999.00  9999.00  9999.00  9999.00
 00002   995.35    18.19    94.89     1.74   312.21     4.84  9999.00  9999.00  9999.00  9999.00
 00003   903.19    14.66    91.32     0.57    98.29    20.35  9999.00  9999.00  9999.00  9999.00
 00004   834.54    11.65    93.08     3.11   188.21    12.41  9999.00  9999.00  9999.00  9999.00
 00005   867.57    13.21    90.64     3.43   183.25    10.21  9999.00  9999.00  9999.00  9999.00
 00006   879.03    13.25    82.24     4.88   118.07     1.86  9999.00  9999.00  9999.00  9999.00
 00007  1004.29    20.69    52.32     2.17   112.77    20.49  9999.00  9999.00  9999.00  9999.00
 00008   990.99    18.19    44.40     3.47    12.69    22.48  9999.00  9999.00  9999.00  9999.00
 00009   946.88    10.18    75.30     1.35   177.30    37.16  9999.00  9999.00  9999.00  9999.00
 00010   968.14    16.73    43.65     4.16   314.61    23.73  9999.00  9999.00  9999.00  9999.00
 00011   997.42    16.84    52.91     1.78   290.90    24.85  9999.00  9999.00  9999.00  9999.00
 00012  1010.94    20.83    82.45     2.52   268.36    19.54  9999.00  9999.00  9999.00  9999.00
 00013  1006.67    21.07    91.47     2.50    55.57    13.15  9999.00  9999.00  9999.00  9999.00
 00014  1002.54    23.40    87.58     3.02    27.61    25.70  9999.00  9999.00  9999.00  9999.00
 00015   993.83    17.27    95.41     2.39    36.90    15.77  9999.00  9999.00  9999.00  9999.00
 00016   955.83    17.93    93.08     1.75   225.76    19.03  9999.00  9999.00  9999.00  9999.00
 00017   995.92    18.42    95.05     1.80   315.37    23.03  9999.00  9999.00  9999.00  9999.00
 00018  1005.57    21.30    90.08     2.05    35.58    14.04  9999.00  9999.00  9999.00  9999.00
 00019   933.55    24.64    71.14     1.04   319.19    26.37  9999.00  9999.00  9999.00  9999.00
 00020  1009.05    22.91    90.29     3.08    41.30    22.69  9999.00  9999.00  9999.00  9999.00
 00021   895.17     9.46    55.61     1.13    99.71    26.57  9999.00  9999.00  9999.00  9999.00
 00022  1013.59    20.70    65.25     1.31   325.46    19.25  9999.00  9999.00  9999.00  9999.00
 00023   921.61     7.14    59.87     1.46   181.44    25.04  9999.00  9999.00  9999.00  9999.00
 00024   945.08     8.73    53.53     2.07   292.46    26.74  9999.00  9999.00  9999.00  9999.00
 00025   795.76    21.13    69.27     1.66   175.03    26.36  9999.00  9999.00  9999.00  9999.00
 00026  1003.05    27.30    84.42     3.93   103.70    27.33  9999.00  9999.00  9999.00  9999.00
 00027  1000.81    24.20    91.70     4.68   341.57    27.17  9999.00  9999.00  9999.00  9999.00
 00028   970.22    25.84    89.79     1.71   102.80    25.89  9999.00  9999.00  9999.00  9999.00
 00029  1000.33    29.36    78.09     1.97   266.10    27.68  9999.00  9999.00  9999.00  9999.00
 00030   991.56    27.41    81.19     1.27   285.37    31.67  9999.00  9999.00  9999.00  9999.00
 00031   576.58     0.15    81.40     1.56   195.03    23.89  9999.00  9999.00  9999.00  9999.00
 00032   971.83    25.04    80.90     1.11    42.09    22.94  9999.00  9999.00  9999.00  9999.00
 00033  1005.04    23.31    96.01     2.03   252.79     6.35  9999.00  9999.00  9999.00  9999.00
 00034  1006.84    27.54    86.39     1.03   153.64    31.53  9999.00  9999.00  9999.00  9999.00
 00035  1004.15    26.69    83.85     1.48   266.75    29.99  9999.00  9999.00  9999.00  9999.00
 00036   776.61    19.44    71.45     1.12    31.62    24.56  9999.00  9999.00  9999.00  9999.00
 00037   962.40    24.75    83.03     0.70    84.19    21.46  9999.00  9999.00  9999.00  9999.00
 00038   987.87    27.49    83.01     0.31    44.29    25.49  9999.00  9999.00  9999.00  9999.00
 00039  1001.59    26.34    79.22     9.13    37.07    24.95  9999.00  9999.00  9999.00  9999.00
 00040   998.91    28.20    78.27     0.98     9.69    26.46  9999.00  9999.00  9999.00  9999.00
 00041   964.93    25.30    90.71     1.80   215.75    25.21  9999.00  9999.00  9999.00  9999.00
 00042  1006.18    22.72    89.50     3.21    44.32    25.58  9999.00  9999.00  9999.00  9999.00
 00043   996.68    27.95    83.39     2.24    29.50    27.85  9999.00  9999.00  9999.00  9999.00
 00044   977.94    27.72    78.70     0.74    44.51    25.58  9999.00  9999.00  9999.00  9999.00
 00045   998.91    28.20    78.27     0.98     9.69    26.46  9999.00  9999.00  9999.00  9999.00
 00046   936.90    27.46    75.69     1.58    29.82    25.84  9999.00  9999.00  9999.00  9999.00
 00047   996.42    24.05    90.28     1.45    32.50     9.64  9999.00  9999.00  9999.00  9999.00
 00048   607.76     3.94    69.61     1.05   196.37    26.89  9999.00  9999.00  9999.00  9999.00
 00049   580.72    -2.50    94.90     1.03    33.93     7.52  9999.00  9999.00  9999.00  9999.00
 00050   994.23    27.65    69.38     5.61    38.14    24.44  9999.00  9999.00  9999.00  9999.00
