stn_id       p       t2      rh2      spd      dir      vis    rain6   rain24   tmax24   tmin24 
 00001   978.88    23.20  9999.00     3.00   200.00     5.00  9999.00  9999.00  9999.00  9999.00
 00002   995.67    21.70  9999.00     1.00   270.00     1.40  9999.00  9999.00  9999.00  9999.00
 00003   913.33    23.20  9999.00     1.00   220.00    30.00  9999.00  9999.00  9999.00  9999.00
 00004   850.78    14.50  9999.00     1.00    40.00    13.00  9999.00  9999.00  9999.00  9999.00
 00005   892.10     8.70  9999.00     3.00   340.00    16.00  9999.00  9999.00  9999.00  9999.00
 00006   881.19     9.20  9999.00    10.00   290.00     3.00  9999.00  9999.00  9999.00  9999.00
 00007   998.87    20.50  9999.00     3.00   180.00    30.00  9999.00  9999.00  9999.00  9999.00
 00008   975.07    16.30  9999.00     7.00   250.00     7.00  9999.00  9999.00  9999.00  9999.00
 00009   958.33     9.20  9999.00     1.00   270.00    30.00  9999.00  9999.00  9999.00  9999.00
 00010   979.28    13.00  9999.00     4.00    90.00    19.00  9999.00  9999.00  9999.00  9999.00
 00011   985.19    15.10  9999.00     1.00   180.00    17.00  9999.00  9999.00  9999.00  9999.00
 00012  1001.87    18.30  9999.00     1.00    40.00     1.90  9999.00  9999.00  9999.00  9999.00
 00013  1009.46    20.30  9999.00     3.00   140.00    12.00  9999.00  9999.00  9999.00  9999.00
 00014  1005.95    20.20  9999.00     1.00   110.00     7.00  9999.00  9999.00  9999.00  9999.00
 00015   985.69    26.10  9999.00     5.00   160.00    30.00  9999.00  9999.00  9999.00  9999.00
 00016   952.53    24.70  9999.00     1.00    20.00    27.00  9999.00  9999.00  9999.00  9999.00
 00017   991.53    27.60  9999.00     2.00   180.00    13.00  9999.00  9999.00  9999.00  9999.00
 00018  1005.57    22.00  9999.00     1.00    70.00    23.00  9999.00  9999.00  9999.00  9999.00
 00019   939.62    22.30  9999.00     1.00   110.00    13.00  9999.00  9999.00  9999.00  9999.00
 00020  1010.92    18.50  9999.00     2.00   140.00     8.00  9999.00  9999.00  9999.00  9999.00
 00021   906.53    17.60  9999.00     1.00   320.00    27.00  9999.00  9999.00  9999.00  9999.00
 00022  1004.20    20.50  9999.00     4.00    20.00     0.70  9999.00  9999.00  9999.00  9999.00
 00023   931.13    16.40  9999.00     4.00   250.00    30.00  9999.00  9999.00  9999.00  9999.00
 00024   959.61    12.70  9999.00     1.00   360.00    30.00  9999.00  9999.00  9999.00  9999.00
 00025   808.00    22.60    47.57     5.00   220.00    26.00  9999.00  9999.00  9999.00  9999.00
 00026  1002.33    26.20  9999.00     1.00    70.00    11.00  9999.00  9999.00  9999.00  9999.00
 00027   999.49    25.90  9999.00     1.00    90.00    11.00  9999.00  9999.00  9999.00  9999.00
 00028   978.63    20.30  9999.00     0.00     0.00     4.60  9999.00  9999.00  9999.00  9999.00
 00029  1003.88    28.30  9999.00     2.00   160.00    23.00  9999.00  9999.00  9999.00  9999.00
 00030   990.85    28.50  9999.00     2.00    90.00    15.00  9999.00  9999.00  9999.00  9999.00
 00031   622.20    11.30    14.83     4.00   250.00    30.00  9999.00  9999.00  9999.00  9999.00
 00032  1001.84    22.80  9999.00     2.00   160.00    13.00  9999.00  9999.00  9999.00  9999.00
 00033  1004.71    29.10  9999.00     2.00   110.00    11.00  9999.00  9999.00  9999.00  9999.00
 00034  1007.70    29.60  9999.00     2.00   180.00    11.00  9999.00  9999.00  9999.00  9999.00
 00035  1004.79    29.30  9999.00     2.00   180.00    10.00  9999.00  9999.00  9999.00  9999.00
 00036   836.60    18.60    83.64     2.00    70.00    27.00  9999.00  9999.00  9999.00  9999.00
 00037  1005.82    23.10  9999.00     3.00   140.00    10.00  9999.00  9999.00  9999.00  9999.00
 00038  1007.13    24.40  9999.00     1.00   110.00     3.80  9999.00  9999.00  9999.00  9999.00
 00039  1008.74    23.10  9999.00     3.00    40.00     7.00  9999.00  9999.00  9999.00  9999.00
 00040  1004.54    24.00  9999.00     7.00    70.00     4.90  9999.00  9999.00  9999.00  9999.00
 00041   816.10    16.40    21.77     3.00   270.00    15.00  9999.00  9999.00  9999.00  9999.00
 00042  1007.68    21.00  9999.00     3.00   110.00    11.00  9999.00  9999.00  9999.00  9999.00
 00043  1004.42    26.60  9999.00     1.00    70.00    12.00  9999.00  9999.00  9999.00  9999.00
 00044   999.72    25.00  9999.00     2.00    20.00    16.00  9999.00  9999.00  9999.00  9999.00
 00045  1004.54    24.00  9999.00     7.00    70.00     4.90  9999.00  9999.00  9999.00  9999.00
 00046   965.49    25.60  9999.00     1.00   160.00    13.00  9999.00  9999.00  9999.00  9999.00
 00047  1008.15    21.00  9999.00     2.00    90.00    20.00  9999.00  9999.00  9999.00  9999.00
 00048   652.40     6.50    78.76     1.00    70.00    20.00  9999.00  9999.00  9999.00  9999.00
 00049   601.10     1.60    83.97     2.00   180.00     8.00  9999.00  9999.00  9999.00  9999.00
 00050  1008.84    22.30  9999.00     6.00    40.00     6.00  9999.00  9999.00  9999.00  9999.00
