stn_id       p       t2      rh2      spd      dir      vis    rain6   rain24   tmax24   tmin24 
 00001   988.99     4.84    77.69     1.35    91.16    21.09  9999.00  9999.00  9999.00  9999.00
 00002  1006.27    -0.14    42.02     2.06   298.70    24.48  9999.00  9999.00  9999.00  9999.00
 00003   910.15    -3.98    41.97     2.28   252.98    22.87  9999.00  9999.00  9999.00  9999.00
 00004   839.62    -8.88    55.12     2.14   299.66    22.56  9999.00  9999.00  9999.00  9999.00
 00005   876.60    -9.18    55.23     2.09   292.48    24.39  9999.00  9999.00  9999.00  9999.00
 00006   887.72   -12.05    75.21     3.53   288.77    25.04  9999.00  9999.00  9999.00  9999.00
 00007  1006.90    -9.30    69.96     3.18   288.80    27.06  9999.00  9999.00  9999.00  9999.00
 00008   986.91   -13.04    92.52     3.75   228.31    25.04  9999.00  9999.00  9999.00  9999.00
 00009   952.39   -15.04    97.33     2.28   250.66    30.94  9999.00  9999.00  9999.00  9999.00
 00010   960.83    -5.71    72.11     5.17   282.55    24.58  9999.00  9999.00  9999.00  9999.00
 00011   993.56    -7.18    97.14     2.75   266.21    29.43  9999.00  9999.00  9999.00  9999.00
 00012  1021.63    -1.36    30.95     3.51   339.59    24.11  9999.00  9999.00  9999.00  9999.00
 00013  1021.93     3.35    67.38     4.12   253.34    19.10  9999.00  9999.00  9999.00  9999.00
 00014  1019.62     3.91    66.18     3.00   256.50    18.28  9999.00  9999.00  9999.00  9999.00
 00015  1004.38     1.82    38.72     4.22   359.14    20.75  9999.00  9999.00  9999.00  9999.00
 00016   969.34     0.58    65.17     1.83   231.44    20.77  9999.00  9999.00  9999.00  9999.00
 00017  1008.02     7.29    34.95     6.07   300.09    19.78  9999.00  9999.00  9999.00  9999.00
 00018  1021.43     4.35    61.01     3.83   257.70    18.71  9999.00  9999.00  9999.00  9999.00
 00019   951.78     6.08    60.28     1.02   315.82    24.78  9999.00  9999.00  9999.00  9999.00
 00020  1023.64     3.30    66.53     3.97   264.38    18.97  9999.00  9999.00  9999.00  9999.00
 00021   898.38    -5.07    66.31     4.07   154.88    36.49  9999.00  9999.00  9999.00  9999.00
 00022  1024.28    -0.32    30.33     5.07   341.65    22.94  9999.00  9999.00  9999.00  9999.00
 00023   923.30    -0.80    47.57     1.49   172.96    30.73  9999.00  9999.00  9999.00  9999.00
 00024   952.72    -5.88    75.33     4.56   109.88    32.88  9999.00  9999.00  9999.00  9999.00
 00025   805.37     5.08    70.54     1.10    56.89    19.60  9999.00  9999.00  9999.00  9999.00
 00026  1025.02     2.08    85.19     1.86   257.45    18.40  9999.00  9999.00  9999.00  9999.00
 00027  1021.48     3.19    83.68     2.04   192.11    18.71  9999.00  9999.00  9999.00  9999.00
 00028   989.69     4.63    92.16     0.85   148.13    18.63  9999.00  9999.00  9999.00  9999.00
 00029  1020.07    10.04    56.72     3.64    43.96    21.14  9999.00  9999.00  9999.00  9999.00
 00030  1010.79    10.09    82.86     2.40   330.13    22.64  9999.00  9999.00  9999.00  9999.00
 00031   576.86    -6.53    72.56     1.94   203.87    32.25  9999.00  9999.00  9999.00  9999.00
 00032   988.51     4.71    85.67     1.99   322.13    17.68  9999.00  9999.00  9999.00  9999.00
 00033  1021.30    14.79    70.94     7.68     1.43    24.03  9999.00  9999.00  9999.00  9999.00
 00034  1017.47    25.00    87.35    13.98    18.99    19.81  9999.00  9999.00  9999.00  9999.00
 00035  1019.80    17.23    63.86     5.36    14.67    24.19  9999.00  9999.00  9999.00  9999.00
 00036   786.31     2.31    83.71     0.72    78.95    21.02  9999.00  9999.00  9999.00  9999.00
 00037   978.55     4.47    85.71     2.23   308.64    17.57  9999.00  9999.00  9999.00  9999.00
 00038  1006.84     7.02    74.70     1.40   299.26    20.07  9999.00  9999.00  9999.00  9999.00
 00039  1020.93    12.54    65.87     6.21   122.70    19.67  9999.00  9999.00  9999.00  9999.00
 00040  1017.91    12.13    54.05     5.18    51.28    20.98  9999.00  9999.00  9999.00  9999.00
 00041   981.33     0.58    81.07     1.80   244.73    17.43  9999.00  9999.00  9999.00  9999.00
 00042  1023.25     3.94    63.88     3.88   244.49    18.61  9999.00  9999.00  9999.00  9999.00
 00043  1018.66     3.04    80.41     1.66   234.62    18.68  9999.00  9999.00  9999.00  9999.00
 00044   998.07     2.21    85.36     1.70   240.19    17.88  9999.00  9999.00  9999.00  9999.00
 00045  1017.91    12.13    54.05     5.18    51.28    20.98  9999.00  9999.00  9999.00  9999.00
 00046   953.69     2.65    73.34     2.25    22.52    18.45  9999.00  9999.00  9999.00  9999.00
 00047  1013.61     7.01    71.80     3.55   335.57    18.29  9999.00  9999.00  9999.00  9999.00
 00048   609.65   -10.26    94.04     1.78   225.62     0.94  9999.00  9999.00  9999.00  9999.00
 00049   580.95    -8.24    67.86     0.44   125.03    27.90  9999.00  9999.00  9999.00  9999.00
 00050  1013.07     7.09    80.17     2.22   320.17    19.09  9999.00  9999.00  9999.00  9999.00
