stn_id       p       t2      rh2      spd      dir      vis    rain6   rain24   tmax24   tmin24 
 00001   995.44     6.34    83.64     1.49   306.02    21.15     0.00  9999.00  9999.00  9999.00
 00002  1010.08     4.36    40.86     5.07   285.60    24.51     0.00  9999.00  9999.00  9999.00
 00003   915.24    -3.29    58.20     2.12   260.69    22.93     0.00  9999.00  9999.00  9999.00
 00004   842.34    -7.74    78.72     3.97   291.92    22.33     0.06  9999.00  9999.00  9999.00
 00005   878.11    -6.86    68.96     2.93   270.99    24.35    -0.00  9999.00  9999.00  9999.00
 00006   887.50    -6.20    79.62     7.18   296.37    21.58     0.21  9999.00  9999.00  9999.00
 00007  1008.92     0.77    94.05     2.91   269.75    20.73     2.16  9999.00  9999.00  9999.00
 00008   990.61    -3.09    92.49     3.68   263.54    15.16     1.44  9999.00  9999.00  9999.00
 00009   947.99   -10.23    86.71     2.84    43.64    24.22     0.49  9999.00  9999.00  9999.00
 00010   971.15    -3.17    67.99     0.59   196.79    30.28     0.00  9999.00  9999.00  9999.00
 00011   997.10    -1.70    97.26     3.12   247.91     7.19     2.55  9999.00  9999.00  9999.00
 00012  1023.45     2.81    45.80     3.91   315.27    24.05     0.00  9999.00  9999.00  9999.00
 00013  1025.68     8.39    88.91     3.98   250.52    19.12     1.43  9999.00  9999.00  9999.00
 00014  1022.37     9.26    87.19     3.38   301.38    15.55     5.89  9999.00  9999.00  9999.00
 00015  1008.08     3.35    53.44     3.88   319.12    20.75     0.00  9999.00  9999.00  9999.00
 00016   977.68     0.42    58.18     2.09   248.86    20.83     0.00  9999.00  9999.00  9999.00
 00017  1014.76     6.16    38.35     7.15   291.79    19.82     0.00  9999.00  9999.00  9999.00
 00018  1025.84     8.70    81.51     5.50   290.44    18.74     0.18  9999.00  9999.00  9999.00
 00019   959.05     6.38    71.39     1.29   258.69    24.87    -0.00  9999.00  9999.00  9999.00
 00020  1026.22     8.03    89.67     5.17   301.57     6.34     6.35  9999.00  9999.00  9999.00
 00021   898.48    -6.44    73.93     3.70   153.47    36.40     0.00  9999.00  9999.00  9999.00
 00022  1026.09     3.35    43.61     5.72   315.03    22.89    -0.00  9999.00  9999.00  9999.00
 00023   921.64    -2.86    61.83     1.85   127.07    30.61     0.00  9999.00  9999.00  9999.00
 00024   953.73    -6.62    65.61     5.53   115.22    32.86     0.00  9999.00  9999.00  9999.00
 00025   806.76     3.93    72.22     5.43    75.87     9.36     0.28  9999.00  9999.00  9999.00
 00026  1028.33    10.08    81.15     3.78   328.79    18.43     1.20  9999.00  9999.00  9999.00
 00027  1027.33     8.54    93.06     3.19   333.80    18.79     0.02  9999.00  9999.00  9999.00
 00028   995.58     8.02    93.43     0.88    90.57    18.70     0.01  9999.00  9999.00  9999.00
 00029  1021.11    15.29    65.66     6.12     4.95    20.92     0.00  9999.00  9999.00  9999.00
 00030  1013.59    13.65    73.38     5.53     8.29    22.69     0.80  9999.00  9999.00  9999.00
 00031   576.51    -6.92    82.43     1.64   218.95    32.37     0.00  9999.00  9999.00  9999.00
 00032   988.34    15.07    89.27     3.63   298.51    17.56     2.03  9999.00  9999.00  9999.00
 00033  1020.24    19.45    88.05     9.78     4.17    22.37     1.60  9999.00  9999.00  9999.00
 00034  1018.28    27.52    78.71    10.10    42.10    25.83     0.41  9999.00  9999.00  9999.00
 00035  1018.73    22.91    91.43     5.71    21.61     9.97     0.84  9999.00  9999.00  9999.00
 00036   789.12     2.06    75.10     1.71    38.04    18.75     0.50  9999.00  9999.00  9999.00
 00037   978.78    14.89    89.99     3.50   297.76    17.44     1.71  9999.00  9999.00  9999.00
 00038  1006.60    18.35    81.30     1.74   318.84    13.14     0.05  9999.00  9999.00  9999.00
 00039  1019.87    20.37    75.19     4.37   319.70    19.69     0.05  9999.00  9999.00  9999.00
 00040  1017.89    20.41    73.96     2.92   328.56    21.04     0.00  9999.00  9999.00  9999.00
 00041   984.46     7.31    91.08     1.76   294.43    17.44     2.21  9999.00  9999.00  9999.00
 00042  1026.92     8.77    91.74     3.60   253.44    18.63     2.45  9999.00  9999.00  9999.00
 00043  1021.96     9.88    90.51     1.61   297.47    18.72     1.67  9999.00  9999.00  9999.00
 00044   999.91     9.81    92.74     3.06   272.27    17.16     5.32  9999.00  9999.00  9999.00
 00045  1017.89    20.41    73.96     2.92   328.56    21.04     0.00  9999.00  9999.00  9999.00
 00046   955.75     8.37    94.55     2.71     7.01    17.62     2.90  9999.00  9999.00  9999.00
 00047  1013.03    14.99    83.94     6.22   328.28    15.06     7.11  9999.00  9999.00  9999.00
 00048   608.69    -5.12    86.10     1.07   170.35    24.21     0.15  9999.00  9999.00  9999.00
 00049   580.15    -8.42    67.04     0.41    96.78    28.37    -0.00  9999.00  9999.00  9999.00
 00050  1011.98    17.95    82.32     2.82   317.85    19.09     1.19  9999.00  9999.00  9999.00
