stn_id       p       t2      rh2      spd      dir      vis    rain6   rain24   tmax24   tmin24 
 00001   969.20    34.20    45.45     3.00   110.00    29.00     0.00  9999.00  9999.00  9999.00
 00002   990.80    31.30    48.57     2.00   180.00    17.00     0.00  9999.00  9999.00  9999.00
 00003   915.50    27.80    54.53     1.00   110.00    30.00     0.00  9999.00  9999.00  9999.00
 00004   852.20    26.90    32.72     4.00   140.00    30.00     0.00  9999.00  9999.00  9999.00
 00005   877.70    26.10    32.74     5.00   220.00    16.00     0.00  9999.00  9999.00  9999.00
 00006   876.70    27.50    18.72     6.00   340.00    30.00     0.00  9999.00  9999.00  9999.00
 00007   997.40    27.30    55.85     3.00   200.00    30.00     0.00  9999.00  9999.00  9999.00
 00008   975.50    22.00    84.02     2.00   200.00    11.00     0.00  9999.00  9999.00  9999.00
 00009   951.40    19.90    92.16     0.00   250.00    14.00     0.80  9999.00  9999.00  9999.00
 00010   973.50    20.30   100.00     1.00   220.00    16.00     0.50  9999.00  9999.00  9999.00
 00011   986.50    22.80   100.00     1.00   320.00    11.00     0.20  9999.00  9999.00  9999.00
 00012   996.40    33.50    33.62     2.00   180.00    24.00     0.00  9999.00  9999.00  9999.00
 00013  1003.40    30.40    72.65     1.00   160.00    30.00     0.00  9999.00  9999.00  9999.00
 00014  1004.30    29.10    71.57     2.00   180.00    26.00     0.00  9999.00  9999.00  9999.00
 00015   984.10    32.30    45.56     4.00   180.00    26.00     0.00  9999.00  9999.00  9999.00
 00016   954.40    25.00    91.87     1.00   360.00     8.00     1.00  9999.00  9999.00  9999.00
 00017   989.30    34.00    50.44     2.00   180.00    24.00     0.00  9999.00  9999.00  9999.00
 00018  1003.90    30.90    68.48     3.00   160.00    30.00     0.00  9999.00  9999.00  9999.00
 00019   934.10    29.50    61.82     2.00    40.00    15.00     0.00  9999.00  9999.00  9999.00
 00020  1008.60    30.10    66.70     2.00   200.00    18.00     0.00  9999.00  9999.00  9999.00
 00021   900.50    27.90    17.77     2.00   340.00    30.00     0.00  9999.00  9999.00  9999.00
 00022  1000.90    32.40    37.69     2.00   180.00    30.00     0.00  9999.00  9999.00  9999.00
 00023   920.10    29.60    19.77     4.00    20.00    26.00     0.00  9999.00  9999.00  9999.00
 00024   950.20    26.60    27.73     2.00   110.00    30.00     0.00  9999.00  9999.00  9999.00
 00025   807.50    25.80    55.78     3.00   180.00    30.00     0.00  9999.00  9999.00  9999.00
 00026  1003.10    31.30    64.52     1.00   140.00    30.00     0.00  9999.00  9999.00  9999.00
 00027   993.10    30.50    65.55     3.00   160.00    30.00     0.00  9999.00  9999.00  9999.00
 00028   973.20    29.70    62.64     3.00   200.00    19.00     0.00  9999.00  9999.00  9999.00
 00029  1002.30    26.90    90.33     1.00   360.00    24.00     0.60  9999.00  9999.00  9999.00
 00030   990.60    25.90    88.10     2.00   140.00    30.00     0.00  9999.00  9999.00  9999.00
 00031   621.30    25.10    15.70     5.00   160.00    30.00     0.00  9999.00  9999.00  9999.00
 00032  1001.90    30.30    66.73     5.00   110.00    30.00     0.00  9999.00  9999.00  9999.00
 00033  1001.60    28.80    81.71     3.00   140.00    30.00     7.00  9999.00  9999.00  9999.00
 00034  1008.20    30.10    73.93     2.00    70.00    30.00     0.00  9999.00  9999.00  9999.00
 00035  1006.80    30.00    80.88     1.00   110.00    27.00     0.00  9999.00  9999.00  9999.00
 00036   830.40    31.10    35.62     3.00   200.00    30.00     0.00  9999.00  9999.00  9999.00
 00037  1004.80    31.10    65.67     4.00   110.00    22.00     0.00  9999.00  9999.00  9999.00
 00038  1005.60    29.00    71.56     0.00   340.00    19.00     0.00  9999.00  9999.00  9999.00
 00039  1009.40    29.90    65.85     3.00   270.00    26.00     0.00  9999.00  9999.00  9999.00
 00040  1006.20    28.80    81.71     2.00   200.00    14.00     0.00  9999.00  9999.00  9999.00
 00041   818.00    17.00   100.00     7.00   180.00     0.50     0.30  9999.00  9999.00  9999.00
 00042  1002.80    31.00    69.75     2.00   200.00    25.00     0.00  9999.00  9999.00  9999.00
 00043  1000.60    30.30    75.76     1.00   140.00    30.00     0.00  9999.00  9999.00  9999.00
 00044   996.80    28.20    75.92     1.00    40.00    30.00     0.00  9999.00  9999.00  9999.00
 00045  1006.20    28.80    81.71     2.00   200.00    14.00     0.00  9999.00  9999.00  9999.00
 00046   966.20    26.20    74.69     1.00   140.00    18.00     0.00  9999.00  9999.00  9999.00
 00047  1008.10    28.50    79.74     1.00   180.00    19.00     0.00  9999.00  9999.00  9999.00
 00048   649.10    25.90    20.66     2.00   270.00    24.00     0.00  9999.00  9999.00  9999.00
 00049   604.10     8.50    75.78     4.00   220.00    30.00     0.00  9999.00  9999.00  9999.00
 00050  1004.40    30.30    55.48     4.00   220.00    21.00     0.00  9999.00  9999.00  9999.00
