stn_id       p       t2      rh2      spd      dir      vis    rain6   rain24   tmax24   tmin24 
 00001   982.80    15.10    65.86     2.00   290.00    10.00     0.00  9999.00  9999.00  9999.00
 00002  1009.70     1.90    85.90     2.00   140.00     2.00     0.00  9999.00  9999.00  9999.00
 00003   926.50     1.70    70.85     0.00   320.00     4.00     0.00  9999.00  9999.00  9999.00
 00004   854.20     7.90    22.40     4.00   250.00    30.00     0.00  9999.00  9999.00  9999.00
 00005  9999.00  9999.00  9999.00  9999.00  9999.00  9999.00  9999.00  9999.00  9999.00  9999.00
 00006   878.40     3.00    48.74     9.00   200.00    13.00     0.00  9999.00  9999.00  9999.00
 00007  1014.10     2.90    60.78     4.00   200.00    13.00     0.00  9999.00  9999.00  9999.00
 00008   989.40    -3.60    73.66     6.00   220.00    10.00     0.40  9999.00  9999.00  9999.00
 00009   963.30   -16.10    43.96     1.00   180.00    30.00     0.00  9999.00  9999.00  9999.00
 00010   986.60    -1.80    94.23     1.00   290.00  9999.00     0.00  9999.00  9999.00  9999.00
 00011  1001.60    -2.60    80.97     4.00   250.00     3.60     0.50  9999.00  9999.00  9999.00
 00012  1016.70     3.00    63.13     3.00   160.00     3.50     0.00  9999.00  9999.00  9999.00
 00013  1019.00     6.10    82.75     2.00    90.00     7.00     0.00  9999.00  9999.00  9999.00
 00014  1016.60     9.70    78.17     3.00    40.00     7.00     0.00  9999.00  9999.00  9999.00
 00015  1000.40     8.40    48.83     2.00   290.00  9999.00     0.00  9999.00  9999.00  9999.00
 00016   965.10     3.80    69.72     4.00   110.00     3.90     0.00  9999.00  9999.00  9999.00
 00017  1008.10     4.60    71.96     2.00   180.00     2.80     0.00  9999.00  9999.00  9999.00
 00018  1020.00     6.30    85.75     3.00    70.00     9.00     0.00  9999.00  9999.00  9999.00
 00019   944.00    12.50    70.93     1.00    70.00  9999.00     0.00  9999.00  9999.00  9999.00
 00020  1021.90     8.10    76.84     2.00    20.00    19.00     0.10  9999.00  9999.00  9999.00
 00021   906.90    -3.50    94.15     1.00    40.00    11.00     0.00  9999.00  9999.00  9999.00
 00022  1021.60     1.70    73.00     3.00   180.00     2.70     0.00  9999.00  9999.00  9999.00
 00023   934.80    -6.80    66.38     9.00   250.00     5.00     1.00  9999.00  9999.00  9999.00
 00024   960.70    -6.20    73.74     1.00   340.00    25.00     1.00  9999.00  9999.00  9999.00
 00025   808.50    17.40    26.77     8.00   270.00    30.00     0.00  9999.00  9999.00  9999.00
 00026  1014.30     9.00    86.03     1.00    90.00     6.00     0.80  9999.00  9999.00  9999.00
 00027  1004.70     6.10    93.27     3.00   340.00     3.00     1.00  9999.00  9999.00  9999.00
 00028   983.00     6.10    97.26     2.00   360.00     3.30     0.10  9999.00  9999.00  9999.00
 00029  1005.70    22.60    83.57     2.00   360.00    26.00     0.20  9999.00  9999.00  9999.00
 00030   995.50    15.40    96.19     2.00    70.00     3.80     0.10  9999.00  9999.00  9999.00
 00031   619.40    10.70     1.37    15.00   320.00     2.60     0.00  9999.00  9999.00  9999.00
 00032  1008.40    14.60    91.86     1.00   360.00     5.00     2.00  9999.00  9999.00  9999.00
 00033  1004.60    29.40    56.68     3.00    90.00    30.00     0.00  9999.00  9999.00  9999.00
 00034  1012.00    28.40    75.95     2.00   110.00    18.00     0.00  9999.00  9999.00  9999.00
 00035  1010.20    27.30    70.84     3.00   140.00    30.00     0.00  9999.00  9999.00  9999.00
 00036   832.50    21.90    20.80     4.00   180.00    18.00     0.00  9999.00  9999.00  9999.00
 00037  1011.20    14.20    94.91     3.00   140.00     3.50     2.00  9999.00  9999.00  9999.00
 00038  1008.50    20.10    78.64     4.00   110.00     3.00     0.00  9999.00  9999.00  9999.00
 00039  1014.60    14.40    96.79     4.00    40.00     3.10    25.00  9999.00  9999.00  9999.00
 00040  1009.10    15.90    93.14     8.00    70.00     4.90     0.00  9999.00  9999.00  9999.00
 00041   814.70     4.00    86.73     5.00   220.00    30.00     0.00  9999.00  9999.00  9999.00
 00042  1017.50     7.50    81.20     2.00    70.00     8.00     0.00  9999.00  9999.00  9999.00
 00043  1011.10     9.10   100.00     3.00    40.00     5.00     0.00  9999.00  9999.00  9999.00
 00044  1005.20    11.60    81.73     2.00   360.00    15.00     0.00  9999.00  9999.00  9999.00
 00045  1009.10    15.90    93.14     8.00    70.00     4.90     0.00  9999.00  9999.00  9999.00
 00046   969.40    13.60    93.02     1.00   340.00  9999.00     1.00  9999.00  9999.00  9999.00
 00047  1015.70    10.60    85.02     2.00    90.00     8.00     0.10  9999.00  9999.00  9999.00
 00048   646.90     7.00     9.73     2.00    90.00    16.00     0.00  9999.00  9999.00  9999.00
 00049   595.50    -0.40    60.84     8.00   250.00    30.00     0.00  9999.00  9999.00  9999.00
 00050  1009.70    14.70    90.08     8.00    40.00     6.00     0.50  9999.00  9999.00  9999.00
