stn_id       p       t2      rh2      spd      dir      vis    rain6   rain24   tmax24   tmin24 
 00001   986.94     2.65    76.87     0.79   175.46    18.00     0.12  9999.00  9999.00  9999.00
 00002  1014.34   -20.48    86.21     1.88   303.40    26.38     0.00  9999.00  9999.00  9999.00
 00003   911.82   -18.72    85.12     0.97   287.46    24.77    -0.00  9999.00  9999.00  9999.00
 00004   837.27   -18.11    91.45     2.33   225.27    24.73    -0.00  9999.00  9999.00  9999.00
 00005   874.56   -25.32    93.94     1.51    62.00    27.33     0.00  9999.00  9999.00  9999.00
 00006   882.70   -18.40    68.55     4.50   213.13    29.95     0.00  9999.00  9999.00  9999.00
 00007  1027.17   -18.90    57.15     0.23    72.34    36.96     0.00  9999.00  9999.00  9999.00
 00008  1008.66   -22.78    79.63     2.25   257.77    41.96     0.00  9999.00  9999.00  9999.00
 00009   957.77   -33.00    91.87     2.32   288.92    52.57     0.00  9999.00  9999.00  9999.00
 00010   983.01   -21.83    75.27     2.20   272.14    41.80     0.00  9999.00  9999.00  9999.00
 00011  1015.75   -29.97    99.14     2.76   260.42    45.27     0.00  9999.00  9999.00  9999.00
 00012  1033.06   -24.89    94.81     1.63   101.47    28.47     0.00  9999.00  9999.00  9999.00
 00013  1030.72    -1.73    70.80     3.21    36.06     7.47     0.75  9999.00  9999.00  9999.00
 00014  1026.68    -0.62    76.16     2.30   327.52     5.63     1.54  9999.00  9999.00  9999.00
 00015  1014.95   -12.81    75.55     1.99   149.36    23.38     0.00  9999.00  9999.00  9999.00
 00016   970.65    -7.37    71.23     1.29   229.26    22.31     0.18  9999.00  9999.00  9999.00
 00017  1016.33    -8.97    91.33     1.00   219.22    21.60     0.13  9999.00  9999.00  9999.00
 00018  1029.25    -2.05    69.85     3.00    46.43    14.36     0.73  9999.00  9999.00  9999.00
 00019   949.01    -1.75    85.32     1.03   286.94    26.35     0.02  9999.00  9999.00  9999.00
 00020  1032.15     1.53    79.82     4.27   336.78     6.93     0.33  9999.00  9999.00  9999.00
 00021   901.73   -14.29    32.69     1.06   167.12    38.87     0.00  9999.00  9999.00  9999.00
 00022  1035.86   -15.74    70.35     0.99     9.72    26.61     0.00  9999.00  9999.00  9999.00
 00023   928.77   -16.75    32.02     2.32   148.78    34.56     0.00  9999.00  9999.00  9999.00
 00024   962.12   -28.98    96.22     2.89   112.96    31.90     0.03  9999.00  9999.00  9999.00
 00025   796.27     7.67    74.26     3.22   228.72    18.89     0.00  9999.00  9999.00  9999.00
 00026  1026.48    -0.78    87.79     3.90   245.33     5.92     3.76  9999.00  9999.00  9999.00
 00027  1023.21    -0.65    89.47     3.57   342.01     9.93     1.23  9999.00  9999.00  9999.00
 00028   990.44    -2.46    83.20     3.26     5.36    15.01     0.73  9999.00  9999.00  9999.00
 00029  1018.33     8.26    66.63     3.39   323.06    20.79    -0.00  9999.00  9999.00  9999.00
 00030  1008.05     6.66    77.53     2.68    13.08    18.53     0.32  9999.00  9999.00  9999.00
 00031   569.05   -12.75    81.23     2.27   220.18    31.43    -0.00  9999.00  9999.00  9999.00
 00032   990.57     7.36    89.56     2.30   327.78    17.77     1.13  9999.00  9999.00  9999.00
 00033  1016.99    20.43    88.68     8.34    56.40     6.54     0.79  9999.00  9999.00  9999.00
 00034  1015.29    27.33    79.60    12.49    71.73    17.49     0.58  9999.00  9999.00  9999.00
 00035  1015.60    23.48    83.09     4.23    57.94    18.71     0.22  9999.00  9999.00  9999.00
 00036   773.19     3.30    79.97     1.36   124.94    20.79     0.00  9999.00  9999.00  9999.00
 00037   980.57     6.73    90.92     1.52   328.72    16.97     0.72  9999.00  9999.00  9999.00
 00038  1007.86    11.71    76.36     1.04   328.39    20.10     0.00  9999.00  9999.00  9999.00
 00039  1021.77    13.79    81.98    10.26    16.73    13.40     0.02  9999.00  9999.00  9999.00
 00040  1018.87    14.13    76.69     7.17    29.58    12.31     0.00  9999.00  9999.00  9999.00
 00041   984.08    -2.27    82.34     2.24    51.51     3.39     2.21  9999.00  9999.00  9999.00
 00042  1030.34    -1.14    77.69     2.99    59.46     5.95     1.85  9999.00  9999.00  9999.00
 00043  1019.09    -0.26    89.85     3.09    29.00     3.82     2.06  9999.00  9999.00  9999.00
 00044   998.39     0.74    83.78     2.37    45.64    11.70     0.85  9999.00  9999.00  9999.00
 00045  1018.87    14.13    76.69     7.17    29.58    12.31     0.00  9999.00  9999.00  9999.00
 00046   951.80     6.79    91.79     1.41   103.08    18.33     0.96  9999.00  9999.00  9999.00
 00047  1016.62     6.40    88.70     4.33   327.98     4.83     2.07  9999.00  9999.00  9999.00
 00048   600.66   -10.37    82.75     1.20   172.73    36.42     0.00  9999.00  9999.00  9999.00
 00049   573.77   -11.45    40.52     1.07   195.88    21.92     0.02  9999.00  9999.00  9999.00
 00050  1014.16    10.82    76.02     5.61    30.42    18.56     0.05  9999.00  9999.00  9999.00
