stn_id       p       t2      rh2      spd      dir      vis    rain6   rain24   tmax24   tmin24 
 00001  9999.00    32.30  9999.00     1.00   200.00    15.00  9999.00  9999.00  9999.00  9999.00
 00002  9999.00    38.40  9999.00     2.00   250.00    30.00  9999.00  9999.00  9999.00  9999.00
 00003  9999.00    30.30  9999.00     3.00   200.00    27.00  9999.00  9999.00  9999.00  9999.00
 00004  9999.00    23.30  9999.00     3.00   290.00    30.00  9999.00  9999.00  9999.00  9999.00
 00005  9999.00    22.00  9999.00     3.00   270.00    30.00  9999.00  9999.00  9999.00  9999.00
 00006  9999.00    17.50  9999.00    11.00   290.00    18.00  9999.00  9999.00  9999.00  9999.00
 00007  9999.00    30.20  9999.00     5.00   200.00    30.00  9999.00  9999.00  9999.00  9999.00
 00008  9999.00    25.70  9999.00     4.00   140.00    12.00  9999.00  9999.00  9999.00  9999.00
 00009   952.09    25.90  9999.00     2.00   320.00    19.00  9999.00  9999.00  9999.00  9999.00
 00010   972.15    24.10  9999.00     5.00    70.00    26.00  9999.00  9999.00  9999.00  9999.00
 00011   983.71    23.90  9999.00     3.00    90.00    25.00  9999.00  9999.00  9999.00  9999.00
 00012  9999.00    33.30  9999.00     2.00   360.00    18.00  9999.00  9999.00  9999.00  9999.00
 00013  9999.00    28.50  9999.00     2.00   140.00     8.00  9999.00  9999.00  9999.00  9999.00
 00014   995.70    35.00  9999.00     4.00   220.00    27.00  9999.00  9999.00  9999.00  9999.00
 00015  9999.00    34.90  9999.00     3.00   250.00    30.00  9999.00  9999.00  9999.00  9999.00
 00016  9999.00    32.10  9999.00     2.00   250.00    30.00  9999.00  9999.00  9999.00  9999.00
 00017  9999.00    34.60  9999.00     2.00   180.00    26.00  9999.00  9999.00  9999.00  9999.00
 00018  9999.00    28.30  9999.00     2.00   250.00     9.00  9999.00  9999.00  9999.00  9999.00
 00019   932.72    28.80  9999.00     2.00    20.00    21.00  9999.00  9999.00  9999.00  9999.00
 00020   999.73    30.30  9999.00     3.00    70.00    23.00  9999.00  9999.00  9999.00  9999.00
 00021   899.87    22.20  9999.00     2.00    90.00    30.00  9999.00  9999.00  9999.00  9999.00
 00022  9999.00    32.00  9999.00     2.00   270.00     9.00  9999.00  9999.00  9999.00  9999.00
 00023   923.85    24.60  9999.00     2.00    40.00    30.00  9999.00  9999.00  9999.00  9999.00
 00024   950.82    24.40  9999.00     2.00   320.00    30.00  9999.00  9999.00  9999.00  9999.00
 00025   809.50    23.70    62.54     4.00   220.00    30.00  9999.00  9999.00  9999.00  9999.00
 00026   997.75    34.10  9999.00     7.00   250.00    30.00  9999.00  9999.00  9999.00  9999.00
 00027   994.63    31.70  9999.00     5.00   200.00    26.00  9999.00  9999.00  9999.00  9999.00
 00028   971.12    32.70  9999.00     5.00   200.00    30.00  9999.00  9999.00  9999.00  9999.00
 00029  1005.08    32.10  9999.00     4.00   200.00    30.00  9999.00  9999.00  9999.00  9999.00
 00030   992.33    31.40  9999.00     6.00   180.00    30.00  9999.00  9999.00  9999.00  9999.00
 00031   628.20    18.90    33.69     2.00    70.00    30.00  9999.00  9999.00  9999.00  9999.00
 00032   996.29    35.80  9999.00     3.00   160.00    30.00  9999.00  9999.00  9999.00  9999.00
 00033  1007.51    33.40  9999.00     4.00   180.00    30.00  9999.00  9999.00  9999.00  9999.00
 00034  1010.80    32.50  9999.00     3.00   180.00    30.00  9999.00  9999.00  9999.00  9999.00
 00035  1007.49    32.50  9999.00     3.00   160.00    30.00  9999.00  9999.00  9999.00  9999.00
 00036   834.40    28.20    50.57     3.00   180.00    30.00  9999.00  9999.00  9999.00  9999.00
 00037  1000.34    34.50  9999.00     2.00   220.00    30.00  9999.00  9999.00  9999.00  9999.00
 00038  1005.73    32.70  9999.00     4.00   270.00    30.00  9999.00  9999.00  9999.00  9999.00
 00039  1006.15    28.30  9999.00     8.00   220.00    11.00  9999.00  9999.00  9999.00  9999.00
 00040  1003.75    31.20  9999.00     7.00   220.00    17.00  9999.00  9999.00  9999.00  9999.00
 00041   812.10    17.90    98.74    12.00   250.00     0.00  9999.00  9999.00  9999.00  9999.00
 00042  9999.00    32.20  9999.00     6.00   220.00    29.00  9999.00  9999.00  9999.00  9999.00
 00043  1000.23    33.60  9999.00     7.00   200.00    30.00  9999.00  9999.00  9999.00  9999.00
 00044   994.95    33.60  9999.00     5.00   200.00    13.00  9999.00  9999.00  9999.00  9999.00
 00045  1003.75    31.20  9999.00     7.00   220.00    17.00  9999.00  9999.00  9999.00  9999.00
 00046   965.68    30.30  9999.00     5.00   180.00    30.00  9999.00  9999.00  9999.00  9999.00
 00047   998.78    36.50  9999.00     2.00   140.00    19.00  9999.00  9999.00  9999.00  9999.00
 00048   657.40    14.30    71.70     2.00   110.00    30.00  9999.00  9999.00  9999.00  9999.00
 00049   605.30    11.00    68.64     5.00   200.00    30.00  9999.00  9999.00  9999.00  9999.00
 00050  1005.25    32.00  9999.00     5.00   180.00    22.00  9999.00  9999.00  9999.00  9999.00
