stn_id       p       t2      rh2      spd      dir      vis    rain6   rain24   tmax24   tmin24 
 00001   991.18    13.13    62.17     1.47    99.90    21.15  9999.00  9999.00  9999.00  9999.00
 00002  1009.21     8.42    25.30     0.60   226.34    24.55  9999.00  9999.00  9999.00  9999.00
 00003   912.64     5.29    22.56     3.15   303.04    22.93  9999.00  9999.00  9999.00  9999.00
 00004   841.80    -2.39    33.62     3.81   315.72    22.62  9999.00  9999.00  9999.00  9999.00
 00005   878.71    -1.57    33.89     2.72   293.54    24.46  9999.00  9999.00  9999.00  9999.00
 00006   889.46    -4.93    39.31     4.89   296.52    25.10  9999.00  9999.00  9999.00  9999.00
 00007  1009.27    -5.44    57.11     3.50   315.62    26.45  9999.00  9999.00  9999.00  9999.00
 00008   991.24   -13.36    89.57     2.86   269.59    30.98  9999.00  9999.00  9999.00  9999.00
 00009   952.54    -7.32    69.83     2.37   229.85    42.40  9999.00  9999.00  9999.00  9999.00
 00010   962.86    -2.76    39.45     4.98   315.67    29.94  9999.00  9999.00  9999.00  9999.00
 00011   999.31   -12.25    88.19     1.79   333.36    34.08  9999.00  9999.00  9999.00  9999.00
 00012  1023.86     4.79    26.10     4.84   310.25    24.18  9999.00  9999.00  9999.00  9999.00
 00013  1023.54    12.24    50.44     5.67   282.78    19.16  9999.00  9999.00  9999.00  9999.00
 00014  1020.45    13.52    46.52     4.83   260.92    18.32  9999.00  9999.00  9999.00  9999.00
 00015  1008.53     5.65    24.03     4.38   345.51    20.83  9999.00  9999.00  9999.00  9999.00
 00016   971.56     8.68    52.15     1.14   248.87    20.84  9999.00  9999.00  9999.00  9999.00
 00017  1011.43    12.33    32.12     4.26   308.72    19.86  9999.00  9999.00  9999.00  9999.00
 00018  1023.46    13.08    46.69     5.36   295.60    18.77  9999.00  9999.00  9999.00  9999.00
 00019   953.88    11.04    70.76     0.87    97.32    24.86  9999.00  9999.00  9999.00  9999.00
 00020  1023.89    13.04    43.90     7.35   280.76    19.00  9999.00  9999.00  9999.00  9999.00
 00021   899.75    -1.32    56.95     3.36   153.43    36.54  9999.00  9999.00  9999.00  9999.00
 00022  1026.98     4.84    23.83     7.06   314.38    23.01  9999.00  9999.00  9999.00  9999.00
 00023   923.38     1.77    48.05     1.56   156.44    30.76  9999.00  9999.00  9999.00  9999.00
 00024   954.30    -5.20    79.31     4.44   115.17    32.93  9999.00  9999.00  9999.00  9999.00
 00025   807.30     7.90    70.08     1.94    45.09    19.32  9999.00  9999.00  9999.00  9999.00
 00026  1026.74    14.18    49.10     2.06   264.27    18.44  9999.00  9999.00  9999.00  9999.00
 00027  1023.03    14.38    70.12     1.87   184.82    18.78  9999.00  9999.00  9999.00  9999.00
 00028   992.20    13.04    66.69     0.58   323.25    18.67  9999.00  9999.00  9999.00  9999.00
 00029  1021.54    16.51    35.67     5.90    14.91    21.15  9999.00  9999.00  9999.00  9999.00
 00030  1013.11    17.96    60.08     3.51   166.70    22.69  9999.00  9999.00  9999.00  9999.00
 00031   578.24    -1.38    32.36     1.11   236.29    33.97  9999.00  9999.00  9999.00  9999.00
 00032   990.01    14.05    41.52     2.99   303.07    17.69  9999.00  9999.00  9999.00  9999.00
 00033  1022.53    18.05    57.14     8.23    31.47    24.05  9999.00  9999.00  9999.00  9999.00
 00034  1019.85    25.39    74.75    10.70    25.20    27.79  9999.00  9999.00  9999.00  9999.00
 00035  1021.11    20.58    54.10     7.38    20.37    24.21  9999.00  9999.00  9999.00  9999.00
 00036   788.16     6.94    72.06     0.29   265.22    20.76  9999.00  9999.00  9999.00  9999.00
 00037   980.05    13.57    42.60     3.36   322.50    17.59  9999.00  9999.00  9999.00  9999.00
 00038  1008.12    16.95    36.34     3.28   354.69    20.08  9999.00  9999.00  9999.00  9999.00
 00039  1022.23    17.21    44.55     8.13    18.17    19.68  9999.00  9999.00  9999.00  9999.00
 00040  1019.38    18.31    35.94     6.05    16.24    21.00  9999.00  9999.00  9999.00  9999.00
 00041   983.19    10.99    52.39     3.55   264.91    17.48  9999.00  9999.00  9999.00  9999.00
 00042  1024.74    13.15    50.44     5.68   264.05    18.67  9999.00  9999.00  9999.00  9999.00
 00043  1020.57    13.61    50.73     1.34   292.03    18.72  9999.00  9999.00  9999.00  9999.00
 00044  1000.20    11.48    53.51     2.90   282.90    17.93  9999.00  9999.00  9999.00  9999.00
 00045  1019.38    18.31    35.94     6.05    16.24    21.00  9999.00  9999.00  9999.00  9999.00
 00046   955.02    11.16    44.09     3.67    11.71    18.47  9999.00  9999.00  9999.00  9999.00
 00047  1015.01    13.73    44.58     4.15   322.12    18.32  9999.00  9999.00  9999.00  9999.00
 00048   611.09    -5.54    65.75     1.83    29.28    31.42  9999.00  9999.00  9999.00  9999.00
 00049   581.75    -0.99    26.91     0.90   179.58    28.38  9999.00  9999.00  9999.00  9999.00
 00050  1014.21    17.50    31.52     5.12    14.20    19.09  9999.00  9999.00  9999.00  9999.00
