stn_id       p       t2      rh2      spd      dir      vis    rain6   rain24   tmax24   tmin24 
 00001   979.56    10.71    90.84     1.45    34.71    20.82     0.00  9999.00  9999.00  9999.00
 00002   999.96     1.12    86.00     1.15   273.15    24.56     0.00  9999.00  9999.00  9999.00
 00003   905.93     0.37    55.10     1.33   222.19    22.98     0.00  9999.00  9999.00  9999.00
 00004   835.51    -2.14    22.65     2.51   197.92    22.67     0.00  9999.00  9999.00  9999.00
 00005   870.63    -3.32    51.83     1.57   113.69    24.54     0.00  9999.00  9999.00  9999.00
 00006   878.10     0.26    32.96     5.66   219.40    25.23     0.00  9999.00  9999.00  9999.00
 00007  1010.36    -3.71    93.12     2.56   184.30    27.57     0.00  9999.00  9999.00  9999.00
 00008   991.90    -8.76    94.73     4.07   232.32    31.76     0.00  9999.00  9999.00  9999.00
 00009   934.79    -5.54    75.24     3.74   201.00    42.66     0.00  9999.00  9999.00  9999.00
 00010   966.44    -3.68    73.66     5.33   280.63    31.66     0.00  9999.00  9999.00  9999.00
 00011   997.36   -12.47    96.18     3.03   270.27    35.33     0.00  9999.00  9999.00  9999.00
 00012  1016.30     1.16    79.79     1.58   189.53    24.39     0.00  9999.00  9999.00  9999.00
 00013  1018.30     6.29    94.96     2.05   274.27    19.32     0.00  9999.00  9999.00  9999.00
 00014  1015.61     4.34    94.52     1.71   232.98    18.51     0.00  9999.00  9999.00  9999.00
 00015  1001.32     1.96    73.79     1.76   154.25    20.94     0.00  9999.00  9999.00  9999.00
 00016   959.48     1.67    89.87     0.66    95.78    20.87     0.00  9999.00  9999.00  9999.00
 00017  1002.86     3.65    85.21     1.85   243.50    19.96     0.00  9999.00  9999.00  9999.00
 00018  1016.86     6.88    97.68     1.49   268.89    17.74     0.00  9999.00  9999.00  9999.00
 00019   942.45    11.97    90.76     0.70    90.79    17.48     0.18  9999.00  9999.00  9999.00
 00020  1021.35     4.68    93.93     2.30   248.36    19.21     0.00  9999.00  9999.00  9999.00
 00021   895.83     0.83    73.06     0.72   282.69    36.64     0.00  9999.00  9999.00  9999.00
 00022  1019.66     1.19    78.99     2.05   203.79    23.18     0.00  9999.00  9999.00  9999.00
 00023   925.52     1.96    91.50     1.85   289.73     8.31     0.40  9999.00  9999.00  9999.00
 00024   949.61    -2.00    95.18     1.95   281.87    30.85     0.05  9999.00  9999.00  9999.00
 00025   799.78     7.63    94.87     0.66   245.46    19.50     0.00  9999.00  9999.00  9999.00
 00026  1016.89     8.80    91.33     0.46   210.90    18.45     0.00  9999.00  9999.00  9999.00
 00027  1012.07     7.86    92.44     1.85   120.93    18.69     0.00  9999.00  9999.00  9999.00
 00028   980.57    10.26    85.21     0.61   119.94    18.53     0.00  9999.00  9999.00  9999.00
 00029  1013.38    11.00    91.37     1.47    18.82    21.05     0.00  9999.00  9999.00  9999.00
 00030  1003.11    11.39    89.36     1.79   303.23    22.48     0.00  9999.00  9999.00  9999.00
 00031   575.62    -4.91    35.93     2.45   217.86    33.94     0.00  9999.00  9999.00  9999.00
 00032   984.38     6.78    90.39     1.48   320.70    17.68     0.00  9999.00  9999.00  9999.00
 00033  1015.54    19.98    70.41     2.82   337.43    23.91     0.00  9999.00  9999.00  9999.00
 00034  1014.16    25.57    74.56     9.90    42.08    25.24     0.19  9999.00  9999.00  9999.00
 00035  1014.07    20.18    74.54     3.01   344.55    24.07     0.00  9999.00  9999.00  9999.00
 00036   780.32     5.94    85.47     1.07   104.77    20.95     0.00  9999.00  9999.00  9999.00
 00037   974.51     6.23    92.38     1.02   325.32    17.58     0.00  9999.00  9999.00  9999.00
 00038  1001.96     9.07    91.10     1.07   310.85    20.02     0.00  9999.00  9999.00  9999.00
 00039  1015.42    17.10    69.58     7.29    82.46    19.62     0.00  9999.00  9999.00  9999.00
 00040  1013.04    15.36    75.66     4.54    54.54    20.92     0.00  9999.00  9999.00  9999.00
 00041   976.64     4.93    93.72     0.99   151.98    17.61     0.00  9999.00  9999.00  9999.00
 00042  1018.59     4.99    94.84     1.91   196.81    18.80     0.00  9999.00  9999.00  9999.00
 00043  1010.18     9.29    86.53     0.94   107.70    18.70     0.00  9999.00  9999.00  9999.00
 00044   991.37     5.48    88.48     1.21    89.15    17.95     0.00  9999.00  9999.00  9999.00
 00045  1013.04    15.36    75.66     4.54    54.54    20.92     0.00  9999.00  9999.00  9999.00
 00046   947.28     7.06    86.15     1.04    84.88    18.43     0.00  9999.00  9999.00  9999.00
 00047  1009.60     8.43    92.15     2.88   320.68     8.46     0.00  9999.00  9999.00  9999.00
 00048   609.29   -10.65    87.98     1.72    23.05    21.59     0.02  9999.00  9999.00  9999.00
 00049   579.85    -7.44    91.85     0.40   122.96    28.31     0.00  9999.00  9999.00  9999.00
 00050  1007.95    11.72    74.59     3.68   325.01    19.05     0.00  9999.00  9999.00  9999.00
