stn_id       p       t2      rh2      spd      dir      vis    rain6   rain24   tmax24   tmin24 
 00001   982.58     9.84    89.94     0.74   152.91    21.09     0.00  9999.00  9999.00  9999.00
 00002   995.84     4.54    35.48     2.99   284.33    24.40     0.00  9999.00  9999.00  9999.00
 00003   905.42    -4.50    54.41     1.11   299.83    22.90     0.00  9999.00  9999.00  9999.00
 00004   836.53    -5.31    49.59     1.59   246.49    22.63     0.00  9999.00  9999.00  9999.00
 00005   872.21    -5.39    43.92     1.29   111.62    24.47     0.00  9999.00  9999.00  9999.00
 00006   881.71    -3.52    48.03     4.14   263.60    25.16     0.00  9999.00  9999.00  9999.00
 00007  1000.86    -1.55    87.39     2.69   218.69    27.42     0.00  9999.00  9999.00  9999.00
 00008   981.67    -5.56    79.32     6.37   230.26    31.27     0.00  9999.00  9999.00  9999.00
 00009   938.86    -8.97    86.82     2.89   308.58    42.53     0.00  9999.00  9999.00  9999.00
 00010   960.27    -6.19    60.51     2.09   264.70    31.24     0.00  9999.00  9999.00  9999.00
 00011   987.87    -9.75    85.29     6.17   210.13    34.82     0.00  9999.00  9999.00  9999.00
 00012  1011.77    -1.73    72.99     2.43   340.94    24.18     0.00  9999.00  9999.00  9999.00
 00013  1018.07     4.39    70.11     2.82   216.91    19.20     0.00  9999.00  9999.00  9999.00
 00014  1016.19     1.38    82.57     1.81   214.68    18.41     0.00  9999.00  9999.00  9999.00
 00015   996.24     4.30    80.27     3.06   195.71    20.80     0.00  9999.00  9999.00  9999.00
 00016   961.08     1.32    92.52     1.46   188.32    20.81     0.00  9999.00  9999.00  9999.00
 00017   999.94     8.35    55.27     4.28   277.22    19.83     0.00  9999.00  9999.00  9999.00
 00018  1016.51     4.65    86.94     2.47   200.65    18.80     0.00  9999.00  9999.00  9999.00
 00019   945.49     9.37    90.98     1.06   282.31    24.82     0.00  9999.00  9999.00  9999.00
 00020  1021.94     1.62    76.36     2.02   209.13    19.10     0.00  9999.00  9999.00  9999.00
 00021   890.55    -1.61    65.14     4.19   154.33    34.21     0.00  9999.00  9999.00  9999.00
 00022  1014.33     0.03    80.31     2.35   300.38    22.99     0.00  9999.00  9999.00  9999.00
 00023   916.72     4.28    56.66     1.22   165.32    30.80     0.00  9999.00  9999.00  9999.00
 00024   942.44    -0.90    75.27     6.11   112.76    32.74     0.00  9999.00  9999.00  9999.00
 00025   801.32     6.79    92.47     0.56   182.50    19.53     0.04  9999.00  9999.00  9999.00
 00026  1018.51     5.37    92.04     2.12   227.03    18.41     0.00  9999.00  9999.00  9999.00
 00027  1014.01     9.62    85.69     2.00   176.25    18.69     0.00  9999.00  9999.00  9999.00
 00028   983.13     9.61    91.09     1.46   153.18    18.57     0.00  9999.00  9999.00  9999.00
 00029  1016.08    11.51    69.42     2.19    21.95    21.07     0.00  9999.00  9999.00  9999.00
 00030  1005.69    10.84    87.69     1.81   343.34    22.53     0.00  9999.00  9999.00  9999.00
 00031   577.15    -5.52    14.06     1.08   227.20    33.95     0.00  9999.00  9999.00  9999.00
 00032   986.06     5.92    87.29     1.43   315.16    17.67     0.00  9999.00  9999.00  9999.00
 00033  1017.88    19.48    68.04     2.98    13.69    23.97     0.00  9999.00  9999.00  9999.00
 00034  1015.94    26.02    67.16    11.52    39.88    27.77     0.09  9999.00  9999.00  9999.00
 00035  1016.53    20.26    65.94     2.98    26.69    24.13     0.00  9999.00  9999.00  9999.00
 00036   781.82     7.74    89.77     0.34   112.20    17.52     0.04  9999.00  9999.00  9999.00
 00037   976.13     5.08    89.81     1.00   312.80    17.57     0.00  9999.00  9999.00  9999.00
 00038  1004.57     8.29    81.23     1.17   330.58    20.04     0.00  9999.00  9999.00  9999.00
 00039  1017.97    16.02    65.49     6.18   127.74    19.64     0.00  9999.00  9999.00  9999.00
 00040  1015.59    14.23    68.16     5.16    53.76    20.95     0.00  9999.00  9999.00  9999.00
 00041   976.97     2.60    77.94     1.76   211.35    17.51     0.00  9999.00  9999.00  9999.00
 00042  1018.68     4.29    72.07     2.52   206.96    18.70     0.00  9999.00  9999.00  9999.00
 00043  1012.08     7.07    91.63     1.42   179.20    18.68     0.00  9999.00  9999.00  9999.00
 00044   992.77     4.39    88.98     0.79   201.19    17.91     0.00  9999.00  9999.00  9999.00
 00045  1015.59    14.23    68.16     5.16    53.76    20.95     0.00  9999.00  9999.00  9999.00
 00046   949.34     4.50    88.57     0.84    94.60    18.43     0.00  9999.00  9999.00  9999.00
 00047  1011.43     5.72    82.96     2.30   317.92    18.36     0.00  9999.00  9999.00  9999.00
 00048   610.54    -9.45    93.00     1.49   178.84    15.89     0.00  9999.00  9999.00  9999.00
 00049   580.48    -9.03    94.72     1.37    24.21    17.22     0.01  9999.00  9999.00  9999.00
 00050  1010.29    10.46    72.89     3.15   312.14    19.06     0.00  9999.00  9999.00  9999.00
