stn_id       p       t2      rh2      spd      dir      vis    rain6   rain24   tmax24   tmin24 
 00001   978.65    11.86    82.06     1.34   100.23    21.66     0.05     1.27    14.05     7.73
 00002   994.02     0.75    66.70     2.24   203.35    25.27     0.00     0.00    11.60    -2.29
 00003   900.47    -2.84    45.83     1.67   285.76    23.75     0.00     0.00     8.87    -5.35
 00004   829.74    -4.28    50.04     2.89   229.79    23.59     0.00     0.04     0.53    -5.91
 00005   863.67    -5.30    50.72     2.66   210.20    25.83     0.00     0.00     1.45    -7.64
 00006   871.36    -3.71    53.27     6.31   207.75    27.31     0.00     0.00    -0.45    -7.63
 00007  1003.33    -0.18    61.82     1.79    15.57    31.30     0.00     0.00     5.23    -0.40
 00008   988.36    -8.94    99.17     0.86    99.60    22.88     0.00     0.00    -0.44    -8.84
 00009   933.62   -12.50    88.94     1.91   146.20    42.18     0.02     0.10    -6.85   -20.45
 00010   966.03    -0.19    85.04     1.05   234.34    31.72     0.04     0.04     7.16   -10.98
 00011   996.28   -13.83    99.93     3.04   193.92    40.33     0.00     0.00    -3.33   -13.68
 00012  1009.73    -1.39    61.47     1.79   231.00    26.18     0.00     0.00     7.67    -5.20
 00013  1013.48     7.70    74.89     3.17   232.75    20.52     0.00     0.00    12.92    -0.94
 00014  1011.31     6.98    87.38     2.54   219.48    19.92     0.01     0.04    11.18     0.14
 00015   994.23     3.70    62.28     1.95   269.00    22.02     0.00     0.00    10.64     1.01
 00016   954.73     4.93    84.86     1.63   170.91    22.12     0.00     0.00    14.16    -1.24
 00017   996.98     8.20    44.07     3.16   274.50    21.11     0.00     0.00    15.19     1.69
 00018  1012.47     6.97    83.71     2.55   222.13    19.98     0.00     0.00    13.31     0.71
 00019   941.30     9.12    84.55     1.29   285.84    25.69     0.00     0.24    14.81     4.73
 00020  1016.37     8.23    73.70     2.41   222.21    20.48     0.00     0.00    13.91     0.92
 00021   900.27    -2.12    80.31     2.96   171.61    23.90     3.80     4.68     1.55    -5.23
 00022  1012.84    -1.63    78.57     2.18   267.10    24.69     0.00     0.00     7.50    -3.90
 00023   927.53    -4.73    80.86     2.22   244.25    30.07     0.01    14.90     5.20    -4.85
 00024   951.80    -7.39    86.74     3.83   289.55    33.61     0.01     9.66    -2.21    -7.10
 00025   798.37    12.06    70.13     1.25   277.72    19.17     0.00     0.15    16.10     9.27
 00026  1015.75     7.30    85.68     2.21   205.60    19.10     0.00     0.36    11.68     7.39
 00027  1012.06     8.12    88.48     2.14   152.45    19.15     0.00     0.00    12.75     8.21
 00028   980.33    10.22    85.81     1.67   139.62    18.72     0.00     0.16    15.00     7.58
 00029  1012.35    14.92    75.56     4.50   348.70    16.70     0.03     0.03    20.39    12.62
 00030  1003.07    14.81    74.04     2.63   309.52    22.20     0.01     0.16    15.23    13.81
 00031   571.29    -5.07    19.00     3.42   206.62    34.18     0.00     0.00     3.41   -10.48
 00032   981.06    13.01    95.99     2.22   299.59    16.94     3.22    11.69    14.25    11.54
 00033  1013.31    21.12    76.43     6.81    10.46    23.53     0.00     0.12    21.50    20.29
 00034  1012.52    26.31    90.49     6.54    50.25     7.34     3.89    16.08    27.57    25.92
 00035  1012.27    22.63    80.29     4.71    10.09    23.65     0.02     0.36    26.38    22.43
 00036   778.42     8.85    79.27     1.12   170.35    21.01     0.02     1.24    10.95     5.14
 00037   971.40    12.71    97.07     1.96   295.48    16.34     2.79    11.37    13.87    11.32
 00038   998.89    18.67    82.41     1.43   305.25    18.00     0.08     0.13    23.03    13.85
 00039  1012.35    19.53    84.00     4.13    26.79     5.71     3.76     6.19    20.86    17.21
 00040  1009.95    22.11    70.98     0.66   130.03    20.74     0.00     0.01    24.06    17.26
 00041   973.34     6.73    73.54     2.07   228.57    18.69     0.00     0.00    12.86     2.69
 00042  1014.08     9.33    64.50     3.74   227.67    19.99     0.00     0.00    14.23    -0.92
 00043  1009.50     7.82    84.39     1.57   188.55    19.26     0.00     0.01    10.58     7.91
 00044   989.85     8.15    90.45     1.48   244.16    17.18     1.10     2.86     9.09     7.16
 00045  1009.95    22.11    70.98     0.66   130.03    20.74     0.00     0.01    24.06    17.26
 00046   946.20     9.29    98.21     0.95    44.13    10.18     1.82     6.76    10.67     9.27
 00047  1005.14    14.21    92.10     2.96   328.31     7.86     4.79     7.45    15.12    11.82
 00048   602.83    -2.39    30.97     1.38    19.85    35.86     0.00     0.00     0.70   -13.45
 00049   576.63    -5.80    58.26     1.22   213.68    27.90     0.00     0.00    -0.48    -9.37
 00050  1004.68    16.00    95.51     1.68    36.91     6.22     3.20     8.91    19.91    13.72
