stn_id       p       t2      rh2      spd      dir      vis    rain6   rain24   tmax24   tmin24 
 00001   982.60     8.25    94.51     1.12   197.56    21.82     0.94  9999.00  9999.00  9999.00
 00002   993.82     2.50    36.96     2.56   288.06    25.21     0.00  9999.00  9999.00  9999.00
 00003   902.21    -3.87    33.27     1.51   271.24    23.75     0.00  9999.00  9999.00  9999.00
 00004   831.35    -4.96    44.21     3.70   249.85    22.96     0.04  9999.00  9999.00  9999.00
 00005   866.17    -6.84    49.93     0.72   210.19    25.83     0.00  9999.00  9999.00  9999.00
 00006   875.38    -7.62    67.33     4.87   253.90    27.32     0.00  9999.00  9999.00  9999.00
 00007  1004.63     0.72    91.17     2.49   220.75    31.27     0.00  9999.00  9999.00  9999.00
 00008   986.72    -4.37    82.64     4.89   237.58    36.21     0.00  9999.00  9999.00  9999.00
 00009   933.72   -14.44    93.08     2.57   224.17    47.19     0.00  9999.00  9999.00  9999.00
 00010   967.28    -7.63    50.70     1.52   212.56    36.21     0.00  9999.00  9999.00  9999.00
 00011   991.70    -5.70    89.33     5.77   234.62    40.04     0.00  9999.00  9999.00  9999.00
 00012  1011.17    -4.29    55.41     1.97    75.23    26.12     0.00  9999.00  9999.00  9999.00
 00013  1018.14     2.28    77.07     2.34   178.18    20.53     0.00  9999.00  9999.00  9999.00
 00014  1015.43     4.90    79.74     1.33   221.08    19.90     0.00  9999.00  9999.00  9999.00
 00015   995.54     1.80    67.57     4.90   188.33    21.99     0.00  9999.00  9999.00  9999.00
 00016   960.24    -0.38    83.84     1.41   201.11    22.14     0.00  9999.00  9999.00  9999.00
 00017   998.81     4.92    53.01     4.88   275.96    21.09     0.00  9999.00  9999.00  9999.00
 00018  1016.49     3.13    76.49     2.54   178.26    19.97     0.00  9999.00  9999.00  9999.00
 00019   945.05     4.88    87.08     1.51   276.44    25.72     0.00  9999.00  9999.00  9999.00
 00020  1021.26     3.86    74.37     0.91   239.64    20.50     0.00  9999.00  9999.00  9999.00
 00021   887.21    -4.26    69.30     3.34   168.17    37.37     0.00  9999.00  9999.00  9999.00
 00022  1013.98    -2.94    81.54     0.81   162.21    24.64     0.00  9999.00  9999.00  9999.00
 00023   918.22     1.08    95.43     7.58   285.51     2.85    13.90  9999.00  9999.00  9999.00
 00024   938.55    -3.39    93.90     2.11   234.67    27.70     6.05  9999.00  9999.00  9999.00
 00025   798.02    10.18    99.56     0.70   233.56     0.49     0.09  9999.00  9999.00  9999.00
 00026  1017.56     9.22    75.67     0.67   263.86    19.08     0.00  9999.00  9999.00  9999.00
 00027  1014.70     9.22    76.06     0.81   259.57    19.15     0.00  9999.00  9999.00  9999.00
 00028   983.08     7.87    91.36     1.37   188.32    18.73     0.07  9999.00  9999.00  9999.00
 00029  1013.22    13.43    69.40     2.74     8.20    20.84     0.00  9999.00  9999.00  9999.00
 00030  1003.84    13.86    73.52     2.49     3.91    22.14     0.00  9999.00  9999.00  9999.00
 00031   572.87    -9.60    53.43     1.85   225.84    34.24     0.00  9999.00  9999.00  9999.00
 00032   983.18    12.65    94.13     1.30   331.94    14.87     0.80  9999.00  9999.00  9999.00
 00033  1013.66    20.39    86.14     7.17    51.53    22.43     0.05  9999.00  9999.00  9999.00
 00034  1013.50    26.03    90.25     8.29    61.96    12.56     7.14  9999.00  9999.00  9999.00
 00035  1012.31    23.68    81.40     4.12    34.47    23.55     0.02  9999.00  9999.00  9999.00
 00036   779.52     6.25    90.51     1.28    46.31    19.30     0.96  9999.00  9999.00  9999.00
 00037   973.31    12.35    96.53     0.90   323.88    12.14     0.89  9999.00  9999.00  9999.00
 00038  1000.90    15.55    80.17     1.08   316.46    20.01     0.01  9999.00  9999.00  9999.00
 00039  1014.44    18.10    84.04     8.14    19.55    19.05     2.29  9999.00  9999.00  9999.00
 00040  1012.25    18.31    74.47     3.83    25.22    20.51     0.01  9999.00  9999.00  9999.00
 00041   975.79     4.46    81.63     1.09   172.53    18.68     0.00  9999.00  9999.00  9999.00
 00042  1018.34     2.86    81.11     2.04   181.25    19.99     0.00  9999.00  9999.00  9999.00
 00043  1011.17     9.11    76.79     0.70   205.79    19.25     0.00  9999.00  9999.00  9999.00
 00044   991.37     7.44    82.59     0.18    34.12     6.88     0.67  9999.00  9999.00  9999.00
 00045  1012.25    18.31    74.47     3.83    25.22    20.51     0.01  9999.00  9999.00  9999.00
 00046   946.86    10.12    96.73     1.05   350.86     6.74     0.12  9999.00  9999.00  9999.00
 00047  1008.52    12.94    77.21     2.96   338.80    17.09     0.36  9999.00  9999.00  9999.00
 00048   606.19   -12.74    74.84     1.70    29.52    35.36     0.00  9999.00  9999.00  9999.00
 00049   576.58    -7.92    33.89     0.41   107.31    27.89     0.00  9999.00  9999.00  9999.00
 00050  1006.90    15.62    85.43     4.11    32.09    18.81     3.39  9999.00  9999.00  9999.00
