stn_id       p       t2      rh2      spd      dir      vis    rain6   rain24   tmax24   tmin24 
 00001   980.44    10.60    76.63     0.24    52.73    21.73     0.00  9999.00  9999.00  9999.00
 00002  1000.40     9.49    26.57     2.10   151.31    25.30     0.00  9999.00  9999.00  9999.00
 00003   905.90     5.83    17.69     2.43   208.08    23.78     0.00  9999.00  9999.00  9999.00
 00004   835.07     1.81    14.71     4.57   250.54    23.60     0.00  9999.00  9999.00  9999.00
 00005   870.06    -0.69    19.40     4.41   217.70    25.83     0.00  9999.00  9999.00  9999.00
 00006   877.00     1.90    35.27     7.87   251.51    27.23     0.00  9999.00  9999.00  9999.00
 00007  1009.62     4.90    51.21     5.50   195.01    31.66     0.00  9999.00  9999.00  9999.00
 00008   991.53    -2.28    67.97     5.23   195.86    36.04     0.00  9999.00  9999.00  9999.00
 00009   930.90    -7.58    84.58     0.56   203.00     8.67     1.21  9999.00  9999.00  9999.00
 00010   971.32    -0.90    33.36     1.45   279.65    36.04     0.00  9999.00  9999.00  9999.00
 00011   998.18    -8.06    80.58     8.48   191.50    39.89     0.00  9999.00  9999.00  9999.00
 00012  1016.70     6.00    28.19     2.09   191.19    26.12     0.00  9999.00  9999.00  9999.00
 00013  1021.28    10.54    44.20     0.35   143.49    20.51     0.00  9999.00  9999.00  9999.00
 00014  1017.94    10.62    51.26     0.63    41.41    19.87     0.00  9999.00  9999.00  9999.00
 00015  1002.83     9.41    23.74     2.56   202.39    22.04     0.00  9999.00  9999.00  9999.00
 00016   962.60     8.05    51.55     0.83   270.11    22.11     0.00  9999.00  9999.00  9999.00
 00017  1005.22    10.97    35.67     2.47   212.34    21.13     0.00  9999.00  9999.00  9999.00
 00018  1019.86    11.37    42.92     0.75   163.47    19.96     0.00  9999.00  9999.00  9999.00
 00019   942.86    11.78    68.16     1.37   110.74    25.22     0.00  9999.00  9999.00  9999.00
 00020  1023.78    11.90    43.78     0.62   311.05    20.46     0.00  9999.00  9999.00  9999.00
 00021   895.20     2.59    64.12     1.49   169.20    37.57     0.00  9999.00  9999.00  9999.00
 00022  1020.22     8.37    26.21     4.23   222.26    24.66     0.00  9999.00  9999.00  9999.00
 00023   920.55     6.07    46.47     1.15    89.48    32.51     0.00  9999.00  9999.00  9999.00
 00024   948.86    -3.67    85.02     6.00   124.96    26.21     0.14  9999.00  9999.00  9999.00
 00025   797.34    17.38    58.57     5.52   252.87    19.18     0.11  9999.00  9999.00  9999.00
 00026  1019.43    10.29    53.42     2.19   244.55    19.05     0.00  9999.00  9999.00  9999.00
 00027  1015.83    10.31    59.95     1.54   335.77    19.03     0.00  9999.00  9999.00  9999.00
 00028   983.48     7.95    82.11     1.50     8.75    18.33     0.05  9999.00  9999.00  9999.00
 00029  1012.49    21.25    57.05     2.54    10.36    20.87     0.00  9999.00  9999.00  9999.00
 00030  1003.32    16.03    71.99     2.59   351.07    22.23     0.01  9999.00  9999.00  9999.00
 00031   574.65    -0.68    10.48     2.31   282.06    34.26     0.00  9999.00  9999.00  9999.00
 00032   984.66    14.38    72.45     2.22    34.91    14.73     0.31  9999.00  9999.00  9999.00
 00033  1013.40    21.05    85.53     7.20    61.68    20.60     0.22  9999.00  9999.00  9999.00
 00034  1012.51    26.42    89.89     8.72    53.43    14.21     2.98  9999.00  9999.00  9999.00
 00035  1012.13    25.65    78.10     6.14    56.23    14.75     0.51  9999.00  9999.00  9999.00
 00036   776.35    10.77    81.20     2.26   199.62    19.08     0.39  9999.00  9999.00  9999.00
 00037   974.76    13.85    75.72     1.44    15.06    12.63     0.47  9999.00  9999.00  9999.00
 00038  1000.40    23.57    49.46     2.06    73.35    20.00     0.00  9999.00  9999.00  9999.00
 00039  1015.59    18.68    73.94     9.65    24.28    18.74     0.01  9999.00  9999.00  9999.00
 00040  1011.96    23.28    56.86     6.59    61.34    20.76     0.00  9999.00  9999.00  9999.00
 00041   977.96     9.89    48.46     0.48   119.14    18.65     0.00  9999.00  9999.00  9999.00
 00042  1021.31    11.21    41.64     0.95    81.19    19.96     0.00  9999.00  9999.00  9999.00
 00043  1012.75     9.64    60.43     1.56    21.14    19.22     0.00  9999.00  9999.00  9999.00
 00044   992.73    10.16    58.59     1.63    51.27    18.68     0.29  9999.00  9999.00  9999.00
 00045  1011.96    23.28    56.86     6.59    61.34    20.76     0.00  9999.00  9999.00  9999.00
 00046   947.70    11.07    86.88     1.57    19.90    13.31     1.12  9999.00  9999.00  9999.00
 00047  1010.56    15.10    52.42     3.16    24.60    19.03     0.04  9999.00  9999.00  9999.00
 00048   606.68    -1.53    41.35     1.79    92.56    35.96     0.00  9999.00  9999.00  9999.00
 00049   577.15    -0.38    25.47     2.52   220.95    27.92     0.00  9999.00  9999.00  9999.00
 00050  1008.10    16.92    70.22     4.89    15.58     7.83     0.27  9999.00  9999.00  9999.00
