stn_id       p       t2      rh2      spd      dir      vis    rain6   rain24   tmax24   tmin24 
 00001   960.08    29.22    71.92     0.73   162.63    26.39  9999.00  9999.00  9999.00  9999.00
 00002   980.28    30.11    83.32     1.68   106.63    25.56  9999.00  9999.00  9999.00  9999.00
 00003   892.44    28.84    64.63     2.08   165.74    25.47  9999.00  9999.00  9999.00  9999.00
 00004   829.11    22.65    82.75     1.63    19.44    24.57  9999.00  9999.00  9999.00  9999.00
 00005   863.01    21.83    94.50     0.83   135.65    26.91  9999.00  9999.00  9999.00  9999.00
 00006   872.07    25.72    47.32     2.37   280.11    27.07  9999.00  9999.00  9999.00  9999.00
 00007   989.68    28.86    72.95     6.20   209.13    24.99  9999.00  9999.00  9999.00  9999.00
 00008   972.93    25.35    92.92     3.94   238.51    17.30  9999.00  9999.00  9999.00  9999.00
 00009   941.08    17.40    57.39     2.90    76.82    37.63  9999.00  9999.00  9999.00  9999.00
 00010   955.69    23.32    95.00     1.36   205.31    27.60  9999.00  9999.00  9999.00  9999.00
 00011   979.60    22.56    97.18     1.74   146.62    17.22  9999.00  9999.00  9999.00  9999.00
 00012   995.38    29.36    90.01     2.49   180.12    24.63  9999.00  9999.00  9999.00  9999.00
 00013   998.59    29.03    74.56     3.13    71.10    25.78  9999.00  9999.00  9999.00  9999.00
 00014   994.80    27.37    85.76     2.00    50.00    26.26  9999.00  9999.00  9999.00  9999.00
 00015   982.46    29.32    77.28     2.54   187.24    22.26  9999.00  9999.00  9999.00  9999.00
 00016   940.82    30.67    63.74     1.81    53.43    25.94  9999.00  9999.00  9999.00  9999.00
 00017   983.42    30.71    72.90     3.09   165.26    25.37  9999.00  9999.00  9999.00  9999.00
 00018   997.14    29.31    78.94     1.87    68.78    25.89  9999.00  9999.00  9999.00  9999.00
 00019   926.71    24.27    89.69     1.21   128.03    27.04  9999.00  9999.00  9999.00  9999.00
 00020  1001.61    24.85    86.44     3.51    40.88    23.35  9999.00  9999.00  9999.00  9999.00
 00021   884.35    22.66    49.76     1.43    78.90    26.63  9999.00  9999.00  9999.00  9999.00
 00022   998.76    29.50    83.44     2.13   175.94    22.74  9999.00  9999.00  9999.00  9999.00
 00023   908.22    29.14    26.49     2.67   270.95    22.06  9999.00  9999.00  9999.00  9999.00
 00024   932.41    27.79    36.84     1.65   136.42    24.26  9999.00  9999.00  9999.00  9999.00
 00025   791.35    18.62    87.72     2.08   141.06     7.68  9999.00  9999.00  9999.00  9999.00
 00026   995.68    29.18    79.61     2.03   235.56    28.06  9999.00  9999.00  9999.00  9999.00
 00027   992.46    29.79    79.51     1.95   240.01    27.97  9999.00  9999.00  9999.00  9999.00
 00028   963.17    30.25    68.75     0.58   148.72    26.64  9999.00  9999.00  9999.00  9999.00
 00029   996.21    29.87    69.62     4.62   179.82    29.35  9999.00  9999.00  9999.00  9999.00
 00030   985.05    27.07    90.49     3.14   140.89    30.90  9999.00  9999.00  9999.00  9999.00
 00031   572.54    11.29    59.95     2.18   235.48    19.85  9999.00  9999.00  9999.00  9999.00
 00032   963.40    26.21    87.02     2.17   254.85    24.60  9999.00  9999.00  9999.00  9999.00
 00033   999.92    23.37    98.08     4.86   151.37     3.45  9999.00  9999.00  9999.00  9999.00
 00034  1005.44    29.01    84.16     8.23   199.20    34.81  9999.00  9999.00  9999.00  9999.00
 00035   999.81    26.33    91.36     4.71   185.62    17.17  9999.00  9999.00  9999.00  9999.00
 00036   771.14    21.29    71.97     1.57   166.20    24.51  9999.00  9999.00  9999.00  9999.00
 00037   954.35    27.05    84.94     1.87   263.80    24.59  9999.00  9999.00  9999.00  9999.00
 00038   981.16    31.12    69.44     2.13   214.83    27.57  9999.00  9999.00  9999.00  9999.00
 00039   994.60    27.33    87.49     5.35   211.46    26.56  9999.00  9999.00  9999.00  9999.00
 00040   994.14    28.45    80.76     8.50   224.87    28.19  9999.00  9999.00  9999.00  9999.00
 00041   958.50    27.85    74.09     1.86    20.07    26.34  9999.00  9999.00  9999.00  9999.00
 00042   998.08    29.11    74.68     2.53    57.37    26.36  9999.00  9999.00  9999.00  9999.00
 00043   989.80    29.26    77.60     2.05    56.60    28.63  9999.00  9999.00  9999.00  9999.00
 00044   971.09    29.65    68.64     1.29    78.88    26.53  9999.00  9999.00  9999.00  9999.00
 00045   994.14    28.45    80.76     8.50   224.87    28.19  9999.00  9999.00  9999.00  9999.00
 00046   931.64    26.71    75.98     2.05   324.03    27.26  9999.00  9999.00  9999.00  9999.00
 00047   984.80    28.44    69.39     6.46   342.16    24.91  9999.00  9999.00  9999.00  9999.00
 00048   603.05    14.64    51.15     0.62    84.46    27.52  9999.00  9999.00  9999.00  9999.00
 00049   577.41     6.42    91.83     1.92   204.09    13.72  9999.00  9999.00  9999.00  9999.00
 00050   987.00    28.48    89.58     2.61   210.71    26.08  9999.00  9999.00  9999.00  9999.00
