stn_id       p       t2      rh2      spd      dir      vis    rain6   rain24   tmax24   tmin24 
 00001   962.38    25.19    91.97     1.31    57.75    26.42     0.00  9999.00  9999.00  9999.00
 00002   981.13    27.43    94.02     0.75   233.92    26.64     0.00  9999.00  9999.00  9999.00
 00003   894.04    23.96    84.46     1.48   175.47    24.68     0.04  9999.00  9999.00  9999.00
 00004   829.41    18.80    95.01     0.78   160.54    17.18     0.32  9999.00  9999.00  9999.00
 00005   863.58    20.53    83.31     2.90    13.90    19.61     2.27  9999.00  9999.00  9999.00
 00006   873.00    22.89    61.86     4.20   213.71    27.14     0.00  9999.00  9999.00  9999.00
 00007   990.06    27.67    78.62     6.35   199.73    24.99     0.00  9999.00  9999.00  9999.00
 00008   972.73    25.60    87.23     6.62   220.77    24.69     4.31  9999.00  9999.00  9999.00
 00009   942.82    12.23    74.17     1.33    53.77    37.73     0.00  9999.00  9999.00  9999.00
 00010   955.31    21.91    95.64     2.28   225.19    27.50     1.88  9999.00  9999.00  9999.00
 00011   979.97    22.38    96.48     1.86   159.76     7.65     5.52  9999.00  9999.00  9999.00
 00012   995.72    27.60    94.31     2.30   205.67    24.06     0.03  9999.00  9999.00  9999.00
 00013   999.61    24.80    91.83     2.21    88.40    25.74     0.00  9999.00  9999.00  9999.00
 00014   995.05    24.93    91.43     2.55   352.38    26.57     0.00  9999.00  9999.00  9999.00
 00015   983.33    28.05    81.84     4.76   187.03    22.17     0.00  9999.00  9999.00  9999.00
 00016   943.00    26.15    77.28     1.96   146.61    25.96     0.00  9999.00  9999.00  9999.00
 00017   984.96    27.66    83.37     2.75   183.93    25.36     0.00  9999.00  9999.00  9999.00
 00018   998.45    26.17    89.45     1.83    91.42    25.86     0.00  9999.00  9999.00  9999.00
 00019   928.47    22.26    93.83     1.19   286.04    27.48     0.02  9999.00  9999.00  9999.00
 00020  1000.95    23.34    95.18     3.53    29.67    23.29     0.00  9999.00  9999.00  9999.00
 00021   885.23    19.73    56.57     1.32   159.21    26.68     0.02  9999.00  9999.00  9999.00
 00022   998.94    28.86    84.97     3.74   205.00    22.93     0.09  9999.00  9999.00  9999.00
 00023   909.32    21.98    45.26     3.08   193.84    22.13     0.19  9999.00  9999.00  9999.00
 00024   933.57    23.14    51.75     2.51   125.52    24.32     0.00  9999.00  9999.00  9999.00
 00025   792.80    16.43    99.00     0.95    77.01    14.43     2.19  9999.00  9999.00  9999.00
 00026   997.24    26.59    86.88     2.06   341.90    28.05     0.00  9999.00  9999.00  9999.00
 00027   994.32    26.79    87.19     1.61     8.33    27.98     0.00  9999.00  9999.00  9999.00
 00028   965.35    26.12    90.32     0.99   191.73    26.67     0.00  9999.00  9999.00  9999.00
 00029   998.58    26.55    90.28     1.62   206.09    29.40     0.00  9999.00  9999.00  9999.00
 00030   986.74    25.35    95.74     1.81    99.79    31.25     0.00  9999.00  9999.00  9999.00
 00031   574.80     7.65    84.85     1.28   188.58     7.31     1.53  9999.00  9999.00  9999.00
 00032   963.68    25.12    82.41     2.21   282.53    24.57     0.00  9999.00  9999.00  9999.00
 00033  1001.31    22.44    96.34     5.14   190.73     2.48     0.68  9999.00  9999.00  9999.00
 00034  1006.34    28.59    88.18     8.98   206.72    34.84     0.00  9999.00  9999.00  9999.00
 00035  1001.10    26.56    86.17     4.60   202.19    31.94     0.02  9999.00  9999.00  9999.00
 00036   773.85    16.82    94.24     0.95   155.05    14.24     2.74  9999.00  9999.00  9999.00
 00037   954.74    25.52    80.40     1.85   287.16    24.56     0.00  9999.00  9999.00  9999.00
 00038   983.06    28.04    80.13     2.45   251.35    27.58     0.00  9999.00  9999.00  9999.00
 00039   994.78    26.59    89.54     6.09   236.83    26.53     0.00  9999.00  9999.00  9999.00
 00040   995.77    27.10    82.24     7.14   247.63    28.17     0.01  9999.00  9999.00  9999.00
 00041   959.44    23.99    89.79     1.33   283.28    26.32     0.00  9999.00  9999.00  9999.00
 00042   999.33    25.56    91.85     1.75    73.20    26.34     0.00  9999.00  9999.00  9999.00
 00043   991.46    26.06    89.94     1.45   295.14    28.64     0.00  9999.00  9999.00  9999.00
 00044   972.70    25.90    83.26     1.52    48.83    26.53     0.00  9999.00  9999.00  9999.00
 00045   995.77    27.10    82.24     7.14   247.63    28.17     0.01  9999.00  9999.00  9999.00
 00046   933.15    23.33    88.40     1.37   286.34    27.27     0.00  9999.00  9999.00  9999.00
 00047   985.08    26.44    80.02     6.64   320.00    24.86     0.00  9999.00  9999.00  9999.00
 00048   604.93    10.25    72.69     0.89   179.16    26.82     0.17  9999.00  9999.00  9999.00
 00049   578.96     4.20    99.40     0.68   196.02     0.88     0.33  9999.00  9999.00  9999.00
 00050   987.01    26.86    93.52     2.39   259.03    26.04     0.00  9999.00  9999.00  9999.00
