stn_id       p       t2      rh2      spd      dir      vis    rain6   rain24   tmax24   tmin24 
 00001   974.78    27.60  9999.00     1.00   250.00    13.00  9999.00  9999.00  9999.00  9999.00
 00002   999.54    24.80  9999.00     1.00   340.00    11.00  9999.00  9999.00  9999.00  9999.00
 00003   919.08    20.20  9999.00     1.00    70.00    11.00  9999.00  9999.00  9999.00  9999.00
 00004   853.22    13.30  9999.00     1.00   270.00    14.00  9999.00  9999.00  9999.00  9999.00
 00005   887.86    14.80  9999.00     3.00   340.00    30.00  9999.00  9999.00  9999.00  9999.00
 00006   874.85    20.70  9999.00     6.00   200.00    30.00  9999.00  9999.00  9999.00  9999.00
 00007  1005.24    20.50  9999.00     1.00    70.00     7.00  9999.00  9999.00  9999.00  9999.00
 00008   982.69    22.20  9999.00     2.00   180.00     7.00  9999.00  9999.00  9999.00  9999.00
 00009   953.44     7.00  9999.00     2.00   160.00    30.00  9999.00  9999.00  9999.00  9999.00
 00010   982.10    20.90  9999.00     1.00   220.00     4.10  9999.00  9999.00  9999.00  9999.00
 00011   993.58    19.10  9999.00     2.00    90.00    22.00  9999.00  9999.00  9999.00  9999.00
 00012  1005.06    27.10  9999.00     1.00   250.00     2.80  9999.00  9999.00  9999.00  9999.00
 00013  1007.06    26.10  9999.00     3.00    90.00     7.00  9999.00  9999.00  9999.00  9999.00
 00014  1002.87    25.40  9999.00     1.00   110.00    17.00  9999.00  9999.00  9999.00  9999.00
 00015   989.42    26.70  9999.00     3.00   110.00    10.00  9999.00  9999.00  9999.00  9999.00
 00016   958.48    22.10  9999.00     0.00   140.00     2.70  9999.00  9999.00  9999.00  9999.00
 00017   995.09    25.30  9999.00     0.00     0.00     2.50  9999.00  9999.00  9999.00  9999.00
 00018  1003.58    25.50  9999.00     2.00    40.00     7.00  9999.00  9999.00  9999.00  9999.00
 00019   939.06    22.40  9999.00     2.00   270.00     4.10  9999.00  9999.00  9999.00  9999.00
 00020  1008.12    27.10  9999.00     2.00   140.00    24.00  9999.00  9999.00  9999.00  9999.00
 00021   903.34    20.60  9999.00     3.00   200.00    16.00  9999.00  9999.00  9999.00  9999.00
 00022  1008.80    26.30  9999.00     1.00   160.00     3.20  9999.00  9999.00  9999.00  9999.00
 00023   929.73    17.10  9999.00     2.00   180.00    30.00  9999.00  9999.00  9999.00  9999.00
 00024   957.79    12.20  9999.00     0.00     0.00    30.00  9999.00  9999.00  9999.00  9999.00
 00025   810.00    19.70    88.14     2.00    40.00    18.00  9999.00  9999.00  9999.00  9999.00
 00026  1000.64    26.20  9999.00     3.00    90.00    21.00  9999.00  9999.00  9999.00  9999.00
 00027   997.61    26.20  9999.00     1.00   270.00  9999.00  9999.00  9999.00  9999.00  9999.00
 00028   974.15    26.70  9999.00     1.00    70.00    10.00  9999.00  9999.00  9999.00  9999.00
 00029  1001.39    26.80  9999.00     3.00    70.00    30.00  9999.00  9999.00  9999.00  9999.00
 00030   990.45    26.10  9999.00     0.00   220.00     6.00  9999.00  9999.00  9999.00  9999.00
 00031   629.20    14.50    58.80     1.00   110.00    30.00  9999.00  9999.00  9999.00  9999.00
 00032   998.47    25.40  9999.00     2.00   320.00     7.00  9999.00  9999.00  9999.00  9999.00
 00033  1003.61    26.50  9999.00     3.00   110.00    30.00  9999.00  9999.00  9999.00  9999.00
 00034  1004.90    29.50  9999.00     2.00   160.00    30.00  9999.00  9999.00  9999.00  9999.00
 00035  1003.19    26.20  9999.00     1.00   200.00    27.00  9999.00  9999.00  9999.00  9999.00
 00036   836.60    23.50    70.58     3.00   110.00    30.00  9999.00  9999.00  9999.00  9999.00
 00037  1002.73    24.70  9999.00     0.00     0.00     4.00  9999.00  9999.00  9999.00  9999.00
 00038  1004.34    24.90  9999.00     0.00     0.00     2.00  9999.00  9999.00  9999.00  9999.00
 00039  1005.65    25.10  9999.00     3.00   160.00     3.80  9999.00  9999.00  9999.00  9999.00
 00040  1001.06    26.10  9999.00     3.00   250.00     0.70  9999.00  9999.00  9999.00  9999.00
 00041   815.20    17.00    81.84     4.00   180.00    30.00  9999.00  9999.00  9999.00  9999.00
 00042  1005.29    25.40  9999.00     1.00    70.00     9.00  9999.00  9999.00  9999.00  9999.00
 00043  1002.42    24.50  9999.00     1.00    90.00    30.00  9999.00  9999.00  9999.00  9999.00
 00044   998.23    23.70  9999.00     2.00   360.00    10.00  9999.00  9999.00  9999.00  9999.00
 00045  1001.06    26.10  9999.00     3.00   250.00     0.70  9999.00  9999.00  9999.00  9999.00
 00046   964.52    23.30  9999.00     1.00   180.00     7.00  9999.00  9999.00  9999.00  9999.00
 00047  1004.06    24.60  9999.00     1.00   250.00     1.30  9999.00  9999.00  9999.00  9999.00
 00048   657.50    14.90    68.02     4.00   110.00    29.00  9999.00  9999.00  9999.00  9999.00
 00049   605.30     7.80    90.16     1.00   270.00    30.00  9999.00  9999.00  9999.00  9999.00
 00050  1005.65    24.50  9999.00     1.00   220.00     6.00  9999.00  9999.00  9999.00  9999.00
