stn_id       p       t2      rh2      spd      dir      vis    rain6   rain24   tmax24   tmin24 
 00001   983.35    11.60    81.68     1.46   297.18    18.16     0.18  9999.00  9999.00  9999.00
 00002  1004.20    -0.44    72.41     1.69   304.47    26.77     0.00  9999.00  9999.00  9999.00
 00003   909.22    -4.64    69.20     1.26   214.96    24.93     0.00  9999.00  9999.00  9999.00
 00004   837.81    -9.47    77.04     3.24   294.60    25.51     0.00  9999.00  9999.00  9999.00
 00005   875.05   -10.98    86.85     2.31   222.30    27.85     0.04  9999.00  9999.00  9999.00
 00006   883.50    -8.22    62.82     6.93   280.60    33.12     0.00  9999.00  9999.00  9999.00
 00007  1011.25    -6.23    85.89     2.52   333.08    37.09     0.00  9999.00  9999.00  9999.00
 00008   995.47    -7.33    67.08     1.32    29.08    42.09     0.00  9999.00  9999.00  9999.00
 00009   942.38   -14.84    81.27     1.45   212.63    52.80     0.00  9999.00  9999.00  9999.00
 00010   968.56    -1.25    48.59     3.78   298.84    41.35     0.00  9999.00  9999.00  9999.00
 00011  1003.43   -14.07    88.86     1.21   253.78    45.96     0.00  9999.00  9999.00  9999.00
 00012  1019.36     1.11    58.24     2.85   320.37    29.01     0.00  9999.00  9999.00  9999.00
 00013  1019.83     9.57    57.18     3.23   285.83    21.41     0.00  9999.00  9999.00  9999.00
 00014  1015.57    12.46    63.04     1.60   297.84    21.48     0.00  9999.00  9999.00  9999.00
 00015  1003.55     0.33    77.85     1.48   314.11    22.86     0.00  9999.00  9999.00  9999.00
 00016   967.89     8.33    34.10     3.10   244.51    21.59     0.00  9999.00  9999.00  9999.00
 00017  1006.33     8.44    43.15     5.49   288.10    21.33     0.00  9999.00  9999.00  9999.00
 00018  1018.90    10.07    54.10     3.35   286.94    20.64     0.00  9999.00  9999.00  9999.00
 00019   947.06    11.28    58.99     2.20    74.59    24.29     0.00  9999.00  9999.00  9999.00
 00020  1021.17    11.65    59.16     3.81   298.24    21.45     0.00  9999.00  9999.00  9999.00
 00021   890.99    -5.30    69.86     5.81   168.56    33.34     0.02  9999.00  9999.00  9999.00
 00022  1022.11     1.50    52.40     3.98   308.68    26.68     0.00  9999.00  9999.00  9999.00
 00023   915.74    -3.26    52.46     1.87   150.10    36.95     0.00  9999.00  9999.00  9999.00
 00024   945.36   -10.22    83.62     8.63   115.25    17.50     0.00  9999.00  9999.00  9999.00
 00025   797.70    11.89    61.54     2.13   198.94    18.88     0.20  9999.00  9999.00  9999.00
 00026  1019.26    11.99    54.87     1.93   336.32    19.71     0.13  9999.00  9999.00  9999.00
 00027  1017.26     8.50    74.45     3.33   343.68    17.57     0.31  9999.00  9999.00  9999.00
 00028   984.77     9.16    75.50     0.86    12.78    18.05     0.01  9999.00  9999.00  9999.00
 00029  1013.02    20.20    57.14     2.38   310.69    20.88     0.04  9999.00  9999.00  9999.00
 00030  1004.07    14.82    79.79     3.24   358.39    20.43     0.23  9999.00  9999.00  9999.00
 00031   570.30    -3.59     7.31     1.78   269.81    36.32     0.00  9999.00  9999.00  9999.00
 00032   982.49    18.02    59.88     0.96    96.51    18.77     0.00  9999.00  9999.00  9999.00
 00033  1013.14    20.05    92.80     5.00    79.22     1.08     1.26  9999.00  9999.00  9999.00
 00034  1012.73    25.51    90.22     7.27    41.68    16.38     2.28  9999.00  9999.00  9999.00
 00035  1012.01    25.63    80.12     4.23    62.84    10.85     0.92  9999.00  9999.00  9999.00
 00036   778.20     9.02    61.13     0.99   215.17    20.44     0.05  9999.00  9999.00  9999.00
 00037   972.62    18.14    59.33     0.75   229.12    18.69     0.00  9999.00  9999.00  9999.00
 00038   999.68    23.24    43.06     0.70   100.64    20.41     0.00  9999.00  9999.00  9999.00
 00039  1013.96    20.94    66.53     7.33    48.63    20.20     0.00  9999.00  9999.00  9999.00
 00040  1011.60    22.36    55.71     4.01    68.94    20.96     0.00  9999.00  9999.00  9999.00
 00041   976.69    10.87    58.05     2.01   313.38    19.75     0.00  9999.00  9999.00  9999.00
 00042  1020.24    10.22    62.12     2.99   291.88    21.00     0.00  9999.00  9999.00  9999.00
 00043  1013.03     9.70    63.97     1.22   320.97    19.86     0.04  9999.00  9999.00  9999.00
 00044   992.05    11.91    68.69     2.14   294.45    19.70     0.00  9999.00  9999.00  9999.00
 00045  1011.60    22.36    55.71     4.01    68.94    20.96     0.00  9999.00  9999.00  9999.00
 00046   946.54    16.47    65.00     2.43   330.66    19.39     0.00  9999.00  9999.00  9999.00
 00047  1007.94    16.72    58.54     0.94   145.00    20.17     0.00  9999.00  9999.00  9999.00
 00048   603.15    -6.24    42.92     1.45    87.32    38.18     0.00  9999.00  9999.00  9999.00
 00049   573.81    -5.84    37.46     1.98   206.68    28.84     0.00  9999.00  9999.00  9999.00
 00050  1006.02    21.93    52.51     4.03    52.40    19.79     0.00  9999.00  9999.00  9999.00
