stn_id       p       t2      rh2      spd      dir      vis    rain6   rain24   tmax24   tmin24 
 00001   982.32     9.71    90.83     0.45   167.45    13.67  9999.00  9999.00  9999.00  9999.00
 00002  1007.98    -7.78    82.97     0.84   216.22    26.78  9999.00  9999.00  9999.00  9999.00
 00003   910.19    -8.12    88.51     0.57   126.29    24.93  9999.00  9999.00  9999.00  9999.00
 00004   837.39    -6.91    78.99     2.30   247.94    25.44  9999.00  9999.00  9999.00  9999.00
 00005   875.09   -13.77    93.34     0.50   216.58    23.93  9999.00  9999.00  9999.00  9999.00
 00006   883.47    -7.07    72.32     4.99   263.04    32.87  9999.00  9999.00  9999.00  9999.00
 00007  1016.29   -16.03    95.92     2.01   217.93    28.79  9999.00  9999.00  9999.00  9999.00
 00008   996.05    -9.28    72.44     4.00   199.77    42.07  9999.00  9999.00  9999.00  9999.00
 00009   942.46   -20.83    91.95     2.20    50.48    24.62  9999.00  9999.00  9999.00  9999.00
 00010   975.77    -8.59    59.76     0.57   162.99    41.51  9999.00  9999.00  9999.00  9999.00
 00011  1003.94   -17.72    83.80     5.64   184.51    45.95  9999.00  9999.00  9999.00  9999.00
 00012  1024.67    -5.93    72.05     0.69   283.60    29.04  9999.00  9999.00  9999.00  9999.00
 00013  1026.09     6.63    72.60     1.30     3.43    21.55  9999.00  9999.00  9999.00  9999.00
 00014  1021.83     8.50    68.46     2.04   334.57    21.57  9999.00  9999.00  9999.00  9999.00
 00015  1009.04    -0.68    78.30     1.46   220.23    22.97  9999.00  9999.00  9999.00  9999.00
 00016   968.63     0.59    72.71     1.87   240.97    21.44  9999.00  9999.00  9999.00  9999.00
 00017  1012.09     1.41    48.29     1.83   233.61    21.47  9999.00  9999.00  9999.00  9999.00
 00018  1025.45     5.73    69.60     0.55    33.73    20.78  9999.00  9999.00  9999.00  9999.00
 00019   945.87     8.96    78.65     0.48   239.37    23.06  9999.00  9999.00  9999.00  9999.00
 00020  1026.85    10.63    71.42     3.94   327.19    21.58  9999.00  9999.00  9999.00  9999.00
 00021   902.45    -7.59    62.02     3.48   154.78    37.66  9999.00  9999.00  9999.00  9999.00
 00022  1027.81    -1.87    62.32     1.77   238.65    26.75  9999.00  9999.00  9999.00  9999.00
 00023   928.84    -5.22    82.57     2.07   164.53    36.62  9999.00  9999.00  9999.00  9999.00
 00024   956.60    -9.30    95.70     2.36   128.83    26.57  9999.00  9999.00  9999.00  9999.00
 00025   798.37     8.32    95.30     2.36   229.60     0.70  9999.00  9999.00  9999.00  9999.00
 00026  1023.38     7.89    69.85     3.54    19.75    19.79  9999.00  9999.00  9999.00  9999.00
 00027  1019.52     7.54    74.37     2.29   328.50    19.19  9999.00  9999.00  9999.00  9999.00
 00028   986.16     6.33    82.18     2.78     7.57    16.10  9999.00  9999.00  9999.00  9999.00
 00029  1016.04    18.53    66.27     2.81    26.73    20.93  9999.00  9999.00  9999.00  9999.00
 00030  1003.81    19.38    81.32     2.50    66.60    20.23  9999.00  9999.00  9999.00  9999.00
 00031   573.38    -8.92    34.74     1.28   253.58    36.32  9999.00  9999.00  9999.00  9999.00
 00032   987.84    12.77    47.84     2.27    46.42    18.78  9999.00  9999.00  9999.00  9999.00
 00033  1015.69    20.44    91.36     7.33    68.65    20.82  9999.00  9999.00  9999.00  9999.00
 00034  1015.69    27.64    74.08     9.02    57.20    25.55  9999.00  9999.00  9999.00  9999.00
 00035  1014.44    26.92    64.63     5.11    77.36    23.05  9999.00  9999.00  9999.00  9999.00
 00036   777.71     6.95    72.83     1.10   214.13    20.34  9999.00  9999.00  9999.00  9999.00
 00037   977.70    12.88    47.99     1.52    57.01    18.70  9999.00  9999.00  9999.00  9999.00
 00038  1004.73    18.51    45.22     2.36    66.96    20.45  9999.00  9999.00  9999.00  9999.00
 00039  1019.28    17.16    64.81    10.79    31.67    20.23  9999.00  9999.00  9999.00  9999.00
 00040  1016.08    18.79    51.32     8.02    42.95    20.98  9999.00  9999.00  9999.00  9999.00
 00041   981.64     6.53    70.45     1.60    60.23    19.84  9999.00  9999.00  9999.00  9999.00
 00042  1026.38     6.05    72.02     0.53    85.18    21.12  9999.00  9999.00  9999.00  9999.00
 00043  1016.52     7.68    70.97     2.57    27.58    19.92  9999.00  9999.00  9999.00  9999.00
 00044   995.86     7.84    69.79     2.77    62.31    19.74  9999.00  9999.00  9999.00  9999.00
 00045  1016.08    18.79    51.32     8.02    42.95    20.98  9999.00  9999.00  9999.00  9999.00
 00046   950.16    12.91    77.97     1.01    45.60    19.42  9999.00  9999.00  9999.00  9999.00
 00047  1013.65    12.41    62.89     3.81   325.03    20.22  9999.00  9999.00  9999.00  9999.00
 00048   605.97   -11.03    46.74     0.92    77.94    38.13  9999.00  9999.00  9999.00  9999.00
 00049   575.78    -8.86    42.35     0.82   100.23    28.82  9999.00  9999.00  9999.00  9999.00
 00050  1011.73    16.52    44.72     6.47    33.96    19.81  9999.00  9999.00  9999.00  9999.00
