stn_id       p       t2      rh2      spd      dir      vis    rain6   rain24   tmax24   tmin24 
 00001   965.69    21.99    95.19     0.77   276.94     9.60  9999.00  9999.00  9999.00  9999.00
 00002   990.13    18.61    63.74     1.78   212.92    21.67  9999.00  9999.00  9999.00  9999.00
 00003   901.15    11.80    74.99     1.21   288.78    20.69  9999.00  9999.00  9999.00  9999.00
 00004   834.09     9.90    55.66     2.68   208.02    19.12  9999.00  9999.00  9999.00  9999.00
 00005   867.69    11.85    45.28     2.85    36.05    18.88  9999.00  9999.00  9999.00  9999.00
 00006   878.64     9.91    75.77     2.42   157.22    18.49  9999.00  9999.00  9999.00  9999.00
 00007   997.07    13.58    78.83     1.79   163.76    20.61  9999.00  9999.00  9999.00  9999.00
 00008   981.31    12.76    66.48     2.30   346.16    22.50  9999.00  9999.00  9999.00  9999.00
 00009   944.18     8.28    82.53     2.80   324.71    37.22  9999.00  9999.00  9999.00  9999.00
 00010   957.65    11.74    69.10     3.08   275.03    23.89  9999.00  9999.00  9999.00  9999.00
 00011   987.27    13.96    59.60     2.68   335.74    24.72  9999.00  9999.00  9999.00  9999.00
 00012  1005.08    19.50    51.51     1.86   214.12    19.85  9999.00  9999.00  9999.00  9999.00
 00013  1005.32    21.03    65.96     3.07    73.15    25.32  9999.00  9999.00  9999.00  9999.00
 00014  1001.29    21.31    77.82     2.45    34.11    26.00  9999.00  9999.00  9999.00  9999.00
 00015   991.04    17.75    61.53     1.46   165.83    20.46  9999.00  9999.00  9999.00  9999.00
 00016   952.41    17.86    87.36     1.02   114.84    22.98  9999.00  9999.00  9999.00  9999.00
 00017   992.74    20.34    71.06     1.59   277.85    23.37  9999.00  9999.00  9999.00  9999.00
 00018  1003.51    22.97    74.57     3.93    68.06    24.34  9999.00  9999.00  9999.00  9999.00
 00019   932.49    20.27    76.91     0.70   296.50    23.14  9999.00  9999.00  9999.00  9999.00
 00020  1007.11    17.92    88.08     3.83    14.35    23.41  9999.00  9999.00  9999.00  9999.00
 00021   892.90    14.59    26.26     2.82   125.03    26.31  9999.00  9999.00  9999.00  9999.00
 00022  1008.10    20.10    47.22     2.66   183.93    19.40  9999.00  9999.00  9999.00  9999.00
 00023   919.46    17.94    30.05     2.85    95.02    24.84  9999.00  9999.00  9999.00  9999.00
 00024   944.79    21.13    23.27     1.27   296.03    26.55  9999.00  9999.00  9999.00  9999.00
 00025   791.86    21.57    65.11     3.26   197.24    26.20  9999.00  9999.00  9999.00  9999.00
 00026  1001.85    24.94    76.10     3.06   147.35    27.36  9999.00  9999.00  9999.00  9999.00
 00027   998.05    25.76    77.75     1.72    13.72    27.26  9999.00  9999.00  9999.00  9999.00
 00028   967.78    23.46    90.64     1.02   338.23    25.98  9999.00  9999.00  9999.00  9999.00
 00029   999.20    27.71    92.23     1.16   162.85    27.04  9999.00  9999.00  9999.00  9999.00
 00030   988.07    27.91    83.51     3.10   137.00    31.70  9999.00  9999.00  9999.00  9999.00
 00031   572.22     3.88    33.11     2.36   214.18    23.39  9999.00  9999.00  9999.00  9999.00
 00032   971.79    22.81    91.53     0.78   264.42    22.23  9999.00  9999.00  9999.00  9999.00
 00033  1002.11    24.41    97.82     1.84   231.93     0.22  9999.00  9999.00  9999.00  9999.00
 00034  1005.99    28.19    91.31     2.01   191.80    31.86  9999.00  9999.00  9999.00  9999.00
 00035  1001.40    29.78    76.33     2.49   165.73    30.15  9999.00  9999.00  9999.00  9999.00
 00036   771.68    19.55    66.08     2.07    45.60    24.41  9999.00  9999.00  9999.00  9999.00
 00037   962.40    22.99    92.19     0.50   137.27    22.88  9999.00  9999.00  9999.00  9999.00
 00038   988.57    25.61    94.04     1.17    99.52    12.47  9999.00  9999.00  9999.00  9999.00
 00039  1002.27    25.61    90.33     2.08    20.48    24.71  9999.00  9999.00  9999.00  9999.00
 00040   999.52    26.54    95.12     2.59    90.23    25.34  9999.00  9999.00  9999.00  9999.00
 00041   964.23    21.76    79.92     1.59     6.72    25.82  9999.00  9999.00  9999.00  9999.00
 00042  1004.82    22.74    64.82     4.55    71.17    25.83  9999.00  9999.00  9999.00  9999.00
 00043   995.55    23.75    84.57     1.59    12.08    27.84  9999.00  9999.00  9999.00  9999.00
 00044   977.65    21.13    78.41     1.98    68.94    25.54  9999.00  9999.00  9999.00  9999.00
 00045   999.52    26.54    95.12     2.59    90.23    25.34  9999.00  9999.00  9999.00  9999.00
 00046   936.29    21.77    83.36     1.40    31.68    25.66  9999.00  9999.00  9999.00  9999.00
 00047   994.27    21.92    84.03     2.16   308.35    23.80  9999.00  9999.00  9999.00  9999.00
 00048   601.72     9.27    43.44     2.88   186.04    26.55  9999.00  9999.00  9999.00  9999.00
 00049   578.00     1.90    95.35     1.73   206.70     9.64  9999.00  9999.00  9999.00  9999.00
 00050   994.72    26.18    83.20     1.12     8.33    24.24  9999.00  9999.00  9999.00  9999.00
