stn_id       p       t2      rh2      spd      dir      vis    rain6   rain24   tmax24   tmin24 
 00001   992.27     7.29    67.39     0.54   229.42    22.12  9999.00  9999.00  9999.00  9999.00
 00002  1021.59   -19.76    78.17     1.92   293.06    26.60  9999.00  9999.00  9999.00  9999.00
 00003   918.88   -22.46    78.30     0.82   295.02    24.94  9999.00  9999.00  9999.00  9999.00
 00004   842.31   -24.93    74.22     1.76   270.79    24.99  9999.00  9999.00  9999.00  9999.00
 00005   882.17   -24.82    80.94     1.39   234.72    27.59  9999.00  9999.00  9999.00  9999.00
 00006   893.24   -24.95    78.00     5.71   296.19    30.59  9999.00  9999.00  9999.00  9999.00
 00007  1025.09   -18.32    64.29     3.36   309.23    36.69  9999.00  9999.00  9999.00  9999.00
 00008  1005.41   -20.15    72.16     2.93   273.40    41.02  9999.00  9999.00  9999.00  9999.00
 00009   957.44   -23.45    74.19     2.69   308.66    51.60  9999.00  9999.00  9999.00  9999.00
 00010   976.96   -20.49    61.34     5.71   291.25    41.65  9999.00  9999.00  9999.00  9999.00
 00011  1013.27   -26.44    90.58     3.31   251.33    45.13  9999.00  9999.00  9999.00  9999.00
 00012  1038.03   -12.66    59.05     4.39   321.19    28.68  9999.00  9999.00  9999.00  9999.00
 00013  1035.11    -3.07    58.52     2.50    18.00    21.92  9999.00  9999.00  9999.00  9999.00
 00014  1030.02     0.83    75.53     3.59   343.51    21.59  9999.00  9999.00  9999.00  9999.00
 00015  1020.71   -14.27    60.99     0.66    94.30    23.44  9999.00  9999.00  9999.00  9999.00
 00016   976.71    -5.58    56.87     2.86    35.24    23.21  9999.00  9999.00  9999.00  9999.00
 00017  1023.55   -10.35    70.45     0.35    79.40    22.43  9999.00  9999.00  9999.00  9999.00
 00018  1034.12    -1.09    65.26     3.00    31.03    21.23  9999.00  9999.00  9999.00  9999.00
 00019   953.40     5.32    69.12     1.98   226.57    26.03  9999.00  9999.00  9999.00  9999.00
 00020  1034.30     3.24    57.99     6.30   319.57    21.92  9999.00  9999.00  9999.00  9999.00
 00021   902.16   -11.71    60.05     1.60   206.08    39.12  9999.00  9999.00  9999.00  9999.00
 00022  1040.63   -11.66    56.01     4.66   322.47    26.75  9999.00  9999.00  9999.00  9999.00
 00023   928.07    -8.60    81.16     0.76   291.65    34.88  9999.00  9999.00  9999.00  9999.00
 00024   960.27   -15.35    72.39     6.49   117.55    25.27  9999.00  9999.00  9999.00  9999.00
 00025   802.49     6.99    83.28     3.98    83.71    17.87  9999.00  9999.00  9999.00  9999.00
 00026  1031.66     3.69    72.52     4.63    17.36    19.91  9999.00  9999.00  9999.00  9999.00
 00027  1028.39     4.14    69.53     2.83   110.19    19.52  9999.00  9999.00  9999.00  9999.00
 00028   995.81     3.72    68.72     3.86    29.86    18.86  9999.00  9999.00  9999.00  9999.00
 00029  1022.38     9.44    58.41     6.51     9.08    20.87  9999.00  9999.00  9999.00  9999.00
 00030  1013.13     9.43    54.78     5.54    16.35    22.13  9999.00  9999.00  9999.00  9999.00
 00031   578.49    -5.41     8.20     1.10   245.02    35.17  9999.00  9999.00  9999.00  9999.00
 00032   990.71     9.43    72.89     2.62    12.25    17.64  9999.00  9999.00  9999.00  9999.00
 00033  1022.12    12.71    91.90     8.53   356.62     6.06  9999.00  9999.00  9999.00  9999.00
 00034  1017.57    25.27    84.02    13.96    23.29    21.77  9999.00  9999.00  9999.00  9999.00
 00035  1019.85    19.07    75.11     6.64     6.08    22.73  9999.00  9999.00  9999.00  9999.00
 00036   783.16     4.66    69.75     0.37   140.77    21.03  9999.00  9999.00  9999.00  9999.00
 00037   980.66     8.45    79.66     2.08   132.48    15.12  9999.00  9999.00  9999.00  9999.00
 00038  1007.99    14.06    62.72     2.88   141.90    20.01  9999.00  9999.00  9999.00  9999.00
 00039  1021.90    15.13    71.54    11.20    21.73    16.67  9999.00  9999.00  9999.00  9999.00
 00040  1018.89    16.22    65.19     6.92    21.92    18.24  9999.00  9999.00  9999.00  9999.00
 00041   988.99    -0.22    63.90     2.61    46.14    19.96  9999.00  9999.00  9999.00  9999.00
 00042  1034.95    -1.17    73.90     2.72    47.49    21.39  9999.00  9999.00  9999.00  9999.00
 00043  1024.57     3.11    77.44     4.18    22.54    19.74  9999.00  9999.00  9999.00  9999.00
 00044  1003.67     3.29    73.81     3.77    39.23    19.45  9999.00  9999.00  9999.00  9999.00
 00045  1018.89    16.22    65.19     6.92    21.92    18.24  9999.00  9999.00  9999.00  9999.00
 00046   955.25     1.96    90.56     3.58    43.89    18.86  9999.00  9999.00  9999.00  9999.00
 00047  1017.97     6.92    73.21     7.35   331.49    12.94  9999.00  9999.00  9999.00  9999.00
 00048   611.27   -10.43    26.54     1.24    74.40    37.06  9999.00  9999.00  9999.00  9999.00
 00049   580.53    -7.41    26.55     1.77    21.57    28.04  9999.00  9999.00  9999.00  9999.00
 00050  1014.38    13.39    61.84     6.70    14.76    19.16  9999.00  9999.00  9999.00  9999.00
