stn_id       p       t2      rh2      spd      dir      vis    rain6   rain24   tmax24   tmin24 
 00001   970.92    14.22    81.23     1.10   279.22    21.46  9999.00  9999.00  9999.00  9999.00
 00002   997.43     4.29    82.51     1.25   279.13    23.68  9999.00  9999.00  9999.00  9999.00
 00003   904.26     2.17    65.92     1.04    54.33    22.33  9999.00  9999.00  9999.00  9999.00
 00004   834.28     1.48    56.35     2.58   193.47    22.18  9999.00  9999.00  9999.00  9999.00
 00005   868.68     1.34    49.80     1.88   149.16    24.37  9999.00  9999.00  9999.00  9999.00
 00006   877.60     3.76    36.62     5.16   230.36    25.15  9999.00  9999.00  9999.00  9999.00
 00007  1010.44     0.04    91.86     1.54   131.82    26.26  9999.00  9999.00  9999.00  9999.00
 00008   996.01    -3.26    69.40     2.92    83.13    29.18  9999.00  9999.00  9999.00  9999.00
 00009   953.65   -17.05    48.06     1.68    46.91    37.95  9999.00  9999.00  9999.00  9999.00
 00010   975.17    -4.55    90.64     0.80    69.06    29.30  9999.00  9999.00  9999.00  9999.00
 00011  1006.62    -6.08    44.16     2.99    61.46    31.82  9999.00  9999.00  9999.00  9999.00
 00012  1014.71     4.87    94.77     1.49   113.75    23.58  9999.00  9999.00  9999.00  9999.00
 00013  1010.86    17.40    87.13     1.70    69.44    20.09  9999.00  9999.00  9999.00  9999.00
 00014  1007.81    17.50    98.39     0.73   261.67    14.26  9999.00  9999.00  9999.00  9999.00
 00015   997.97     8.61    93.60     1.25   139.64    20.40  9999.00  9999.00  9999.00  9999.00
 00016   955.38     5.41    85.53     1.28   103.25    20.81  9999.00  9999.00  9999.00  9999.00
 00017   998.78    13.58    63.45     1.24   144.06    20.10  9999.00  9999.00  9999.00  9999.00
 00018  1009.70    16.76    93.79     1.44   190.95    19.66  9999.00  9999.00  9999.00  9999.00
 00019   934.80    13.10    87.35     1.05   255.73    24.80  9999.00  9999.00  9999.00  9999.00
 00020  1014.26    19.32    97.38     1.85   128.65    17.33  9999.00  9999.00  9999.00  9999.00
 00021   895.26    -2.02    81.18     0.78   315.13    30.41  9999.00  9999.00  9999.00  9999.00
 00022  1017.45     7.02    93.27     1.79   145.45    22.21  9999.00  9999.00  9999.00  9999.00
 00023   924.74    -6.43    80.17     1.43   147.73    26.19  9999.00  9999.00  9999.00  9999.00
 00024   952.37    -8.27    82.03     4.21   307.52    28.52  9999.00  9999.00  9999.00  9999.00
 00025   794.61     9.69    96.48     1.93   203.42    21.31  9999.00  9999.00  9999.00  9999.00
 00026  1008.73    17.06    91.82     1.43    11.53    19.70  9999.00  9999.00  9999.00  9999.00
 00027  1005.58    16.50    82.05     3.69   328.98    19.60  9999.00  9999.00  9999.00  9999.00
 00028   974.13    14.54    90.90     2.95     8.46    11.80  9999.00  9999.00  9999.00  9999.00
 00029  1006.63    21.44    96.25     1.06    67.99    22.66  9999.00  9999.00  9999.00  9999.00
 00030   994.94    22.59    97.11     2.12   156.47    22.39  9999.00  9999.00  9999.00  9999.00
 00031   570.82    -7.60    76.00     1.89   215.07    18.40  9999.00  9999.00  9999.00  9999.00
 00032   977.79    20.04    94.70     1.22   327.34    14.63  9999.00  9999.00  9999.00  9999.00
 00033  1008.14    22.54    98.77     2.44   140.21     0.28  9999.00  9999.00  9999.00  9999.00
 00034  1008.97    27.65    83.27     6.57    66.00    28.23  9999.00  9999.00  9999.00  9999.00
 00035  1007.39    24.38    94.73     1.28    48.22    18.89  9999.00  9999.00  9999.00  9999.00
 00036   774.19     8.81    86.26     0.63   143.24    21.06  9999.00  9999.00  9999.00  9999.00
 00037   968.27    19.58    96.34     0.92   330.12    12.07  9999.00  9999.00  9999.00  9999.00
 00038   995.91    18.38    98.03     0.81   284.96    21.47  9999.00  9999.00  9999.00  9999.00
 00039  1009.16    21.13    91.68     2.87   335.09    20.98  9999.00  9999.00  9999.00  9999.00
 00040  1007.25    21.08    93.90     2.33    59.86    22.38  9999.00  9999.00  9999.00  9999.00
 00041   970.00    16.11    87.22     0.81   104.76    18.75  9999.00  9999.00  9999.00  9999.00
 00042  1010.60    17.89    85.16     1.38   131.38    19.76  9999.00  9999.00  9999.00  9999.00
 00043  1002.10    17.43    92.54     1.34    74.60    20.05  9999.00  9999.00  9999.00  9999.00
 00044   984.37    15.84    94.92     1.31   111.44    19.22  9999.00  9999.00  9999.00  9999.00
 00045  1007.25    21.08    93.90     2.33    59.86    22.38  9999.00  9999.00  9999.00  9999.00
 00046   942.55    16.28    90.99     0.65   144.69    19.96  9999.00  9999.00  9999.00  9999.00
 00047  1002.57    20.43    98.92     1.83   328.50     2.37  9999.00  9999.00  9999.00  9999.00
 00048   601.98    -6.84    78.68     1.01   172.20    22.12  9999.00  9999.00  9999.00  9999.00
 00049   575.19    -7.56    85.65     1.15   178.41    23.56  9999.00  9999.00  9999.00  9999.00
 00050  1001.38    18.32    94.37     1.97   315.43    20.02  9999.00  9999.00  9999.00  9999.00
