stn_id       p       t2      rh2      spd      dir      vis    rain6   rain24   tmax24   tmin24 
 00001   975.19    15.30    90.40     0.65   238.33    23.75  9999.00  9999.00  9999.00  9999.00
 00002   991.81     9.76    64.56     2.10   277.92    22.75  9999.00  9999.00  9999.00  9999.00
 00003   902.88     6.13    57.44     0.66   309.54    21.83  9999.00  9999.00  9999.00  9999.00
 00004   834.88     2.54    56.09     2.28   232.27    21.95  9999.00  9999.00  9999.00  9999.00
 00005   870.62     2.98    61.46     2.60   172.13    24.82  9999.00  9999.00  9999.00  9999.00
 00006   882.58     1.19    71.80     2.01     9.57    26.05  9999.00  9999.00  9999.00  9999.00
 00007   999.31    10.08    92.90     3.71   291.56    24.67  9999.00  9999.00  9999.00  9999.00
 00008   981.50     8.92    64.54     5.05   311.78    26.74  9999.00  9999.00  9999.00  9999.00
 00009   936.18    -1.89    71.96     5.00   315.82    10.37  9999.00  9999.00  9999.00  9999.00
 00010   959.87     6.16    94.61     1.63   228.31    27.01  9999.00  9999.00  9999.00  9999.00
 00011   985.18     9.13    77.54     6.20   300.74    20.01  9999.00  9999.00  9999.00  9999.00
 00012  1007.97     9.20    70.62     3.17    72.07    22.95  9999.00  9999.00  9999.00  9999.00
 00013  1011.29    13.91    92.43     2.20   235.92    22.20  9999.00  9999.00  9999.00  9999.00
 00014  1009.02    12.72    96.47     1.38   240.80    22.91  9999.00  9999.00  9999.00  9999.00
 00015   992.79    12.15    68.66     2.25   174.12    19.95  9999.00  9999.00  9999.00  9999.00
 00016   957.07     8.52    90.95     1.41   185.43    21.54  9999.00  9999.00  9999.00  9999.00
 00017   995.29    16.05    56.23     4.18   273.73    20.96  9999.00  9999.00  9999.00  9999.00
 00018  1010.10    13.71    92.45     1.93   247.71    21.71  9999.00  9999.00  9999.00  9999.00
 00019   939.39    15.25    90.39     0.49   247.51    26.18  9999.00  9999.00  9999.00  9999.00
 00020  1014.24    12.84    94.48     1.94   241.76    21.53  9999.00  9999.00  9999.00  9999.00
 00021   896.16     4.88    87.66     1.97   324.43     5.69  9999.00  9999.00  9999.00  9999.00
 00022  1010.04    10.69    80.75     2.68   252.01    21.25  9999.00  9999.00  9999.00  9999.00
 00023   924.66     3.92    81.99     2.74   256.61    21.40  9999.00  9999.00  9999.00  9999.00
 00024   946.25     7.11    85.29     6.04   291.01     4.39  9999.00  9999.00  9999.00  9999.00
 00025   796.76    12.17    95.99     1.14   105.49    18.89  9999.00  9999.00  9999.00  9999.00
 00026  1011.55    14.21    95.44     1.80   247.97    22.66  9999.00  9999.00  9999.00  9999.00
 00027  1007.78    14.12    89.86     1.14   161.36    22.49  9999.00  9999.00  9999.00  9999.00
 00028   977.08    13.18    96.61     0.68   157.80    20.56  9999.00  9999.00  9999.00  9999.00
 00029  1007.65    21.05    81.93     2.78    16.57    25.62  9999.00  9999.00  9999.00  9999.00
 00030   997.51    19.82    84.02     1.77   308.97    28.41  9999.00  9999.00  9999.00  9999.00
 00031   573.05    -4.41    81.78     2.29   211.37    26.30  9999.00  9999.00  9999.00  9999.00
 00032   979.01    18.70    90.18     1.06    50.41    12.44  9999.00  9999.00  9999.00  9999.00
 00033  1009.14    21.64    97.93     1.98   106.92     0.44  9999.00  9999.00  9999.00  9999.00
 00034  1009.15    26.79    87.13     8.52    45.38    11.85  9999.00  9999.00  9999.00  9999.00
 00035  1008.05    24.22    89.33     2.73    43.32    19.16  9999.00  9999.00  9999.00  9999.00
 00036   777.23    10.53    98.04     0.49    62.55    13.33  9999.00  9999.00  9999.00  9999.00
 00037   969.32    18.55    91.74     0.79   111.62    12.55  9999.00  9999.00  9999.00  9999.00
 00038   996.25    20.98    96.80     0.81    55.88    22.01  9999.00  9999.00  9999.00  9999.00
 00039  1010.08    22.13    86.61     4.96    33.43    16.39  9999.00  9999.00  9999.00  9999.00
 00040  1007.49    22.31    88.94     2.11    44.03    15.93  9999.00  9999.00  9999.00  9999.00
 00041   971.39    11.68    95.47     1.63   223.67    21.70  9999.00  9999.00  9999.00  9999.00
 00042  1011.86    14.22    92.18     2.22   221.31    22.29  9999.00  9999.00  9999.00  9999.00
 00043  1005.32    13.82    96.79     1.29   184.12    23.16  9999.00  9999.00  9999.00  9999.00
 00044   986.63    12.54    99.73     1.01   225.66     0.68  9999.00  9999.00  9999.00  9999.00
 00045  1007.49    22.31    88.94     2.11    44.03    15.93  9999.00  9999.00  9999.00  9999.00
 00046   943.82    13.64    95.51     1.27    16.30    23.13  9999.00  9999.00  9999.00  9999.00
 00047  1003.47    17.19    93.41     1.79   327.60    21.58  9999.00  9999.00  9999.00  9999.00
 00048   604.55    -4.81    92.78     1.25   174.30    11.34  9999.00  9999.00  9999.00  9999.00
 00049   577.42    -3.07    95.56     0.86   151.95     5.52  9999.00  9999.00  9999.00  9999.00
 00050  1002.50    20.18    88.60     2.33    17.01    22.29  9999.00  9999.00  9999.00  9999.00
