stn_id       p       t2      rh2      spd      dir      vis    rain6   rain24   tmax24   tmin24 
 00001   977.69    14.26    97.15     0.85   116.97     0.12     0.01     0.65    18.73    13.34
 00002   996.91    12.96    80.80     1.60   271.11    22.91     0.00    -0.00    25.08     9.68
 00003   904.70     6.55    64.26     1.25    41.68    21.92     0.00     0.02    20.93     3.11
 00004   836.13     5.39    59.01     1.27   223.80    22.04     0.00    -0.00    13.65     2.02
 00005   871.16     3.72    58.18     1.19   114.13    24.89     0.00     0.04    15.81     0.12
 00006   880.46     3.49    51.80     4.31   205.73    26.03     0.00    -0.00    12.46     0.63
 00007  1003.29    12.46    91.18     1.52   195.83    25.26     0.09     4.41    15.46     9.73
 00008   987.10    11.92    89.44     3.43   216.38    23.71     0.74     3.78    17.55    10.87
 00009   933.06     5.84    82.91     3.97   187.74    32.58     0.00     0.00    13.31     1.58
 00010   966.88    11.25    79.54     0.54   251.71    27.37     0.00     0.00    18.02     7.28
 00011   994.25    11.23    86.14     3.01   190.63    28.30     0.00     0.02    19.30     7.64
 00012  1012.04     9.50    73.01     1.76   348.33    23.03     0.00     2.24    18.90     6.57
 00013  1013.60    15.70    92.35     1.28   222.32    20.00     0.00     3.22    18.23    12.05
 00014  1010.29    18.24    87.54     2.04   334.86    22.72     0.01     0.13    21.23    16.58
 00015   996.19    14.58    91.94     0.70    76.49    12.57     0.24     1.60    22.64    11.03
 00016   958.60    12.99    82.99     1.85   201.58    21.66     0.03     0.05    20.84    10.97
 00017   997.88    15.65    76.42     2.67   144.70    21.07     0.00     0.00    23.58    14.17
 00018  1012.39    15.18    95.29     1.03   207.39     0.59     0.00     0.22    22.08    13.56
 00019   941.55    13.74    86.82     0.71   329.37    26.27     0.00     0.54    19.07    12.37
 00020  1015.65    17.60    92.38     0.56   300.06     8.05     0.52     0.56    20.47    16.69
 00021   892.91     8.56    62.62     1.75   120.54    25.81     0.00     0.00    22.42     8.14
 00022  1014.56    12.14    92.66     2.14   309.51     7.05     0.00     7.85    22.83    10.72
 00023   924.24     5.94    90.21     6.94   263.30     5.14     1.47     1.49    19.11     6.01
 00024   944.39     7.43    88.72     6.47   298.25    23.79     0.00     0.00    20.10     7.15
 00025   798.76    10.87    96.01     1.68    62.41     4.33    11.81    32.74    16.48    10.75
 00026  1012.77    18.93    79.78     1.23   195.04    22.72     0.00     0.00    23.23    17.48
 00027  1009.95    17.16    82.63     0.39   281.17    22.58     0.00     0.48    20.80    16.33
 00028   979.62    14.81    85.23     0.67   158.17    21.89     0.93     2.86    16.53    14.05
 00029  1009.86    22.63    75.54     2.75    12.09    25.68     0.00     0.06    27.31    21.10
 00030   999.98    21.59    82.51     2.12    12.51    28.47     0.01     0.13    27.27    21.19
 00031   575.51    -4.86    80.70     1.73   216.81    27.98     0.00     0.03     9.62    -5.30
 00032   980.20    20.08    81.85     0.50   129.71    21.44     0.01     0.10    23.93    17.71
 00033  1012.08    22.07    95.87     3.32    79.80    18.61     0.14     0.27    22.47    20.29
 00034  1012.04    26.64    86.86     8.60    48.14    31.18     1.25     4.13    27.83    25.76
 00035  1011.08    25.47    83.75     3.17    39.67    25.79     0.01     2.41    27.83    23.95
 00036   779.96     5.51    97.74     0.98    79.90     0.32     0.04     5.18    10.64     4.57
 00037   970.50    19.74    83.02     0.28   134.80    20.92     0.01     0.13    24.06    17.53
 00038   998.32    21.41    84.81     0.18   274.74    21.65     0.13     0.13    27.26    20.25
 00039  1011.73    22.53    80.63     4.84    27.75    23.53     0.01     0.01    24.79    21.40
 00040  1009.73    22.68    77.57     3.50    31.67    25.02     0.00     0.02    26.52    21.19
 00041   972.45    14.89    97.04     0.22    65.03     0.80     0.00     0.23    20.61    13.11
 00042  1013.95    16.14    95.66     1.17   206.88     0.59     0.00     0.73    20.88    13.61
 00043  1006.59    18.94    83.07     0.25   176.96    23.22     0.00     0.00    23.26    17.81
 00044   987.13    17.86    86.78     1.13   244.45    22.30     0.00     0.10    22.88    15.43
 00045  1009.73    22.68    77.57     3.50    31.67    25.02     0.00     0.02    26.52    21.19
 00046   945.05    18.06    79.52     1.36     7.82    23.19     0.00     0.30    22.37    14.73
 00047  1004.22    19.38    84.82     1.02    42.08    14.73     1.07     1.49    22.76    19.21
 00048   607.66    -3.20    91.12     0.61   188.84    31.80     2.37     3.64     5.75    -6.80
 00049   579.18    -4.77    97.70     0.48   101.81     1.00     0.24     0.51     6.24    -5.45
 00050  1004.05    22.15    76.16     2.58    21.62    23.11     0.00     0.00    26.75    18.74
