stn_id       p       t2      rh2      spd      dir      vis    rain6   rain24   tmax24   tmin24 
 00001   963.25    30.55    67.27     2.12   121.04    25.91  9999.00  9999.00  9999.00  9999.00
 00002   987.04    31.31    60.91     0.83   146.33    26.00  9999.00  9999.00  9999.00  9999.00
 00003   898.41    27.72    58.74     0.64    99.22    24.99  9999.00  9999.00  9999.00  9999.00
 00004   833.04    24.52    50.47     0.70   180.70    24.94  9999.00  9999.00  9999.00  9999.00
 00005   866.24    27.50    43.02     2.15   205.16    27.64  9999.00  9999.00  9999.00  9999.00
 00006   874.88    32.98    23.37     3.90   251.09    28.70  9999.00  9999.00  9999.00  9999.00
 00007   996.61    28.53    68.00     0.72    40.88    25.04  9999.00  9999.00  9999.00  9999.00
 00008   982.25    28.44    59.33     1.60   100.31    27.35  9999.00  9999.00  9999.00  9999.00
 00009   941.70    23.73    63.47     0.29   107.06    40.88  9999.00  9999.00  9999.00  9999.00
 00010   963.30    18.01    89.66     0.68    79.22    17.15  9999.00  9999.00  9999.00  9999.00
 00011   989.92    26.63    69.45     0.72    91.19    30.13  9999.00  9999.00  9999.00  9999.00
 00012  1001.48    30.98    68.46     0.87   220.18    24.53  9999.00  9999.00  9999.00  9999.00
 00013  1002.94    29.13    63.93     2.13    50.25    23.95  9999.00  9999.00  9999.00  9999.00
 00014   999.15    28.20    70.45     2.34   240.69    24.80  9999.00  9999.00  9999.00  9999.00
 00015   987.58    31.28    45.88     0.78   340.75    20.69  9999.00  9999.00  9999.00  9999.00
 00016   947.35    29.73    49.33     1.05    90.36    25.60  9999.00  9999.00  9999.00  9999.00
 00017   989.08    31.14    54.21     1.64   181.46    24.25  9999.00  9999.00  9999.00  9999.00
 00018  1001.73    30.38    56.96     2.24    90.86    24.22  9999.00  9999.00  9999.00  9999.00
 00019   929.52    27.30    76.88     1.07    88.70    25.86  9999.00  9999.00  9999.00  9999.00
 00020  1004.86    26.63    74.64     2.54   241.57    21.21  9999.00  9999.00  9999.00  9999.00
 00021   890.82    14.23    55.56     2.12   319.23    27.93  9999.00  9999.00  9999.00  9999.00
 00022  1004.37    32.45    58.15     2.68   260.75    21.93  9999.00  9999.00  9999.00  9999.00
 00023   916.51    16.63    42.31     1.53   118.72    23.30  9999.00  9999.00  9999.00  9999.00
 00024   942.24    15.48    47.42     3.14   287.33    25.70  9999.00  9999.00  9999.00  9999.00
 00025   793.20    20.35    76.82     2.25   141.43    20.01  9999.00  9999.00  9999.00  9999.00
 00026  1000.76    29.76    78.04     1.04    33.08    16.66  9999.00  9999.00  9999.00  9999.00
 00027   996.90    29.93    76.87     1.19   286.72    18.61  9999.00  9999.00  9999.00  9999.00
 00028   967.78    27.32    83.89     0.20    74.55    23.55  9999.00  9999.00  9999.00  9999.00
 00029   999.80    30.49    71.13     1.13   278.33    28.74  9999.00  9999.00  9999.00  9999.00
 00030   988.86    29.38    73.43     0.73   142.00    28.85  9999.00  9999.00  9999.00  9999.00
 00031   574.59     9.19    64.60     1.40   194.24    23.20  9999.00  9999.00  9999.00  9999.00
 00032   970.61    25.27    92.33     1.54   118.73    10.73  9999.00  9999.00  9999.00  9999.00
 00033  1002.84    23.89    97.23     1.74   129.56     0.33  9999.00  9999.00  9999.00  9999.00
 00034  1006.03    28.46    86.41     5.85   211.14    34.48  9999.00  9999.00  9999.00  9999.00
 00035  1001.93    31.69    65.58     2.26   222.11    31.60  9999.00  9999.00  9999.00  9999.00
 00036   774.33    20.29    72.89     1.22   198.01    22.55  9999.00  9999.00  9999.00  9999.00
 00037   961.10    25.65    91.23     1.03   149.37     9.34  9999.00  9999.00  9999.00  9999.00
 00038   987.10    31.03    72.82     1.98   274.79    26.63  9999.00  9999.00  9999.00  9999.00
 00039  1000.87    26.80    93.55     2.00   128.73    25.17  9999.00  9999.00  9999.00  9999.00
 00040   998.64    29.99    80.52     2.78   259.06    24.69  9999.00  9999.00  9999.00  9999.00
 00041   962.58    26.85    80.80     1.43    27.56    15.99  9999.00  9999.00  9999.00  9999.00
 00042  1002.92    28.90    65.07     2.33    56.31    24.64  9999.00  9999.00  9999.00  9999.00
 00043   994.58    29.09    80.15     0.82   292.04    19.34  9999.00  9999.00  9999.00  9999.00
 00044   976.31    28.47    79.83     1.06   107.57    25.04  9999.00  9999.00  9999.00  9999.00
 00045   998.64    29.99    80.52     2.78   259.06    24.69  9999.00  9999.00  9999.00  9999.00
 00046   936.04    25.86    92.70     0.84   271.55    14.09  9999.00  9999.00  9999.00  9999.00
 00047   993.15    25.74    85.77     0.54   164.73     9.27  9999.00  9999.00  9999.00  9999.00
 00048   605.62    12.00    65.57     1.87   180.04    28.51  9999.00  9999.00  9999.00  9999.00
 00049   578.50     9.07    71.47     0.96   204.93    23.28  9999.00  9999.00  9999.00  9999.00
 00050   993.35    28.42    92.24     1.37    88.34    20.04  9999.00  9999.00  9999.00  9999.00
