stn_id       p       t2      rh2      spd      dir      vis    rain6   rain24   tmax24   tmin24 
 00001   987.66     4.13    72.76     2.50   254.71    18.24  9999.00  9999.00  9999.00  9999.00
 00002  1014.22   -14.89    74.21     1.79   321.50    26.38  9999.00  9999.00  9999.00  9999.00
 00003   911.94   -12.64    69.68     0.98   224.23    24.77  9999.00  9999.00  9999.00  9999.00
 00004   837.09   -13.31    73.97     2.45   231.64    24.74  9999.00  9999.00  9999.00  9999.00
 00005   874.03   -19.54    83.85     1.05   117.22    27.52  9999.00  9999.00  9999.00  9999.00
 00006   883.02   -14.27    65.43     4.53   240.24    29.99  9999.00  9999.00  9999.00  9999.00
 00007  1027.22   -13.32    63.12     1.22   151.67    36.96  9999.00  9999.00  9999.00  9999.00
 00008  1009.03   -16.42    67.46     4.41   237.25    41.96  9999.00  9999.00  9999.00  9999.00
 00009   959.40   -30.04    79.21     2.33   289.85    52.34  9999.00  9999.00  9999.00  9999.00
 00010   983.31   -16.83    60.15     4.61   271.56    41.80  9999.00  9999.00  9999.00  9999.00
 00011  1015.82   -23.92    92.88     3.18   246.60    46.05  9999.00  9999.00  9999.00  9999.00
 00012  1032.68   -16.63    85.29     1.10    75.60    28.46  9999.00  9999.00  9999.00  9999.00
 00013  1029.20    -0.39    85.46     3.06    58.46     4.68  9999.00  9999.00  9999.00  9999.00
 00014  1024.96    -0.38    88.37     0.89   243.35     2.14  9999.00  9999.00  9999.00  9999.00
 00015  1013.96    -6.11    64.61     2.23   167.99    23.36  9999.00  9999.00  9999.00  9999.00
 00016   970.06    -3.51    65.90     1.17   210.60    23.34  9999.00  9999.00  9999.00  9999.00
 00017  1015.14    -4.02    78.05     1.44   191.27    22.37  9999.00  9999.00  9999.00  9999.00
 00018  1028.21    -1.33    82.81     3.03    51.42     4.57  9999.00  9999.00  9999.00  9999.00
 00019   949.59     3.47    65.13     1.73   229.89    26.34  9999.00  9999.00  9999.00  9999.00
 00020  1030.95     3.86    90.88     3.25   277.54     2.59  9999.00  9999.00  9999.00  9999.00
 00021   903.21   -20.46    56.11     2.34   153.47    38.93  9999.00  9999.00  9999.00  9999.00
 00022  1035.40    -9.32    66.12     1.38   163.05    26.61  9999.00  9999.00  9999.00  9999.00
 00023   929.61   -16.31    28.76     2.21   133.13    34.59  9999.00  9999.00  9999.00  9999.00
 00024   963.44   -28.69    96.49     2.82   112.28    28.17  9999.00  9999.00  9999.00  9999.00
 00025   797.25    13.89    54.98     6.98   234.29    18.92  9999.00  9999.00  9999.00  9999.00
 00026  1026.46    -0.28    90.72     3.54   345.53     2.33  9999.00  9999.00  9999.00  9999.00
 00027  1023.50    -0.28    86.16     3.09   334.97    12.62  9999.00  9999.00  9999.00  9999.00
 00028   991.34    -0.88    76.95     2.47     9.67    16.76  9999.00  9999.00  9999.00  9999.00
 00029  1019.48    10.00    70.64     3.03   352.99    20.82  9999.00  9999.00  9999.00  9999.00
 00030  1008.81     7.36    78.97     2.84    28.84    16.20  9999.00  9999.00  9999.00  9999.00
 00031   569.77    -5.39    35.46     2.28   210.33    33.55  9999.00  9999.00  9999.00  9999.00
 00032   990.50    10.24    76.90     2.08   341.50    18.08  9999.00  9999.00  9999.00  9999.00
 00033  1017.80    21.24    89.24     5.82    80.43    13.44  9999.00  9999.00  9999.00  9999.00
 00034  1017.02    27.36    76.84    10.72    62.19    26.28  9999.00  9999.00  9999.00  9999.00
 00035  1016.69    25.70    77.53     4.17    79.12    16.87  9999.00  9999.00  9999.00  9999.00
 00036   774.26     9.65    68.84     1.50   196.59    20.88  9999.00  9999.00  9999.00  9999.00
 00037   980.46     9.78    79.20     1.24   270.95    17.68  9999.00  9999.00  9999.00  9999.00
 00038  1007.38    15.77    63.39     1.32    16.18    20.15  9999.00  9999.00  9999.00  9999.00
 00039  1021.81    15.47    75.14     9.45    18.07    17.94  9999.00  9999.00  9999.00  9999.00
 00040  1018.53    16.85    66.73     7.41    29.63    20.75  9999.00  9999.00  9999.00  9999.00
 00041   983.20    -0.58    90.58     1.23    91.86     3.50  9999.00  9999.00  9999.00  9999.00
 00042  1028.51     0.18    85.31     3.09    80.97     5.77  9999.00  9999.00  9999.00  9999.00
 00043  1019.46     0.08    91.69     2.82    90.74     5.04  9999.00  9999.00  9999.00  9999.00
 00044   997.68     1.19    84.68     1.74    87.24     6.24  9999.00  9999.00  9999.00  9999.00
 00045  1018.53    16.85    66.73     7.41    29.63    20.75  9999.00  9999.00  9999.00  9999.00
 00046   950.93    13.02    77.16     0.70   140.60    18.92  9999.00  9999.00  9999.00  9999.00
 00047  1016.17     7.49    90.37     3.44   331.57    13.43  9999.00  9999.00  9999.00  9999.00
 00048   601.07    -4.20    42.90     1.05   172.72    35.81  9999.00  9999.00  9999.00  9999.00
 00049   574.99    -7.18    48.27     1.53   198.87    25.66  9999.00  9999.00  9999.00  9999.00
 00050  1014.09    14.42    65.95     5.64     8.27    19.37  9999.00  9999.00  9999.00  9999.00
