stn_id       p       t2      rh2      spd      dir      vis    rain6   rain24   tmax24   tmin24 
 00001   966.07    30.95    58.58     0.94   127.48    25.57     0.13  9999.00  9999.00  9999.00
 00002   991.41    30.79    61.05     1.71   103.96    24.74     0.02  9999.00  9999.00  9999.00
 00003   901.45    28.21    44.13     2.23   115.58    24.24     0.01  9999.00  9999.00  9999.00
 00004   835.45    24.69    36.75     3.61   124.40    24.39     0.00  9999.00  9999.00  9999.00
 00005   869.00    29.43    22.45     2.68   153.72    26.90     0.00  9999.00  9999.00  9999.00
 00006   879.57    30.72    14.36     2.18   131.46    27.69     0.00  9999.00  9999.00  9999.00
 00007  1002.12    27.37    62.59     2.10   287.29    25.59     0.00  9999.00  9999.00  9999.00
 00008   986.91    22.40    75.09     3.00   264.69    26.51     0.86  9999.00  9999.00  9999.00
 00009   946.59    14.58    35.02     1.98   278.22    35.53     0.00  9999.00  9999.00  9999.00
 00010   966.54    22.72    73.69     2.50   103.83    29.91     0.01  9999.00  9999.00  9999.00
 00011   993.64    23.95    71.78     2.34   254.64    28.29     1.64  9999.00  9999.00  9999.00
 00012  1006.67    30.25    64.74     1.66   194.07    23.77     0.00  9999.00  9999.00  9999.00
 00013  1006.93    26.16    75.98     2.79    38.89    22.90     0.14  9999.00  9999.00  9999.00
 00014  1002.36    27.97    71.42     3.85    64.42    25.10     0.47  9999.00  9999.00  9999.00
 00015   991.91    30.90    51.09     0.41   264.74    20.19     0.03  9999.00  9999.00  9999.00
 00016   949.40    31.21    43.37     2.24    89.42    25.01     0.00  9999.00  9999.00  9999.00
 00017   992.88    30.93    55.44     2.31   138.65    23.19     0.00  9999.00  9999.00  9999.00
 00018  1005.73    25.73    76.41     2.91    47.20    17.72     0.17  9999.00  9999.00  9999.00
 00019   931.72    27.94    65.86     1.85   175.50    27.17     0.90  9999.00  9999.00  9999.00
 00020  1009.01    26.90    75.96     2.90    73.31    22.42     0.04  9999.00  9999.00  9999.00
 00021   884.98    22.30    42.42     5.94   321.52    26.98     0.01  9999.00  9999.00  9999.00
 00022  1009.34    31.91    54.23     0.77   196.48    21.36     0.00  9999.00  9999.00  9999.00
 00023   911.97    19.08    55.35     1.17   321.66    23.16     0.55  9999.00  9999.00  9999.00
 00024   935.05    20.23    55.31     6.67   294.37    25.30     0.01  9999.00  9999.00  9999.00
 00025   793.58    23.61    47.17     4.01    66.29    24.67     0.00  9999.00  9999.00  9999.00
 00026  1002.09    29.04    68.64     4.91    24.21    25.36     0.06  9999.00  9999.00  9999.00
 00027   999.54    27.50    73.52     4.32    14.99    21.14     1.49  9999.00  9999.00  9999.00
 00028   970.10    24.82    73.79     3.36    26.46    24.87     0.01  9999.00  9999.00  9999.00
 00029   995.95    32.43    64.26     3.71    40.41    26.86     0.01  9999.00  9999.00  9999.00
 00030   988.62    26.90    78.39     2.54   333.97    28.86     2.27  9999.00  9999.00  9999.00
 00031   575.66    11.70    40.99     2.00   157.17    24.61     0.29  9999.00  9999.00  9999.00
 00032   969.23    23.80    87.87     5.15    41.83     5.12     4.96  9999.00  9999.00  9999.00
 00033  1000.25    22.03    96.79     3.82   249.85     0.60     0.04  9999.00  9999.00  9999.00
 00034  1002.77    28.28    84.27     4.83   273.56    31.40     0.03  9999.00  9999.00  9999.00
 00035   999.31    29.13    72.56     2.70   349.89    12.73     0.29  9999.00  9999.00  9999.00
 00036   775.51    22.22    43.23     1.07   135.97    24.35     0.00  9999.00  9999.00  9999.00
 00037   959.88    24.29    85.93     3.93    42.99     7.34     4.41  9999.00  9999.00  9999.00
 00038   983.92    24.62    92.94     3.61   344.31     3.61    13.90  9999.00  9999.00  9999.00
 00039   996.34    25.06    88.25    15.43    25.14     8.51     8.99  9999.00  9999.00  9999.00
 00040   993.79    26.79    80.73     7.14     6.00    10.15     9.27  9999.00  9999.00  9999.00
 00041   964.92    27.80    63.96     3.08    51.49    24.20     0.04  9999.00  9999.00  9999.00
 00042  1006.02    28.56    69.26     3.58    60.53    24.29     0.18  9999.00  9999.00  9999.00
 00043   995.50    28.66    68.28     4.73    29.87    25.88     0.13  9999.00  9999.00  9999.00
 00044   977.11    29.10    64.10     4.56    52.97    24.59     0.27  9999.00  9999.00  9999.00
 00045   993.79    26.79    80.73     7.14     6.00    10.15     9.27  9999.00  9999.00  9999.00
 00046   934.36    23.71    86.39     2.66    21.95     7.53     2.31  9999.00  9999.00  9999.00
 00047   995.05    25.75    83.38     5.69    71.07    22.10     0.98  9999.00  9999.00  9999.00
 00048   607.24    12.77    48.18     1.71   189.11    29.34     0.08  9999.00  9999.00  9999.00
 00049   580.18     9.53    53.64     2.21   197.40    24.48     0.01  9999.00  9999.00  9999.00
 00050   989.87    25.25    84.68     9.57    23.87    16.77     3.25  9999.00  9999.00  9999.00
