stn_id       p       t2      rh2      spd      dir      vis    rain6   rain24   tmax24   tmin24 
 00001   981.89    15.52    67.94     1.07   139.81    17.63  9999.00  9999.00  9999.00  9999.00
 00002  1003.16    11.38    42.93     0.89    58.16    23.38  9999.00  9999.00  9999.00  9999.00
 00003   908.95     9.26    20.39     1.97   199.19    21.64  9999.00  9999.00  9999.00  9999.00
 00004   837.84     9.09    12.20     5.25   239.99    22.00  9999.00  9999.00  9999.00  9999.00
 00005   872.31     4.37    27.07     2.73   203.09    25.41  9999.00  9999.00  9999.00  9999.00
 00006   880.07     9.64    12.06     7.34   257.12    28.31  9999.00  9999.00  9999.00  9999.00
 00007  1012.59    12.34    51.48     7.41   200.63    28.57  9999.00  9999.00  9999.00  9999.00
 00008   993.35    11.18    45.77     8.34   209.41    34.57  9999.00  9999.00  9999.00  9999.00
 00009   936.31     1.68    53.59     4.41   285.83    55.52  9999.00  9999.00  9999.00  9999.00
 00010   975.87     8.48    30.50     1.63   215.25    34.74  9999.00  9999.00  9999.00  9999.00
 00011   998.08     9.79    42.69     8.58   203.88    41.07  9999.00  9999.00  9999.00  9999.00
 00012  1019.77     7.43    78.83     0.87   141.21    24.21  9999.00  9999.00  9999.00  9999.00
 00013  1022.28    17.70    51.01     3.46   219.62    18.45  9999.00  9999.00  9999.00  9999.00
 00014  1020.02    17.38    51.19     1.77   217.03    18.36  9999.00  9999.00  9999.00  9999.00
 00015  1003.80    18.01    32.34     2.92   166.78    19.01  9999.00  9999.00  9999.00  9999.00
 00016   962.59    12.61    49.18     0.95   152.72    17.90  9999.00  9999.00  9999.00  9999.00
 00017  1005.11    16.59    28.14     1.98   318.80    18.42  9999.00  9999.00  9999.00  9999.00
 00018  1020.77    18.08    49.64     2.61   199.85    18.16  9999.00  9999.00  9999.00  9999.00
 00019   945.08    15.20    64.55     1.42   131.97    20.69  9999.00  9999.00  9999.00  9999.00
 00020  1026.64    16.74    57.06     3.25   158.70    18.31  9999.00  9999.00  9999.00  9999.00
 00021   896.27     0.22    65.37     2.32   149.41    39.29  9999.00  9999.00  9999.00  9999.00
 00022  1022.48    10.26    59.06     1.33   150.59    21.87  9999.00  9999.00  9999.00  9999.00
 00023   920.76     1.45    73.05     2.90   152.44    35.75  9999.00  9999.00  9999.00  9999.00
 00024   951.19    -5.38    90.91     4.31   130.77     5.71  9999.00  9999.00  9999.00  9999.00
 00025   800.70    15.04    67.95     4.59   232.18    20.97  9999.00  9999.00  9999.00  9999.00
 00026  1022.48    17.56    58.21     1.94   168.95    18.48  9999.00  9999.00  9999.00  9999.00
 00027  1017.69    17.59    64.26     2.94   163.53    17.92  9999.00  9999.00  9999.00  9999.00
 00028   986.38    14.22    74.33     1.23   206.37    16.83  9999.00  9999.00  9999.00  9999.00
 00029  1019.75    21.10    48.99     1.76   108.93    20.29  9999.00  9999.00  9999.00  9999.00
 00030  1008.34    21.13    63.30     1.26   103.57    22.24  9999.00  9999.00  9999.00  9999.00
 00031   575.32    -2.59    29.30     1.92   252.57    30.58  9999.00  9999.00  9999.00  9999.00
 00032   990.49    16.44    51.99     2.38    49.60    17.17  9999.00  9999.00  9999.00  9999.00
 00033  1021.42    18.50    91.39     2.10    95.80     0.76  9999.00  9999.00  9999.00  9999.00
 00034  1020.92    24.68    67.72     9.42    47.11    22.50  9999.00  9999.00  9999.00  9999.00
 00035  1020.17    24.18    59.01     4.90    50.60    19.28  9999.00  9999.00  9999.00  9999.00
 00036   781.21     9.08    74.14     0.93   342.23    20.68  9999.00  9999.00  9999.00  9999.00
 00037   980.53    16.43    49.89     1.81    59.95    17.11  9999.00  9999.00  9999.00  9999.00
 00038  1008.55    19.32    42.36     2.68    46.91    19.28  9999.00  9999.00  9999.00  9999.00
 00039  1022.32    19.35    58.03     8.30    32.92    18.77  9999.00  9999.00  9999.00  9999.00
 00040  1019.87    20.77    42.68     6.62    43.67    19.88  9999.00  9999.00  9999.00  9999.00
 00041   981.31    15.88    48.35     2.08   195.73    17.50  9999.00  9999.00  9999.00  9999.00
 00042  1022.68    18.55    48.08     2.90   214.73    18.29  9999.00  9999.00  9999.00  9999.00
 00043  1015.87    17.53    55.90     0.80   186.06    18.84  9999.00  9999.00  9999.00  9999.00
 00044   996.88    16.06    52.64     0.96   106.02    17.84  9999.00  9999.00  9999.00  9999.00
 00045  1019.87    20.77    42.68     6.62    43.67    19.88  9999.00  9999.00  9999.00  9999.00
 00046   953.17    16.24    42.19     1.23    64.63    18.38  9999.00  9999.00  9999.00  9999.00
 00047  1015.31    16.54    45.89     0.88   292.63    17.89  9999.00  9999.00  9999.00  9999.00
 00048   606.24     0.19    47.38     1.17    95.25    33.13  9999.00  9999.00  9999.00  9999.00
 00049   578.52    -5.79    70.92     1.12   211.52    22.10  9999.00  9999.00  9999.00  9999.00
 00050  1014.46    19.94    44.91     5.16    35.89    18.32  9999.00  9999.00  9999.00  9999.00
