stn_id       p       t2      rh2      spd      dir      vis    rain6   rain24   tmax24   tmin24 
 00001   977.62    12.57    98.64     0.81   161.33    16.70     0.16  9999.00  9999.00  9999.00
 00002   997.54     2.90    91.97     2.03   275.38    23.04     0.00  9999.00  9999.00  9999.00
 00003   905.53    -2.59    80.44     0.60   301.39    21.33     0.00  9999.00  9999.00  9999.00
 00004   835.78    -0.87    51.41     2.34   201.72    21.66     0.00  9999.00  9999.00  9999.00
 00005   869.62     1.92    35.24     1.11   116.64    24.96     0.00  9999.00  9999.00  9999.00
 00006   877.13     3.38    34.42     7.10   227.50    27.86     0.00  9999.00  9999.00  9999.00
 00007  1006.80    -0.80    86.79     2.54   139.00    28.20     0.00  9999.00  9999.00  9999.00
 00008   990.50    -3.26    78.52     1.93   224.62    34.17     0.00  9999.00  9999.00  9999.00
 00009   943.74   -24.08    94.69     1.88   183.14    56.01     0.00  9999.00  9999.00  9999.00
 00010   968.62    -2.99    92.51     1.46   249.13    34.44     0.00  9999.00  9999.00  9999.00
 00011   997.96    -0.87    42.88     0.79   253.17    40.62     0.00  9999.00  9999.00  9999.00
 00012  1013.03     2.59    86.90     1.16   248.69    23.82     0.00  9999.00  9999.00  9999.00
 00013  1016.31     8.39    86.09     2.02   188.33    18.37     0.00  9999.00  9999.00  9999.00
 00014  1014.29     6.29    84.15     1.83   211.40    18.29     0.00  9999.00  9999.00  9999.00
 00015   996.76     8.36    89.32     2.36   163.80    18.79     0.00  9999.00  9999.00  9999.00
 00016   958.55     4.99    94.85     1.24   175.04    17.81     0.00  9999.00  9999.00  9999.00
 00017   998.47    11.47    68.93     3.22   265.56    18.31     0.00  9999.00  9999.00  9999.00
 00018  1014.53    11.39    70.92     2.71   198.68    18.08     0.00  9999.00  9999.00  9999.00
 00019   941.01    11.35    87.99     1.32   247.17    20.51     0.01  9999.00  9999.00  9999.00
 00020  1020.16    11.42    75.46     3.29   196.52    18.23     0.00  9999.00  9999.00  9999.00
 00021   892.66    -0.80    70.63     3.11   153.66    38.78     0.00  9999.00  9999.00  9999.00
 00022  1015.85     2.32    86.56     2.19   170.88    21.53     0.00  9999.00  9999.00  9999.00
 00023   919.28     1.66    86.91     1.69   150.72    35.37     0.03  9999.00  9999.00  9999.00
 00024   947.29    -2.02    98.99     2.46   134.95     5.81     0.01  9999.00  9999.00  9999.00
 00025   797.27     8.37    92.93     2.03   200.54    20.98     0.00  9999.00  9999.00  9999.00
 00026  1014.79    10.80    75.60     1.94   167.02    18.42     0.00  9999.00  9999.00  9999.00
 00027  1010.37    13.94    85.06     1.01   151.27    17.87     0.54  9999.00  9999.00  9999.00
 00028   978.94    14.76    94.73     0.82   151.70    15.54     3.98  9999.00  9999.00  9999.00
 00029  1013.64    14.59    81.34     2.22   115.43    20.21     0.00  9999.00  9999.00  9999.00
 00030  1001.29    19.78    67.34     2.10   153.96    22.17     0.00  9999.00  9999.00  9999.00
 00031   572.07    -6.15    39.26     2.48   224.28    30.34     0.00  9999.00  9999.00  9999.00
 00032   984.79     7.15    90.45     1.43   314.54    17.10     0.00  9999.00  9999.00  9999.00
 00033  1014.80    21.47    77.61     2.69   131.64    21.33     0.00  9999.00  9999.00  9999.00
 00034  1015.44    24.82    87.41     7.55    56.92    15.98     0.91  9999.00  9999.00  9999.00
 00035  1013.95    21.02    75.94     2.09    63.53    21.15     0.00  9999.00  9999.00  9999.00
 00036   777.84     7.24    90.63     1.36    35.87    15.35     1.68  9999.00  9999.00  9999.00
 00037   974.97     6.67    91.94     1.00   318.00    17.04     0.00  9999.00  9999.00  9999.00
 00038  1003.00    10.29    82.71     1.18   325.66    19.23     0.00  9999.00  9999.00  9999.00
 00039  1016.17    18.19    66.79     6.54    82.56    18.70     0.00  9999.00  9999.00  9999.00
 00040  1014.22    16.76    69.44     4.70    60.89    19.84     0.00  9999.00  9999.00  9999.00
 00041   975.30     7.23    75.68     1.53   138.71    17.45     0.00  9999.00  9999.00  9999.00
 00042  1016.45     8.07    78.93     2.41   178.98    18.22     0.00  9999.00  9999.00  9999.00
 00043  1008.22    10.78    77.15     1.20   138.88    18.78     0.00  9999.00  9999.00  9999.00
 00044   990.31     7.74    77.11     1.25   128.81    17.77     0.00  9999.00  9999.00  9999.00
 00045  1014.22    16.76    69.44     4.70    60.89    19.84     0.00  9999.00  9999.00  9999.00
 00046   947.45     6.22    84.00     1.14   117.98    18.34     0.00  9999.00  9999.00  9999.00
 00047  1009.79    10.65    84.15     2.52   319.93    17.83     0.00  9999.00  9999.00  9999.00
 00048   602.68    -3.74    60.92     1.03   183.87    33.33     0.00  9999.00  9999.00  9999.00
 00049   575.78    -7.02    96.61     1.36   198.76     8.54     0.77  9999.00  9999.00  9999.00
 00050  1008.64    12.67    73.13     3.39   320.12    18.24     0.00  9999.00  9999.00  9999.00
