stn_id       p       t2      rh2      spd      dir      vis    rain6   rain24   tmax24   tmin24 
 00001   982.24    13.21    93.65     0.84   100.10     7.01     0.59  9999.00  9999.00  9999.00
 00002  1006.40     4.46    32.44     3.35   263.52    20.63     0.00  9999.00  9999.00  9999.00
 00003   911.99    -4.65    64.30     1.30   321.39    18.84     0.00  9999.00  9999.00  9999.00
 00004   840.90   -10.72    61.23     2.22   156.77    17.37     0.00  9999.00  9999.00  9999.00
 00005   876.76    -6.95    46.91     0.84   130.73    17.47     0.00  9999.00  9999.00  9999.00
 00006   884.65    -3.01    47.27     6.45   245.48    17.58     0.00  9999.00  9999.00  9999.00
 00007  1006.20    -1.38    34.34     2.91   300.31    21.20     0.00  9999.00  9999.00  9999.00
 00008   986.32    -1.41    57.22     4.53   300.72    23.49     0.01  9999.00  9999.00  9999.00
 00009   938.47   -14.42    83.70     3.11   195.46    39.65     0.00  9999.00  9999.00  9999.00
 00010   960.13    -3.68    39.98     2.54   265.79    24.01     0.01  9999.00  9999.00  9999.00
 00011   990.31    -1.72    71.32     4.32   275.03    14.58     0.69  9999.00  9999.00  9999.00
 00012  1019.34     3.50    34.37     2.45   256.38    19.47     0.00  9999.00  9999.00  9999.00
 00013  1022.74     4.81    85.33     2.63    46.57    21.47     0.00  9999.00  9999.00  9999.00
 00014  1019.01     7.36    87.67     1.88   331.18    21.84     0.00  9999.00  9999.00  9999.00
 00015  1006.21     4.88    59.19     2.31   276.15    19.16     0.00  9999.00  9999.00  9999.00
 00016   965.08     6.79    73.27     1.92    88.00    19.02     0.00  9999.00  9999.00  9999.00
 00017  1008.76     6.28    72.07     0.79   295.60    19.90     0.00  9999.00  9999.00  9999.00
 00018  1021.74     7.10    78.42     2.07    72.95    21.17     0.00  9999.00  9999.00  9999.00
 00019   945.67     9.63    82.45     1.26   278.31    23.35     0.00  9999.00  9999.00  9999.00
 00020  1024.46     8.22    83.52     2.49   336.28    20.54     0.00  9999.00  9999.00  9999.00
 00021   884.36     4.92    27.18     6.85   151.27    30.60     0.00  9999.00  9999.00  9999.00
 00022  1022.70     5.98    25.65     4.20   268.16    19.06     0.00  9999.00  9999.00  9999.00
 00023   913.28     7.44    62.79     5.72   251.76     9.39     0.19  9999.00  9999.00  9999.00
 00024   934.91     5.48    43.84     4.08   107.82    30.22     0.00  9999.00  9999.00  9999.00
 00025   798.33    13.61    56.18     1.73   134.44    23.76     0.00  9999.00  9999.00  9999.00
 00026  1020.58    11.06    76.70     2.38    18.74    21.98     0.00  9999.00  9999.00  9999.00
 00027  1016.50    13.13    65.05     2.19    44.11    21.47     0.00  9999.00  9999.00  9999.00
 00028   985.00    12.74    73.53     1.87    10.60    20.29     0.00  9999.00  9999.00  9999.00
 00029  1014.20    15.56    66.60     3.58    21.40    23.13     0.00  9999.00  9999.00  9999.00
 00030  1002.71    19.16    69.54     2.98    26.36    15.88     0.12  9999.00  9999.00  9999.00
 00031   574.68    -4.66    28.28     2.31   218.10    27.08     0.00  9999.00  9999.00  9999.00
 00032   985.99    13.52    61.90     2.75    41.46    19.84     0.01  9999.00  9999.00  9999.00
 00033  1013.74    20.82    88.30     7.30    72.24    18.27     0.04  9999.00  9999.00  9999.00
 00034  1014.11    27.28    82.78     3.91    33.11    21.12     0.07  9999.00  9999.00  9999.00
 00035  1012.90    24.38    81.34     3.93    51.09    21.99     0.03  9999.00  9999.00  9999.00
 00036   780.09     6.86    71.27     1.42    28.45    20.12     0.05  9999.00  9999.00  9999.00
 00037   976.02    13.52    69.39     1.80    58.51    19.57     0.03  9999.00  9999.00  9999.00
 00038  1002.49    14.54    90.03     1.87    36.15    22.15     0.00  9999.00  9999.00  9999.00
 00039  1016.35    18.85    69.15    11.81    26.60    21.53     0.03  9999.00  9999.00  9999.00
 00040  1013.37    18.12    80.45     7.19    30.67    22.39     0.00  9999.00  9999.00  9999.00
 00041   980.34     7.10    79.46     1.63    15.36    20.99     0.00  9999.00  9999.00  9999.00
 00042  1022.92     7.10    82.31     2.37    72.08    21.57     0.00  9999.00  9999.00  9999.00
 00043  1013.65    10.74    76.80     2.09    30.00    22.35     0.00  9999.00  9999.00  9999.00
 00044   994.47     9.93    76.53     1.51    48.16    21.15     0.00  9999.00  9999.00  9999.00
 00045  1013.37    18.12    80.45     7.19    30.67    22.39     0.00  9999.00  9999.00  9999.00
 00046   949.03     8.42    86.35     1.92    36.65    21.44     0.00  9999.00  9999.00  9999.00
 00047  1011.58    12.88    70.20     4.26   327.87    20.68     0.00  9999.00  9999.00  9999.00
 00048   604.64     0.27    41.87     1.93   183.68    30.44     0.00  9999.00  9999.00  9999.00
 00049   578.21    -5.08    98.93     1.13   215.65     7.60     0.53  9999.00  9999.00  9999.00
 00050  1009.14    15.84    63.56     6.58    23.37    21.06     0.00  9999.00  9999.00  9999.00
