stn_id       p       t2      rh2      spd      dir      vis    rain6   rain24   tmax24   tmin24 
 00001   986.50    24.20  9999.00     2.00   160.00    15.00  9999.00  9999.00  9999.00  9999.00
 00002  1002.71    22.70  9999.00     2.00   160.00    30.00  9999.00  9999.00  9999.00  9999.00
 00003   923.43    18.10  9999.00     2.00   220.00    23.00  9999.00  9999.00  9999.00  9999.00
 00004   856.71    14.90  9999.00     3.00    40.00    30.00  9999.00  9999.00  9999.00  9999.00
 00005   891.83    14.40  9999.00     6.00   140.00    30.00  9999.00  9999.00  9999.00  9999.00
 00006   881.55    13.70  9999.00     2.00   320.00    30.00  9999.00  9999.00  9999.00  9999.00
 00007  1002.35    14.40  9999.00     6.00   250.00    30.00  9999.00  9999.00  9999.00  9999.00
 00008   978.10    10.40  9999.00     6.00   270.00    21.00  9999.00  9999.00  9999.00  9999.00
 00009   957.46    10.30  9999.00     2.00   110.00    30.00  9999.00  9999.00  9999.00  9999.00
 00010   970.20     9.90  9999.00     9.00   270.00    30.00  9999.00  9999.00  9999.00  9999.00
 00011   985.69     6.20  9999.00     3.00   290.00    30.00  9999.00  9999.00  9999.00  9999.00
 00012  1007.05    21.10  9999.00     2.00    70.00    30.00  9999.00  9999.00  9999.00  9999.00
 00013  1013.86    21.30  9999.00     3.00   200.00    23.00  9999.00  9999.00  9999.00  9999.00
 00014  1010.54    21.40  9999.00     4.00   180.00    16.00  9999.00  9999.00  9999.00  9999.00
 00015   991.49    21.50  9999.00     1.00   320.00    17.00  9999.00  9999.00  9999.00  9999.00
 00016   964.43    21.90  9999.00     3.00   270.00    17.00  9999.00  9999.00  9999.00  9999.00
 00017   998.35    26.10  9999.00     4.00   270.00    23.00  9999.00  9999.00  9999.00  9999.00
 00018  1011.56    21.00  9999.00     5.00   200.00    23.00  9999.00  9999.00  9999.00  9999.00
 00019   947.28    22.10  9999.00     1.00   110.00    13.00  9999.00  9999.00  9999.00  9999.00
 00020  1013.92    21.10  9999.00     2.00   180.00    14.00  9999.00  9999.00  9999.00  9999.00
 00021   897.67    20.80  9999.00     1.00   180.00    19.00  9999.00  9999.00  9999.00  9999.00
 00022  1011.60    20.80  9999.00     1.00    40.00    21.00  9999.00  9999.00  9999.00  9999.00
 00023   922.17    20.80  9999.00     8.00   200.00    19.00  9999.00  9999.00  9999.00  9999.00
 00024   947.29    19.90  9999.00     2.00    90.00    25.00  9999.00  9999.00  9999.00  9999.00
 00025   813.20    16.10    67.84     4.00   110.00    13.00  9999.00  9999.00  9999.00  9999.00
 00026  1011.49    20.70  9999.00     2.00   290.00    12.00  9999.00  9999.00  9999.00  9999.00
 00027  1009.03    21.50  9999.00     3.00   140.00    15.00  9999.00  9999.00  9999.00  9999.00
 00028   985.46    21.90  9999.00     1.00   320.00    14.00  9999.00  9999.00  9999.00  9999.00
 00029  1009.16    24.50  9999.00     2.00   340.00    30.00  9999.00  9999.00  9999.00  9999.00
 00030  1000.63    23.30  9999.00     1.00   110.00    16.00  9999.00  9999.00  9999.00  9999.00
 00031   638.50     8.60    28.89     2.00   110.00    30.00  9999.00  9999.00  9999.00  9999.00
 00032  1006.50    16.50  9999.00     1.00    20.00    26.00  9999.00  9999.00  9999.00  9999.00
 00033  1012.00    24.90  9999.00     2.00    40.00    22.00  9999.00  9999.00  9999.00  9999.00
 00034  1010.80    30.60  9999.00     2.00    40.00    16.00  9999.00  9999.00  9999.00  9999.00
 00035  1010.98    26.80  9999.00     1.00    20.00    13.00  9999.00  9999.00  9999.00  9999.00
 00036   840.40    20.10    36.85     2.00   110.00    22.00  9999.00  9999.00  9999.00  9999.00
 00037  1010.69    16.00  9999.00     4.00   160.00    15.00  9999.00  9999.00  9999.00  9999.00
 00038  1011.02    19.40  9999.00     3.00   160.00     6.00  9999.00  9999.00  9999.00  9999.00
 00039  1012.83    17.90  9999.00     6.00    40.00    11.00  9999.00  9999.00  9999.00  9999.00
 00040  1007.63    20.10  9999.00    10.00    40.00    12.00  9999.00  9999.00  9999.00  9999.00
 00041   816.30    12.10    17.03     2.00   340.00    26.00  9999.00  9999.00  9999.00  9999.00
 00042  1013.48    20.70  9999.00     3.00   270.00    23.00  9999.00  9999.00  9999.00  9999.00
 00043  1013.79    19.60  9999.00     2.00   290.00    11.00  9999.00  9999.00  9999.00  9999.00
 00044  1007.96    19.90  9999.00     2.00    90.00    10.00  9999.00  9999.00  9999.00  9999.00
 00045  1007.63    20.10  9999.00    10.00    40.00    12.00  9999.00  9999.00  9999.00  9999.00
 00046   972.34    19.40  9999.00     2.00    70.00    14.00  9999.00  9999.00  9999.00  9999.00
 00047  1012.43    19.10  9999.00     1.00    70.00    15.00  9999.00  9999.00  9999.00  9999.00
 00048   654.50     6.80    69.78     1.00   180.00    20.00  9999.00  9999.00  9999.00  9999.00
 00049   601.30     3.60    74.95     3.00   220.00    30.00  9999.00  9999.00  9999.00  9999.00
 00050  1012.93    16.40  9999.00     7.00    40.00    19.00  9999.00  9999.00  9999.00  9999.00
