stn_id       p       t2      rh2      spd      dir      vis    rain6   rain24   tmax24   tmin24 
 00001   963.85    24.16    95.01     0.62    79.68    27.17     0.02  9999.00  9999.00  9999.00
 00002   985.75    26.59    76.96     1.94   166.75    27.79     0.00  9999.00  9999.00  9999.00
 00003   897.10    23.39    53.13     1.26   106.43    26.24     0.00  9999.00  9999.00  9999.00
 00004   831.50    15.06    50.82     1.89   137.62    25.07     0.00  9999.00  9999.00  9999.00
 00005   864.71    19.39    52.54     1.83    91.97    25.92     0.00  9999.00  9999.00  9999.00
 00006   874.65    22.44    40.75     3.63   196.89    25.29     0.00  9999.00  9999.00  9999.00
 00007   995.83    23.44    62.09     4.62   203.00    25.09     0.00  9999.00  9999.00  9999.00
 00008   979.79    23.50    77.88     3.72   229.16    25.56     0.00  9999.00  9999.00  9999.00
 00009   938.38    15.02    80.45     3.59   263.15    34.23     0.00  9999.00  9999.00  9999.00
 00010   961.64    18.28    98.74     0.47   215.45    17.89     1.00  9999.00  9999.00  9999.00
 00011   986.84    20.52    93.63     1.52    67.51    26.51     8.94  9999.00  9999.00  9999.00
 00012  1001.21    28.08    56.07     3.27   209.55    25.73     0.00  9999.00  9999.00  9999.00
 00013  1003.20    24.69    92.57     3.33   105.65    14.28     0.55  9999.00  9999.00  9999.00
 00014  1000.78    23.45    95.16     1.84    60.18    24.57     0.22  9999.00  9999.00  9999.00
 00015   988.00    24.47    76.65     1.94   184.91    24.64     0.00  9999.00  9999.00  9999.00
 00016   945.13    23.47    83.45     1.87   112.23    26.54     0.00  9999.00  9999.00  9999.00
 00017   988.40    24.27    95.85     1.01   178.21    22.28     4.83  9999.00  9999.00  9999.00
 00018  1001.33    25.50    97.23     3.01   123.16     6.02     2.47  9999.00  9999.00  9999.00
 00019   929.39    23.33    89.72     0.71   262.91    27.22     0.50  9999.00  9999.00  9999.00
 00020  1007.10    21.75    94.70     1.75    83.23    26.90     0.40  9999.00  9999.00  9999.00
 00021   884.15    22.90    28.95     2.78   154.96    25.19     0.00  9999.00  9999.00  9999.00
 00022  1004.51    27.14    69.77     2.89   223.73    24.58     0.00  9999.00  9999.00  9999.00
 00023   908.93    23.68    30.76     2.76   184.94    20.83     0.00  9999.00  9999.00  9999.00
 00024   932.01    28.49    16.83     1.04   143.43    22.74     0.00  9999.00  9999.00  9999.00
 00025   792.47    16.43    91.92     3.59    87.48    14.43     0.51  9999.00  9999.00  9999.00
 00026  1001.36    26.34    95.05     1.39   227.80    20.17     3.58  9999.00  9999.00  9999.00
 00027   996.82    25.55    97.28     0.91   204.67    28.99     0.02  9999.00  9999.00  9999.00
 00028   966.98    24.05    98.10     0.96   327.25    27.29     0.07  9999.00  9999.00  9999.00
 00029  1001.06    25.34    96.26     2.11   111.79    30.28     1.05  9999.00  9999.00  9999.00
 00030   989.04    24.99    95.57     1.93   113.14    31.23     0.27  9999.00  9999.00  9999.00
 00031   574.71     5.84    91.89     0.94   177.63     8.02     5.13  9999.00  9999.00  9999.00
 00032   972.82    23.50    97.70     1.23   284.91     0.59     0.00  9999.00  9999.00  9999.00
 00033  1001.57    23.38    98.32     3.20   115.93     0.39     0.09  9999.00  9999.00  9999.00
 00034  1003.64    26.64    90.04     4.18   137.10    15.14     2.90  9999.00  9999.00  9999.00
 00035  1000.92    26.02    93.62     1.62   115.81    31.85     1.84  9999.00  9999.00  9999.00
 00036   773.85    16.30    85.17     1.21   102.34    24.80     0.09  9999.00  9999.00  9999.00
 00037   963.52    23.51    98.80     1.04   282.27     0.61     0.00  9999.00  9999.00  9999.00
 00038   991.02    23.89    99.61     0.36    13.89     9.68     0.10  9999.00  9999.00  9999.00
 00039  1003.90    25.35    94.06     2.96   252.04    28.13     0.00  9999.00  9999.00  9999.00
 00040  1002.12    25.42    96.88     1.05   110.05    22.29     0.47  9999.00  9999.00  9999.00
 00041   963.41    23.46    97.83     1.04   141.04    22.65     0.25  9999.00  9999.00  9999.00
 00042  1002.94    25.01    96.12     2.85   102.47    16.81     1.77  9999.00  9999.00  9999.00
 00043   995.27    26.67    91.21     1.86   179.92    30.04     0.91  9999.00  9999.00  9999.00
 00044   977.57    25.34    94.80     0.99    85.53    28.01     0.01  9999.00  9999.00  9999.00
 00045  1002.12    25.42    96.88     1.05   110.05    22.29     0.47  9999.00  9999.00  9999.00
 00046   938.19    22.48    96.18     0.97   183.93    28.76     0.09  9999.00  9999.00  9999.00
 00047   995.95    23.54    98.47     0.78    82.02     3.26     0.07  9999.00  9999.00  9999.00
 00048   606.29     7.34    89.22     0.70   129.84    15.33     2.93  9999.00  9999.00  9999.00
 00049   578.23     5.64    95.39     0.79   170.14     1.02     4.46  9999.00  9999.00  9999.00
 00050   996.12    25.25    93.90     1.88   257.61    26.87     0.00  9999.00  9999.00  9999.00
