stn_id       p       t2      rh2      spd      dir      vis    rain6   rain24   tmax24   tmin24 
 00001   979.40    24.20    98.79     1.00    40.00     3.50     0.40  9999.00  9999.00  9999.00
 00002   992.00    33.50    19.74     2.00   140.00    30.00     0.00  9999.00  9999.00  9999.00
 00003   918.10    27.10    33.70     1.00   220.00    30.00     0.00  9999.00  9999.00  9999.00
 00004   854.70    24.90    22.83     2.00   270.00    30.00     0.00  9999.00  9999.00  9999.00
 00005   878.70    26.00    16.83     2.00   320.00    30.00     0.00  9999.00  9999.00  9999.00
 00006   877.20    30.80    12.77     1.00   180.00    30.00     0.00  9999.00  9999.00  9999.00
 00007   999.30    21.90    62.62     1.00   180.00    30.00     0.00  9999.00  9999.00  9999.00
 00008   977.90    22.70    55.84     1.00   180.00    11.00     0.00  9999.00  9999.00  9999.00
 00009   955.50    14.20    65.66     2.00   160.00    30.00     0.00  9999.00  9999.00  9999.00
 00010   976.60    20.90    77.74     1.00   320.00    29.00     0.00  9999.00  9999.00  9999.00
 00011   989.80    25.20    43.76     1.00   220.00    20.00     0.00  9999.00  9999.00  9999.00
 00012   997.70    33.20    27.57     2.00   160.00    25.00     0.00  9999.00  9999.00  9999.00
 00013  1002.30    28.00    41.69     1.00    40.00    21.00     0.00  9999.00  9999.00  9999.00
 00014  1000.80    28.50    49.76     2.00   270.00     8.00     0.00  9999.00  9999.00  9999.00
 00015   984.90    29.40    31.70     4.00    90.00    30.00     0.00  9999.00  9999.00  9999.00
 00016   955.50    28.20    41.72     1.00   270.00    30.00     0.00  9999.00  9999.00  9999.00
 00017   990.90    32.20    26.59     0.00     0.00    30.00     0.00  9999.00  9999.00  9999.00
 00018  1003.50    29.10    61.77     2.00   180.00    26.00     0.00  9999.00  9999.00  9999.00
 00019   942.00    25.20    56.78     3.00   250.00    21.00     0.00  9999.00  9999.00  9999.00
 00020  1006.30    21.90    87.78     1.00   250.00     9.00     4.00  9999.00  9999.00  9999.00
 00021   900.30    26.80    23.82     3.00   320.00    28.00     0.00  9999.00  9999.00  9999.00
 00022  1002.80    28.00    52.57     3.00   140.00    30.00     0.00  9999.00  9999.00  9999.00
 00023   923.90    27.80    20.78     4.00   360.00    30.00     0.00  9999.00  9999.00  9999.00
 00024   950.90    25.30    20.76     4.00   320.00    19.00     0.00  9999.00  9999.00  9999.00
 00025   808.50    18.20   100.00     1.00   340.00     8.00     0.40  9999.00  9999.00  9999.00
 00026  1001.50    26.10    69.76     1.00   220.00    16.00     0.00  9999.00  9999.00  9999.00
 00027   993.40    25.50    82.85     2.00   290.00    16.00     0.00  9999.00  9999.00  9999.00
 00028   974.00    26.20    68.90     3.00    40.00    18.00     0.00  9999.00  9999.00  9999.00
 00029   996.80    25.30    92.45     1.00    40.00    11.00    21.00  9999.00  9999.00  9999.00
 00030   987.20    28.40    71.89     3.00    70.00    24.00     0.00  9999.00  9999.00  9999.00
 00031   619.30    17.90    40.78     3.00   110.00    30.00     0.40  9999.00  9999.00  9999.00
 00032   998.90    22.70    98.78     1.00   270.00     6.00    18.00  9999.00  9999.00  9999.00
 00033   997.70    27.00    93.09     0.00     0.00    20.00     4.00  9999.00  9999.00  9999.00
 00034  1006.00    30.40    77.61     3.00   270.00    15.00     0.00  9999.00  9999.00  9999.00
 00035  1002.70    26.90    95.91     0.00     0.00    13.00    25.00  9999.00  9999.00  9999.00
 00036   837.90    15.80    96.82     0.00     0.00     8.00     2.00  9999.00  9999.00  9999.00
 00037  1001.90    23.00    91.20     1.00    90.00     9.00    21.00  9999.00  9999.00  9999.00
 00038  1000.50    25.00    95.86     1.00    90.00     3.20     2.00  9999.00  9999.00  9999.00
 00039  1005.20    23.60    92.93     4.00    40.00     4.30    18.00  9999.00  9999.00  9999.00
 00040  1000.60    24.70    90.74     2.00    70.00  9999.00     0.60  9999.00  9999.00  9999.00
 00041   814.90    13.50   100.00     2.00    40.00     4.70     0.00  9999.00  9999.00  9999.00
 00042  1001.40    28.30    59.71     1.00   250.00    21.00     0.00  9999.00  9999.00  9999.00
 00043   999.10    25.10    83.83     2.00   160.00    13.00     0.00  9999.00  9999.00  9999.00
 00044   993.30    25.50    73.67     2.00   110.00     9.00     0.00  9999.00  9999.00  9999.00
 00045  1000.60    24.70    90.74     2.00    70.00  9999.00     0.60  9999.00  9999.00  9999.00
 00046   961.60    22.10   100.00     1.00    40.00     7.00     0.30  9999.00  9999.00  9999.00
 00047  1003.40    24.70    82.76     1.00   140.00    14.00     0.00  9999.00  9999.00  9999.00
 00048   650.40    12.10    79.02     1.00   110.00     6.00     0.90  9999.00  9999.00  9999.00
 00049   599.10     6.50    88.19     4.00   250.00    11.00     0.40  9999.00  9999.00  9999.00
 00050  1000.20    22.70    95.21     4.00    40.00     7.00    19.00  9999.00  9999.00  9999.00
