stn_id       p       t2      rh2      spd      dir      vis    rain6   rain24   tmax24   tmin24 
 00001   967.18    25.06    77.90     1.11    99.33    25.66  9999.00  9999.00  9999.00  9999.00
 00002   994.04    25.16    56.64     1.16   250.57    25.16  9999.00  9999.00  9999.00  9999.00
 00003   903.43    18.96    66.21     1.11    51.64    24.53  9999.00  9999.00  9999.00  9999.00
 00004   835.58    17.57    63.01     0.56   198.86    24.62  9999.00  9999.00  9999.00  9999.00
 00005   869.47    21.18    50.36     2.31   214.77    27.26  9999.00  9999.00  9999.00  9999.00
 00006   879.37    22.84    31.21     1.21   132.14    28.18  9999.00  9999.00  9999.00  9999.00
 00007  1002.40    24.60    54.55     4.39    35.87    25.35  9999.00  9999.00  9999.00  9999.00
 00008   988.98    22.66    52.79     4.39    36.45    27.17  9999.00  9999.00  9999.00  9999.00
 00009   951.93    20.01    33.16     1.64    98.32    37.65  9999.00  9999.00  9999.00  9999.00
 00010   968.48    17.48    94.79     2.54    97.94     7.75  9999.00  9999.00  9999.00  9999.00
 00011   997.01    22.89    51.70     1.10    92.29    29.15  9999.00  9999.00  9999.00  9999.00
 00012  1009.23    25.94    59.43     1.57    65.53    24.02  9999.00  9999.00  9999.00  9999.00
 00013   998.28    20.08    89.64     4.67   313.21    15.28  9999.00  9999.00  9999.00  9999.00
 00014   994.93    24.46    92.88     2.60   322.90     1.12  9999.00  9999.00  9999.00  9999.00
 00015   991.45    24.41    52.76     6.39    33.07    20.29  9999.00  9999.00  9999.00  9999.00
 00016   953.66    22.34    66.48     2.21    27.02    24.18  9999.00  9999.00  9999.00  9999.00
 00017   993.98    24.76    54.51     6.30    24.90    23.51  9999.00  9999.00  9999.00  9999.00
 00018  1000.05    20.51    80.78     6.87   350.57    15.22  9999.00  9999.00  9999.00  9999.00
 00019   933.76    24.24    67.54     1.97    62.80    26.94  9999.00  9999.00  9999.00  9999.00
 00020  1000.80    23.59    97.49     5.10   147.10     1.97  9999.00  9999.00  9999.00  9999.00
 00021   882.81    24.65    32.16     2.45   218.00    27.30  9999.00  9999.00  9999.00  9999.00
 00022  1011.66    26.38    52.66     3.46    59.01    21.53  9999.00  9999.00  9999.00  9999.00
 00023   911.99    15.17    87.01     4.02   259.67     3.16  9999.00  9999.00  9999.00  9999.00
 00024   933.44    21.46    45.88     8.36   296.71    25.43  9999.00  9999.00  9999.00  9999.00
 00025   793.71    15.56    78.69     3.91    73.60    13.71  9999.00  9999.00  9999.00  9999.00
 00026  1000.41    21.08    85.21     3.66   350.86    13.36  9999.00  9999.00  9999.00  9999.00
 00027   998.85    21.76    71.34     7.37    35.19    26.00  9999.00  9999.00  9999.00  9999.00
 00028   970.19    21.14    73.17     4.96    37.13    25.29  9999.00  9999.00  9999.00  9999.00
 00029   996.30    28.19    82.16     0.75   264.99     7.51  9999.00  9999.00  9999.00  9999.00
 00030   987.20    26.79    78.27     5.06    17.70    21.64  9999.00  9999.00  9999.00  9999.00
 00031   573.07     6.53    61.04     0.20   249.18    24.22  9999.00  9999.00  9999.00  9999.00
 00032   967.51    26.41    85.26     1.47   120.00     8.96  9999.00  9999.00  9999.00  9999.00
 00033   998.95    22.86    96.65     5.26   252.13     0.56  9999.00  9999.00  9999.00  9999.00
 00034  1002.29    28.84    85.50     3.59   239.72    32.60  9999.00  9999.00  9999.00  9999.00
 00035   997.98    30.78    73.15     3.43   293.22    18.87  9999.00  9999.00  9999.00  9999.00
 00036   776.36    14.01    59.31     1.59   134.85    24.30  9999.00  9999.00  9999.00  9999.00
 00037   958.07    26.72    84.09     1.15   141.17     9.28  9999.00  9999.00  9999.00  9999.00
 00038   985.40    28.83    81.32     0.77   171.70    25.59  9999.00  9999.00  9999.00  9999.00
 00039   998.77    26.59    90.81     4.09   176.40    16.94  9999.00  9999.00  9999.00  9999.00
 00040   996.95    28.32    83.27     2.99   195.00    25.28  9999.00  9999.00  9999.00  9999.00
 00041   960.23    18.68    91.24     1.95   314.33     3.04  9999.00  9999.00  9999.00  9999.00
 00042   999.80    20.42    86.40     4.68   292.84    12.15  9999.00  9999.00  9999.00  9999.00
 00043   994.19    21.17    83.31     3.45    13.63    16.58  9999.00  9999.00  9999.00  9999.00
 00044   973.21    24.34    93.41     2.89   268.00    15.32  9999.00  9999.00  9999.00  9999.00
 00045   996.95    28.32    83.27     2.99   195.00    25.28  9999.00  9999.00  9999.00  9999.00
 00046   932.87    25.67    83.16     2.17   218.04    15.98  9999.00  9999.00  9999.00  9999.00
 00047   990.74    25.65    88.10     4.02   164.13     7.43  9999.00  9999.00  9999.00  9999.00
 00048   603.80     8.96    78.17     1.22   171.17    23.34  9999.00  9999.00  9999.00  9999.00
 00049   576.90     6.25    80.35     1.70   191.91    19.28  9999.00  9999.00  9999.00  9999.00
 00050   991.01    27.79    87.43     3.05   176.80    21.16  9999.00  9999.00  9999.00  9999.00
