stn_id       p       t2      rh2      spd      dir      vis    rain6   rain24   tmax24   tmin24 
 00001   961.73    24.19    83.77     1.45   246.46    25.43     0.26  9999.00  9999.00  9999.00
 00002   994.14    19.99    83.70     1.83   323.64     3.80     1.07  9999.00  9999.00  9999.00
 00003   902.04    15.16    90.77     2.85    34.08     1.29    11.91  9999.00  9999.00  9999.00
 00004   834.27    12.06    92.19     1.79   102.56     5.69     1.48  9999.00  9999.00  9999.00
 00005   869.16    17.64    49.56     1.80   173.04    27.29     0.03  9999.00  9999.00  9999.00
 00006   879.65    21.44    24.31     4.05    47.17    28.27     0.00  9999.00  9999.00  9999.00
 00007  1003.40    20.37    77.75     1.88   304.76    25.35     0.31  9999.00  9999.00  9999.00
 00008   988.62    17.57    64.99     2.17   325.94    27.20    -0.00  9999.00  9999.00  9999.00
 00009   948.28    12.57    60.21     1.91    71.71    38.06     0.00  9999.00  9999.00  9999.00
 00010   966.01    19.10    80.30     1.75   289.33    29.57     0.04  9999.00  9999.00  9999.00
 00011   993.91    17.24    81.07     3.14   274.37    29.28     0.07  9999.00  9999.00  9999.00
 00012  1008.91    22.09    83.48     1.52    51.44    24.10     0.24  9999.00  9999.00  9999.00
 00013  1003.25    26.33    74.73     4.05    82.09    23.70     0.00  9999.00  9999.00  9999.00
 00014   999.83    25.60    91.21     2.61    56.84    14.32     1.33  9999.00  9999.00  9999.00
 00015   991.99    22.71    70.26     3.78    60.70    11.11     0.03  9999.00  9999.00  9999.00
 00016   948.39    20.31    93.22     1.60   111.85     5.07    11.63  9999.00  9999.00  9999.00
 00017   991.03    19.62    94.94     5.60    32.23     0.44     8.96  9999.00  9999.00  9999.00
 00018  1001.14    25.71    85.21     4.58    90.16     2.87     2.44  9999.00  9999.00  9999.00
 00019   929.05    23.21    80.54     1.94   251.20    20.74     0.50  9999.00  9999.00  9999.00
 00020  1007.75    23.12    91.93     3.29    74.41    21.68     0.03  9999.00  9999.00  9999.00
 00021   882.19    28.68    18.37     3.93   134.44    27.34     0.00  9999.00  9999.00  9999.00
 00022  1011.86    21.69    81.66     2.20   115.16    21.59     0.24  9999.00  9999.00  9999.00
 00023   909.00    29.08    22.38     2.60   306.18    23.17     0.03  9999.00  9999.00  9999.00
 00024   932.52    31.85    16.65     2.17   133.72    25.40     0.00  9999.00  9999.00  9999.00
 00025   789.90    20.39    80.38     1.94   229.51    24.61     0.12  9999.00  9999.00  9999.00
 00026   998.66    27.69    91.90     1.23   122.80    16.48     2.50  9999.00  9999.00  9999.00
 00027   994.15    26.22    95.48     0.85    94.00    24.95     3.18  9999.00  9999.00  9999.00
 00028   962.96    26.63    90.63     1.20    57.99    17.74     2.50  9999.00  9999.00  9999.00
 00029   998.32    27.48    88.92     1.57   135.20    27.70     1.58  9999.00  9999.00  9999.00
 00030   985.16    28.10    82.32     3.41   154.97    29.80     0.23  9999.00  9999.00  9999.00
 00031   571.91    11.22    54.23     1.36   182.53    23.65     2.54  9999.00  9999.00  9999.00
 00032   971.53    23.84    95.06     1.02    94.47    21.52     0.66  9999.00  9999.00  9999.00
 00033  1000.41    23.40    96.57     2.22   139.76     5.85     0.02  9999.00  9999.00  9999.00
 00034  1004.67    28.25    91.03     4.01   188.21    32.90     0.00  9999.00  9999.00  9999.00
 00035   999.96    28.81    83.90     2.87   140.10    29.86     0.90  9999.00  9999.00  9999.00
 00036   771.20    17.63    96.73     0.41    99.79     5.80     6.84  9999.00  9999.00  9999.00
 00037   962.09    23.98    95.64     0.76    76.89    21.73     0.86  9999.00  9999.00  9999.00
 00038   989.02    24.98    98.67     0.42    85.42    15.43     6.27  9999.00  9999.00  9999.00
 00039  1002.20    25.23    94.79     2.68    62.72    24.58     0.68  9999.00  9999.00  9999.00
 00040  1000.19    26.02    94.79     1.63   108.03    25.93     0.50  9999.00  9999.00  9999.00
 00041   961.95    24.81    91.14     1.42   119.35    21.65     2.65  9999.00  9999.00  9999.00
 00042  1002.27    26.94    79.36     4.51    87.48    22.83     1.63  9999.00  9999.00  9999.00
 00043   992.77    26.77    92.16     1.41   179.15     9.15     4.49  9999.00  9999.00  9999.00
 00044   975.78    26.25    90.37     1.47    69.91    12.07     4.15  9999.00  9999.00  9999.00
 00045  1000.19    26.02    94.79     1.63   108.03    25.93     0.50  9999.00  9999.00  9999.00
 00046   935.78    22.65    98.87     1.54   159.39    12.72    10.02  9999.00  9999.00  9999.00
 00047   995.40    23.27    98.63     0.84    49.29     5.97     1.08  9999.00  9999.00  9999.00
 00048   602.80    10.28    78.99     1.20   187.09    21.20     2.96  9999.00  9999.00  9999.00
 00049   577.30     4.88    96.90     1.56   186.83     7.11     3.87  9999.00  9999.00  9999.00
 00050   994.45    25.69    96.21     1.35    82.75    24.80     1.35  9999.00  9999.00  9999.00
