stn_id       p       t2      rh2      spd      dir      vis    rain6   rain24   tmax24   tmin24 
 00001   962.84    21.11    91.76     0.94   224.48    22.21     0.62  9999.00  9999.00  9999.00
 00002   987.38    27.07    48.19     2.79    14.65    23.36     0.00  9999.00  9999.00  9999.00
 00003   897.86    22.00    56.80     1.29    52.11    22.52     0.00  9999.00  9999.00  9999.00
 00004   831.39    17.55    69.55     1.53   125.09    20.78     0.00  9999.00  9999.00  9999.00
 00005   865.87    19.55    56.78     1.48   200.20    20.16     0.00  9999.00  9999.00  9999.00
 00006   875.22    23.57    39.33     5.11   187.82    19.22     0.00  9999.00  9999.00  9999.00
 00007   999.13    25.64    58.32     2.39   205.44    21.85     0.00  9999.00  9999.00  9999.00
 00008   985.03    25.05    44.60     3.41    86.31    23.41     0.00  9999.00  9999.00  9999.00
 00009   946.64    16.50    63.82     0.87   178.17    37.07     0.00  9999.00  9999.00  9999.00
 00010   965.88    21.48    56.32     0.78    45.98    25.43     0.00  9999.00  9999.00  9999.00
 00011   994.30    23.75    41.39     3.18    66.88    25.19     0.00  9999.00  9999.00  9999.00
 00012  1003.95    26.54    46.55     2.80    72.05    21.03     0.00  9999.00  9999.00  9999.00
 00013  1001.25    21.91    98.90     4.08    97.28     0.80    31.73  9999.00  9999.00  9999.00
 00014   998.52    22.78    96.71     0.99   240.38     4.83    19.68  9999.00  9999.00  9999.00
 00015   988.36    25.46    54.71     2.09   143.53    22.06     0.00  9999.00  9999.00  9999.00
 00016   947.71    17.71    92.03     1.56   146.04     7.13     0.62  9999.00  9999.00  9999.00
 00017   989.31    21.12    73.29     0.91    59.49    25.03     0.00  9999.00  9999.00  9999.00
 00018   999.88    22.14    98.53     1.95   113.23     0.68    22.58  9999.00  9999.00  9999.00
 00019   928.33    21.77    79.39     0.59   261.24    26.76     0.03  9999.00  9999.00  9999.00
 00020  1004.73    21.64    98.01     4.74    95.07     0.81    12.73  9999.00  9999.00  9999.00
 00021   883.92    18.40    40.47     2.22   157.97    25.47     0.00  9999.00  9999.00  9999.00
 00022  1006.05    28.40    44.84     2.07   143.31    20.73     0.00  9999.00  9999.00  9999.00
 00023   909.29    16.46    36.36     1.13   182.38    23.80     0.00  9999.00  9999.00  9999.00
 00024   934.12    17.11    32.20     1.14   292.59    25.49     0.00  9999.00  9999.00  9999.00
 00025   791.36    17.36    92.73     3.47   226.57     8.07     0.01  9999.00  9999.00  9999.00
 00026  1000.74    27.31    81.20     4.51   204.42    27.93     0.00  9999.00  9999.00  9999.00
 00027   995.28    27.53    81.74     4.52   174.56    27.95     0.00  9999.00  9999.00  9999.00
 00028   964.23    25.77    82.73     4.96   192.40    22.91     0.47  9999.00  9999.00  9999.00
 00029  1002.51    27.37    88.42     4.20   177.30    25.41     0.30  9999.00  9999.00  9999.00
 00030   988.63    27.00    87.37     4.11   151.33    31.84     0.01  9999.00  9999.00  9999.00
 00031   573.81     2.82    80.26     1.39   218.40    21.61     0.00  9999.00  9999.00  9999.00
 00032   973.49    25.00    88.68     2.01   230.28    11.35     0.07  9999.00  9999.00  9999.00
 00033  1004.04    22.63    96.67     6.38   166.16     0.40     0.01  9999.00  9999.00  9999.00
 00034  1008.36    27.94    86.47     6.70   169.79    33.22     0.16  9999.00  9999.00  9999.00
 00035  1003.84    28.15    85.07     6.04   177.64    31.05     0.01  9999.00  9999.00  9999.00
 00036   771.08    17.21    82.34     0.69    84.35    23.80     0.02  9999.00  9999.00  9999.00
 00037   964.05    25.14    88.97     1.60   235.05    13.92     0.07  9999.00  9999.00  9999.00
 00038   992.15    25.41    96.52     1.42   200.09    25.18     0.09  9999.00  9999.00  9999.00
 00039  1005.73    25.85    93.22     6.49   212.95    14.24     0.28  9999.00  9999.00  9999.00
 00040  1003.78    26.07    93.04     3.62   224.76    24.59     0.54  9999.00  9999.00  9999.00
 00041   961.84    24.52    90.11     3.72   214.18    23.05     1.86  9999.00  9999.00  9999.00
 00042  1001.08    22.95    97.32     1.38   132.42     3.45    14.19  9999.00  9999.00  9999.00
 00043   994.97    27.09    81.03     4.64   194.37    28.36     0.00  9999.00  9999.00  9999.00
 00044   977.51    25.94    85.94     1.78   211.90    24.23     0.03  9999.00  9999.00  9999.00
 00045  1003.78    26.07    93.04     3.62   224.76    24.59     0.54  9999.00  9999.00  9999.00
 00046   938.81    22.57    95.79     3.86   204.44    22.82     0.07  9999.00  9999.00  9999.00
 00047   995.04    24.51    93.32     1.68   230.16    13.50     0.72  9999.00  9999.00  9999.00
 00048   604.93     5.33    91.63     0.69   173.40     7.04     3.73  9999.00  9999.00  9999.00
 00049   577.14     1.59    98.56     1.50    40.07     4.08     0.25  9999.00  9999.00  9999.00
 00050   997.74    26.41    88.76     5.24   217.64     7.43     0.21  9999.00  9999.00  9999.00
