stn_id       p       t2      rh2      spd      dir      vis    rain6   rain24   tmax24   tmin24 
 00001   960.98    25.99    81.51     1.63   324.26    26.65     0.22     0.53    29.34    20.65
 00002   981.17    30.27    36.52     2.74   159.57    23.43     0.00     0.93    34.08    22.54
 00003   893.11    24.45    55.07     1.64   184.11    22.62     0.15     0.72    27.72    16.66
 00004   827.87    19.08    54.96     2.08   224.94    20.88     0.00     1.56    24.45    12.76
 00005   860.72    23.35    24.14     5.85   348.69    20.25     0.03     1.93    28.83    14.17
 00006   871.85    20.72    42.09     6.66   320.73    19.40     0.00     3.04    29.65    16.79
 00007   993.63    26.46    66.02     4.29   173.63    21.94     0.00     0.00    32.90    21.19
 00008   977.87    26.76    65.22     4.05   186.14    23.48     0.16     0.16    33.60    19.83
 00009   932.02    13.03    96.89     3.73   268.81    35.15     8.35    16.36    24.65    10.99
 00010   961.09    19.22    71.00     1.95   116.31    25.38     0.00     0.00    27.33    12.54
 00011   983.38    27.89    52.06     4.13   174.04    25.10     0.14     0.14    33.90    17.05
 00012   995.89    31.51    32.89     2.44   188.29    21.08     0.00     0.02    34.70    24.49
 00013   996.69    22.77    83.27     4.05   261.03    26.75     0.49    41.37    25.57    19.90
 00014   993.79    26.60    86.16     3.57   228.52    24.98     4.11     7.10    28.41    22.87
 00015   982.44    27.52    34.91     2.63   153.73    22.07     0.00     0.06    32.02    22.71
 00016   945.05    22.29    77.74     1.35   228.49    24.53     0.00     0.00    24.81    17.28
 00017   984.38    26.02    61.81     1.79   182.35    25.10     0.00     3.73    30.24    21.42
 00018   996.99    21.68    83.99     4.52   297.55    26.78     0.00    41.62    25.41    20.97
 00019   926.77    27.58    63.49     0.47    47.99    27.47     0.03     1.43    28.65    21.20
 00020   999.78    21.81    96.66     2.36    91.53     0.53    48.97   116.29    24.44    20.46
 00021   877.70    30.15    17.40     3.25   342.89    25.28     0.00     0.01    32.52    17.30
 00022   999.69    27.84    34.42     4.42   139.35    20.77     0.00     0.00    35.18    22.76
 00023   902.49    31.31    18.48     4.19   259.16    23.47     0.12     0.46    32.59    19.40
 00024   925.36    32.85    11.20     3.87   219.50    25.12     0.00     0.00    35.26    16.38
 00025   790.62    19.12    88.90     0.87   194.13    14.70     3.14     3.45    24.06    15.55
 00026   997.05    26.91    89.72     1.46    31.39    24.67     2.96     6.11    31.31    26.12
 00027   994.35    22.64    94.73     2.39   335.00     6.67     3.47    10.59    24.98    20.86
 00028   964.72    21.29    96.09     1.59     8.33    19.05     9.28    32.38    25.55    21.12
 00029   998.70    27.98    84.25     3.41   162.69    17.38     0.62     2.31    31.69    25.27
 00030   985.47    28.02    83.98     4.13   146.31    31.95     0.57     1.11    31.58    25.30
 00031   570.36    15.58    23.00     5.06   252.79    22.17     0.04     1.34    18.76     3.13
 00032   968.70    25.50    88.61     1.96   199.78    20.76     0.01     0.03    31.08    22.56
 00033  1000.66    24.08    98.07     2.88   133.19     5.64     0.09     0.14    25.66    22.70
 00034  1005.38    28.18    88.32     5.73   194.93    33.31     0.00     0.18    28.54    27.82
 00035  1000.25    28.32    84.97     3.28   165.78    30.23     1.90     2.23    32.10    26.58
 00036   771.60    18.14    83.72     0.76    74.48    22.09     0.56    12.75    19.51    15.34
 00037   959.27    26.50    85.63     1.66   186.38    22.70     0.00     0.02    32.01    22.74
 00038   987.60    26.60    88.83     1.65   172.66    25.64     0.96     1.90    31.08    23.99
 00039  1001.01    25.75    93.70     7.00   203.72    24.63     0.07     0.63    27.82    25.13
 00040   999.49    26.18    94.16     4.40   209.07    26.11     0.21     1.34    29.00    25.47
 00041   958.70    22.34    95.61     2.25   228.91    24.07     4.00    18.56    25.63    22.19
 00042   997.84    23.06    86.24     4.52   285.56    26.73     0.96    35.00    27.18    22.06
 00043   990.75    27.85    88.79     0.81   345.02    28.44     5.08     5.45    31.66    26.55
 00044   973.26    26.36    91.31     0.93   268.29    25.66     1.08     1.69    31.07    23.51
 00045   999.49    26.18    94.16     4.40   209.07    26.11     0.21     1.34    29.00    25.47
 00046   934.56    24.96    83.61     2.17   187.04    25.71     0.17     1.25    28.95    21.97
 00047   990.06    26.15    93.83     2.96   180.89    21.62     0.57     1.46    29.76    23.35
 00048   601.54    12.46    57.60     1.57   176.13    26.14     0.38     7.09    15.47     5.23
 00049   576.41     1.50    99.24     1.14   162.93     0.57    15.02    16.78     8.15     0.91
 00050   993.15    25.90    92.81     4.61   205.97    24.10     0.07     0.47    30.73    24.71
