stn_id       p       t2      rh2      spd      dir      vis    rain6   rain24   tmax24   tmin24 
 00001   961.08    22.69    78.90     0.52   164.03    25.57  9999.00  9999.00  9999.00  9999.00
 00002   986.82    32.60    34.66     2.66   161.77    23.26  9999.00  9999.00  9999.00  9999.00
 00003   897.93    26.20    34.31     3.88   148.43    22.41  9999.00  9999.00  9999.00  9999.00
 00004   831.87    20.74    44.17     4.95   150.97    20.66  9999.00  9999.00  9999.00  9999.00
 00005   864.97    27.11    27.98     6.67   165.05    20.01  9999.00  9999.00  9999.00  9999.00
 00006   874.00    32.02    16.50     6.11   182.11    19.07  9999.00  9999.00  9999.00  9999.00
 00007   997.98    32.32    48.77     4.69   226.70    21.80  9999.00  9999.00  9999.00  9999.00
 00008   983.89    29.32    54.55     0.95    40.62    23.44  9999.00  9999.00  9999.00  9999.00
 00009   945.72    22.00    35.95     1.18    71.65    37.10  9999.00  9999.00  9999.00  9999.00
 00010   962.26    26.99    67.54     2.51    21.67    25.45  9999.00  9999.00  9999.00  9999.00
 00011   992.55    26.07    31.32     2.45    30.12    25.10  9999.00  9999.00  9999.00  9999.00
 00012  1001.10    37.65    23.20     3.79   141.11    20.86  9999.00  9999.00  9999.00  9999.00
 00013  1003.93    23.35    92.60     3.43    89.56     5.54  9999.00  9999.00  9999.00  9999.00
 00014  1000.85    24.46    87.78     1.61   121.83     8.31  9999.00  9999.00  9999.00  9999.00
 00015   987.86    30.86    39.92     4.58   168.64    22.00  9999.00  9999.00  9999.00  9999.00
 00016   946.19    22.02    77.68     3.84    41.40    21.52  9999.00  9999.00  9999.00  9999.00
 00017   991.16    20.13    82.18     1.63   174.82     5.44  9999.00  9999.00  9999.00  9999.00
 00018  1002.25    23.03    91.26     3.15    93.50     5.18  9999.00  9999.00  9999.00  9999.00
 00019   926.14    24.88    59.19     1.39    95.77    27.17  9999.00  9999.00  9999.00  9999.00
 00020  1007.87    23.08    89.09     3.32    93.30    15.35  9999.00  9999.00  9999.00  9999.00
 00021   883.02    27.28    16.31     3.52   293.97    25.42  9999.00  9999.00  9999.00  9999.00
 00022  1004.73    34.88    31.46     6.08   121.62    20.64  9999.00  9999.00  9999.00  9999.00
 00023   909.57    27.58    15.19     2.64   328.33    23.87  9999.00  9999.00  9999.00  9999.00
 00024   933.46    28.51     9.86     5.01   307.12    25.53  9999.00  9999.00  9999.00  9999.00
 00025   789.83    24.87    51.17     5.83   249.51    25.92  9999.00  9999.00  9999.00  9999.00
 00026   999.85    28.41    79.82     3.75   207.62    11.94  9999.00  9999.00  9999.00  9999.00
 00027   994.18    29.01    82.78     2.61   152.80    21.80  9999.00  9999.00  9999.00  9999.00
 00028   962.50    29.87    74.19     2.92   195.39    22.53  9999.00  9999.00  9999.00  9999.00
 00029  1001.63    27.15    91.37     3.49   169.50     8.76  9999.00  9999.00  9999.00  9999.00
 00030   986.43    30.49    73.91     5.24   164.87    31.18  9999.00  9999.00  9999.00  9999.00
 00031   570.96    17.91    12.34     4.25   252.76    22.18  9999.00  9999.00  9999.00  9999.00
 00032   973.22    24.95    91.16     1.69   217.50     9.82  9999.00  9999.00  9999.00  9999.00
 00033  1002.13    24.36    90.77     5.34   163.23    17.15  9999.00  9999.00  9999.00  9999.00
 00034  1006.94    28.01    87.06     7.63   171.61    32.94  9999.00  9999.00  9999.00  9999.00
 00035  1001.94    30.17    76.72     6.46   171.82    31.04  9999.00  9999.00  9999.00  9999.00
 00036   768.44    23.21    57.49     4.12   186.09    24.80  9999.00  9999.00  9999.00  9999.00
 00037   963.78    25.34    91.62     1.39   213.15     5.91  9999.00  9999.00  9999.00  9999.00
 00038   991.57    27.32    89.02     1.27   196.19    20.22  9999.00  9999.00  9999.00  9999.00
 00039  1005.20    25.71    92.36     5.22   200.34    23.16  9999.00  9999.00  9999.00  9999.00
 00040  1003.29    26.66    89.55     3.72   196.11    20.81  9999.00  9999.00  9999.00  9999.00
 00041   963.14    23.01    91.79     1.46   119.69     6.06  9999.00  9999.00  9999.00  9999.00
 00042  1003.01    23.84    90.95     2.82    83.44     0.42  9999.00  9999.00  9999.00  9999.00
 00043   994.01    27.94    82.31     3.50   201.69     5.33  9999.00  9999.00  9999.00  9999.00
 00044   976.86    27.82    79.72     1.07   176.42    15.62  9999.00  9999.00  9999.00  9999.00
 00045  1003.29    26.66    89.55     3.72   196.11    20.81  9999.00  9999.00  9999.00  9999.00
 00046   938.40    23.35    94.08     2.97   176.41    18.62  9999.00  9999.00  9999.00  9999.00
 00047   996.27    24.08    92.77     1.72   133.75     6.58  9999.00  9999.00  9999.00  9999.00
 00048   602.28    14.28    47.59     0.76   159.28    26.15  9999.00  9999.00  9999.00  9999.00
 00049   576.52     5.90    73.65     2.13   204.17    22.16  9999.00  9999.00  9999.00  9999.00
 00050   997.41    25.69    92.57     3.84   207.18    20.75  9999.00  9999.00  9999.00  9999.00
