stn_id       p       t2      rh2      spd      dir      vis    rain6   rain24   tmax24   tmin24 
 00001   987.88     8.92    82.51     1.35    51.66    20.26     0.12  9999.00  9999.00  9999.00
 00002  1010.56    -0.84    20.40     3.83   286.49    25.32     0.00  9999.00  9999.00  9999.00
 00003   914.03    -7.77    31.37     1.92   257.21    23.77     0.00  9999.00  9999.00  9999.00
 00004   841.27   -14.15    51.75     2.09   289.29    23.56     0.00  9999.00  9999.00  9999.00
 00005   878.86   -13.82    54.74     1.30   326.95    25.77     0.00  9999.00  9999.00  9999.00
 00006   888.66   -15.39    68.42     4.67   254.15    27.08     0.00  9999.00  9999.00  9999.00
 00007  1016.11   -10.75    67.83     1.84   263.28    30.98     0.00  9999.00  9999.00  9999.00
 00008   996.39   -17.10    92.98     3.68   237.72    35.25     0.00  9999.00  9999.00  9999.00
 00009   945.18   -20.98    86.24     2.54   230.75    46.35     0.00  9999.00  9999.00  9999.00
 00010   971.70   -13.02    63.51     3.47   274.17    35.13     0.00  9999.00  9999.00  9999.00
 00011  1002.73   -20.46    98.43     4.11   199.96    39.05     0.06  9999.00  9999.00  9999.00
 00012  1026.71    -5.11    34.76     2.10   335.32    25.95     0.00  9999.00  9999.00  9999.00
 00013  1028.91     1.87    42.50     2.65   313.28    20.37     0.00  9999.00  9999.00  9999.00
 00014  1024.47     3.74    51.21     3.33   323.46    19.68     0.00  9999.00  9999.00  9999.00
 00015  1010.01    -3.73    40.91     2.30   207.29    21.94     0.00  9999.00  9999.00  9999.00
 00016   972.88    -4.09    68.40     0.56   120.82    22.04     0.00  9999.00  9999.00  9999.00
 00017  1014.25     0.27    28.34     4.79   290.42    21.03     0.00  9999.00  9999.00  9999.00
 00018  1028.38     1.96    48.93     2.28   313.01    19.87     0.00  9999.00  9999.00  9999.00
 00019   951.01     6.81    85.94     0.80   256.99    24.14     0.18  9999.00  9999.00  9999.00
 00020  1029.26     3.69    38.54     5.45   317.69    20.27     0.00  9999.00  9999.00  9999.00
 00021   899.99    -2.64    58.34     1.42   123.84    36.13     0.00  9999.00  9999.00  9999.00
 00022  1029.73    -4.55    34.85     2.74   329.54    24.53     0.00  9999.00  9999.00  9999.00
 00023   928.13     1.40    89.59     0.36   165.64    24.21     0.51  9999.00  9999.00  9999.00
 00024   954.94    -7.28    59.70     3.72   112.26    33.51     0.00  9999.00  9999.00  9999.00
 00025   800.65     8.28    90.27     1.73   127.65    19.22     0.00  9999.00  9999.00  9999.00
 00026  1026.77     5.81    35.94     4.45     6.47    19.02     0.00  9999.00  9999.00  9999.00
 00027  1024.10     5.78    38.65     4.30   348.57    19.14     0.00  9999.00  9999.00  9999.00
 00028   992.13     4.18    53.78     3.36    12.16    18.78     0.00  9999.00  9999.00  9999.00
 00029  1017.09    13.30    76.34     5.02     9.88    20.78     0.65  9999.00  9999.00  9999.00
 00030  1007.91    14.21    56.29     4.75    17.88    21.94     0.02  9999.00  9999.00  9999.00
 00031   573.28    -9.06    55.58     2.04   216.60    34.16     0.00  9999.00  9999.00  9999.00
 00032   987.44    11.49    79.35     1.33   118.53    17.91     0.02  9999.00  9999.00  9999.00
 00033  1015.31    19.75    90.93    10.78    36.25    14.05     2.84  9999.00  9999.00  9999.00
 00034  1013.04    27.33    84.91     9.39    64.07    12.25     3.23  9999.00  9999.00  9999.00
 00035  1013.97    21.22    90.53     7.35    30.11    13.30     3.91  9999.00  9999.00  9999.00
 00036   780.78     5.93    92.14     1.64    36.11     5.49     2.33  9999.00  9999.00  9999.00
 00037   977.46    10.98    86.19     0.90   267.81    17.15     0.00  9999.00  9999.00  9999.00
 00038  1004.39    17.12    64.22     1.47   156.67    20.05     0.00  9999.00  9999.00  9999.00
 00039  1018.34    17.70    72.64    11.73    24.06    19.22     0.06  9999.00  9999.00  9999.00
 00040  1015.47    18.87    64.69     7.09    31.24    16.38     0.08  9999.00  9999.00  9999.00
 00041   984.76     1.35    55.88     1.69   276.02    18.52     0.00  9999.00  9999.00  9999.00
 00042  1029.43     3.63    43.11     2.48   318.03    19.84     0.00  9999.00  9999.00  9999.00
 00043  1019.63     6.37    34.16     3.70    22.38    19.20     0.00  9999.00  9999.00  9999.00
 00044   998.28     7.32    70.58     1.48    36.45    18.62     0.00  9999.00  9999.00  9999.00
 00045  1015.47    18.87    64.69     7.09    31.24    16.38     0.08  9999.00  9999.00  9999.00
 00046   951.53     8.98    86.42     2.65    46.03    18.58     0.01  9999.00  9999.00  9999.00
 00047  1014.55     9.65    66.05     5.08   343.96    18.96     0.00  9999.00  9999.00  9999.00
 00048   605.28    -7.74    74.78     0.98   162.85    35.81     0.00  9999.00  9999.00  9999.00
 00049   577.81   -10.43    90.52     0.52   195.45    16.73     0.02  9999.00  9999.00  9999.00
 00050  1010.97    15.58    64.50     6.05    21.73    19.16     0.00  9999.00  9999.00  9999.00
