stn_id       p       t2      rh2      spd      dir      vis    rain6   rain24   tmax24   tmin24 
 00001   992.36    17.80  9999.00     1.00    20.00     4.10  9999.00  9999.00  9999.00  9999.00
 00002  1007.08    15.90  9999.00     0.00   180.00     2.50  9999.00  9999.00  9999.00  9999.00
 00003   928.26     8.10  9999.00     1.00   220.00    15.00  9999.00  9999.00  9999.00  9999.00
 00004   862.55     3.20  9999.00     3.00   220.00    30.00  9999.00  9999.00  9999.00  9999.00
 00005   897.78     6.70  9999.00     3.00   320.00    30.00  9999.00  9999.00  9999.00  9999.00
 00006   889.06     5.10  9999.00     1.00   250.00    30.00  9999.00  9999.00  9999.00  9999.00
 00007  1007.93    12.60  9999.00     1.00   140.00    11.00  9999.00  9999.00  9999.00  9999.00
 00008   986.01    10.50  9999.00     2.00   250.00     6.00  9999.00  9999.00  9999.00  9999.00
 00009   955.16     0.80  9999.00     1.00   360.00    30.00  9999.00  9999.00  9999.00  9999.00
 00010   983.18     9.20  9999.00     1.00   340.00    13.00  9999.00  9999.00  9999.00  9999.00
 00011   994.76    12.40  9999.00     2.00   270.00    10.00  9999.00  9999.00  9999.00  9999.00
 00012  1012.53    10.40  9999.00     0.00     0.00    13.00  9999.00  9999.00  9999.00  9999.00
 00013  1016.76    15.30  9999.00     1.00    20.00    24.00  9999.00  9999.00  9999.00  9999.00
 00014  1012.23    17.80  9999.00     1.00   360.00     7.00  9999.00  9999.00  9999.00  9999.00
 00015   996.70    14.60  9999.00     2.00   110.00     6.00  9999.00  9999.00  9999.00  9999.00
 00016  9999.00  9999.00  9999.00  9999.00  9999.00  9999.00  9999.00  9999.00  9999.00  9999.00
 00017  1003.20    14.90  9999.00     0.00     0.00     5.00  9999.00  9999.00  9999.00  9999.00
 00018  1014.55    15.90  9999.00     1.00   180.00     8.00  9999.00  9999.00  9999.00  9999.00
 00019   953.33    16.70  9999.00     1.00   290.00     8.00  9999.00  9999.00  9999.00  9999.00
 00020  1015.92    16.90  9999.00     1.00   270.00    13.00  9999.00  9999.00  9999.00  9999.00
 00021   908.36    16.20  9999.00     1.00    20.00    14.00  9999.00  9999.00  9999.00  9999.00
 00022  1016.10    10.40  9999.00     1.00    20.00    19.00  9999.00  9999.00  9999.00  9999.00
 00023   936.63    13.40  9999.00     7.00   250.00    30.00  9999.00  9999.00  9999.00  9999.00
 00024   964.00    12.80  9999.00     3.00   290.00    30.00  9999.00  9999.00  9999.00  9999.00
 00025   816.00    13.70    91.19     2.00    70.00    19.00  9999.00  9999.00  9999.00  9999.00
 00026  1012.48    21.70  9999.00     1.00   340.00    15.00  9999.00  9999.00  9999.00  9999.00
 00027  1011.42    17.70  9999.00     2.00   250.00  9999.00  9999.00  9999.00  9999.00  9999.00
 00028   989.75    15.50  9999.00     1.00    20.00     3.80  9999.00  9999.00  9999.00  9999.00
 00029  1011.05    23.40  9999.00     2.00    40.00    30.00  9999.00  9999.00  9999.00  9999.00
 00030  1000.92    22.90  9999.00     4.00    70.00    12.00  9999.00  9999.00  9999.00  9999.00
 00031   628.10    10.90    15.80     2.00   220.00    30.00  9999.00  9999.00  9999.00  9999.00
 00032  1005.71    23.50  9999.00     1.00   290.00    17.00  9999.00  9999.00  9999.00  9999.00
 00033  1013.10    25.50  9999.00     3.00    90.00    24.00  9999.00  9999.00  9999.00  9999.00
 00034  1011.90    25.80  9999.00     3.00    90.00  9999.00  9999.00  9999.00  9999.00  9999.00
 00035  1012.18    25.50  9999.00     1.00    40.00    20.00  9999.00  9999.00  9999.00  9999.00
 00036   846.30    13.30   100.00     1.00   360.00     4.90  9999.00  9999.00  9999.00  9999.00
 00037  1009.70    23.30  9999.00     2.00    70.00    15.00  9999.00  9999.00  9999.00  9999.00
 00038  1011.52    23.70  9999.00     2.00    90.00    20.00  9999.00  9999.00  9999.00  9999.00
 00039  1012.54    23.80  9999.00     4.00    40.00    23.00  9999.00  9999.00  9999.00  9999.00
 00040  1008.62    24.80  9999.00     4.00    70.00    21.00  9999.00  9999.00  9999.00  9999.00
 00041   818.50     6.20   100.00     7.00   320.00     9.00  9999.00  9999.00  9999.00  9999.00
 00042  1015.77    17.20  9999.00     2.00   250.00     3.10  9999.00  9999.00  9999.00  9999.00
 00043  1014.59    19.40  9999.00     2.00   140.00    30.00  9999.00  9999.00  9999.00  9999.00
 00044  1008.55    18.70  9999.00     1.00   110.00     3.40  9999.00  9999.00  9999.00  9999.00
 00045  1008.62    24.80  9999.00     4.00    70.00    21.00  9999.00  9999.00  9999.00  9999.00
 00046   973.69    20.00  9999.00     2.00    20.00     9.00  9999.00  9999.00  9999.00  9999.00
 00047  1011.83    21.90  9999.00     1.00   290.00    10.00  9999.00  9999.00  9999.00  9999.00
 00048   659.20     9.30    44.87     1.00    70.00    30.00  9999.00  9999.00  9999.00  9999.00
 00049   605.80     0.60    90.94     0.00     0.00    30.00  9999.00  9999.00  9999.00  9999.00
 00050  1012.64    22.90  9999.00     5.00    40.00    18.00  9999.00  9999.00  9999.00  9999.00
