stn_id       p       t2      rh2      spd      dir      vis    rain6   rain24   tmax24   tmin24 
 00001   975.40    17.64    92.99     1.59   107.24     5.84     2.04  9999.00  9999.00  9999.00
 00002  1000.89    16.92    46.98     2.06   211.88    23.22     0.00  9999.00  9999.00  9999.00
 00003   908.43     9.68    65.89     1.84   218.24    22.47     0.00  9999.00  9999.00  9999.00
 00004   838.75     6.25    93.54     1.36   276.80    17.18     1.28  9999.00  9999.00  9999.00
 00005   873.98     8.33    94.15     0.75   153.34    11.34     2.80  9999.00  9999.00  9999.00
 00006   883.70    11.41    66.65     4.33   282.58    13.43     0.06  9999.00  9999.00  9999.00
 00007  1012.59    10.68    72.45     2.06    60.94    25.56     0.00  9999.00  9999.00  9999.00
 00008   997.24     8.27    75.12     2.58    62.57    26.97     0.00  9999.00  9999.00  9999.00
 00009   951.54     0.02    88.60     1.71   157.35    32.93     0.00  9999.00  9999.00  9999.00
 00010   974.80     7.15    66.15     2.11   285.65    28.22     0.00  9999.00  9999.00  9999.00
 00011  1004.85     6.55    77.86     2.82    32.24    28.18     0.00  9999.00  9999.00  9999.00
 00012  1016.18    16.63    64.08     1.58   164.99    23.18     0.00  9999.00  9999.00  9999.00
 00013  1018.05    15.78    70.14     2.20    55.51    22.70     0.00  9999.00  9999.00  9999.00
 00014  1013.23    17.02    84.77     1.61   109.55     7.02     1.44  9999.00  9999.00  9999.00
 00015  1002.65    15.48    62.12     1.96   192.78    20.08     0.00  9999.00  9999.00  9999.00
 00016   961.90    11.77    81.07     0.88   181.61    22.44     0.00  9999.00  9999.00  9999.00
 00017  1004.80    14.71    69.24     2.05   261.27    21.53     0.00  9999.00  9999.00  9999.00
 00018  1017.06    15.83    72.19     2.69    27.28    22.21     0.00  9999.00  9999.00  9999.00
 00019   940.86    16.57    87.72     0.51    62.99     5.80     1.62  9999.00  9999.00  9999.00
 00020  1019.77    16.58    77.17     2.55    36.29    22.11     0.00  9999.00  9999.00  9999.00
 00021   888.42    14.89    42.14     2.59   143.90    25.91     0.00  9999.00  9999.00  9999.00
 00022  1019.56    17.74    51.34     2.68   200.89    21.31     0.00  9999.00  9999.00  9999.00
 00023   914.42    14.39    63.55     1.20   244.39    21.86     0.00  9999.00  9999.00  9999.00
 00024   941.94    12.10    62.30     2.89   111.49    24.10     0.00  9999.00  9999.00  9999.00
 00025   795.49    16.86    89.36     0.96    82.19    23.29     2.94  9999.00  9999.00  9999.00
 00026  1012.60    19.53    66.56     3.35    57.05    23.18     0.01  9999.00  9999.00  9999.00
 00027  1009.19    17.92    59.81     5.51   353.15    23.07     0.00  9999.00  9999.00  9999.00
 00028   979.02    16.25    62.82     4.11    22.45    22.42     0.01  9999.00  9999.00  9999.00
 00029  1004.49    25.18    63.29     3.41    35.86    25.68     0.00  9999.00  9999.00  9999.00
 00030   993.91    25.97    79.53     2.59    50.78    28.55     0.14  9999.00  9999.00  9999.00
 00031   574.61    10.15    18.59     1.28    74.80    27.75     0.00  9999.00  9999.00  9999.00
 00032   978.21    17.44    72.22     4.07    29.04    21.53     1.06  9999.00  9999.00  9999.00
 00033  1006.99    20.84    97.41     4.88   110.31     1.77     0.70  9999.00  9999.00  9999.00
 00034  1009.09    27.90    80.79     2.88    35.06    26.32     0.09  9999.00  9999.00  9999.00
 00035  1006.33    25.90    81.17     2.38    92.45    28.35     0.08  9999.00  9999.00  9999.00
 00036   777.80    12.08    92.07     1.13   324.16     5.63     1.64  9999.00  9999.00  9999.00
 00037   968.56    17.51    72.86     3.01    33.96    21.93     0.77  9999.00  9999.00  9999.00
 00038   992.81    20.45    81.79     2.71   346.93     7.88     1.97  9999.00  9999.00  9999.00
 00039  1006.47    21.13    76.66    15.38    26.67    23.37     0.53  9999.00  9999.00  9999.00
 00040  1003.08    21.47    84.50     6.77     3.93     1.02    10.66  9999.00  9999.00  9999.00
 00041   974.17    15.48    76.17     2.26    39.85    22.33     0.00  9999.00  9999.00  9999.00
 00042  1017.30    16.15    72.74     3.64    38.58    22.87     0.00  9999.00  9999.00  9999.00
 00043  1005.74    18.60    71.55     3.47    72.42    23.65     0.01  9999.00  9999.00  9999.00
 00044   987.53    14.84    85.46     4.51    52.93    10.95     3.39  9999.00  9999.00  9999.00
 00045  1003.08    21.47    84.50     6.77     3.93     1.02    10.66  9999.00  9999.00  9999.00
 00046   941.65    17.40    72.28     2.83    30.41    18.59     0.07  9999.00  9999.00  9999.00
 00047  1005.19    18.09    83.86     5.62    18.80     5.30     3.01  9999.00  9999.00  9999.00
 00048   605.52    11.51    38.95     0.73    81.19    31.92     0.13  9999.00  9999.00  9999.00
 00049   578.56     2.73    88.79     0.84   177.47    27.00     0.03  9999.00  9999.00  9999.00
 00050   999.74    19.69    71.22     9.31    23.34    23.32     0.07  9999.00  9999.00  9999.00
