stn_id       p       t2      rh2      spd      dir      vis    rain6   rain24   tmax24   tmin24 
 00001   973.67    19.26    95.72     1.37   291.04     5.85  9999.00  9999.00  9999.00  9999.00
 00002  1004.70    13.94    77.45     1.74   216.76    23.40  9999.00  9999.00  9999.00  9999.00
 00003   911.66     9.66    56.11     1.63    48.01    22.64  9999.00  9999.00  9999.00  9999.00
 00004   842.71     4.32    61.93     1.86   115.60    22.81  9999.00  9999.00  9999.00  9999.00
 00005   879.26     4.38    45.67     2.52    41.99    25.54  9999.00  9999.00  9999.00  9999.00
 00006   890.97     4.29    32.96     2.04   313.58    26.54  9999.00  9999.00  9999.00  9999.00
 00007  1011.08     8.64    40.07     2.77   329.84    25.51  9999.00  9999.00  9999.00  9999.00
 00008   992.43     7.18    55.85     4.06   303.47    26.83  9999.00  9999.00  9999.00  9999.00
 00009   947.37    -0.79    65.96     2.86   245.32    32.80  9999.00  9999.00  9999.00  9999.00
 00010   964.15     7.38    58.98     4.95   289.77    28.18  9999.00  9999.00  9999.00  9999.00
 00011   997.12     6.38    66.51     5.14   319.25    27.94  9999.00  9999.00  9999.00  9999.00
 00012  1021.02    11.78    45.21     2.32    83.29    23.24  9999.00  9999.00  9999.00  9999.00
 00013  1015.68    19.46    76.22     1.67    40.02    22.80  9999.00  9999.00  9999.00  9999.00
 00014  1011.94    19.11    78.90     2.52    32.20    23.80  9999.00  9999.00  9999.00  9999.00
 00015  1004.04    13.79    55.04     1.94    50.81    20.09  9999.00  9999.00  9999.00  9999.00
 00016   962.45    15.18    96.29     0.64   137.87    22.13  9999.00  9999.00  9999.00  9999.00
 00017  1005.77    16.73    88.45     2.15   309.15    20.49  9999.00  9999.00  9999.00  9999.00
 00018  1014.63    20.49    74.49     3.09    27.77    22.31  9999.00  9999.00  9999.00  9999.00
 00019   940.62    18.14    92.97     1.04   260.84    12.94  9999.00  9999.00  9999.00  9999.00
 00020  1017.74    16.52    94.63     1.92   352.24    22.22  9999.00  9999.00  9999.00  9999.00
 00021   896.63    11.28    71.47     0.96   265.46    26.14  9999.00  9999.00  9999.00  9999.00
 00022  1023.40    14.18    48.44     2.71    49.46    21.34  9999.00  9999.00  9999.00  9999.00
 00023   924.06     8.42    75.98     1.24   197.08    22.13  9999.00  9999.00  9999.00  9999.00
 00024   948.99     9.37    87.51     2.84   287.02    24.35  9999.00  9999.00  9999.00  9999.00
 00025   797.25    17.57    91.23     1.64   169.00    24.81  9999.00  9999.00  9999.00  9999.00
 00026  1011.53    20.89    80.33     4.76    13.07    21.85  9999.00  9999.00  9999.00  9999.00
 00027  1008.24    20.84    84.68     3.99   350.88    22.11  9999.00  9999.00  9999.00  9999.00
 00028   977.08    19.98    83.14     4.33    32.90     8.79  9999.00  9999.00  9999.00  9999.00
 00029  1005.29    27.21    80.41     3.10    59.19    25.81  9999.00  9999.00  9999.00  9999.00
 00030   995.21    26.14    88.60     1.77   167.84    28.64  9999.00  9999.00  9999.00  9999.00
 00031   575.97     4.08    82.01     1.56   233.86    22.86  9999.00  9999.00  9999.00  9999.00
 00032   976.58    20.73    84.24     2.30    35.78    21.26  9999.00  9999.00  9999.00  9999.00
 00033  1008.43    23.52    97.53     2.39   161.51     0.27  9999.00  9999.00  9999.00  9999.00
 00034  1010.64    27.75    87.78     2.10   129.30    30.85  9999.00  9999.00  9999.00  9999.00
 00035  1007.74    26.07    94.71     1.58   195.95    28.42  9999.00  9999.00  9999.00  9999.00
 00036   777.76    16.18    95.89     1.08    63.65    12.00  9999.00  9999.00  9999.00  9999.00
 00037   967.07    20.61    87.12     1.34    49.52    21.79  9999.00  9999.00  9999.00  9999.00
 00038   992.60    24.66    81.05     1.25   114.82    23.97  9999.00  9999.00  9999.00  9999.00
 00039  1005.85    24.16    77.69    11.86    22.84    23.98  9999.00  9999.00  9999.00  9999.00
 00040  1003.82    25.48    71.46     5.30    45.91    24.79  9999.00  9999.00  9999.00  9999.00
 00041   973.51    18.70    80.53     2.76    46.40    22.34  9999.00  9999.00  9999.00  9999.00
 00042  1015.56    19.40    71.46     2.57    72.28    22.98  9999.00  9999.00  9999.00  9999.00
 00043  1004.83    21.21    82.58     3.57    17.10    23.81  9999.00  9999.00  9999.00  9999.00
 00044   986.05    21.41    75.21     4.16    53.44    22.85  9999.00  9999.00  9999.00  9999.00
 00045  1003.82    25.48    71.46     5.30    45.91    24.79  9999.00  9999.00  9999.00  9999.00
 00046   941.65    20.76    91.18     2.78   355.90    23.42  9999.00  9999.00  9999.00  9999.00
 00047  1002.70    22.14    65.80     6.12    10.05    22.87  9999.00  9999.00  9999.00  9999.00
 00048   606.54     7.10    86.32     1.48   181.80    13.97  9999.00  9999.00  9999.00  9999.00
 00049   580.62     2.49    96.69     2.00   182.99     0.47  9999.00  9999.00  9999.00  9999.00
 00050   998.77    23.55    74.25     7.39    23.14    23.48  9999.00  9999.00  9999.00  9999.00
