stn_id       p       t2      rh2      spd      dir      vis    rain6   rain24   tmax24   tmin24 
 00001   972.05    19.52    95.27     1.26   317.50    11.11     1.41  9999.00  9999.00  9999.00
 00002  1003.58    16.02    71.36     2.10   207.06    23.39     0.00  9999.00  9999.00  9999.00
 00003   910.74    12.60    52.54     2.21    10.09    22.65     0.00  9999.00  9999.00  9999.00
 00004   842.43     7.38    50.69     2.04    89.65    22.81     0.00  9999.00  9999.00  9999.00
 00005   878.86     7.93    35.20     2.58     2.22    25.54     0.00  9999.00  9999.00  9999.00
 00006   890.69     4.82    31.84     2.58   211.44    26.54     0.00  9999.00  9999.00  9999.00
 00007  1009.37    11.79    30.51     5.02   333.96    25.49     0.00  9999.00  9999.00  9999.00
 00008   991.20     8.32    56.98     3.79   317.82    26.81     0.08  9999.00  9999.00  9999.00
 00009   948.18     0.45    61.68     2.76   249.32    32.82     0.00  9999.00  9999.00  9999.00
 00010   963.79     9.48    53.05     4.66   295.37    28.19     0.00  9999.00  9999.00  9999.00
 00011   996.01     6.84    78.40     6.55   328.28    15.89     0.62  9999.00  9999.00  9999.00
 00012  1019.05    16.14    38.66     3.18    29.21    23.21     0.00  9999.00  9999.00  9999.00
 00013  1015.07    20.83    68.81     2.66    31.84    22.80     0.00  9999.00  9999.00  9999.00
 00014  1010.30    21.23    75.85     2.52    65.81    22.67     0.44  9999.00  9999.00  9999.00
 00015  1002.94    16.24    60.75     2.36    13.16    20.09     0.00  9999.00  9999.00  9999.00
 00016   961.83    15.36    95.85     0.33   155.38    14.27     6.80  9999.00  9999.00  9999.00
 00017  1004.78    17.70    82.84     1.36   282.27    21.66     0.70  9999.00  9999.00  9999.00
 00018  1014.15    21.19    71.37     3.24    21.21    22.30    -0.00  9999.00  9999.00  9999.00
 00019   939.07    18.38    91.28     1.00   229.82    12.07     0.69  9999.00  9999.00  9999.00
 00020  1016.55    17.74    86.64     2.94    12.38    22.21     0.00  9999.00  9999.00  9999.00
 00021   895.09    12.65    63.68     1.89   336.35    26.12     0.13  9999.00  9999.00  9999.00
 00022  1021.34    16.15    53.89     1.41   250.82    21.32     0.00  9999.00  9999.00  9999.00
 00023   922.66    14.06    54.65     1.37   338.85    22.11     0.13  9999.00  9999.00  9999.00
 00024   947.65    11.65    80.03     2.89   298.59    24.33     0.02  9999.00  9999.00  9999.00
 00025   795.55    19.70    82.51     1.34   186.39    24.84     0.24  9999.00  9999.00  9999.00
 00026  1010.37    21.31    81.64     4.73     7.96    22.55     0.14  9999.00  9999.00  9999.00
 00027  1006.88    21.47    82.17     4.16   355.23    22.96     0.00  9999.00  9999.00  9999.00
 00028   975.26    20.52    83.04     4.14    20.03    21.12     0.05  9999.00  9999.00  9999.00
 00029  1003.53    27.74    86.41     1.76   297.84    25.43     2.67  9999.00  9999.00  9999.00
 00030   992.92    27.38    83.85     1.79   148.81    28.60     0.15  9999.00  9999.00  9999.00
 00031   574.31     7.14    64.23     1.37   205.59    23.17     1.18  9999.00  9999.00  9999.00
 00032   976.04    21.17    82.91     2.90    69.46    21.24     0.02  9999.00  9999.00  9999.00
 00033  1006.95    22.46    96.99     3.86   123.92     0.23     0.02  9999.00  9999.00  9999.00
 00034  1009.51    27.84    86.63     1.85   122.24    31.00     0.22  9999.00  9999.00  9999.00
 00035  1006.43    27.24    87.78     1.98   150.46    28.38     0.07  9999.00  9999.00  9999.00
 00036   776.12    17.06    90.74     0.68   275.48    16.21     2.42  9999.00  9999.00  9999.00
 00037   966.35    21.85    80.03     1.91    95.58    22.00     0.18  9999.00  9999.00  9999.00
 00038   991.37    25.91    82.25     1.11   147.91    24.61     0.22  9999.00  9999.00  9999.00
 00039  1005.45    24.26    77.18    11.86    29.00    23.98     0.00  9999.00  9999.00  9999.00
 00040  1002.79    26.44    75.89     2.69    92.11    25.22     0.13  9999.00  9999.00  9999.00
 00041   972.65    18.78    86.30     2.39    14.04    20.57     0.26  9999.00  9999.00  9999.00
 00042  1014.55    20.91    68.44     3.21    28.44    22.98     0.00  9999.00  9999.00  9999.00
 00043  1003.57    21.95    80.61     4.08    23.43    23.66     0.01  9999.00  9999.00  9999.00
 00044   984.98    21.77    75.88     3.89    45.42    22.90     0.00  9999.00  9999.00  9999.00
 00045  1002.79    26.44    75.89     2.69    92.11    25.22     0.13  9999.00  9999.00  9999.00
 00046   940.74    22.23    85.75     3.03   350.30    23.63     0.06  9999.00  9999.00  9999.00
 00047  1001.53    23.06    73.52     5.87    28.33    22.89     0.01  9999.00  9999.00  9999.00
 00048   605.57     8.58    78.91     0.90   194.79    12.91     1.20  9999.00  9999.00  9999.00
 00049   579.93     2.45    97.68     1.99   200.01     0.71     4.56  9999.00  9999.00  9999.00
 00050   998.45    23.65    74.64     7.29    29.41    23.49     0.00  9999.00  9999.00  9999.00
