stn_id       p       t2      rh2      spd      dir      vis    rain6   rain24   tmax24   tmin24 
 00001   979.08    16.10    82.10     2.34   213.56    21.22  9999.00  9999.00  9999.00  9999.00
 00002   995.86    12.38    29.29     5.85   290.97    24.59  9999.00  9999.00  9999.00  9999.00
 00003   904.20     6.13    30.60     5.17   272.65    23.08  9999.00  9999.00  9999.00  9999.00
 00004   833.22    -2.18    46.24     7.38   276.68    22.79  9999.00  9999.00  9999.00  9999.00
 00005   867.67    -0.59    45.38     4.88   267.98    24.25  9999.00  9999.00  9999.00  9999.00
 00006   876.80    -2.92    76.56     7.39   295.95    15.28  9999.00  9999.00  9999.00  9999.00
 00007   996.60     4.01    93.21     1.36   293.65     3.66  9999.00  9999.00  9999.00  9999.00
 00008   979.22     0.44    98.08     1.26   298.04    11.76  9999.00  9999.00  9999.00  9999.00
 00009   952.25   -11.83    55.83     0.74   107.59    43.82  9999.00  9999.00  9999.00  9999.00
 00010   961.43     6.75    76.56     2.77   119.14    31.96  9999.00  9999.00  9999.00  9999.00
 00011   989.42    -3.09    90.54     8.14    66.11     4.56  9999.00  9999.00  9999.00  9999.00
 00012  1008.13    11.57    40.71     2.81   227.99    24.54  9999.00  9999.00  9999.00  9999.00
 00013  1013.37    16.84    69.43     3.89   232.31    19.47  9999.00  9999.00  9999.00  9999.00
 00014  1011.02    18.11    68.29     2.81   230.29    18.71  9999.00  9999.00  9999.00  9999.00
 00015   994.85    12.98    50.87     4.49   300.58    21.04  9999.00  9999.00  9999.00  9999.00
 00016   962.92    10.41    45.56     1.91   245.40    21.12  9999.00  9999.00  9999.00  9999.00
 00017   999.22    14.85    30.32     8.62   288.53    20.08  9999.00  9999.00  9999.00  9999.00
 00018  1012.17    15.93    70.17     2.42   212.60    19.01  9999.00  9999.00  9999.00  9999.00
 00019   942.11    17.16    58.52     1.30   227.49    24.96  9999.00  9999.00  9999.00  9999.00
 00020  1016.11    19.34    66.60     4.55   226.22    19.38  9999.00  9999.00  9999.00  9999.00
 00021   898.23    -6.89    59.61     1.70   164.42    36.49  9999.00  9999.00  9999.00  9999.00
 00022  1011.55    12.78    39.02     4.40   295.85    23.30  9999.00  9999.00  9999.00  9999.00
 00023   920.02    -0.98    54.49     3.70   117.64    31.22  9999.00  9999.00  9999.00  9999.00
 00024   955.36    -8.60    73.17     5.27   106.41    33.15  9999.00  9999.00  9999.00  9999.00
 00025   799.19    13.37    78.17     0.74   143.02    19.45  9999.00  9999.00  9999.00  9999.00
 00026  1014.16    17.16    83.57     0.91   205.36    17.50  9999.00  9999.00  9999.00  9999.00
 00027  1010.17    17.75    84.81     1.68   180.95    18.78  9999.00  9999.00  9999.00  9999.00
 00028   979.82    16.88    83.38     2.14   208.84    18.50  9999.00  9999.00  9999.00  9999.00
 00029  1012.27    23.13    57.98     1.78    22.21    21.03  9999.00  9999.00  9999.00  9999.00
 00030  1002.44    18.81    82.82     1.55    15.04    10.68  9999.00  9999.00  9999.00  9999.00
 00031   575.13    -3.03    19.39     1.07    17.62    33.98  9999.00  9999.00  9999.00  9999.00
 00032   982.45    20.11    64.40     1.92   289.55    17.74  9999.00  9999.00  9999.00  9999.00
 00033  1013.92    20.79    98.24     3.57    94.70     0.56  9999.00  9999.00  9999.00  9999.00
 00034  1013.51    27.28    78.72     8.58    45.33    25.70  9999.00  9999.00  9999.00  9999.00
 00035  1012.95    25.30    79.95     4.14    55.44     9.42  9999.00  9999.00  9999.00  9999.00
 00036   781.00     9.29    82.82     1.42   352.17    20.93  9999.00  9999.00  9999.00  9999.00
 00037   972.79    19.64    66.45     1.76   280.90    17.65  9999.00  9999.00  9999.00  9999.00
 00038   999.94    23.46    54.77     1.59   210.50    20.03  9999.00  9999.00  9999.00  9999.00
 00039  1013.54    22.95    66.49     5.86    17.79    19.65  9999.00  9999.00  9999.00  9999.00
 00040  1011.39    24.06    58.67     3.74    33.24    20.91  9999.00  9999.00  9999.00  9999.00
 00041   973.29    17.13    60.88     2.76   222.33    17.75  9999.00  9999.00  9999.00  9999.00
 00042  1014.20    17.51    62.53     3.15   238.49    18.95  9999.00  9999.00  9999.00  9999.00
 00043  1007.78    17.86    78.69     1.17   216.43    18.79  9999.00  9999.00  9999.00  9999.00
 00044   989.19    17.68    69.09     0.73   209.02    18.08  9999.00  9999.00  9999.00  9999.00
 00045  1011.39    24.06    58.67     3.74    33.24    20.91  9999.00  9999.00  9999.00  9999.00
 00046   946.58    19.19    55.83     1.23   254.47    18.48  9999.00  9999.00  9999.00  9999.00
 00047  1006.26    19.84    67.12     2.00   265.51    18.50  9999.00  9999.00  9999.00  9999.00
 00048   608.97    -9.33    48.45     1.84    84.73    35.56  9999.00  9999.00  9999.00  9999.00
 00049   577.84    -3.11    55.00     0.91    65.09    27.23  9999.00  9999.00  9999.00  9999.00
 00050  1005.87    23.76    56.76     3.02    10.81    19.09  9999.00  9999.00  9999.00  9999.00
