stn_id       p       t2      rh2      spd      dir      vis    rain6   rain24   tmax24   tmin24 
 00001   976.53    14.40    84.73     1.27   299.58     4.68  9999.00  9999.00  9999.00  9999.00
 00002   994.14     4.45    90.09     1.32   281.78    24.57  9999.00  9999.00  9999.00  9999.00
 00003   902.43     2.12    66.81     1.49   263.81    23.03  9999.00  9999.00  9999.00  9999.00
 00004   834.07    -0.73    53.92     4.45   275.92    22.78  9999.00  9999.00  9999.00  9999.00
 00005   867.46    -1.25    51.65     3.46   251.48    24.65  9999.00  9999.00  9999.00  9999.00
 00006   874.47     0.71    54.13     7.87   249.92    25.43  9999.00  9999.00  9999.00  9999.00
 00007  1004.32     6.09    91.21     1.59   316.51    13.48  9999.00  9999.00  9999.00  9999.00
 00008   989.93    -3.05    91.95     3.71    74.81    32.26  9999.00  9999.00  9999.00  9999.00
 00009   950.58   -17.42    66.04     2.84   293.67    43.63  9999.00  9999.00  9999.00  9999.00
 00010   968.98     2.97    90.40     0.82   235.52    24.08  9999.00  9999.00  9999.00  9999.00
 00011   999.24    -6.82    94.25     2.61    62.12    35.95  9999.00  9999.00  9999.00  9999.00
 00012  1010.01     2.38    90.98     1.44   334.51    24.51  9999.00  9999.00  9999.00  9999.00
 00013  1014.35     8.80    85.53     2.37   154.60    19.42  9999.00  9999.00  9999.00  9999.00
 00014  1012.44     7.41    92.09     1.99   227.95    18.66  9999.00  9999.00  9999.00  9999.00
 00015   994.45    12.44    86.36     3.65   197.56    21.00  9999.00  9999.00  9999.00  9999.00
 00016   959.76     9.45    87.71     2.32   248.15    21.07  9999.00  9999.00  9999.00  9999.00
 00017   997.05    12.61    78.37     3.41   250.96    20.05  9999.00  9999.00  9999.00  9999.00
 00018  1012.56    11.76    86.05     3.39   179.26    18.99  9999.00  9999.00  9999.00  9999.00
 00019   941.80    11.47    90.15     1.40   279.29    24.50  9999.00  9999.00  9999.00  9999.00
 00020  1018.09    10.00    90.94     2.63   174.13    19.35  9999.00  9999.00  9999.00  9999.00
 00021   899.90    -5.91    77.70     1.29   148.40    35.23  9999.00  9999.00  9999.00  9999.00
 00022  1012.39     4.72    95.91     1.62    22.42    23.28  9999.00  9999.00  9999.00  9999.00
 00023   924.78    -4.18    61.58     2.05   128.85    31.27  9999.00  9999.00  9999.00  9999.00
 00024   956.71   -10.63    93.46     1.36   130.66    33.17  9999.00  9999.00  9999.00  9999.00
 00025   796.64     8.21    90.69     1.99   208.48    19.41  9999.00  9999.00  9999.00  9999.00
 00026  1013.51    11.62    90.12     1.84   134.74    18.50  9999.00  9999.00  9999.00  9999.00
 00027  1008.52    12.41    93.51     2.03   126.31    18.73  9999.00  9999.00  9999.00  9999.00
 00028   977.68    13.88    86.71     0.61   158.31    18.54  9999.00  9999.00  9999.00  9999.00
 00029  1011.93    14.61    87.16     1.48    14.48    21.03  9999.00  9999.00  9999.00  9999.00
 00030  1000.72    15.45    84.96     1.82   143.82    22.45  9999.00  9999.00  9999.00  9999.00
 00031   573.73    -4.26    14.80     1.67   232.44    33.90  9999.00  9999.00  9999.00  9999.00
 00032   982.81    12.16    94.37     1.49   331.63    17.73  9999.00  9999.00  9999.00  9999.00
 00033  1013.27    21.76    88.23     2.44   114.22    23.91  9999.00  9999.00  9999.00  9999.00
 00034  1013.54    27.61    74.53     8.39    59.18    23.64  9999.00  9999.00  9999.00  9999.00
 00035  1012.38    22.47    86.08     2.44    66.67    23.83  9999.00  9999.00  9999.00  9999.00
 00036   776.60    10.36    73.19     1.14   100.89    20.89  9999.00  9999.00  9999.00  9999.00
 00037   973.10    11.79    94.53     0.96   251.34    17.64  9999.00  9999.00  9999.00  9999.00
 00038  1000.52    15.62    82.34     0.85   129.49    20.04  9999.00  9999.00  9999.00  9999.00
 00039  1013.87    20.35    80.90     7.08    12.55    19.65  9999.00  9999.00  9999.00  9999.00
 00040  1011.62    19.81    84.70     5.48    36.61    20.95  9999.00  9999.00  9999.00  9999.00
 00041   973.74     7.37    89.67     1.67   153.54    17.71  9999.00  9999.00  9999.00  9999.00
 00042  1014.60     8.57    89.13     2.16   162.41    18.91  9999.00  9999.00  9999.00  9999.00
 00043  1007.13    12.90    84.11     0.84   161.83    18.75  9999.00  9999.00  9999.00  9999.00
 00044   989.04     9.55    83.70     1.06   120.62    18.03  9999.00  9999.00  9999.00  9999.00
 00045  1011.62    19.81    84.70     5.48    36.61    20.95  9999.00  9999.00  9999.00  9999.00
 00046   946.31     7.73    90.08     1.14   105.19    18.46  9999.00  9999.00  9999.00  9999.00
 00047  1007.74    13.19    91.63     2.12   319.12     7.56  9999.00  9999.00  9999.00  9999.00
 00048   606.77    -4.92    80.42     1.53   136.10    35.49  9999.00  9999.00  9999.00  9999.00
 00049   577.92    -5.02    96.40     0.40   104.17    25.45  9999.00  9999.00  9999.00  9999.00
 00050  1006.44    17.07    85.09     3.84   323.36    19.09  9999.00  9999.00  9999.00  9999.00
