stn_id       p       t2      rh2      spd      dir      vis    rain6   rain24   tmax24   tmin24 
 00001   975.05    17.73    73.50     1.47   155.07    21.17  9999.00  9999.00  9999.00  9999.00
 00002   995.36    10.86    23.04     5.64   302.35    24.59  9999.00  9999.00  9999.00  9999.00
 00003   903.36     3.71    24.54     5.35   285.96    23.07  9999.00  9999.00  9999.00  9999.00
 00004   832.91    -4.02    53.67     7.02   303.26    20.53  9999.00  9999.00  9999.00  9999.00
 00005   870.16    -6.04    48.49     7.48   327.45    24.73  9999.00  9999.00  9999.00  9999.00
 00006   880.18    -6.96    67.46     9.42   298.24    23.74  9999.00  9999.00  9999.00  9999.00
 00007   997.85     1.44    84.61     4.57   314.06    28.23  9999.00  9999.00  9999.00  9999.00
 00008   978.44    -2.31    93.93     4.35   274.03    25.34  9999.00  9999.00  9999.00  9999.00
 00009   952.27   -18.00    69.09     2.76    38.76    43.90  9999.00  9999.00  9999.00  9999.00
 00010   954.81     4.54    98.74     2.50   128.81    20.21  9999.00  9999.00  9999.00  9999.00
 00011   985.22    -4.90    87.96    10.14    58.24    18.93  9999.00  9999.00  9999.00  9999.00
 00012  1008.58     9.79    30.09     5.61   307.28    24.56  9999.00  9999.00  9999.00  9999.00
 00013  1011.64    15.62    78.72     2.51   259.46    19.46  9999.00  9999.00  9999.00  9999.00
 00014  1008.35    17.06    72.65     2.21   210.26    18.69  9999.00  9999.00  9999.00  9999.00
 00015   994.52    10.20    37.97     2.64   272.96    21.03  9999.00  9999.00  9999.00  9999.00
 00016   960.49    10.78    55.78     2.06   217.15    21.11  9999.00  9999.00  9999.00  9999.00
 00017   999.01    14.06    35.83     5.44   301.48    20.10  9999.00  9999.00  9999.00  9999.00
 00018  1010.96    16.29    76.97     2.69   285.42    19.03  9999.00  9999.00  9999.00  9999.00
 00019   938.42    17.96    52.87     0.66   152.11    24.90  9999.00  9999.00  9999.00  9999.00
 00020  1013.92    15.57    72.71     2.27   250.42    19.36  9999.00  9999.00  9999.00  9999.00
 00021   895.63    -3.10    90.90     0.71   220.22    23.20  9999.00  9999.00  9999.00  9999.00
 00022  1010.96     9.99    30.87     4.11   287.43    23.29  9999.00  9999.00  9999.00  9999.00
 00023   917.55     3.18    58.70     4.06   100.72    31.21  9999.00  9999.00  9999.00  9999.00
 00024   951.71    -2.98    59.34     6.49   119.16    33.09  9999.00  9999.00  9999.00  9999.00
 00025   796.03    14.89    66.33     1.74   163.15    19.38  9999.00  9999.00  9999.00  9999.00
 00026  1011.21    18.92    76.19     0.93   318.56    18.52  9999.00  9999.00  9999.00  9999.00
 00027  1007.19    19.55    84.68     1.40     6.04    18.75  9999.00  9999.00  9999.00  9999.00
 00028   976.46    17.82    87.48     0.84   206.53    18.41  9999.00  9999.00  9999.00  9999.00
 00029  1008.31    22.80    77.76     1.33   322.94    20.98  9999.00  9999.00  9999.00  9999.00
 00030   998.36    20.30    80.72     1.54    59.50    22.13  9999.00  9999.00  9999.00  9999.00
 00031   572.90     0.43    12.82     2.40    42.22    33.89  9999.00  9999.00  9999.00  9999.00
 00032   978.92    19.81    58.45     1.50   258.18    17.68  9999.00  9999.00  9999.00  9999.00
 00033  1010.11    20.95    87.93     6.75    67.65    11.60  9999.00  9999.00  9999.00  9999.00
 00034  1010.15    27.16    80.55     8.82    49.40    25.15  9999.00  9999.00  9999.00  9999.00
 00035  1009.09    25.06    77.81     4.04    56.17    18.53  9999.00  9999.00  9999.00  9999.00
 00036   777.31    12.83    55.26     0.34   282.09    20.90  9999.00  9999.00  9999.00  9999.00
 00037   969.26    19.24    59.04     1.43   271.22    17.59  9999.00  9999.00  9999.00  9999.00
 00038   996.51    21.78    62.97     1.56   186.91    19.97  9999.00  9999.00  9999.00  9999.00
 00039  1010.50    22.73    72.41     5.68    84.83    19.62  9999.00  9999.00  9999.00  9999.00
 00040  1008.12    24.00    63.88     3.70   108.53    20.87  9999.00  9999.00  9999.00  9999.00
 00041   971.19    14.78    79.31     1.76   272.77    17.75  9999.00  9999.00  9999.00  9999.00
 00042  1012.27    16.39    80.32     2.10   267.48    18.96  9999.00  9999.00  9999.00  9999.00
 00043  1004.59    19.85    72.18     1.26   289.93    18.76  9999.00  9999.00  9999.00  9999.00
 00044   986.05    18.61    66.22     1.47   296.40    18.06  9999.00  9999.00  9999.00  9999.00
 00045  1008.12    24.00    63.88     3.70   108.53    20.87  9999.00  9999.00  9999.00  9999.00
 00046   943.57    17.55    67.94     1.49    45.42    18.45  9999.00  9999.00  9999.00  9999.00
 00047  1003.10    19.52    73.91     1.91   112.73    18.48  9999.00  9999.00  9999.00  9999.00
 00048   606.22    -1.51    31.74     2.36    33.18    35.48  9999.00  9999.00  9999.00  9999.00
 00049   575.78    -2.12    61.62     1.22    69.60    22.09  9999.00  9999.00  9999.00  9999.00
 00050  1002.67    22.32    65.65     3.76    98.27    19.05  9999.00  9999.00  9999.00  9999.00
