stn_id       p       t2      rh2      spd      dir      vis    rain6   rain24   tmax24   tmin24 
 00001   966.93    11.29    84.51     1.52   107.62    17.32  9999.00  9999.00  9999.00  9999.00
 00002   993.14     2.16    96.65     1.38   275.42    21.41  9999.00  9999.00  9999.00  9999.00
 00003   898.67     1.82    96.70     1.11   207.98    19.42  9999.00  9999.00  9999.00  9999.00
 00004   828.40    -0.37    91.28     2.00   201.35    18.50  9999.00  9999.00  9999.00  9999.00
 00005   863.66    -3.94    45.82     1.72    44.37    21.70  9999.00  9999.00  9999.00  9999.00
 00006   873.88    -3.48    18.12     3.61   209.59    23.87  9999.00  9999.00  9999.00  9999.00
 00007  1004.85     5.50    84.25     4.86   173.16    10.18  9999.00  9999.00  9999.00  9999.00
 00008   987.26     2.65    88.32     4.95   194.80    30.59  9999.00  9999.00  9999.00  9999.00
 00009   933.15    -8.02    92.33     2.72   196.85    51.58  9999.00  9999.00  9999.00  9999.00
 00010   968.84    -5.20    73.83     1.92   226.43    31.66  9999.00  9999.00  9999.00  9999.00
 00011   993.09     0.08    75.69     5.05   196.53    35.69  9999.00  9999.00  9999.00  9999.00
 00012  1009.47     3.00    94.99     0.96   347.79    18.68  9999.00  9999.00  9999.00  9999.00
 00013  1010.89    11.43    95.81     1.46   116.00    18.65  9999.00  9999.00  9999.00  9999.00
 00014  1007.47    11.41    96.71     0.98   247.84    15.90  9999.00  9999.00  9999.00  9999.00
 00015   994.96     7.04    81.12     2.83   169.89    18.10  9999.00  9999.00  9999.00  9999.00
 00016   950.22     4.87    92.93     1.83    84.22    17.64  9999.00  9999.00  9999.00  9999.00
 00017   995.65     5.24    90.86     0.95   224.09    18.24  9999.00  9999.00  9999.00  9999.00
 00018  1009.69     8.30    99.20     0.68    76.62     1.93  9999.00  9999.00  9999.00  9999.00
 00019   931.02    11.27    96.03     1.19    47.87     7.50  9999.00  9999.00  9999.00  9999.00
 00020  1013.79    15.07    90.24     3.81   114.12     5.20  9999.00  9999.00  9999.00  9999.00
 00021   891.00    -5.46    64.94     2.50   116.75    35.35  9999.00  9999.00  9999.00  9999.00
 00022  1012.81     6.00    90.16     2.18   187.48    19.97  9999.00  9999.00  9999.00  9999.00
 00023   919.39    -6.95    74.63     2.12   214.40    31.86  9999.00  9999.00  9999.00  9999.00
 00024   942.61    -1.80    87.95     4.81   296.21    21.34  9999.00  9999.00  9999.00  9999.00
 00025   792.25    11.42    80.44     2.32   238.79    21.69  9999.00  9999.00  9999.00  9999.00
 00026  1009.40    10.25    95.55     1.15   155.42     1.74  9999.00  9999.00  9999.00  9999.00
 00027  1005.71     8.26    97.23     1.17   343.49    13.58  9999.00  9999.00  9999.00  9999.00
 00028   973.02     6.35    96.55     1.12   100.80     4.36  9999.00  9999.00  9999.00  9999.00
 00029  1005.55    20.65    94.82     2.16   109.61    20.65  9999.00  9999.00  9999.00  9999.00
 00030   992.70    19.98    97.81     1.94   143.00    22.92  9999.00  9999.00  9999.00  9999.00
 00031   567.82    -7.52    83.48     1.53   213.16    28.38  9999.00  9999.00  9999.00  9999.00
 00032   977.01    12.59    98.80     1.72   292.99     8.40  9999.00  9999.00  9999.00  9999.00
 00033  1007.00    20.95    95.29     4.89   154.89     0.19  9999.00  9999.00  9999.00  9999.00
 00034  1009.98    27.00    80.82     4.66   111.95    21.96  9999.00  9999.00  9999.00  9999.00
 00035  1006.56    24.41    89.17     2.89   165.34    21.29  9999.00  9999.00  9999.00  9999.00
 00036   769.17     9.50    67.14     2.76   190.79    20.73  9999.00  9999.00  9999.00  9999.00
 00037   967.31    12.48    98.69     1.27   290.91    11.47  9999.00  9999.00  9999.00  9999.00
 00038   995.91    17.38    94.55     0.69   325.15    19.34  9999.00  9999.00  9999.00  9999.00
 00039  1008.95    19.44    86.31     2.77   244.52    19.02  9999.00  9999.00  9999.00  9999.00
 00040  1006.90    20.33    87.31     3.31    14.18    20.23  9999.00  9999.00  9999.00  9999.00
 00041   969.00     8.91    98.15     0.80   188.03    13.86  9999.00  9999.00  9999.00  9999.00
 00042  1011.07    10.72    96.41     0.61   185.33    18.68  9999.00  9999.00  9999.00  9999.00
 00043  1002.89    10.08    97.15     1.16    75.58     3.35  9999.00  9999.00  9999.00  9999.00
 00044   983.68    10.72    98.08     1.36   175.89     0.55  9999.00  9999.00  9999.00  9999.00
 00045  1006.90    20.33    87.31     3.31    14.18    20.23  9999.00  9999.00  9999.00  9999.00
 00046   940.91    15.24    91.66     2.16   188.75    16.03  9999.00  9999.00  9999.00  9999.00
 00047  1001.05    14.02    98.53     2.65   317.01     8.36  9999.00  9999.00  9999.00  9999.00
 00048   598.96    -3.09    75.33     0.94   171.77    27.03  9999.00  9999.00  9999.00  9999.00
 00049   571.59    -6.49    96.80     0.98   202.87     5.58  9999.00  9999.00  9999.00  9999.00
 00050  1001.12    15.37    91.33     1.87   302.68    18.54  9999.00  9999.00  9999.00  9999.00
