stn_id       p       t2      rh2      spd      dir      vis    rain6   rain24   tmax24   tmin24 
 00001   965.08    20.60    94.32     0.78   100.89    10.31     3.58  9999.00  9999.00  9999.00
 00002   986.62    17.82    96.33     1.66   312.11    20.32     0.01  9999.00  9999.00  9999.00
 00003   897.36    13.17    94.18     1.13   287.28    19.20     0.00  9999.00  9999.00  9999.00
 00004   831.72     5.98    45.93     2.13   113.24    17.80     0.00  9999.00  9999.00  9999.00
 00005   867.87     3.17    30.21     1.98   343.12    17.95     0.00  9999.00  9999.00  9999.00
 00006   876.74     5.50    16.43     6.16   269.32    17.93     0.00  9999.00  9999.00  9999.00
 00007   996.80    14.81    86.53     4.19   200.37     3.35     4.60  9999.00  9999.00  9999.00
 00008   978.56    13.63    84.63     6.73   223.57    20.78     7.12  9999.00  9999.00  9999.00
 00009   943.44     5.03    64.87     3.14    78.30    37.15     0.00  9999.00  9999.00  9999.00
 00010   962.98     8.13    83.80     2.13   123.09    22.74     0.00  9999.00  9999.00  9999.00
 00011   983.65    13.41    86.03     7.83   173.47     1.35     6.54  9999.00  9999.00  9999.00
 00012  1002.82    15.45    85.10     3.30   345.87    19.02     0.32  9999.00  9999.00  9999.00
 00013  1006.58    17.98    83.70     2.84   120.00    24.18     0.00  9999.00  9999.00  9999.00
 00014  1004.26    15.76    95.97     1.41    61.72    25.29     0.00  9999.00  9999.00  9999.00
 00015   986.52    23.30    59.62     5.89   192.41    19.10     0.00  9999.00  9999.00  9999.00
 00016   945.59    18.49    85.93     1.84   163.39    21.60     0.00  9999.00  9999.00  9999.00
 00017   987.80    24.23    75.91     4.38   193.76    21.89     0.00  9999.00  9999.00  9999.00
 00018  1004.51    19.07    87.90     2.59   109.70    24.26     0.00  9999.00  9999.00  9999.00
 00019   930.27    19.63    90.48     1.15   110.00    24.99     0.07  9999.00  9999.00  9999.00
 00020  1010.69    16.15    98.03     1.78   150.05    22.57     0.00  9999.00  9999.00  9999.00
 00021   889.14    11.82    51.20     0.81   211.22    26.99     0.00  9999.00  9999.00  9999.00
 00022  1004.93    18.50    91.40     3.12   351.13    18.27     0.37  9999.00  9999.00  9999.00
 00023   915.92    10.53    64.46     2.39   201.47    25.42     0.00  9999.00  9999.00  9999.00
 00024   941.62     9.45    40.43     1.22    97.56    27.15     0.00  9999.00  9999.00  9999.00
 00025   792.32    16.32    78.94     1.82   198.75    26.38     0.00  9999.00  9999.00  9999.00
 00026  1002.82    21.77    88.09     1.78    15.61    26.93     0.00  9999.00  9999.00  9999.00
 00027   998.11    22.38    88.23     1.80    93.04    26.67     0.01  9999.00  9999.00  9999.00
 00028   967.88    22.45    88.77     0.58   308.73    24.31     0.26  9999.00  9999.00  9999.00
 00029  1002.13    24.40    97.16     2.10   111.39    20.80     0.30  9999.00  9999.00  9999.00
 00030   989.32    25.48    90.94     3.30   132.15    31.35     0.00  9999.00  9999.00  9999.00
 00031   570.93    -1.90    52.84     2.35   211.77    24.69     0.00  9999.00  9999.00  9999.00
 00032   974.82    20.00    93.21     0.76    87.16    23.51     0.03  9999.00  9999.00  9999.00
 00033  1003.41    23.53    95.35     6.67   152.87     0.26     0.01  9999.00  9999.00  9999.00
 00034  1007.94    28.17    91.77     7.34   177.25    28.58     0.07  9999.00  9999.00  9999.00
 00035  1003.43    27.48    94.27     4.61   171.61    28.78     0.02  9999.00  9999.00  9999.00
 00036   773.27    14.14    96.24     0.26   261.39     7.75     6.25  9999.00  9999.00  9999.00
 00037   965.23    20.03    93.73     0.62    72.57    20.69     0.03  9999.00  9999.00  9999.00
 00038   992.15    23.13    98.98     0.89   166.69    14.08     3.05  9999.00  9999.00  9999.00
 00039  1005.42    23.45    90.40     5.72    28.49    18.14     2.11  9999.00  9999.00  9999.00
 00040  1003.42    24.15    95.85     2.37    37.02    24.36     8.34  9999.00  9999.00  9999.00
 00041   965.47    16.93    93.71     1.42   106.74    25.10     0.00  9999.00  9999.00  9999.00
 00042  1006.06    18.45    89.24     2.46    99.04    24.88     0.00  9999.00  9999.00  9999.00
 00043   996.36    21.45    94.91     1.55    41.25    27.53     0.00  9999.00  9999.00  9999.00
 00044   979.17    19.91    89.09     1.56    65.42    25.38     0.00  9999.00  9999.00  9999.00
 00045  1003.42    24.15    95.85     2.37    37.02    24.36     8.34  9999.00  9999.00  9999.00
 00046   938.11    20.95    96.76     1.63   164.20    11.17     0.00  9999.00  9999.00  9999.00
 00047   999.43    19.66    97.28     1.03   238.22    15.96     0.02  9999.00  9999.00  9999.00
 00048   602.12     1.11    96.19     0.91   210.07     8.09     3.47  9999.00  9999.00  9999.00
 00049   576.01    -1.97    96.99     1.50   154.79    10.35     1.04  9999.00  9999.00  9999.00
 00050   997.95    22.52    88.37     3.32    22.15    23.71     0.16  9999.00  9999.00  9999.00
