stn_id       p       t2      rh2      spd      dir      vis    rain6   rain24   tmax24   tmin24 
 00001   984.11    10.84    81.25     0.95   323.66    19.37  9999.00  9999.00  9999.00  9999.00
 00002  1007.78    -0.29    84.15     1.26   254.10    24.41  9999.00  9999.00  9999.00  9999.00
 00003   911.76    -2.97    65.01     0.75   284.21    22.82  9999.00  9999.00  9999.00  9999.00
 00004   840.77    -4.98    61.09     1.47   197.10    22.51  9999.00  9999.00  9999.00  9999.00
 00005   876.67    -4.99    41.34     0.74   142.21    24.33  9999.00  9999.00  9999.00  9999.00
 00006   885.98    -3.59    43.26     4.51   218.75    24.92  9999.00  9999.00  9999.00  9999.00
 00007  1017.90    -5.79    93.97     1.08    34.77    27.00  9999.00  9999.00  9999.00  9999.00
 00008  1001.17   -13.84    99.19     2.81   187.68    30.72  9999.00  9999.00  9999.00  9999.00
 00009   951.01   -14.47    95.32     1.98   203.63    41.53  9999.00  9999.00  9999.00  9999.00
 00010   979.22    -7.45    77.20     1.01   257.49    30.72  9999.00  9999.00  9999.00  9999.00
 00011  1009.30   -16.28    99.56     3.66   175.27    34.17  9999.00  9999.00  9999.00  9999.00
 00012  1024.18    -0.27    78.47     1.23   214.75    24.03  9999.00  9999.00  9999.00  9999.00
 00013  1026.59     5.21    78.81     1.45    54.49    19.23  9999.00  9999.00  9999.00  9999.00
 00014  1022.73     9.36    85.23     1.32    29.54    18.44  9999.00  9999.00  9999.00  9999.00
 00015  1008.76     0.43    83.33     1.70   168.62    20.75  9999.00  9999.00  9999.00  9999.00
 00016   966.19     2.59    85.23     1.15   113.66    20.70  9999.00  9999.00  9999.00  9999.00
 00017  1010.08     3.50    79.01     1.63   216.01    19.82  9999.00  9999.00  9999.00  9999.00
 00018  1025.17     3.58    78.50     1.92   124.54    18.82  9999.00  9999.00  9999.00  9999.00
 00019   947.66     6.95    93.01     0.91   315.96    14.94  9999.00  9999.00  9999.00  9999.00
 00020  1028.89     6.66    87.79     1.99   341.07    19.09  9999.00  9999.00  9999.00  9999.00
 00021   908.87    -5.32    71.16     2.09   146.72    36.03  9999.00  9999.00  9999.00  9999.00
 00022  1027.43     0.20    84.98     2.10   211.94    22.86  9999.00  9999.00  9999.00  9999.00
 00023   934.77    -4.11    77.96     1.58   152.18    30.31  9999.00  9999.00  9999.00  9999.00
 00024   963.64    -1.19    94.62     1.25   135.93    31.77  9999.00  9999.00  9999.00  9999.00
 00025   800.47    10.72    92.61     1.91   204.63    19.80  9999.00  9999.00  9999.00  9999.00
 00026  1023.76     5.85    75.12     2.04   102.94    18.49  9999.00  9999.00  9999.00  9999.00
 00027  1019.69    10.06    71.08     1.40   308.04    18.80  9999.00  9999.00  9999.00  9999.00
 00028   987.50     8.04    71.08     0.81   345.32    18.68  9999.00  9999.00  9999.00  9999.00
 00029  1018.82    12.40    82.92     2.85     3.92    21.30  9999.00  9999.00  9999.00  9999.00
 00030  1008.01    12.82    78.48     1.97   168.97    22.76  9999.00  9999.00  9999.00  9999.00
 00031   574.87    -2.38    25.74     2.55   208.69    33.57  9999.00  9999.00  9999.00  9999.00
 00032   989.35    12.57    89.50     1.71   340.92    17.67  9999.00  9999.00  9999.00  9999.00
 00033  1018.41    20.14    87.87     9.08    56.79     8.02  9999.00  9999.00  9999.00  9999.00
 00034  1016.91    26.40    90.83    10.15    64.75    16.19  9999.00  9999.00  9999.00  9999.00
 00035  1017.04    22.91    83.64     4.84    45.53    18.95  9999.00  9999.00  9999.00  9999.00
 00036   778.21     9.48    70.79     2.01   159.72    21.02  9999.00  9999.00  9999.00  9999.00
 00037   979.50    11.85    92.38     1.05   338.80    17.73  9999.00  9999.00  9999.00  9999.00
 00038  1006.86    14.10    95.39     1.72   325.99    20.25  9999.00  9999.00  9999.00  9999.00
 00039  1020.45    18.07    81.91     8.48    18.72    19.60  9999.00  9999.00  9999.00  9999.00
 00040  1017.88    17.10    80.95     4.81    24.55    17.02  9999.00  9999.00  9999.00  9999.00
 00041   982.84     3.94    86.30     1.67    23.98    17.56  9999.00  9999.00  9999.00  9999.00
 00042  1026.58     3.67    88.74     2.35    83.64    18.75  9999.00  9999.00  9999.00  9999.00
 00043  1016.97     6.21    81.24     1.72    53.86    18.78  9999.00  9999.00  9999.00  9999.00
 00044   997.25     7.48    80.73     0.71    43.90    17.99  9999.00  9999.00  9999.00  9999.00
 00045  1017.88    17.10    80.95     4.81    24.55    17.02  9999.00  9999.00  9999.00  9999.00
 00046   952.26     8.98    98.88     1.26    55.12    18.58  9999.00  9999.00  9999.00  9999.00
 00047  1015.31    13.02    82.93     3.38   341.28    18.45  9999.00  9999.00  9999.00  9999.00
 00048   606.80    -7.50    79.46     1.12   178.91    35.15  9999.00  9999.00  9999.00  9999.00
 00049   579.74    -5.61    93.79     1.29   204.16    11.64  9999.00  9999.00  9999.00  9999.00
 00050  1012.87    14.98    81.84     4.49    31.94    19.18  9999.00  9999.00  9999.00  9999.00
