stn_id       p       t2      rh2      spd      dir      vis    rain6   rain24   tmax24   tmin24 
 00001   982.84    13.10    88.07     2.34    39.66     3.07  9999.00  9999.00  9999.00  9999.00
 00002  1016.58    -2.91    61.10     1.39   279.47    24.40  9999.00  9999.00  9999.00  9999.00
 00003   918.90    -6.40    55.63     1.32   287.70    22.85  9999.00  9999.00  9999.00  9999.00
 00004   846.37   -13.28    53.19     1.46   269.87    22.56  9999.00  9999.00  9999.00  9999.00
 00005   884.49   -10.07    40.70     2.43   298.12    24.53  9999.00  9999.00  9999.00  9999.00
 00006   897.02   -13.98    66.20     3.54   310.32    25.25  9999.00  9999.00  9999.00  9999.00
 00007  1024.51   -13.19    84.95     0.44   294.70    26.75  9999.00  9999.00  9999.00  9999.00
 00008  1006.84   -19.27    97.73     3.71   202.52     1.49  9999.00  9999.00  9999.00  9999.00
 00009   957.67   -11.74    68.66     3.76   257.75    39.31  9999.00  9999.00  9999.00  9999.00
 00010   980.34   -10.16    55.52     4.21   284.29    30.39  9999.00  9999.00  9999.00  9999.00
 00011  1013.53   -21.67    97.06     4.39   204.00    32.83  9999.00  9999.00  9999.00  9999.00
 00012  1034.05    -1.38    39.48     2.58   331.53    24.10  9999.00  9999.00  9999.00  9999.00
 00013  1030.58     6.15    87.10     3.75   356.15    16.79  9999.00  9999.00  9999.00  9999.00
 00014  1025.37     9.76    91.27     4.16   329.91    11.95  9999.00  9999.00  9999.00  9999.00
 00015  1016.12    -3.46    95.63     0.71   160.39    20.81  9999.00  9999.00  9999.00  9999.00
 00016   977.68    -1.30    98.14     0.91    72.90     4.15  9999.00  9999.00  9999.00  9999.00
 00017  1018.27    -1.56    95.90     1.23   223.35    20.05  9999.00  9999.00  9999.00  9999.00
 00018  1030.33     5.85    84.54     4.30   351.73    19.00  9999.00  9999.00  9999.00  9999.00
 00019   949.06     9.96    92.96     2.15    90.79     1.34  9999.00  9999.00  9999.00  9999.00
 00020  1030.97     8.17    91.62     4.87   330.37     5.85  9999.00  9999.00  9999.00  9999.00
 00021   899.93    -2.97    74.01     1.66   153.04    29.83  9999.00  9999.00  9999.00  9999.00
 00022  1036.85    -1.84    42.37     3.41   327.28    22.86  9999.00  9999.00  9999.00  9999.00
 00023   924.22    -0.71    77.45     2.06   132.54    29.04  9999.00  9999.00  9999.00  9999.00
 00024   955.86    -3.40    80.62     4.44   120.88    31.37  9999.00  9999.00  9999.00  9999.00
 00025   799.67    13.25    77.36     1.80   236.34    20.14  9999.00  9999.00  9999.00  9999.00
 00026  1026.52     9.43    83.26     5.90     8.15    14.78  9999.00  9999.00  9999.00  9999.00
 00027  1024.35     5.84    86.31     4.98   354.46    18.91  9999.00  9999.00  9999.00  9999.00
 00028   991.37     5.27    89.89     4.93    31.89     1.37  9999.00  9999.00  9999.00  9999.00
 00029  1015.15    19.33    79.79     3.48    36.79    21.63  9999.00  9999.00  9999.00  9999.00
 00030  1002.76    18.55    89.45     4.03    56.27    22.52  9999.00  9999.00  9999.00  9999.00
 00031   575.63    -6.05    48.21     1.50   295.86    25.17  9999.00  9999.00  9999.00  9999.00
 00032   988.34    15.39    81.70     2.08    17.52    13.87  9999.00  9999.00  9999.00  9999.00
 00033  1014.41    21.35    99.73     4.63    96.86     0.55  9999.00  9999.00  9999.00  9999.00
 00034  1014.95    27.44    84.95     8.87    67.36    28.40  9999.00  9999.00  9999.00  9999.00
 00035  1013.48    24.49    94.96     3.30    89.94    11.74  9999.00  9999.00  9999.00  9999.00
 00036   780.31     8.14    91.40     1.01    55.12    17.26  9999.00  9999.00  9999.00  9999.00
 00037   978.50    15.34    87.33     1.35    72.28    13.79  9999.00  9999.00  9999.00  9999.00
 00038  1004.70    19.91    81.28     0.73    59.16    20.57  9999.00  9999.00  9999.00  9999.00
 00039  1018.95    20.07    75.60    10.79    21.28    20.11  9999.00  9999.00  9999.00  9999.00
 00040  1015.89    21.45    73.58     6.12    39.61    21.48  9999.00  9999.00  9999.00  9999.00
 00041   985.51     7.23    93.22     3.29    15.62    15.73  9999.00  9999.00  9999.00  9999.00
 00042  1030.41     7.49    90.29     2.77     4.86    15.36  9999.00  9999.00  9999.00  9999.00
 00043  1019.22    10.30    82.71     5.06    23.38    18.85  9999.00  9999.00  9999.00  9999.00
 00044   997.99    11.59    89.84     2.82    32.36    17.03  9999.00  9999.00  9999.00  9999.00
 00045  1015.89    21.45    73.58     6.12    39.61    21.48  9999.00  9999.00  9999.00  9999.00
 00046   951.59    13.75    96.69     2.75    22.47    18.96  9999.00  9999.00  9999.00  9999.00
 00047  1014.57    15.23    86.20     4.77   351.07    11.82  9999.00  9999.00  9999.00  9999.00
 00048   606.76    -7.42    74.56     2.36   174.26    28.65  9999.00  9999.00  9999.00  9999.00
 00049   578.13    -7.89    77.35     0.46   154.07    26.81  9999.00  9999.00  9999.00  9999.00
 00050  1011.46    18.82    70.07     6.02    15.18    19.52  9999.00  9999.00  9999.00  9999.00
