stn_id       p       t2      rh2      spd      dir      vis    rain6   rain24   tmax24   tmin24 
 00001   985.40    10.91    88.30     2.95   159.67     6.24  9999.00  9999.00  9999.00  9999.00
 00002  1016.79     4.67    45.31     1.39   257.87    24.44  9999.00  9999.00  9999.00  9999.00
 00003   918.50     0.33    36.30     1.67    63.55    22.86  9999.00  9999.00  9999.00  9999.00
 00004   846.79    -5.99    33.16     1.71   337.38    22.57  9999.00  9999.00  9999.00  9999.00
 00005   884.93    -5.25    39.62     2.24   278.09    24.54  9999.00  9999.00  9999.00  9999.00
 00006   897.28    -8.03    47.60     1.74   302.81    25.24  9999.00  9999.00  9999.00  9999.00
 00007  1025.05   -12.28    84.24     2.52   347.82    26.99  9999.00  9999.00  9999.00  9999.00
 00008  1005.68   -16.87    99.57     3.47   245.84    24.02  9999.00  9999.00  9999.00  9999.00
 00009   952.16    -8.56    56.36     3.78   256.44    40.74  9999.00  9999.00  9999.00  9999.00
 00010   977.73    -7.80    52.26     4.02   297.35    30.39  9999.00  9999.00  9999.00  9999.00
 00011  1010.66   -18.31    97.73     5.03   216.86    25.89  9999.00  9999.00  9999.00  9999.00
 00012  1033.40     1.12    44.30     2.24    67.16    24.11  9999.00  9999.00  9999.00  9999.00
 00013  1030.24     7.32    55.72     3.47   344.43    19.49  9999.00  9999.00  9999.00  9999.00
 00014  1024.85     9.64    68.09     3.85   336.23    18.74  9999.00  9999.00  9999.00  9999.00
 00015  1016.53     0.95    47.00     2.21     0.64    20.80  9999.00  9999.00  9999.00  9999.00
 00016   975.03     4.48    39.51     1.20   217.15    20.87  9999.00  9999.00  9999.00  9999.00
 00017  1017.49     6.33    64.63     1.36   118.86    20.02  9999.00  9999.00  9999.00  9999.00
 00018  1029.61     8.13    58.42     3.11   353.19    19.09  9999.00  9999.00  9999.00  9999.00
 00019   950.75     8.44    83.63     2.84    81.17    14.29  9999.00  9999.00  9999.00  9999.00
 00020  1030.08     9.68    63.21     5.49   338.39    19.28  9999.00  9999.00  9999.00  9999.00
 00021   898.33     1.43    79.16     2.15   339.94    34.63  9999.00  9999.00  9999.00  9999.00
 00022  1036.78     0.41    40.10     2.49    89.41    22.88  9999.00  9999.00  9999.00  9999.00
 00023   926.88     4.40    70.01     0.92   241.98    16.25  9999.00  9999.00  9999.00  9999.00
 00024   954.02     1.64    64.25     4.12   121.30    31.46  9999.00  9999.00  9999.00  9999.00
 00025   798.56    19.42    54.47     2.92   239.00    20.06  9999.00  9999.00  9999.00  9999.00
 00026  1025.91    10.13    74.25     5.71    17.84    18.77  9999.00  9999.00  9999.00  9999.00
 00027  1022.62     7.70    89.18     4.07     5.50     2.27  9999.00  9999.00  9999.00  9999.00
 00028   990.63     5.47    89.10     4.20    24.51     1.56  9999.00  9999.00  9999.00  9999.00
 00029  1015.11    20.48    65.66     4.85    17.04    21.57  9999.00  9999.00  9999.00  9999.00
 00030  1004.70    16.59    77.90     4.07    22.10    11.61  9999.00  9999.00  9999.00  9999.00
 00031   575.25     0.98    17.01     1.35   237.64    33.20  9999.00  9999.00  9999.00  9999.00
 00032   987.86    15.81    78.13     1.93    56.21    17.91  9999.00  9999.00  9999.00  9999.00
 00033  1013.77    21.53    93.90    10.63    63.25     4.21  9999.00  9999.00  9999.00  9999.00
 00034  1012.80    28.05    80.99     9.64    61.71    23.88  9999.00  9999.00  9999.00  9999.00
 00035  1012.68    24.67    91.48     6.19    60.83     7.20  9999.00  9999.00  9999.00  9999.00
 00036   778.64    13.68    69.89     1.60   107.60    21.07  9999.00  9999.00  9999.00  9999.00
 00037   977.91    15.93    82.63     1.16    63.03    17.52  9999.00  9999.00  9999.00  9999.00
 00038  1003.46    21.71    63.89     3.00    34.91    19.77  9999.00  9999.00  9999.00  9999.00
 00039  1018.32    20.25    73.69    12.76    32.20    19.21  9999.00  9999.00  9999.00  9999.00
 00040  1014.14    23.37    63.43     8.46    52.48    21.41  9999.00  9999.00  9999.00  9999.00
 00041   985.79     6.48    80.64     3.38     9.92    17.67  9999.00  9999.00  9999.00  9999.00
 00042  1030.14     8.86    63.56     3.13   342.48    19.03  9999.00  9999.00  9999.00  9999.00
 00043  1018.40    10.68    75.18     5.12    28.59    19.08  9999.00  9999.00  9999.00  9999.00
 00044   998.42    11.18    79.55     3.70    46.17    18.28  9999.00  9999.00  9999.00  9999.00
 00045  1014.14    23.37    63.43     8.46    52.48    21.41  9999.00  9999.00  9999.00  9999.00
 00046   951.01    13.11    89.37     3.11     9.05    18.28  9999.00  9999.00  9999.00  9999.00
 00047  1015.04    14.29    69.83     6.10   342.85    18.68  9999.00  9999.00  9999.00  9999.00
 00048   608.24    -1.12    41.76     1.95    18.31    35.02  9999.00  9999.00  9999.00  9999.00
 00049   577.73    -0.69    54.98     2.45   215.32    26.19  9999.00  9999.00  9999.00  9999.00
 00050  1011.05    18.82    67.01     7.00    32.63    19.46  9999.00  9999.00  9999.00  9999.00
