stn_id       p       t2      rh2      spd      dir      vis    rain6   rain24   tmax24   tmin24 
 00001   977.39    14.54    98.07     0.33    83.12    22.57  9999.00  9999.00  9999.00  9999.00
 00002   996.72     7.72    73.21     1.57   271.74    23.32  9999.00  9999.00  9999.00  9999.00
 00003   905.47     5.58    66.24     0.58   309.45    22.13  9999.00  9999.00  9999.00  9999.00
 00004   836.38     4.94    67.64     2.65   186.40    22.11  9999.00  9999.00  9999.00  9999.00
 00005   870.70     4.52    71.46     1.45    75.10    24.56  9999.00  9999.00  9999.00  9999.00
 00006   880.28     5.29    65.23     4.37   209.33    25.52  9999.00  9999.00  9999.00  9999.00
 00007  1009.76     2.57    70.86     2.82    86.94    25.86  9999.00  9999.00  9999.00  9999.00
 00008   995.72    -1.09    80.17     1.76   178.88    28.32  9999.00  9999.00  9999.00  9999.00
 00009   947.88    -4.55    74.40     2.81   195.61    35.77  9999.00  9999.00  9999.00  9999.00
 00010   973.50    -3.46    81.68     1.36   260.57    28.45  9999.00  9999.00  9999.00  9999.00
 00011  1003.30    -2.21    85.34     1.35   180.71    30.45  9999.00  9999.00  9999.00  9999.00
 00012  1013.30     6.71    93.68     1.68   124.09    23.36  9999.00  9999.00  9999.00  9999.00
 00013  1016.04    13.94    78.30     2.75   115.63    20.87  9999.00  9999.00  9999.00  9999.00
 00014  1013.42    15.02    89.65     0.65   329.96    20.85  9999.00  9999.00  9999.00  9999.00
 00015   998.57    13.58    70.75     3.70   185.16    20.28  9999.00  9999.00  9999.00  9999.00
 00016   957.70     7.78    94.52     0.71   154.08    21.07  9999.00  9999.00  9999.00  9999.00
 00017   999.92    11.33    96.02     1.33   238.14    20.46  9999.00  9999.00  9999.00  9999.00
 00018  1014.22    15.19    78.55     2.28    96.56    20.41  9999.00  9999.00  9999.00  9999.00
 00019   941.11    13.55    96.49     0.24   274.99    18.19  9999.00  9999.00  9999.00  9999.00
 00020  1019.03    13.26    86.94     2.32    50.47    20.45  9999.00  9999.00  9999.00  9999.00
 00021   894.92     4.42    91.63     1.85   310.48    27.59  9999.00  9999.00  9999.00  9999.00
 00022  1015.99     8.89    90.40     2.30   194.30    21.87  9999.00  9999.00  9999.00  9999.00
 00023   924.09     2.78    71.51     0.93   269.32    23.56  9999.00  9999.00  9999.00  9999.00
 00024   949.18     0.61    82.59     6.23   299.36    26.45  9999.00  9999.00  9999.00  9999.00
 00025   797.24    13.41    98.93     2.04   163.65     2.08  9999.00  9999.00  9999.00  9999.00
 00026  1011.91    18.56    90.65     1.89    18.08    20.75  9999.00  9999.00  9999.00  9999.00
 00027  1008.79    17.89    83.62     3.80   329.06    20.71  9999.00  9999.00  9999.00  9999.00
 00028   979.06    15.85    80.65     1.43   105.57    17.93  9999.00  9999.00  9999.00  9999.00
 00029  1008.45    22.19    96.06     0.71    38.35    12.73  9999.00  9999.00  9999.00  9999.00
 00030   998.21    21.27    87.52     2.71    36.80    15.90  9999.00  9999.00  9999.00  9999.00
 00031   574.87    -3.84    24.49     0.76   234.37    30.78  9999.00  9999.00  9999.00  9999.00
 00032   981.41    17.32    90.84     2.24    35.61    10.35  9999.00  9999.00  9999.00  9999.00
 00033  1009.55    21.83    99.15     3.31    83.89     3.79  9999.00  9999.00  9999.00  9999.00
 00034  1010.86    27.24    85.85     3.83    85.92    20.31  9999.00  9999.00  9999.00  9999.00
 00035  1008.81    23.68    97.66     1.05    37.76     8.59  9999.00  9999.00  9999.00  9999.00
 00036   777.94     9.56    96.64     0.78   101.53    11.43  9999.00  9999.00  9999.00  9999.00
 00037   971.76    16.85    93.17     1.28   110.07     9.45  9999.00  9999.00  9999.00  9999.00
 00038   998.20    20.27    85.24     0.97    16.91    21.63  9999.00  9999.00  9999.00  9999.00
 00039  1011.67    21.44    87.25     8.73    24.53     4.25  9999.00  9999.00  9999.00  9999.00
 00040  1009.16    21.94    77.23     5.31    28.24    19.62  9999.00  9999.00  9999.00  9999.00
 00041   974.05    15.77    97.14     0.98   149.52    16.26  9999.00  9999.00  9999.00  9999.00
 00042  1015.42    16.02    77.54     2.92    96.18    20.67  9999.00  9999.00  9999.00  9999.00
 00043  1005.25    18.21    86.67     1.78    58.83    21.13  9999.00  9999.00  9999.00  9999.00
 00044   987.46    16.76    91.89     1.69    69.47    20.28  9999.00  9999.00  9999.00  9999.00
 00045  1009.16    21.94    77.23     5.31    28.24    19.62  9999.00  9999.00  9999.00  9999.00
 00046   944.10    17.96    99.73     1.04    59.91     1.36  9999.00  9999.00  9999.00  9999.00
 00047  1006.57    18.87    80.96     3.67    16.39    20.52  9999.00  9999.00  9999.00  9999.00
 00048   607.16    -4.98    84.37     1.65   171.93    33.91  9999.00  9999.00  9999.00  9999.00
 00049   577.63    -6.09    88.39     1.46    21.53    26.20  9999.00  9999.00  9999.00  9999.00
 00050  1004.33    19.76    87.92     4.85    21.53    12.35  9999.00  9999.00  9999.00  9999.00
