stn_id       p       t2      rh2      spd      dir      vis    rain6   rain24   tmax24   tmin24 
 00001   965.13    22.14    74.83     4.00   297.98    13.93  9999.00  9999.00  9999.00  9999.00
 00002   978.42    26.38    71.47     2.04   169.63    27.31  9999.00  9999.00  9999.00  9999.00
 00003   892.36    21.60    40.24     2.15   242.67    25.83  9999.00  9999.00  9999.00  9999.00
 00004   827.21    15.10    53.70     2.03   236.68    24.49  9999.00  9999.00  9999.00  9999.00
 00005   860.94    17.73    71.29     4.85   344.55    24.98  9999.00  9999.00  9999.00  9999.00
 00006   871.26    15.61    94.07     5.57   313.21     8.40  9999.00  9999.00  9999.00  9999.00
 00007   986.50    23.80    83.01     1.91   171.94    24.61  9999.00  9999.00  9999.00  9999.00
 00008   971.55    23.34    74.32     2.65   119.60    24.99  9999.00  9999.00  9999.00  9999.00
 00009   933.60    16.39    99.44     2.99   118.63     3.65  9999.00  9999.00  9999.00  9999.00
 00010   956.48    16.48    89.58     2.35   110.05    25.65  9999.00  9999.00  9999.00  9999.00
 00011   981.05    22.16    65.58     5.17   100.34    25.97  9999.00  9999.00  9999.00  9999.00
 00012   993.64    23.98    81.82     1.39   193.47    25.18  9999.00  9999.00  9999.00  9999.00
 00013   997.46    30.34    73.18     4.65   237.80    28.99  9999.00  9999.00  9999.00  9999.00
 00014   995.52    29.20    68.71     2.52   232.82    29.82  9999.00  9999.00  9999.00  9999.00
 00015   979.85    24.23    83.50     0.59   194.40    24.67  9999.00  9999.00  9999.00  9999.00
 00016   947.76    22.58    52.88     2.89   200.05    26.37  9999.00  9999.00  9999.00  9999.00
 00017   982.21    28.25    49.57     5.44   289.86    26.93  9999.00  9999.00  9999.00  9999.00
 00018   996.44    28.32    86.25     2.47   226.74    18.98  9999.00  9999.00  9999.00  9999.00
 00019   934.67    20.05    92.77     1.84   254.20     5.67  9999.00  9999.00  9999.00  9999.00
 00020  1000.43    27.29    79.49     3.87   183.93    27.39  9999.00  9999.00  9999.00  9999.00
 00021   886.16    23.61    34.63     1.58   151.91    25.02  9999.00  9999.00  9999.00  9999.00
 00022   996.49    22.89    84.00     1.53   161.00    24.26  9999.00  9999.00  9999.00  9999.00
 00023   909.92    26.37    26.38     2.62   185.59    20.88  9999.00  9999.00  9999.00  9999.00
 00024   934.15    30.03    18.93     3.55   119.71    22.76  9999.00  9999.00  9999.00  9999.00
 00025   792.54    18.13    89.07     1.07   219.19    22.91  9999.00  9999.00  9999.00  9999.00
 00026   998.45    30.53    66.05     3.16   215.75    30.00  9999.00  9999.00  9999.00  9999.00
 00027   994.13    29.46    73.82     2.11   173.37    29.29  9999.00  9999.00  9999.00  9999.00
 00028   965.00    28.48    72.67     3.45   194.87    27.40  9999.00  9999.00  9999.00  9999.00
 00029  1001.56    25.64    89.24     2.18   163.91    30.29  9999.00  9999.00  9999.00  9999.00
 00030   988.38    27.66    81.59     4.18   147.69    32.07  9999.00  9999.00  9999.00  9999.00
 00031   575.16     6.78    90.31     1.81   232.93     1.05  9999.00  9999.00  9999.00  9999.00
 00032   971.37    24.38    84.96     1.44   224.99    26.14  9999.00  9999.00  9999.00  9999.00
 00033  1002.91    23.13    94.61     6.71   149.07     7.56  9999.00  9999.00  9999.00  9999.00
 00034  1007.15    28.21    83.75     3.89   147.93    35.20  9999.00  9999.00  9999.00  9999.00
 00035  1002.85    27.77    87.76     4.36   161.69    32.46  9999.00  9999.00  9999.00  9999.00
 00036   774.90    16.72    89.07     1.84    19.12     8.92  9999.00  9999.00  9999.00  9999.00
 00037   962.02    24.72    86.39     1.08   214.44    26.16  9999.00  9999.00  9999.00  9999.00
 00038   990.54    24.65    89.68     1.14   180.14    28.95  9999.00  9999.00  9999.00  9999.00
 00039  1003.41    25.95    87.80     5.29   226.71    28.04  9999.00  9999.00  9999.00  9999.00
 00040  1002.04    25.55    95.31     1.96   230.35    29.47  9999.00  9999.00  9999.00  9999.00
 00041   960.36    26.76    81.55     1.55   202.24    28.99  9999.00  9999.00  9999.00  9999.00
 00042   998.13    29.71    73.97     3.39   212.72    29.36  9999.00  9999.00  9999.00  9999.00
 00043   992.91    30.58    61.36     3.38   186.74    30.44  9999.00  9999.00  9999.00  9999.00
 00044   975.12    26.99    80.04     1.28   199.24    28.72  9999.00  9999.00  9999.00  9999.00
 00045  1002.04    25.55    95.31     1.96   230.35    29.47  9999.00  9999.00  9999.00  9999.00
 00046   937.58    23.84    80.03     1.92   196.40    28.70  9999.00  9999.00  9999.00  9999.00
 00047   994.33    24.77    86.05     4.66   179.85    27.51  9999.00  9999.00  9999.00  9999.00
 00048   606.12     9.12    77.46     1.29   201.66    24.97  9999.00  9999.00  9999.00  9999.00
 00049   579.61     1.04    98.42     0.63    61.27     3.05  9999.00  9999.00  9999.00  9999.00
 00050   995.66    26.05    82.06     3.90   230.88    27.53  9999.00  9999.00  9999.00  9999.00
