stn_id       p       t2      rh2      spd      dir      vis    rain6   rain24   tmax24   tmin24 
 00001   989.82    21.50  9999.00     1.00   110.00    17.00  9999.00  9999.00  9999.00  9999.00
 00002  1002.81    18.90  9999.00     2.00   180.00    11.00  9999.00  9999.00  9999.00  9999.00
 00003   923.90    17.00  9999.00     3.00   250.00    18.00  9999.00  9999.00  9999.00  9999.00
 00004   857.41    10.90  9999.00     2.00   250.00    30.00  9999.00  9999.00  9999.00  9999.00
 00005   891.47    13.60  9999.00     3.00   290.00    26.00  9999.00  9999.00  9999.00  9999.00
 00006   880.39    11.20  9999.00     4.00   250.00    30.00  9999.00  9999.00  9999.00  9999.00
 00007  1007.93    19.80  9999.00     2.00   220.00    30.00  9999.00  9999.00  9999.00  9999.00
 00008   984.45    18.20  9999.00     2.00   140.00     7.00  9999.00  9999.00  9999.00  9999.00
 00009   952.38     9.00  9999.00     1.00   250.00    25.00  9999.00  9999.00  9999.00  9999.00
 00010   986.01    10.20  9999.00     2.00    70.00    29.00  9999.00  9999.00  9999.00  9999.00
 00011   995.25    16.00  9999.00     2.00   180.00    11.00  9999.00  9999.00  9999.00  9999.00
 00012  1008.35    18.00  9999.00     1.00   200.00    11.00  9999.00  9999.00  9999.00  9999.00
 00013  1016.76    17.40  9999.00     2.00   140.00    29.00  9999.00  9999.00  9999.00  9999.00
 00014  1012.83    15.80  9999.00     1.00   270.00    18.00  9999.00  9999.00  9999.00  9999.00
 00015   995.23    19.70  9999.00     1.00   110.00    15.00  9999.00  9999.00  9999.00  9999.00
 00016   966.45    15.90  9999.00     2.00   340.00    20.00  9999.00  9999.00  9999.00  9999.00
 00017  1002.71    19.60  9999.00     1.00   180.00    30.00  9999.00  9999.00  9999.00  9999.00
 00018  1014.15    17.80  9999.00     1.00   220.00    11.00  9999.00  9999.00  9999.00  9999.00
 00019   951.25    17.60  9999.00     1.00   270.00     3.30  9999.00  9999.00  9999.00  9999.00
 00020  1016.82    18.00  9999.00     1.00   140.00    15.00  9999.00  9999.00  9999.00  9999.00
 00021   903.88    21.00  9999.00     1.00   110.00    15.00  9999.00  9999.00  9999.00  9999.00
 00022  1012.70    20.30  9999.00     2.00   200.00    16.00  9999.00  9999.00  9999.00  9999.00
 00023   928.05    20.80  9999.00     5.00   220.00    29.00  9999.00  9999.00  9999.00  9999.00
 00024   956.08    17.90  9999.00     0.00   110.00     9.00  9999.00  9999.00  9999.00  9999.00
 00025   814.50    17.00    72.69     4.00    70.00     9.00  9999.00  9999.00  9999.00  9999.00
 00026  1013.08    18.80  9999.00     1.00   250.00    22.00  9999.00  9999.00  9999.00  9999.00
 00027  1011.62    14.70  9999.00     2.00   290.00     3.30  9999.00  9999.00  9999.00  9999.00
 00028   989.16    15.90  9999.00     2.00   270.00     9.00  9999.00  9999.00  9999.00  9999.00
 00029  1011.45    20.50  9999.00     1.00   140.00     9.00  9999.00  9999.00  9999.00  9999.00
 00030  1001.22    20.70  9999.00     5.00    40.00    30.00  9999.00  9999.00  9999.00  9999.00
 00031   626.90     5.90    38.80     5.00   220.00    30.00  9999.00  9999.00  9999.00  9999.00
 00032  1006.80    19.70  9999.00     2.00   140.00    21.00  9999.00  9999.00  9999.00  9999.00
 00033  1011.10    26.60  9999.00     1.00   140.00    30.00  9999.00  9999.00  9999.00  9999.00
 00034  1011.50    28.30  9999.00     2.00   110.00    20.00  9999.00  9999.00  9999.00  9999.00
 00035  1010.38    25.40  9999.00     1.00    70.00    20.00  9999.00  9999.00  9999.00  9999.00
 00036   842.80    17.70    45.64     3.00   360.00    30.00  9999.00  9999.00  9999.00  9999.00
 00037  1010.79    19.90  9999.00     2.00    90.00    20.00  9999.00  9999.00  9999.00  9999.00
 00038  1012.91    20.60  9999.00     1.00   360.00    13.00  9999.00  9999.00  9999.00  9999.00
 00039  1013.43    20.70  9999.00     3.00    40.00    21.00  9999.00  9999.00  9999.00  9999.00
 00040  1009.62    21.30  9999.00     6.00    70.00    10.00  9999.00  9999.00  9999.00  9999.00
 00041   817.60     6.90   100.00     4.00   270.00     0.00  9999.00  9999.00  9999.00  9999.00
 00042  1015.67    16.50  9999.00     1.00   140.00    25.00  9999.00  9999.00  9999.00  9999.00
 00043  1015.48    17.60  9999.00     2.00   220.00     4.30  9999.00  9999.00  9999.00  9999.00
 00044  1009.25    17.10  9999.00     0.00    90.00     7.00  9999.00  9999.00  9999.00  9999.00
 00045  1009.62    21.30  9999.00     6.00    70.00    10.00  9999.00  9999.00  9999.00  9999.00
 00046   973.79    18.10  9999.00     1.00   360.00    17.00  9999.00  9999.00  9999.00  9999.00
 00047  1013.43    18.30  9999.00     0.00     0.00    14.00  9999.00  9999.00  9999.00  9999.00
 00048   655.60     7.50    43.69     3.00    90.00    21.00  9999.00  9999.00  9999.00  9999.00
 00049   602.50     0.20    85.06     3.00   220.00    21.00  9999.00  9999.00  9999.00  9999.00
 00050  1013.73    19.80  9999.00     2.00    70.00    28.00  9999.00  9999.00  9999.00  9999.00
