stn_id       p       t2      rh2      spd      dir      vis    rain6   rain24   tmax24   tmin24 
 00001   958.40    29.74    60.71     2.22    58.58    26.93  9999.00  9999.00  9999.00  9999.00
 00002   971.93    37.92    20.62     2.57   302.32    25.63  9999.00  9999.00  9999.00  9999.00
 00003   887.65    32.45    14.51     4.08   287.61    24.48  9999.00  9999.00  9999.00  9999.00
 00004   823.23    25.55    20.77     5.82   284.90    23.00  9999.00  9999.00  9999.00  9999.00
 00005   855.39    27.16    16.88     7.11   293.23    22.96  9999.00  9999.00  9999.00  9999.00
 00006   864.59    24.30    28.31     9.40   283.78    22.12  9999.00  9999.00  9999.00  9999.00
 00007   977.82    29.13    47.01     4.25   191.46    23.39  9999.00  9999.00  9999.00  9999.00
 00008   964.46    24.65    70.67     3.94   138.56    23.15  9999.00  9999.00  9999.00  9999.00
 00009   932.34    25.09    50.83     4.77    83.23    34.67  9999.00  9999.00  9999.00  9999.00
 00010   950.87    14.28    97.25     3.02    99.22     8.68  9999.00  9999.00  9999.00  9999.00
 00011   973.81    22.27    74.36     4.98   117.41    23.86  9999.00  9999.00  9999.00  9999.00
 00012   985.03    36.60    19.39     3.27   346.90    23.38  9999.00  9999.00  9999.00  9999.00
 00013   995.01    30.56    66.62     2.98   224.88    28.21  9999.00  9999.00  9999.00  9999.00
 00014   994.11    24.54    90.27     2.78   175.92    12.91  9999.00  9999.00  9999.00  9999.00
 00015   973.39    37.54    19.97     3.72   237.82    23.56  9999.00  9999.00  9999.00  9999.00
 00016   938.59    30.95    54.65     0.69   146.56    25.66  9999.00  9999.00  9999.00  9999.00
 00017   977.21    34.46    45.92     3.19   210.13    26.25  9999.00  9999.00  9999.00  9999.00
 00018   993.54    31.50    55.88     1.99   223.57    27.99  9999.00  9999.00  9999.00  9999.00
 00019   923.84    29.66    42.84     1.70   168.89    27.86  9999.00  9999.00  9999.00  9999.00
 00020   998.78    25.16    68.87     3.01   228.44    26.32  9999.00  9999.00  9999.00  9999.00
 00021   879.67    30.31    16.02     4.22   318.83    25.01  9999.00  9999.00  9999.00  9999.00
 00022   987.59    39.10    11.14     5.89   278.29    22.69  9999.00  9999.00  9999.00  9999.00
 00023   906.66    28.71    21.68     5.01   284.82    21.67  9999.00  9999.00  9999.00  9999.00
 00024   929.07    30.07    16.50     6.32   277.74    23.47  9999.00  9999.00  9999.00  9999.00
 00025   789.24    22.62    69.20     2.71   237.69    21.11  9999.00  9999.00  9999.00  9999.00
 00026   996.04    30.97    76.88     2.59   235.43    23.49  9999.00  9999.00  9999.00  9999.00
 00027   991.41    31.42    72.92     2.07   193.96    28.71  9999.00  9999.00  9999.00  9999.00
 00028   961.53    30.43    69.72     4.05   209.33    27.10  9999.00  9999.00  9999.00  9999.00
 00029   997.91    31.46    65.75     3.96   180.75    29.37  9999.00  9999.00  9999.00  9999.00
 00030   985.05    30.50    72.44     5.05   168.07    31.56  9999.00  9999.00  9999.00  9999.00
 00031   570.94    16.71    28.82     3.62   244.19    22.12  9999.00  9999.00  9999.00  9999.00
 00032   967.76    28.69    74.58     2.87   190.64    21.65  9999.00  9999.00  9999.00  9999.00
 00033  1000.61    24.67    92.58     3.88   163.48    31.75  9999.00  9999.00  9999.00  9999.00
 00034  1005.32    28.46    82.79     4.32   170.55    33.31  9999.00  9999.00  9999.00  9999.00
 00035  1000.42    30.23    72.77     5.27   174.33    31.93  9999.00  9999.00  9999.00  9999.00
 00036   769.28    22.60    60.67     2.64   192.52    24.83  9999.00  9999.00  9999.00  9999.00
 00037   958.40    30.00    71.62     1.84   201.08    22.37  9999.00  9999.00  9999.00  9999.00
 00038   986.60    31.52    64.71     3.08   215.71    27.72  9999.00  9999.00  9999.00  9999.00
 00039   999.82    27.85    82.00     8.76   202.57    26.71  9999.00  9999.00  9999.00  9999.00
 00040   998.95    28.45    82.64     6.14   213.01    27.87  9999.00  9999.00  9999.00  9999.00
 00041   957.65    25.85    90.82     2.42   214.76    11.53  9999.00  9999.00  9999.00  9999.00
 00042   995.65    29.85    73.33     3.65   245.79    27.39  9999.00  9999.00  9999.00  9999.00
 00043   990.52    30.32    77.43     2.69   203.48    24.52  9999.00  9999.00  9999.00  9999.00
 00044   973.26    27.57    87.18     1.61   267.45    13.45  9999.00  9999.00  9999.00  9999.00
 00045   998.95    28.45    82.64     6.14   213.01    27.87  9999.00  9999.00  9999.00  9999.00
 00046   934.33    28.39    67.26     3.19   218.27    27.55  9999.00  9999.00  9999.00  9999.00
 00047   989.27    28.55    80.67     3.46   212.24    25.80  9999.00  9999.00  9999.00  9999.00
 00048   600.83    16.70    52.11     0.96   171.64    26.31  9999.00  9999.00  9999.00  9999.00
 00049   576.70     6.98    95.14     2.11   202.50     1.94  9999.00  9999.00  9999.00  9999.00
 00050   991.82    29.96    74.04     6.03   197.85    26.20  9999.00  9999.00  9999.00  9999.00
