stn_id       p       t2      rh2      spd      dir      vis    rain6   rain24   tmax24   tmin24 
 00001   988.84    15.90  9999.00     1.00   160.00    19.00  9999.00  9999.00  9999.00  9999.00
 00002  1005.59    21.30  9999.00     4.00   160.00     4.20  9999.00  9999.00  9999.00  9999.00
 00003   924.83    21.40  9999.00     3.00   220.00    26.00  9999.00  9999.00  9999.00  9999.00
 00004   858.89    16.70  9999.00     5.00   220.00    30.00  9999.00  9999.00  9999.00  9999.00
 00005   894.99    16.90  9999.00     5.00   250.00    30.00  9999.00  9999.00  9999.00  9999.00
 00006   884.23    15.10  9999.00     7.00   290.00    30.00  9999.00  9999.00  9999.00  9999.00
 00007  1013.60    14.60  9999.00     6.00   220.00    30.00  9999.00  9999.00  9999.00  9999.00
 00008   990.02    12.90  9999.00     6.00   250.00    13.00  9999.00  9999.00  9999.00  9999.00
 00009   953.34    10.80  9999.00     4.00   250.00    30.00  9999.00  9999.00  9999.00  9999.00
 00010   990.01    11.30  9999.00     1.00   320.00    29.00  9999.00  9999.00  9999.00  9999.00
 00011   999.40    12.10  9999.00     3.00   250.00    23.00  9999.00  9999.00  9999.00  9999.00
 00012  9999.00  9999.00  9999.00  9999.00  9999.00  9999.00  9999.00  9999.00  9999.00  9999.00
 00013  1019.95    18.60  9999.00     7.00   110.00    19.00  9999.00  9999.00  9999.00  9999.00
 00014  1016.21    17.80  9999.00     3.00    70.00    10.00  9999.00  9999.00  9999.00  9999.00
 00015   998.48    21.90  9999.00     3.00   220.00    14.00  9999.00  9999.00  9999.00  9999.00
 00016   964.72    22.30  9999.00     4.00    20.00    18.00  9999.00  9999.00  9999.00  9999.00
 00017  1004.59    22.20  9999.00     5.00   160.00    23.00  9999.00  9999.00  9999.00  9999.00
 00018  1016.34    20.50  9999.00     2.00   110.00    30.00  9999.00  9999.00  9999.00  9999.00
 00019   949.64    15.80  9999.00     2.00    20.00    14.00  9999.00  9999.00  9999.00  9999.00
 00020  1022.11    16.80  9999.00     4.00    90.00    12.00  9999.00  9999.00  9999.00  9999.00
 00021   911.19    11.10  9999.00     3.00    20.00    30.00  9999.00  9999.00  9999.00  9999.00
 00022  1015.60    22.80  9999.00     4.00   200.00    13.00  9999.00  9999.00  9999.00  9999.00
 00023   935.61    14.00  9999.00     4.00    90.00    30.00  9999.00  9999.00  9999.00  9999.00
 00024   965.05    12.40  9999.00     3.00   290.00    30.00  9999.00  9999.00  9999.00  9999.00
 00025   809.60    17.00    52.93     2.00   220.00    21.00  9999.00  9999.00  9999.00  9999.00
 00026  1014.37    16.30  9999.00     1.00    90.00    14.00  9999.00  9999.00  9999.00  9999.00
 00027  1011.91    15.30  9999.00     3.00    20.00    15.00  9999.00  9999.00  9999.00  9999.00
 00028   988.58    14.00  9999.00     2.00    90.00    15.00  9999.00  9999.00  9999.00  9999.00
 00029  1012.15    15.60  9999.00     2.00    20.00    25.00  9999.00  9999.00  9999.00  9999.00
 00030  1002.21    13.60  9999.00     2.00    40.00     0.60  9999.00  9999.00  9999.00  9999.00
 00031   619.50     9.90     3.74     3.00   200.00    19.00  9999.00  9999.00  9999.00  9999.00
 00032  1011.56    14.50  9999.00     2.00   140.00    18.00  9999.00  9999.00  9999.00  9999.00
 00033  1011.80    22.30  9999.00     2.00    70.00  9999.00  9999.00  9999.00  9999.00  9999.00
 00034  1011.60    28.20  9999.00     3.00    90.00    18.00  9999.00  9999.00  9999.00  9999.00
 00035  1010.68    24.60  9999.00     1.00    90.00     6.00  9999.00  9999.00  9999.00  9999.00
 00036   831.80    24.00    25.70     3.00   160.00    30.00  9999.00  9999.00  9999.00  9999.00
 00037  1015.57    15.40  9999.00     3.00   140.00    18.00  9999.00  9999.00  9999.00  9999.00
 00038  1015.11    18.30  9999.00     1.00   320.00    11.00  9999.00  9999.00  9999.00  9999.00
 00039  1017.23    15.50  9999.00     4.00    40.00    10.00  9999.00  9999.00  9999.00  9999.00
 00040  1011.51    16.40  9999.00     7.00    70.00    10.00  9999.00  9999.00  9999.00  9999.00
 00041   818.10     6.00    45.99     6.00    90.00    19.00  9999.00  9999.00  9999.00  9999.00
 00042  1017.47    19.80  9999.00     5.00    90.00    15.00  9999.00  9999.00  9999.00  9999.00
 00043  1016.28    16.00  9999.00     2.00    20.00    10.00  9999.00  9999.00  9999.00  9999.00
 00044  1011.03    16.40  9999.00     2.00    20.00    25.00  9999.00  9999.00  9999.00  9999.00
 00045  1011.51    16.40  9999.00     7.00    70.00    10.00  9999.00  9999.00  9999.00  9999.00
 00046   975.82    13.30  9999.00     2.00   360.00     4.80  9999.00  9999.00  9999.00  9999.00
 00047  1017.91    14.10  9999.00     2.00   110.00    10.00  9999.00  9999.00  9999.00  9999.00
 00048   649.10     8.00    28.94     3.00    40.00    30.00  9999.00  9999.00  9999.00  9999.00
 00049   597.20    -1.60    68.02     5.00   220.00    30.00  9999.00  9999.00  9999.00  9999.00
 00050  1017.72    14.80  9999.00     8.00    40.00    20.00  9999.00  9999.00  9999.00  9999.00
