stn_id       p       t2      rh2      spd      dir      vis    rain6   rain24   tmax24   tmin24 
 00001   974.95    14.92    96.16     1.68    76.87    18.18  9999.00  9999.00  9999.00  9999.00
 00002  1016.63    -0.90    36.77     1.98   125.26    24.29  9999.00  9999.00  9999.00  9999.00
 00003   913.79    -0.62    42.70     2.96    40.72    22.68  9999.00  9999.00  9999.00  9999.00
 00004   840.64    -6.09    32.30     1.78   104.35    22.39  9999.00  9999.00  9999.00  9999.00
 00005   879.95    -9.76    27.02     3.33    32.01    24.24  9999.00  9999.00  9999.00  9999.00
 00006   893.36   -14.65    57.52     1.60   240.88    25.25  9999.00  9999.00  9999.00  9999.00
 00007  1023.59   -10.40    73.45     1.46   308.23    26.82  9999.00  9999.00  9999.00  9999.00
 00008  1002.62   -15.50    89.82     4.44   255.01    30.11  9999.00  9999.00  9999.00  9999.00
 00009   957.44   -17.42    73.37     2.43   298.88    40.03  9999.00  9999.00  9999.00  9999.00
 00010   976.23    -7.94    57.44     4.53   280.07    30.06  9999.00  9999.00  9999.00  9999.00
 00011  1007.27   -17.53    97.77     3.54   232.94    21.29  9999.00  9999.00  9999.00  9999.00
 00012  1033.94    -2.46    40.30     3.18   319.97    24.04  9999.00  9999.00  9999.00  9999.00
 00013  1024.41    10.18    85.34     5.34    36.09     4.98  9999.00  9999.00  9999.00  9999.00
 00014  1018.46    14.10    92.96     4.71    24.26     4.20  9999.00  9999.00  9999.00  9999.00
 00015  1014.15     1.16    45.03     3.82    27.47    20.71  9999.00  9999.00  9999.00  9999.00
 00016   963.12     7.20    59.82     2.54    55.03    20.35  9999.00  9999.00  9999.00  9999.00
 00017  1015.24     3.16    40.04     3.66    40.67    20.05  9999.00  9999.00  9999.00  9999.00
 00018  1023.22     9.57    84.36     5.62    45.08    10.17  9999.00  9999.00  9999.00  9999.00
 00019   939.58    15.15    90.52     1.14    42.48    23.18  9999.00  9999.00  9999.00  9999.00
 00020  1024.81    13.61    75.31     6.93    15.75    13.75  9999.00  9999.00  9999.00  9999.00
 00021   899.07     2.54    79.63     0.72    98.00    18.48  9999.00  9999.00  9999.00  9999.00
 00022  1036.21    -1.36    34.06     3.82   355.71    22.75  9999.00  9999.00  9999.00  9999.00
 00023   927.76     3.30    93.98     1.28   247.32    22.05  9999.00  9999.00  9999.00  9999.00
 00024   953.77    -9.26    78.88     1.01   119.58    30.57  9999.00  9999.00  9999.00  9999.00
 00025   798.26    10.27    80.92     1.49   231.82    20.40  9999.00  9999.00  9999.00  9999.00
 00026  1017.19    15.12    92.68     4.65   150.03    17.38  9999.00  9999.00  9999.00  9999.00
 00027  1013.27    15.11    94.24     4.57   347.61    18.67  9999.00  9999.00  9999.00  9999.00
 00028   980.23    14.69    91.92     4.48    36.58     6.16  9999.00  9999.00  9999.00  9999.00
 00029  1010.37    23.90    88.23     1.46   110.02    21.83  9999.00  9999.00  9999.00  9999.00
 00030   998.50    22.95    98.42     1.74   179.41     7.19  9999.00  9999.00  9999.00  9999.00
 00031   573.09    -7.01    59.44     1.86   228.28    32.75  9999.00  9999.00  9999.00  9999.00
 00032   982.49    19.65    95.16     0.95   249.99    13.38  9999.00  9999.00  9999.00  9999.00
 00033  1012.04    22.99    98.43     2.04    95.95     1.48  9999.00  9999.00  9999.00  9999.00
 00034  1014.03    28.10    86.19     4.31    79.53    28.59  9999.00  9999.00  9999.00  9999.00
 00035  1011.38    25.50    96.68     1.65    36.67     0.20  9999.00  9999.00  9999.00  9999.00
 00036   778.72     5.74    80.34     0.86    90.94    21.48  9999.00  9999.00  9999.00  9999.00
 00037   972.81    19.40    96.87     0.69   155.59    11.19  9999.00  9999.00  9999.00  9999.00
 00038   999.83    21.61    94.77     0.66   133.30    17.83  9999.00  9999.00  9999.00  9999.00
 00039  1013.68    23.20    91.27     2.24    49.29    20.21  9999.00  9999.00  9999.00  9999.00
 00040  1011.40    23.44    89.05     2.14    60.21    21.70  9999.00  9999.00  9999.00  9999.00
 00041   978.50    12.40    94.84     3.72    36.67    13.16  9999.00  9999.00  9999.00  9999.00
 00042  1023.45    12.01    88.44     5.19    42.87     3.29  9999.00  9999.00  9999.00  9999.00
 00043  1010.19    15.77    95.56     4.38    20.11    18.89  9999.00  9999.00  9999.00  9999.00
 00044   990.81    16.19    96.54     3.20    44.73    10.63  9999.00  9999.00  9999.00  9999.00
 00045  1011.40    23.44    89.05     2.14    60.21    21.70  9999.00  9999.00  9999.00  9999.00
 00046   946.19    20.06    92.48     0.38   312.93    19.00  9999.00  9999.00  9999.00  9999.00
 00047  1008.21    19.17    96.58     4.10    36.72     3.99  9999.00  9999.00  9999.00  9999.00
 00048   605.22   -11.61    94.94     1.85   177.89     4.16  9999.00  9999.00  9999.00  9999.00
 00049   576.92    -6.54    95.61     0.40   191.91    25.63  9999.00  9999.00  9999.00  9999.00
 00050  1006.01    22.13    91.27     1.51    26.82    19.00  9999.00  9999.00  9999.00  9999.00
