stn_id       p       t2      rh2      spd      dir      vis    rain6   rain24   tmax24   tmin24 
 00001   972.15    19.71    96.18     1.38   296.99     5.69  9999.00  9999.00  9999.00  9999.00
 00002  1000.73    13.54    90.40     0.84    26.29    22.79  9999.00  9999.00  9999.00  9999.00
 00003   906.44    12.42    92.73     1.01    54.78    23.03  9999.00  9999.00  9999.00  9999.00
 00004   837.64     9.35    95.99     1.45   229.55    18.29  9999.00  9999.00  9999.00  9999.00
 00005   872.19    11.36    95.44     2.34   213.72    20.40  9999.00  9999.00  9999.00  9999.00
 00006   880.73    12.23    76.60     4.56   215.31    26.74  9999.00  9999.00  9999.00  9999.00
 00007  1009.67    17.20    62.15     3.96   197.49    25.76  9999.00  9999.00  9999.00  9999.00
 00008   993.35    17.16    68.06     4.41   196.89    26.81  9999.00  9999.00  9999.00  9999.00
 00009   941.23     8.68    95.01     1.59   185.01    32.68  9999.00  9999.00  9999.00  9999.00
 00010   975.53     8.02    88.43     1.34   126.86    29.47  9999.00  9999.00  9999.00  9999.00
 00011  1000.16    15.71    70.82     4.25   173.60    27.69  9999.00  9999.00  9999.00  9999.00
 00012  1016.15    14.52    80.06     1.62   220.32    23.27  9999.00  9999.00  9999.00  9999.00
 00013  1012.33    20.60    84.70     2.95   104.66    23.30  9999.00  9999.00  9999.00  9999.00
 00014  1009.42    19.58    97.57     1.42    81.03    24.66  9999.00  9999.00  9999.00  9999.00
 00015   999.02    16.66    89.84     0.97    86.46     5.16  9999.00  9999.00  9999.00  9999.00
 00016   959.02    14.39    91.69     0.72   242.73    23.48  9999.00  9999.00  9999.00  9999.00
 00017  1000.74    16.07    93.39     3.52    18.56    10.88  9999.00  9999.00  9999.00  9999.00
 00018  1010.71    20.50    89.82     2.20    97.18    19.94  9999.00  9999.00  9999.00  9999.00
 00019   938.04    17.72    89.57     1.20   241.38    25.66  9999.00  9999.00  9999.00  9999.00
 00020  1015.66    19.32    94.83     1.90    63.29    22.84  9999.00  9999.00  9999.00  9999.00
 00021   896.20     5.05    90.69     2.06   144.15     2.05  9999.00  9999.00  9999.00  9999.00
 00022  1019.10    14.61    79.76     1.25    99.15    21.17  9999.00  9999.00  9999.00  9999.00
 00023   923.39     6.62    51.11     4.74   272.38    22.58  9999.00  9999.00  9999.00  9999.00
 00024   945.06     6.19    60.38     8.47   280.16    24.72  9999.00  9999.00  9999.00  9999.00
 00025   796.26    17.48    87.09     1.63   177.16    24.52  9999.00  9999.00  9999.00  9999.00
 00026  1009.41    21.95    90.67     2.73   353.95    24.02  9999.00  9999.00  9999.00  9999.00
 00027  1006.00    21.99    90.01     3.25   343.09    23.85  9999.00  9999.00  9999.00  9999.00
 00028   974.41    21.12    89.34     2.23   351.73    22.92  9999.00  9999.00  9999.00  9999.00
 00029  1006.35    25.72    90.86     1.53    78.15    25.70  9999.00  9999.00  9999.00  9999.00
 00030   995.35    25.49    89.41     2.46   129.98    26.13  9999.00  9999.00  9999.00  9999.00
 00031   575.08     3.90    82.16     1.95   142.48    25.76  9999.00  9999.00  9999.00  9999.00
 00032   979.06    20.82    90.58     1.51    49.86    21.54  9999.00  9999.00  9999.00  9999.00
 00033  1008.07    22.49    98.67     3.83   106.02     9.88  9999.00  9999.00  9999.00  9999.00
 00034  1008.26    27.36    88.32    10.07    60.39    20.52  9999.00  9999.00  9999.00  9999.00
 00035  1007.15    26.22    91.91     2.90    70.35    17.58  9999.00  9999.00  9999.00  9999.00
 00036   776.11    18.08    76.44     1.08   126.85    22.77  9999.00  9999.00  9999.00  9999.00
 00037   969.44    21.48    91.61     1.20    77.51    22.50  9999.00  9999.00  9999.00  9999.00
 00038   995.76    23.49    90.25     1.08   112.45    25.06  9999.00  9999.00  9999.00  9999.00
 00039  1009.19    23.75    87.75     8.32    28.22    24.41  9999.00  9999.00  9999.00  9999.00
 00040  1007.05    24.58    88.16     5.61    48.88    25.59  9999.00  9999.00  9999.00  9999.00
 00041   970.98    20.83    94.83     1.33   124.38    23.29  9999.00  9999.00  9999.00  9999.00
 00042  1011.75    21.71    84.47     3.13    99.60    23.61  9999.00  9999.00  9999.00  9999.00
 00043  1002.93    22.69    93.20     1.51   357.35    24.49  9999.00  9999.00  9999.00  9999.00
 00044   984.43    22.10    90.90     1.70    33.89    23.70  9999.00  9999.00  9999.00  9999.00
 00045  1007.05    24.58    88.16     5.61    48.88    25.59  9999.00  9999.00  9999.00  9999.00
 00046   942.58    22.09    95.53     0.70    93.07    24.34  9999.00  9999.00  9999.00  9999.00
 00047  1003.36    21.70    90.26     1.81    77.40    23.58  9999.00  9999.00  9999.00  9999.00
 00048   606.39     6.77    89.89     1.04   185.70    24.53  9999.00  9999.00  9999.00  9999.00
 00049   580.42     2.48    97.48     2.01   191.33     1.46  9999.00  9999.00  9999.00  9999.00
 00050  1001.83    22.88    85.17     5.02    24.74    23.83  9999.00  9999.00  9999.00  9999.00
