stn_id       p       t2      rh2      spd      dir      vis    rain6   rain24   tmax24   tmin24 
 00001   968.95    19.73    95.07     1.02    62.15     4.43     7.83  9999.00  9999.00  9999.00
 00002  1001.22    15.58    75.95     1.59   333.06    14.90     0.33  9999.00  9999.00  9999.00
 00003   906.81    12.50    91.82     2.29    54.54     3.70     2.43  9999.00  9999.00  9999.00
 00004   837.62     9.47    93.69     1.47   143.22     2.03     3.30  9999.00  9999.00  9999.00
 00005   872.25    12.20    92.29     2.91   186.28     6.70     1.33  9999.00  9999.00  9999.00
 00006   881.78    14.94    65.59     4.60   204.32    26.78     0.00  9999.00  9999.00  9999.00
 00007  1012.57    17.39    70.50     3.19   163.12    25.86     0.00  9999.00  9999.00  9999.00
 00008   996.83    15.04    61.12     3.52   187.01    26.86     0.00  9999.00  9999.00  9999.00
 00009   945.04     7.58    85.41     1.50   153.52    32.74     0.00  9999.00  9999.00  9999.00
 00010   978.06    11.31    75.72     0.18   265.32    29.61     0.00  9999.00  9999.00  9999.00
 00011  1004.09    13.26    63.62     3.69   171.77    27.72     0.00  9999.00  9999.00  9999.00
 00012  1017.13    15.28    71.72     0.90    54.45    23.29     0.00  9999.00  9999.00  9999.00
 00013  1014.13    19.50    88.14     3.88    82.28    20.70     0.62  9999.00  9999.00  9999.00
 00014  1010.32    20.89    93.14     2.82    70.06    18.22     0.49  9999.00  9999.00  9999.00
 00015  1000.06    16.88    90.37     1.53   107.49    20.01     0.64  9999.00  9999.00  9999.00
 00016   955.73    14.56    85.73     1.82    48.45     4.90     0.58  9999.00  9999.00  9999.00
 00017  1000.59    17.48    90.61     3.16    57.73    17.14     1.59  9999.00  9999.00  9999.00
 00018  1012.44    19.43    83.13     3.22    78.03    13.44     0.15  9999.00  9999.00  9999.00
 00019   934.50    16.96    87.63     1.08    48.31    15.95     0.44  9999.00  9999.00  9999.00
 00020  1016.96    21.02    90.53     3.53    75.14    22.90     0.00  9999.00  9999.00  9999.00
 00021   890.37     6.98    66.08     2.12   153.77    26.26     0.01  9999.00  9999.00  9999.00
 00022  1019.98    15.91    69.10     1.62    72.28    21.20     0.00  9999.00  9999.00  9999.00
 00023   918.97     7.18    90.96     6.11   266.33    11.61    12.28  9999.00  9999.00  9999.00
 00024   941.97     6.53    89.41     5.68   291.85     5.85     5.01  9999.00  9999.00  9999.00
 00025   795.75    16.53    96.41     2.51   196.98    19.59     0.11  9999.00  9999.00  9999.00
 00026  1010.47    20.42    85.93     2.82    11.94    24.01     0.00  9999.00  9999.00  9999.00
 00027  1005.55    22.19    90.98     1.19   104.97    24.00     0.01  9999.00  9999.00  9999.00
 00028   973.57    20.53    93.62     0.85    51.43    23.49     0.01  9999.00  9999.00  9999.00
 00029  1006.63    25.68    88.79     2.17    23.31    25.11     0.25  9999.00  9999.00  9999.00
 00030   995.50    24.00    88.41     1.23   140.31    28.75     0.00  9999.00  9999.00  9999.00
 00031   574.86    -0.27    96.00     1.52   210.08    14.25     0.03  9999.00  9999.00  9999.00
 00032   978.95    21.55    80.58     1.68    13.33    22.86     0.08  9999.00  9999.00  9999.00
 00033  1008.26    22.56    99.43     1.80   346.27     2.88     0.22  9999.00  9999.00  9999.00
 00034  1009.17    26.86    88.56     5.84    35.94    14.90     1.07  9999.00  9999.00  9999.00
 00035  1007.43    24.94    95.49     2.37     9.30     2.07     0.03  9999.00  9999.00  9999.00
 00036   774.10    17.21    83.66     2.30   181.90    24.20     0.11  9999.00  9999.00  9999.00
 00037   969.41    21.85    81.55     1.08    20.40    22.80     0.02  9999.00  9999.00  9999.00
 00038   995.94    23.95    93.23     0.35   105.58    12.20     1.12  9999.00  9999.00  9999.00
 00039  1009.29    24.20    80.96     8.25    22.07    19.15     0.07  9999.00  9999.00  9999.00
 00040  1007.14    25.05    81.17     5.54    38.15    25.19     0.21  9999.00  9999.00  9999.00
 00041   971.90    19.04    90.77     1.10   100.08    22.72     0.03  9999.00  9999.00  9999.00
 00042  1013.46    20.17    89.73     3.50    83.22    23.55     0.01  9999.00  9999.00  9999.00
 00043  1003.88    20.76    87.22     2.02    32.79    24.50     0.00  9999.00  9999.00  9999.00
 00044   985.68    20.83    86.62     2.00    66.12    23.73     0.00  9999.00  9999.00  9999.00
 00045  1007.14    25.05    81.17     5.54    38.15    25.19     0.21  9999.00  9999.00  9999.00
 00046   943.01    22.85    90.84     1.84    54.75    24.17     0.01  9999.00  9999.00  9999.00
 00047  1003.72    22.50    87.25     2.47   196.62    22.18     0.07  9999.00  9999.00  9999.00
 00048   606.08     5.20    92.56     0.97   172.27    20.11     0.25  9999.00  9999.00  9999.00
 00049   579.13     1.42    97.54     1.08   163.13     1.31     0.28  9999.00  9999.00  9999.00
 00050  1001.78    24.21    75.73     5.24    17.03    23.58     0.01  9999.00  9999.00  9999.00
