stn_id       p       t2      rh2      spd      dir      vis    rain6   rain24   tmax24   tmin24 
 00001   996.60     5.24    48.20     2.26   315.68    18.68  9999.00  9999.00  9999.00  9999.00
 00002  1017.79    -0.24    19.62     5.74   300.56    27.27  9999.00  9999.00  9999.00  9999.00
 00003   919.40    -6.82    26.05     4.09   303.64    25.31  9999.00  9999.00  9999.00  9999.00
 00004   844.69   -14.80    54.60     4.21   300.76    26.45  9999.00  9999.00  9999.00  9999.00
 00005   882.44   -12.68    44.71     3.41   265.99    31.81  9999.00  9999.00  9999.00  9999.00
 00006   891.50   -13.54    51.95     8.00   271.86    35.82  9999.00  9999.00  9999.00  9999.00
 00007  1016.66    -8.99    39.97     5.36   331.98    35.18  9999.00  9999.00  9999.00  9999.00
 00008   996.86   -13.77    40.48     5.28   320.83    41.05  9999.00  9999.00  9999.00  9999.00
 00009   950.39   -24.60    65.30     2.90   287.94    55.29  9999.00  9999.00  9999.00  9999.00
 00010   968.48   -14.66    48.76     5.59   295.39    39.34  9999.00  9999.00  9999.00  9999.00
 00011  1003.38   -16.10    62.85     2.53   340.18    45.99  9999.00  9999.00  9999.00  9999.00
 00012  1031.99    -1.61    20.95     5.71   322.28    29.14  9999.00  9999.00  9999.00  9999.00
 00013  1031.02     3.06    16.82     6.19   328.05    20.16  9999.00  9999.00  9999.00  9999.00
 00014  1025.08     3.44    43.78     6.74   313.12    20.27  9999.00  9999.00  9999.00  9999.00
 00015  1016.25    -1.72    20.03     5.01   335.53    22.03  9999.00  9999.00  9999.00  9999.00
 00016   982.20    -0.03    18.76     3.89   312.70    19.72  9999.00  9999.00  9999.00  9999.00
 00017  1021.31     2.09    17.83     6.34   304.38    20.11  9999.00  9999.00  9999.00  9999.00
 00018  1031.81     2.79    22.06     5.53   330.74    19.50  9999.00  9999.00  9999.00  9999.00
 00019   960.36     4.33    40.74     0.94   108.47    22.31  9999.00  9999.00  9999.00  9999.00
 00020  1027.87     3.60    53.84     8.82   306.94    20.05  9999.00  9999.00  9999.00  9999.00
 00021   905.77   -16.98    65.63     2.12   175.14    43.92  9999.00  9999.00  9999.00  9999.00
 00022  1035.56    -1.82    20.74     5.69   328.98    26.40  9999.00  9999.00  9999.00  9999.00
 00023   931.88   -11.84    43.62     1.64   169.99    40.38  9999.00  9999.00  9999.00  9999.00
 00024   963.89   -20.53    79.67     4.93   121.47    20.30  9999.00  9999.00  9999.00  9999.00
 00025   803.29     0.18    64.41     6.50    82.92    15.88  9999.00  9999.00  9999.00  9999.00
 00026  1031.43     5.69    46.30     4.87   285.67    19.07  9999.00  9999.00  9999.00  9999.00
 00027  1029.55     6.17    34.03     6.50    13.80    18.30  9999.00  9999.00  9999.00  9999.00
 00028   997.18     6.68    36.32     4.34    37.01    17.10  9999.00  9999.00  9999.00  9999.00
 00029  1021.02    10.84    63.55     7.06    11.56    20.71  9999.00  9999.00  9999.00  9999.00
 00030  1013.13    10.70    53.30     7.62     8.50    21.94  9999.00  9999.00  9999.00  9999.00
 00031   573.90    -6.34    36.49     1.44   261.08    35.71  9999.00  9999.00  9999.00  9999.00
 00032   988.39     8.21    68.45     4.29   306.06    18.51  9999.00  9999.00  9999.00  9999.00
 00033  1018.91    16.66    86.00    11.30    14.15     7.07  9999.00  9999.00  9999.00  9999.00
 00034  1013.95    26.30    85.90    11.08    29.18    17.13  9999.00  9999.00  9999.00  9999.00
 00035  1017.22    19.37    82.02     8.62    23.36    12.45  9999.00  9999.00  9999.00  9999.00
 00036   785.84    -3.91    54.19     2.31    29.53    19.11  9999.00  9999.00  9999.00  9999.00
 00037   978.44     7.85    67.36     4.22   306.30    18.42  9999.00  9999.00  9999.00  9999.00
 00038  1006.34    12.03    56.25     3.82   340.54    20.16  9999.00  9999.00  9999.00  9999.00
 00039  1020.12    14.02    67.33     8.03   352.71    15.37  9999.00  9999.00  9999.00  9999.00
 00040  1016.77    15.93    64.60     7.04     4.54    17.92  9999.00  9999.00  9999.00  9999.00
 00041   987.02     0.93    39.92     4.82   339.12    18.74  9999.00  9999.00  9999.00  9999.00
 00042  1032.12     2.37    33.81     5.20   316.96    19.86  9999.00  9999.00  9999.00  9999.00
 00043  1024.34     6.08    46.93     4.92    17.27    19.32  9999.00  9999.00  9999.00  9999.00
 00044  1001.87     5.50    49.85     3.35   329.61    19.01  9999.00  9999.00  9999.00  9999.00
 00045  1016.77    15.93    64.60     7.04     4.54    17.92  9999.00  9999.00  9999.00  9999.00
 00046   954.58     4.61    67.96     4.68     4.27    19.17  9999.00  9999.00  9999.00  9999.00
 00047  1014.18     8.98    49.99     7.28   331.95    19.49  9999.00  9999.00  9999.00  9999.00
 00048   604.74    -1.71    30.92     0.30   203.03    37.93  9999.00  9999.00  9999.00  9999.00
 00049   576.03    -5.22    38.35     0.46   133.27    29.43  9999.00  9999.00  9999.00  9999.00
 00050  1012.35    11.19    63.12     5.06   347.86    19.19  9999.00  9999.00  9999.00  9999.00
