stn_id       p       t2      rh2      spd      dir      vis    rain6   rain24   tmax24   tmin24 
 00001   977.40    29.50    77.95     1.00    20.00    25.00     0.00  9999.00  9999.00  9999.00
 00002   994.30    27.30    89.81     1.00    90.00    11.00    28.00  9999.00  9999.00  9999.00
 00003   919.10    24.90    62.82     2.00   200.00    14.00     0.00  9999.00  9999.00  9999.00
 00004   855.30    18.70    77.91     2.00    20.00    13.00     0.70  9999.00  9999.00  9999.00
 00005   879.80    21.00    70.60     2.00   160.00    20.00     0.00  9999.00  9999.00  9999.00
 00006   876.80    29.70    18.70     8.00   180.00    30.00     0.00  9999.00  9999.00  9999.00
 00007  1002.10    29.40    60.69     1.00   250.00    30.00     0.00  9999.00  9999.00  9999.00
 00008   982.00    27.00    73.90     1.00   360.00    12.00     0.00  9999.00  9999.00  9999.00
 00009   959.50    16.20    79.11     1.00   200.00    25.00     0.00  9999.00  9999.00  9999.00
 00010   979.80    24.80    83.79     2.00    90.00    18.00     0.00  9999.00  9999.00  9999.00
 00011   994.10    24.10   100.00     0.00     0.00    13.00     0.70  9999.00  9999.00  9999.00
 00012  1001.30    31.40    49.52     1.00   160.00    18.00     0.00  9999.00  9999.00  9999.00
 00013  1002.70    27.30    86.63     0.00   200.00    20.00     0.00  9999.00  9999.00  9999.00
 00014  1002.20    26.80    88.71     1.00   160.00    24.00     1.00  9999.00  9999.00  9999.00
 00015   986.90    29.60    57.79     2.00   110.00    20.00     0.00  9999.00  9999.00  9999.00
 00016   955.60    28.80    56.53     3.00    90.00    13.00     0.00  9999.00  9999.00  9999.00
 00017   992.20    30.10    67.51     1.00   140.00    30.00     0.00  9999.00  9999.00  9999.00
 00018  1003.60    28.50    86.73     1.00   140.00    18.00     0.00  9999.00  9999.00  9999.00
 00019   940.20    27.70    78.66     1.00    40.00    15.00     0.40  9999.00  9999.00  9999.00
 00020  1006.50    27.10    91.99     0.00    90.00    25.00     0.00  9999.00  9999.00  9999.00
 00021   906.80    27.60    36.65     5.00   320.00    22.00     0.00  9999.00  9999.00  9999.00
 00022  1005.30    29.90    66.66     3.00   160.00    12.00     5.00  9999.00  9999.00  9999.00
 00023   929.10    26.70    41.59     3.00    40.00    30.00     0.00  9999.00  9999.00  9999.00
 00024   954.10    26.20    48.86     7.00   290.00     7.00     0.00  9999.00  9999.00  9999.00
 00025   809.90    19.60    90.97     2.00   250.00    17.00     0.10  9999.00  9999.00  9999.00
 00026  1000.80    27.80    95.94     0.00     0.00    14.00     7.00  9999.00  9999.00  9999.00
 00027   992.60    29.20    87.83     1.00   270.00    10.00     0.00  9999.00  9999.00  9999.00
 00028   974.00    27.90    93.13     1.00   270.00    17.00     6.00  9999.00  9999.00  9999.00
 00029   999.80    30.00    69.58     2.00   140.00    30.00     0.00  9999.00  9999.00  9999.00
 00030   989.10    26.90    95.91     1.00    70.00    16.00     5.00  9999.00  9999.00  9999.00
 00031   627.20    16.40    39.80     2.00   360.00    30.00     3.00  9999.00  9999.00  9999.00
 00032   998.60    26.80    98.23     2.00   340.00    10.00     6.00  9999.00  9999.00  9999.00
 00033   998.60    29.80    76.61     5.00   110.00    30.00     0.00  9999.00  9999.00  9999.00
 00034  1004.90    29.40    82.76     4.00   110.00    30.00     1.00  9999.00  9999.00  9999.00
 00035  1004.00    29.10    82.73     1.00    90.00    30.00     0.00  9999.00  9999.00  9999.00
 00036   837.40    23.90    66.72     1.00   320.00    22.00     0.00  9999.00  9999.00  9999.00
 00037  1001.60    26.80    87.64     2.00   110.00    28.00     0.60  9999.00  9999.00  9999.00
 00038  1001.40    29.50    78.90     2.00   140.00    30.00     0.00  9999.00  9999.00  9999.00
 00039  1005.90    27.70    85.63     2.00   250.00    14.00     0.00  9999.00  9999.00  9999.00
 00040  1002.30    28.50    90.97     4.00   220.00    22.00     0.00  9999.00  9999.00  9999.00
 00041   816.20    17.80   100.00     3.00   270.00     0.00     0.00  9999.00  9999.00  9999.00
 00042  1001.80    26.50    94.76     0.00     0.00    19.00     4.00  9999.00  9999.00  9999.00
 00043   998.30    30.10   100.00     1.00   250.00    30.00     0.00  9999.00  9999.00  9999.00
 00044   993.00    30.50    73.55     2.00    90.00    30.00     0.00  9999.00  9999.00  9999.00
 00045  1002.30    28.50    90.97     4.00   220.00    22.00     0.00  9999.00  9999.00  9999.00
 00046   962.70    26.90    84.01     1.00   140.00    30.00     0.10  9999.00  9999.00  9999.00
 00047  1003.80    27.20    94.78     2.00   270.00     6.00     5.00  9999.00  9999.00  9999.00
 00048   654.30    20.20    38.65     3.00    90.00    30.00     0.00  9999.00  9999.00  9999.00
 00049   603.20    10.60    82.12     5.00   200.00    30.00     0.00  9999.00  9999.00  9999.00
 00050  1000.60    29.50    73.84     2.00   180.00    30.00     0.00  9999.00  9999.00  9999.00
