stn_id       p       t2      rh2      spd      dir      vis    rain6   rain24   tmax24   tmin24 
 00001   977.87    17.90    89.06     0.94   235.63     8.12  9999.00  9999.00  9999.00  9999.00
 00002   995.00    25.07    39.81     4.68   275.01    23.20  9999.00  9999.00  9999.00  9999.00
 00003   906.34    16.92    50.75     1.73   221.18    22.11  9999.00  9999.00  9999.00  9999.00
 00004   838.83    11.52    40.72     3.20   283.83    22.10  9999.00  9999.00  9999.00  9999.00
 00005   873.02    11.78    36.95     1.71   227.98    24.65  9999.00  9999.00  9999.00  9999.00
 00006   882.34    11.98    28.26     6.83   288.44    25.64  9999.00  9999.00  9999.00  9999.00
 00007  1004.33    17.31    74.73     3.41   173.43    25.70  9999.00  9999.00  9999.00  9999.00
 00008   988.56    15.49    66.14     4.40   224.19    27.92  9999.00  9999.00  9999.00  9999.00
 00009   939.51     3.22    57.29     5.07   267.36    34.86  9999.00  9999.00  9999.00  9999.00
 00010   967.74    15.29    61.85     2.71   272.76    28.09  9999.00  9999.00  9999.00  9999.00
 00011   995.36    13.18    60.66     3.24   197.83    29.84  9999.00  9999.00  9999.00  9999.00
 00012  1010.19    18.51    54.25     1.35    25.62    23.25  9999.00  9999.00  9999.00  9999.00
 00013  1014.97    23.10    60.57     0.20    73.32    21.19  9999.00  9999.00  9999.00  9999.00
 00014  1011.70    23.68    66.09     0.89    58.89    21.30  9999.00  9999.00  9999.00  9999.00
 00015   995.88    23.64    48.54     2.97   207.33    20.20  9999.00  9999.00  9999.00  9999.00
 00016   961.22    17.93    77.22     1.42   262.60    21.25  9999.00  9999.00  9999.00  9999.00
 00017   999.20    23.44    52.08     4.24   283.39    20.59  9999.00  9999.00  9999.00  9999.00
 00018  1013.71    23.50    59.69     0.37   183.92    20.73  9999.00  9999.00  9999.00  9999.00
 00019   942.39    19.38    72.71     0.28   137.24    26.02  9999.00  9999.00  9999.00  9999.00
 00020  1017.44    23.59    60.97     0.90     1.91    20.70  9999.00  9999.00  9999.00  9999.00
 00021   896.83    10.07    48.28     1.61   172.56    28.15  9999.00  9999.00  9999.00  9999.00
 00022  1012.81    21.01    52.37     1.12   270.56    21.72  9999.00  9999.00  9999.00  9999.00
 00023   922.07     5.73    74.15     1.35   115.75    23.42  9999.00  9999.00  9999.00  9999.00
 00024   951.43     3.74    55.06     4.27   119.71    25.78  9999.00  9999.00  9999.00  9999.00
 00025   800.16    17.90    73.54     3.64   254.85    22.05  9999.00  9999.00  9999.00  9999.00
 00026  1013.57    22.59    70.36     0.32   221.74    20.88  9999.00  9999.00  9999.00  9999.00
 00027  1009.22    21.58    87.20     1.12    42.86     7.70  9999.00  9999.00  9999.00  9999.00
 00028   978.53    19.29    88.68     1.48   351.11    20.22  9999.00  9999.00  9999.00  9999.00
 00029  1010.92    27.95    73.60     1.26    52.25    23.86  9999.00  9999.00  9999.00  9999.00
 00030  1000.13    27.29    76.15     1.52   127.61    19.25  9999.00  9999.00  9999.00  9999.00
 00031   576.11    -2.00    36.05     1.20   151.62    30.45  9999.00  9999.00  9999.00  9999.00
 00032   981.94    24.57    66.88     1.34    89.39    20.31  9999.00  9999.00  9999.00  9999.00
 00033  1012.37    21.07    97.66     5.29    95.74     0.48  9999.00  9999.00  9999.00  9999.00
 00034  1013.90    26.93    89.15     3.75    87.10     7.90  9999.00  9999.00  9999.00  9999.00
 00035  1011.35    27.89    82.02     4.77    80.89    17.13  9999.00  9999.00  9999.00  9999.00
 00036   780.27    14.37    85.90     1.39   279.39    10.11  9999.00  9999.00  9999.00  9999.00
 00037   972.24    24.90    65.19     0.94   100.35    20.22  9999.00  9999.00  9999.00  9999.00
 00038   999.69    26.47    68.60     0.43    82.24    22.90  9999.00  9999.00  9999.00  9999.00
 00039  1013.29    24.85    76.78     5.55    46.05    22.28  9999.00  9999.00  9999.00  9999.00
 00040  1011.23    25.87    71.14     4.18    54.42    23.71  9999.00  9999.00  9999.00  9999.00
 00041   973.74    22.58    59.03     0.78   105.67    20.20  9999.00  9999.00  9999.00  9999.00
 00042  1014.99    23.79    60.06     0.84    82.92    21.05  9999.00  9999.00  9999.00  9999.00
 00043  1007.32    20.03    88.86     1.57    28.99     2.72  9999.00  9999.00  9999.00  9999.00
 00044   988.23    21.41    86.91     0.47   159.35    18.64  9999.00  9999.00  9999.00  9999.00
 00045  1011.23    25.87    71.14     4.18    54.42    23.71  9999.00  9999.00  9999.00  9999.00
 00046   946.11    25.23    63.00     0.65   319.30    21.55  9999.00  9999.00  9999.00  9999.00
 00047  1006.17    22.29    84.54     0.89   103.24    13.52  9999.00  9999.00  9999.00  9999.00
 00048   608.68     0.58    53.78     1.10   124.30    33.77  9999.00  9999.00  9999.00  9999.00
 00049   580.52    -0.44    28.64     2.39   205.78    28.49  9999.00  9999.00  9999.00  9999.00
 00050  1005.44    26.89    62.43     3.30    57.96    21.74  9999.00  9999.00  9999.00  9999.00
