stn_id       p       t2      rh2      spd      dir      vis    rain6   rain24   tmax24   tmin24 
 00001   977.23    18.32    88.10     0.93   320.37    22.99  9999.00  9999.00  9999.00  9999.00
 00002   995.30    11.79    80.35     2.04   280.64    23.13  9999.00  9999.00  9999.00  9999.00
 00003   905.01     7.21    63.05     2.00   243.90    22.00  9999.00  9999.00  9999.00  9999.00
 00004   836.22     5.77    52.48     3.09   226.76    22.02  9999.00  9999.00  9999.00  9999.00
 00005   870.13     8.33    33.20     1.00   161.62    24.60  9999.00  9999.00  9999.00  9999.00
 00006   879.53     5.73    35.73     3.63   231.72    25.63  9999.00  9999.00  9999.00  9999.00
 00007  1005.97    13.80    76.91     5.67   189.23    25.62  9999.00  9999.00  9999.00  9999.00
 00008   987.77    12.67    77.55     7.06   207.05    27.72  9999.00  9999.00  9999.00  9999.00
 00009   940.67    -3.73    75.81     2.14   257.15    34.48  9999.00  9999.00  9999.00  9999.00
 00010   971.27     3.12    97.43     1.46   194.17    27.98  9999.00  9999.00  9999.00  9999.00
 00011   993.58    11.34    75.61     5.83   191.56    29.55  9999.00  9999.00  9999.00  9999.00
 00012  1010.57    10.55    91.61     1.44    99.55    23.21  9999.00  9999.00  9999.00  9999.00
 00013  1016.17    13.85    90.18     2.14   120.75    21.35  9999.00  9999.00  9999.00  9999.00
 00014  1013.04    16.88    88.48     1.56   147.05    21.57  9999.00  9999.00  9999.00  9999.00
 00015   997.36    16.84    63.27     5.28   194.84    20.18  9999.00  9999.00  9999.00  9999.00
 00016   958.39    12.73    87.83     0.92   110.06    21.22  9999.00  9999.00  9999.00  9999.00
 00017   999.73    14.70    92.22     1.87   210.72    20.66  9999.00  9999.00  9999.00  9999.00
 00018  1014.82    14.09    86.62     1.72   121.80    20.89  9999.00  9999.00  9999.00  9999.00
 00019   942.07    16.17    80.69     1.02   232.99    25.70  9999.00  9999.00  9999.00  9999.00
 00020  1019.95    16.90    89.68     2.87   156.36    20.88  9999.00  9999.00  9999.00  9999.00
 00021   893.37     8.94    58.52     0.83   194.76    27.64  9999.00  9999.00  9999.00  9999.00
 00022  1013.41    14.44    74.03     3.06   208.96    21.64  9999.00  9999.00  9999.00  9999.00
 00023   923.32     5.39    79.76     3.30   272.90    15.40  9999.00  9999.00  9999.00  9999.00
 00024   946.27     5.93    66.62     4.64   291.01    25.33  9999.00  9999.00  9999.00  9999.00
 00025   800.23    14.30    90.75     1.56   191.46    23.42  9999.00  9999.00  9999.00  9999.00
 00026  1014.69    17.22    78.71     0.78   144.81    21.41  9999.00  9999.00  9999.00  9999.00
 00027  1010.49    18.87    74.30     1.45   111.37    21.38  9999.00  9999.00  9999.00  9999.00
 00028   980.01    17.97    83.20     0.54   136.64    20.88  9999.00  9999.00  9999.00  9999.00
 00029  1011.69    21.46    92.89     1.20    41.94    24.47  9999.00  9999.00  9999.00  9999.00
 00030  1001.33    23.36    88.02     1.19    81.79    26.77  9999.00  9999.00  9999.00  9999.00
 00031   574.80    -3.58    46.56     2.53   192.39    30.20  9999.00  9999.00  9999.00  9999.00
 00032   984.36    18.75    91.61     1.27    66.62    18.48  9999.00  9999.00  9999.00  9999.00
 00033  1013.32    21.28    94.97     6.75    88.72     0.33  9999.00  9999.00  9999.00  9999.00
 00034  1013.16    27.37    86.28     7.01    69.96    27.82  9999.00  9999.00  9999.00  9999.00
 00035  1012.40    25.09    90.85     4.33    84.75    12.80  9999.00  9999.00  9999.00  9999.00
 00036   779.51    13.44    69.34     1.10   116.92    23.43  9999.00  9999.00  9999.00  9999.00
 00037   974.68    18.85    92.95     0.82    29.23    18.91  9999.00  9999.00  9999.00  9999.00
 00038  1001.41    20.66    85.89     0.94    98.64    23.13  9999.00  9999.00  9999.00  9999.00
 00039  1014.84    22.46    86.24     8.13    15.67    22.55  9999.00  9999.00  9999.00  9999.00
 00040  1012.46    22.47    84.58     5.70    35.54    23.97  9999.00  9999.00  9999.00  9999.00
 00041   974.96    14.84    84.60     1.17   171.27    20.46  9999.00  9999.00  9999.00  9999.00
 00042  1015.94    14.68    89.85     1.93    93.41    21.25  9999.00  9999.00  9999.00  9999.00
 00043  1008.42    17.24    85.78     1.16   103.21    21.85  9999.00  9999.00  9999.00  9999.00
 00044   989.58    18.00    84.68     0.73   114.77    20.97  9999.00  9999.00  9999.00  9999.00
 00045  1012.46    22.47    84.58     5.70    35.54    23.97  9999.00  9999.00  9999.00  9999.00
 00046   947.34    17.40    95.69     0.85   103.73    21.85  9999.00  9999.00  9999.00  9999.00
 00047  1008.93    20.05    90.32     1.02   152.36    20.89  9999.00  9999.00  9999.00  9999.00
 00048   606.16     1.07    44.85     2.39   183.39    33.58  9999.00  9999.00  9999.00  9999.00
 00049   580.34    -5.99    66.69     0.62   187.23    28.52  9999.00  9999.00  9999.00  9999.00
 00050  1007.51    21.01    87.25     4.56     9.53    21.96  9999.00  9999.00  9999.00  9999.00
