stn_id       p       t2      rh2      spd      dir      vis    rain6   rain24   tmax24   tmin24 
 00001   966.21    23.87    75.13     2.18   227.14    25.32  9999.00  9999.00  9999.00  9999.00
 00002   992.95    26.78    52.47     2.06    46.00    21.01  9999.00  9999.00  9999.00  9999.00
 00003   902.09    22.71    31.34     0.97   139.74    19.87  9999.00  9999.00  9999.00  9999.00
 00004   835.02    17.25    31.73     1.83   194.17    18.43  9999.00  9999.00  9999.00  9999.00
 00005   869.18    20.64    23.68     4.09   210.27    18.40  9999.00  9999.00  9999.00  9999.00
 00006   877.70    23.71    12.86     6.43   243.66    18.17  9999.00  9999.00  9999.00  9999.00
 00007  1004.15    24.31    57.44     4.76   196.59    20.26  9999.00  9999.00  9999.00  9999.00
 00008   987.11    23.60    51.60     6.34   223.91    22.27  9999.00  9999.00  9999.00  9999.00
 00009   934.26    10.73    77.76     4.57   272.40    25.84  9999.00  9999.00  9999.00  9999.00
 00010   968.34    18.43    57.59     3.05   249.85    23.41  9999.00  9999.00  9999.00  9999.00
 00011   992.02    22.77    37.57     6.01   266.85    24.68  9999.00  9999.00  9999.00  9999.00
 00012  1009.38    26.05    50.78     1.13    97.07    19.50  9999.00  9999.00  9999.00  9999.00
 00013  1009.81    24.30    78.52     3.01   111.27    21.62  9999.00  9999.00  9999.00  9999.00
 00014  1007.18    25.05    79.78     1.45   175.64    24.45  9999.00  9999.00  9999.00  9999.00
 00015   993.45    29.18    37.15     2.18   137.18    19.78  9999.00  9999.00  9999.00  9999.00
 00016   950.66    20.68    76.66     1.81   170.83    17.49  9999.00  9999.00  9999.00  9999.00
 00017   994.51    24.17    68.15     0.74    90.26    22.60  9999.00  9999.00  9999.00  9999.00
 00018  1007.67    25.12    74.34     3.24   114.16    19.38  9999.00  9999.00  9999.00  9999.00
 00019   931.52    20.61    73.77     1.18    71.57    26.04  9999.00  9999.00  9999.00  9999.00
 00020  1013.47    26.75    71.55     2.84   141.17    23.03  9999.00  9999.00  9999.00  9999.00
 00021   889.02    17.18    34.32     4.87   319.90    26.64  9999.00  9999.00  9999.00  9999.00
 00022  1011.82    27.49    50.05     1.66   157.23    18.96  9999.00  9999.00  9999.00  9999.00
 00023   916.40    16.32    26.97     5.78   279.61    25.11  9999.00  9999.00  9999.00  9999.00
 00024   938.54    15.99    28.34     8.95   296.53    26.78  9999.00  9999.00  9999.00  9999.00
 00025   794.49    22.57    49.57     5.37   235.80    26.33  9999.00  9999.00  9999.00  9999.00
 00026  1007.19    27.65    78.80     3.91   206.24    17.90  9999.00  9999.00  9999.00  9999.00
 00027  1001.46    29.10    74.06     5.32   194.10    27.03  9999.00  9999.00  9999.00  9999.00
 00028   969.96    28.15    73.41     5.55   192.51    25.65  9999.00  9999.00  9999.00  9999.00
 00029  1006.77    30.02    75.41     3.36   160.51    26.23  9999.00  9999.00  9999.00  9999.00
 00030   994.03    29.63    70.53     4.20   178.79    28.61  9999.00  9999.00  9999.00  9999.00
 00031   571.94     5.31    41.05     2.86   231.04    24.09  9999.00  9999.00  9999.00  9999.00
 00032   978.96    26.24    74.85     1.70   227.69    22.02  9999.00  9999.00  9999.00  9999.00
 00033  1008.15    23.86    94.22     4.72   133.86     6.93  9999.00  9999.00  9999.00  9999.00
 00034  1012.23    27.20    90.26     5.42   156.86    25.55  9999.00  9999.00  9999.00  9999.00
 00035  1007.87    31.22    73.21     5.28   165.62    29.52  9999.00  9999.00  9999.00  9999.00
 00036   772.98    20.90    54.18     3.28   203.22    24.44  9999.00  9999.00  9999.00  9999.00
 00037   969.45    26.52    74.38     1.28   244.51    23.24  9999.00  9999.00  9999.00  9999.00
 00038   997.02    27.81    77.06     1.83   141.75    19.65  9999.00  9999.00  9999.00  9999.00
 00039  1010.88    25.26    87.17     1.83   119.41    24.60  9999.00  9999.00  9999.00  9999.00
 00040  1008.51    27.40    85.91     3.27   138.39    21.37  9999.00  9999.00  9999.00  9999.00
 00041   969.53    22.92    86.63     1.85   153.67    20.37  9999.00  9999.00  9999.00  9999.00
 00042  1009.26    26.16    76.62     2.23   100.17    20.85  9999.00  9999.00  9999.00  9999.00
 00043  1000.92    28.93    72.72     4.14   212.57    24.68  9999.00  9999.00  9999.00  9999.00
 00044   983.73    27.42    76.43     0.89   105.67    24.62  9999.00  9999.00  9999.00  9999.00
 00045  1008.51    27.40    85.91     3.27   138.39    21.37  9999.00  9999.00  9999.00  9999.00
 00046   943.49    26.53    70.69     3.03   213.42    26.03  9999.00  9999.00  9999.00  9999.00
 00047  1002.80    24.26    85.59     2.03   136.81     9.09  9999.00  9999.00  9999.00  9999.00
 00048   602.98     7.75    53.57     2.78   191.25    25.14  9999.00  9999.00  9999.00  9999.00
 00049   576.96     1.90    77.02     2.65   205.41    15.68  9999.00  9999.00  9999.00  9999.00
 00050  1002.98    26.60    80.63     2.24   202.44    24.75  9999.00  9999.00  9999.00  9999.00
