stn_id       p       t2      rh2      spd      dir      vis    rain6   rain24   tmax24   tmin24 
 00001   959.93    21.16    90.93     1.79    74.79    22.94     0.00  9999.00  9999.00  9999.00
 00002   981.83    15.83    87.89     1.50   262.49    19.93     0.00  9999.00  9999.00  9999.00
 00003   894.20    13.10    90.09     1.93   261.98    18.32     0.00  9999.00  9999.00  9999.00
 00004   830.12     7.62    83.78     3.54   117.32    16.57     0.01  9999.00  9999.00  9999.00
 00005   867.83     4.22    39.91     5.95   107.71    16.13     0.02  9999.00  9999.00  9999.00
 00006   879.60     4.61    38.15     5.19   334.12    15.90     0.00  9999.00  9999.00  9999.00
 00007   994.02    14.00    59.80     5.27   220.34    19.51     0.00  9999.00  9999.00  9999.00
 00008   975.28    12.51    84.01     7.99   259.00     6.63     1.95  9999.00  9999.00  9999.00
 00009   933.11    -3.62    76.62     2.16    22.63    20.96     1.02  9999.00  9999.00  9999.00
 00010   955.26     1.45    95.46     1.30   230.28    12.43     0.00  9999.00  9999.00  9999.00
 00011   977.40    12.27    83.37     7.43   229.35    22.45     0.24  9999.00  9999.00  9999.00
 00012   998.61    18.54    70.89     3.02   335.39    18.39     0.02  9999.00  9999.00  9999.00
 00013  1000.62    18.95    98.39     1.70    54.17    22.51     0.01  9999.00  9999.00  9999.00
 00014   996.11    18.88    97.23     2.48   358.08    23.29     0.06  9999.00  9999.00  9999.00
 00015   984.71    19.06    86.87     4.70   190.77    19.30     0.00  9999.00  9999.00  9999.00
 00016   946.06    19.10    89.53     2.38   192.32    19.47     0.53  9999.00  9999.00  9999.00
 00017   986.32    19.88    84.37     2.25   201.65    20.50     0.00  9999.00  9999.00  9999.00
 00018   999.44    19.71    94.95     1.58   120.01    17.61     0.00  9999.00  9999.00  9999.00
 00019   926.77    18.77    93.92     2.20    58.86    14.90     2.85  9999.00  9999.00  9999.00
 00020  1002.27    19.42    94.85     3.23    44.64    21.29     0.01  9999.00  9999.00  9999.00
 00021   898.65    -5.71    64.89     2.17   150.47    29.02     0.00  9999.00  9999.00  9999.00
 00022  1001.19    18.10    75.89     2.46   255.00    18.37     0.00  9999.00  9999.00  9999.00
 00023   926.39    -1.91    65.77     1.22   190.31    26.17     0.00  9999.00  9999.00  9999.00
 00024   952.37     0.84    64.74     1.58   128.09    28.64     0.02  9999.00  9999.00  9999.00
 00025   790.08    19.18    37.38     2.73   255.67    24.83     0.00  9999.00  9999.00  9999.00
 00026   997.59    20.22    94.48     2.23   353.40    20.70     0.00  9999.00  9999.00  9999.00
 00027   994.53    20.03    96.23     1.60   319.53    23.06     0.00  9999.00  9999.00  9999.00
 00028   965.14    19.12    90.08     1.00    51.95    21.93     0.00  9999.00  9999.00  9999.00
 00029   996.94    21.97    97.43     0.35   247.01    22.25     6.62  9999.00  9999.00  9999.00
 00030   986.07    22.76    97.06     1.50   120.53    27.94     0.00  9999.00  9999.00  9999.00
 00031   571.94    -2.18    55.63     2.47   216.78    26.01     0.00  9999.00  9999.00  9999.00
 00032   964.80    20.37    98.85     1.13   264.66     0.67    22.30  9999.00  9999.00  9999.00
 00033   998.54    23.21    95.43     5.24   183.99    27.28     0.00  9999.00  9999.00  9999.00
 00034  1004.09    27.78    89.29     8.88   185.97    29.03     0.00  9999.00  9999.00  9999.00
 00035   998.27    27.04    87.40     5.74   196.42    27.11     0.00  9999.00  9999.00  9999.00
 00036   769.01    14.16    73.46     1.03   148.14    23.68     0.02  9999.00  9999.00  9999.00
 00037   955.44    20.18    99.28     0.87   280.37     0.93    26.69  9999.00  9999.00  9999.00
 00038   983.95    21.94    99.51     1.05   293.33     4.45     5.85  9999.00  9999.00  9999.00
 00039   996.79    23.87    94.06     6.29   226.53    10.21     6.96  9999.00  9999.00  9999.00
 00040   995.39    24.30    92.68     6.60   239.59    23.63     2.27  9999.00  9999.00  9999.00
 00041   959.39    16.86    99.27     0.44   211.13     1.60     0.00  9999.00  9999.00  9999.00
 00042  1000.22    18.34    97.47     1.33    59.78    22.45     0.00  9999.00  9999.00  9999.00
 00043   991.48    19.66    97.68     1.26   291.82    23.84     0.01  9999.00  9999.00  9999.00
 00044   972.63    18.57    99.17     1.12    62.12    16.17     0.05  9999.00  9999.00  9999.00
 00045   995.39    24.30    92.68     6.60   239.59    23.63     2.27  9999.00  9999.00  9999.00
 00046   931.67    18.90    99.95     1.16   254.92     7.28     4.35  9999.00  9999.00  9999.00
 00047   988.26    20.66    97.05     3.19   339.61     8.01     1.95  9999.00  9999.00  9999.00
 00048   602.30     1.27    69.73     1.06   185.54    29.29     0.02  9999.00  9999.00  9999.00
 00049   575.76    -1.87    97.14     1.27   200.62     8.57     0.48  9999.00  9999.00  9999.00
 00050   988.89    22.50    97.60     3.87   227.80    13.59     4.16  9999.00  9999.00  9999.00
