stn_id       p       t2      rh2      spd      dir      vis    rain6   rain24   tmax24   tmin24 
 00001   962.58    26.34    70.55     0.28    96.25    22.73  9999.00  9999.00  9999.00  9999.00
 00002   991.27    24.26    25.41     2.10   125.57    20.02  9999.00  9999.00  9999.00  9999.00
 00003   897.94    23.89    33.72     3.18   186.89    18.31  9999.00  9999.00  9999.00  9999.00
 00004   830.98    18.25    31.14     3.24   248.17    16.51  9999.00  9999.00  9999.00  9999.00
 00005   864.77    16.99    29.41     3.80   222.35    16.02  9999.00  9999.00  9999.00  9999.00
 00006   872.85    20.22    15.46     6.84   221.42    15.71  9999.00  9999.00  9999.00  9999.00
 00007  1001.93    16.33    39.38     0.96   291.32    19.63  9999.00  9999.00  9999.00  9999.00
 00008   984.53    13.32    19.90     4.46   283.02    21.35  9999.00  9999.00  9999.00  9999.00
 00009   939.75    -0.01    32.59     2.40   317.54    36.10  9999.00  9999.00  9999.00  9999.00
 00010   961.01    10.17    36.76     5.52   286.57    21.87  9999.00  9999.00  9999.00  9999.00
 00011   988.25    12.88    32.57     4.48   310.95    23.30  9999.00  9999.00  9999.00  9999.00
 00012  1006.33    25.06    17.25     3.59   190.46    18.43  9999.00  9999.00  9999.00  9999.00
 00013  1004.21    26.44    71.21     2.36   167.43    22.00  9999.00  9999.00  9999.00  9999.00
 00014  1001.86    25.87    71.20     1.85   175.73    21.71  9999.00  9999.00  9999.00  9999.00
 00015   990.85    23.66    43.21     4.26    80.50    19.36  9999.00  9999.00  9999.00  9999.00
 00016   947.18    26.20    57.14     2.83   150.74    19.53  9999.00  9999.00  9999.00  9999.00
 00017   990.83    26.28    43.62     4.47    64.75    20.47  9999.00  9999.00  9999.00  9999.00
 00018  1001.93    27.11    65.27     2.66   135.85    22.39  9999.00  9999.00  9999.00  9999.00
 00019   928.05    27.81    52.71     0.68   250.16    24.46  9999.00  9999.00  9999.00  9999.00
 00020  1007.41    27.36    68.99     1.98   182.12    21.43  9999.00  9999.00  9999.00  9999.00
 00021   895.49     1.16    84.97     4.79   336.86     6.47  9999.00  9999.00  9999.00  9999.00
 00022  1009.92    23.19    25.62     4.78   149.05    18.47  9999.00  9999.00  9999.00  9999.00
 00023   926.42     3.49    48.13     8.34   279.06    24.97  9999.00  9999.00  9999.00  9999.00
 00024   949.23     2.89    36.85    12.04   289.04    28.81  9999.00  9999.00  9999.00  9999.00
 00025   790.32    27.46    18.87     6.22   261.64    24.74  9999.00  9999.00  9999.00  9999.00
 00026  1000.36    22.44    95.05     1.84    63.41     1.31  9999.00  9999.00  9999.00  9999.00
 00027   994.26    23.16    94.88     2.72   104.90     3.05  9999.00  9999.00  9999.00  9999.00
 00028   964.38    22.55    89.70     1.24   125.72    11.33  9999.00  9999.00  9999.00  9999.00
 00029   999.28    28.38    75.59     5.28   196.18    16.34  9999.00  9999.00  9999.00  9999.00
 00030   985.58    30.40    72.58     6.27   182.97    27.84  9999.00  9999.00  9999.00  9999.00
 00031   572.85    11.00     8.82     4.84   236.58    26.07  9999.00  9999.00  9999.00  9999.00
 00032   973.25    21.82    94.95     2.31   151.42     2.45  9999.00  9999.00  9999.00  9999.00
 00033  1001.32    26.19    74.68     6.39   166.03    27.19  9999.00  9999.00  9999.00  9999.00
 00034  1008.35    28.42    82.07     7.01   186.63    29.08  9999.00  9999.00  9999.00  9999.00
 00035  1002.04    31.21    63.46     8.00   184.43    27.05  9999.00  9999.00  9999.00  9999.00
 00036   771.86    22.10    42.14     1.60   153.10    23.64  9999.00  9999.00  9999.00  9999.00
 00037   963.55    21.92    95.36     2.08   137.32     2.86  9999.00  9999.00  9999.00  9999.00
 00038   990.26    25.07    86.31     1.84   165.04    22.18  9999.00  9999.00  9999.00  9999.00
 00039  1004.71    23.86    92.82     8.13   180.86     3.55  9999.00  9999.00  9999.00  9999.00
 00040  1001.82    26.01    84.15     6.18   196.39    16.51  9999.00  9999.00  9999.00  9999.00
 00041   963.73    22.46    78.02     0.98   143.05    22.47  9999.00  9999.00  9999.00  9999.00
 00042  1003.56    26.83    70.96     1.62    40.42    22.94  9999.00  9999.00  9999.00  9999.00
 00043   993.30    24.20    93.55     1.64    80.68     3.40  9999.00  9999.00  9999.00  9999.00
 00044   977.56    23.17    91.33     2.26    84.27     3.49  9999.00  9999.00  9999.00  9999.00
 00045  1001.82    26.01    84.15     6.18   196.39    16.51  9999.00  9999.00  9999.00  9999.00
 00046   936.25    23.65    81.24     2.50   205.79    17.13  9999.00  9999.00  9999.00  9999.00
 00047   998.18    22.00    98.50     2.54   133.66     1.36  9999.00  9999.00  9999.00  9999.00
 00048   603.47    12.55    30.74     1.99   155.35    29.43  9999.00  9999.00  9999.00  9999.00
 00049   578.16     4.19    62.94     2.90   202.67    24.53  9999.00  9999.00  9999.00  9999.00
 00050   996.80    22.95    96.42     7.17   177.09     1.00  9999.00  9999.00  9999.00  9999.00
