stn_id       p       t2      rh2      spd      dir      vis    rain6   rain24   tmax24   tmin24 
 00001   961.22    24.33    80.62     2.48    25.69    14.14     5.63  9999.00  9999.00  9999.00
 00002   995.69    19.19    20.95     4.48    42.23    20.05     0.00  9999.00  9999.00  9999.00
 00003   901.87    14.77    36.99     5.28    33.11    18.37     0.01  9999.00  9999.00  9999.00
 00004   834.64     6.52    33.83     4.83    51.37    16.17     0.02  9999.00  9999.00  9999.00
 00005   872.09     9.14    21.67     5.46    30.67    16.21     0.00  9999.00  9999.00  9999.00
 00006   884.35     8.20    11.48     5.88   349.13    15.99     0.00  9999.00  9999.00  9999.00
 00007  1002.80    14.53    20.81     6.68   353.98    19.61     0.13  9999.00  9999.00  9999.00
 00008   984.45    12.61    14.27     8.44   296.40    21.36     0.00  9999.00  9999.00  9999.00
 00009   933.83     0.56    41.20     5.60   345.19    34.15     0.81  9999.00  9999.00  9999.00
 00010   957.45    12.13    37.17     6.81   290.51    21.84     0.02  9999.00  9999.00  9999.00
 00011   986.59    11.08    13.39    11.69   281.87    23.31     0.00  9999.00  9999.00  9999.00
 00012  1010.96    21.66    10.52     5.85    25.47    18.49     0.00  9999.00  9999.00  9999.00
 00013  1001.44    26.16    57.87     2.79    69.59    22.75     0.01  9999.00  9999.00  9999.00
 00014   997.08    24.93    68.05     3.74   245.88    23.38     0.77  9999.00  9999.00  9999.00
 00015   991.56    15.08    75.59     9.10    42.87     6.93     0.89  9999.00  9999.00  9999.00
 00016   949.96    23.50    31.90     2.51   136.08    19.59     0.00  9999.00  9999.00  9999.00
 00017   989.45    27.31    30.75     9.09    38.39    20.48     0.14  9999.00  9999.00  9999.00
 00018   999.67    28.44    57.18     2.95    67.27    22.45     0.03  9999.00  9999.00  9999.00
 00019   929.47    18.77    78.36     3.80    95.40     4.42    10.64  9999.00  9999.00  9999.00
 00020  1003.03    24.85    69.51     5.59    33.30    21.33     0.46  9999.00  9999.00  9999.00
 00021   892.68     9.39    26.19     1.65   119.51    28.85     0.00  9999.00  9999.00  9999.00
 00022  1013.85    18.42    29.01     4.32    58.99    18.48     0.01  9999.00  9999.00  9999.00
 00023   921.91     7.70    43.42     1.54    75.14    25.95     0.00  9999.00  9999.00  9999.00
 00024   948.54     7.21    43.61     2.70   101.07    28.67     0.17  9999.00  9999.00  9999.00
 00025   788.40    27.74    22.13     7.57   255.54    24.82     0.00  9999.00  9999.00  9999.00
 00026   998.51    26.95    64.79     3.27    26.46    23.55     0.17  9999.00  9999.00  9999.00
 00027   994.33    28.74    60.14     2.15    30.86    23.11     0.17  9999.00  9999.00  9999.00
 00028   964.47    27.35    64.08     1.00   248.56    21.96     0.47  9999.00  9999.00  9999.00
 00029   996.92    28.88    66.05     0.89   297.65    23.73     0.16  9999.00  9999.00  9999.00
 00030   984.32    29.97    72.37     2.25   101.60    27.99     0.21  9999.00  9999.00  9999.00
 00031   570.89     8.48    14.58     4.39   259.69    25.94     0.01  9999.00  9999.00  9999.00
 00032   966.74    23.57    82.37     1.91    91.03     4.18    10.69  9999.00  9999.00  9999.00
 00033   997.59    26.53    85.20     1.16   187.33    10.13     0.00  9999.00  9999.00  9999.00
 00034  1003.33    28.50    85.52     9.65   197.42    29.14     0.00  9999.00  9999.00  9999.00
 00035   996.54    37.41    45.91     4.62   240.41    24.34     0.13  9999.00  9999.00  9999.00
 00036   768.57    22.35    35.66     1.40   240.31    23.64     0.14  9999.00  9999.00  9999.00
 00037   957.04    24.45    77.15     1.58   125.32     8.76     5.35  9999.00  9999.00  9999.00
 00038   983.27    29.12    60.68     2.65   282.67    23.51     0.24  9999.00  9999.00  9999.00
 00039   996.60    26.27    82.86     3.81   225.69    12.26     1.29  9999.00  9999.00  9999.00
 00040   994.91    29.04    65.83     4.08   253.34    24.03     0.20  9999.00  9999.00  9999.00
 00041   960.31    23.75    65.06     2.68    49.43    22.56     0.13  9999.00  9999.00  9999.00
 00042  1001.31    25.47    62.25     2.58    59.23    22.98     0.20  9999.00  9999.00  9999.00
 00043   992.10    26.77    69.40     3.46    30.56    23.76     0.85  9999.00  9999.00  9999.00
 00044   974.00    24.50    67.34     1.60    58.56    22.68     0.20  9999.00  9999.00  9999.00
 00045   994.91    29.04    65.83     4.08   253.34    24.03     0.20  9999.00  9999.00  9999.00
 00046   932.23    24.37    68.96     1.87   319.65    22.95     1.53  9999.00  9999.00  9999.00
 00047   990.02    24.73    70.96     3.43   341.34    21.97     1.39  9999.00  9999.00  9999.00
 00048   601.36     9.60    38.68     1.31   188.43    29.21     0.09  9999.00  9999.00  9999.00
 00049   574.94     3.07    58.06     2.84   214.58    24.66     0.13  9999.00  9999.00  9999.00
 00050   989.04    26.68    80.39     1.11   238.44     7.56    13.97  9999.00  9999.00  9999.00
