stn_id       p       t2      rh2      spd      dir      vis    rain6   rain24   tmax24   tmin24 
 00001   982.29     8.97    84.25     0.94    51.37    14.32     0.05     0.05    13.23     5.60
 00002  1014.30    -3.45    46.41     2.09   311.14    25.77     0.00     0.00    10.14    -4.94
 00003   914.06    -6.03    41.74     1.26   285.80    24.15     0.00     0.00     6.76    -7.74
 00004   841.33    -9.87    43.29     1.61   213.68    25.09     0.00    -0.01    -3.52   -14.58
 00005   879.04   -13.67    65.91     2.81   113.22    29.22     0.00     0.00    -0.10   -14.34
 00006   890.21   -12.45    71.25     3.65   282.56    32.31     0.00     0.01    -4.54   -13.60
 00007  1018.54    -8.97    66.18     3.59   316.00    30.70     0.00     0.02    -3.68   -11.02
 00008   998.58   -10.98    59.66     3.79   306.13    35.59     0.01     0.03    -3.58   -12.85
 00009   959.10   -22.97    88.66     2.45   288.11    58.31     0.00     0.15   -11.54   -26.15
 00010   970.22   -12.13    78.87     4.48   285.17    35.90     0.00     2.23    -6.34   -14.26
 00011  1004.76   -14.53    76.36     2.93   325.87    44.84     0.03     0.04    -6.96   -17.17
 00012  1031.38    -5.22    40.97     1.53    35.87    26.70     0.00    -0.00     6.96    -7.07
 00013  1028.14     1.08    66.52     2.50    31.51    18.47     0.00    -0.00     9.34    -2.42
 00014  1024.00     3.72    64.28     2.68   341.76    18.22     0.00    -0.00    10.31     0.42
 00015  1012.19    -0.79    44.63     3.54    84.57    20.34     0.00     0.00     7.14    -4.11
 00016   969.05    -2.82    71.47     1.07   218.21    18.30     0.00    -0.00     6.65    -4.61
 00017  1012.13    -2.18    69.50     1.92   297.26    18.86     0.00     0.00    11.14    -4.11
 00018  1026.92     0.96    67.16     2.63    61.31    18.06     0.00     0.00    10.17    -1.97
 00019   945.47     5.50    75.23     1.14   117.15    20.93     0.00     0.00    10.93     3.30
 00020  1028.88     4.58    60.00     4.97   318.17    18.28     0.00     0.00     9.25     2.50
 00021   897.67    -8.47    70.78     1.35   174.63    28.41     0.04     0.13    -1.54   -10.33
 00022  1034.31    -3.91    36.86     2.02    43.18    24.15     0.00    -0.01     6.76    -6.13
 00023   925.07    -4.20    61.93     1.27   195.58    39.09     0.00    -0.00     0.42    -8.96
 00024   953.46   -10.72    88.43     6.15   117.87    19.89     0.02     0.12   -10.54   -14.39
 00025   797.38     6.13    92.15     2.22   132.68    18.61     0.01     0.03    15.90     5.42
 00026  1024.33     3.83    70.63     4.25    22.45    17.91     0.00     0.00    12.21     2.42
 00027  1019.65     2.22    80.04     2.04   144.29    17.40     0.00     0.00    12.50     0.46
 00028   986.69     2.30    81.50     1.49    23.15    16.41     0.00    -0.00    12.36     0.90
 00029  1015.55    10.25    52.43     4.33     8.48    20.01     0.00     0.00    21.57     9.78
 00030  1005.65    10.09    67.53     2.42   204.86    21.69     0.00     0.00    19.34     9.57
 00031   572.17    -3.47    14.49     2.42   243.22    31.49     0.00     0.00     7.13    -6.73
 00032   987.91     7.01    51.07     3.77    44.35    17.11     0.00     0.21    19.16     5.13
 00033  1015.72    16.48    74.83     8.10    14.45    21.80     0.02     0.02    22.33    16.49
 00034  1012.31    26.36    72.45    12.08    34.36    23.29     0.63     2.74    26.93    25.42
 00035  1014.22    19.83    69.62     5.33    17.31    21.70     0.00     0.00    26.06    19.75
 00036   775.90     2.68    90.79     1.11    62.04    19.77     0.01     0.01    14.08     2.03
 00037   977.69     6.29    59.85     2.32    59.07    17.03     0.00     0.10    19.62     3.20
 00038  1003.59     9.80    64.95     2.10   155.27    19.05     0.00     0.00    22.22     7.38
 00039  1016.79    14.13    71.18    15.38    22.55    13.04     0.17     0.24    22.30    14.08
 00040  1013.67    14.07    50.09    10.69    20.51    19.63     0.00     0.03    24.86    13.47
 00041   983.39     1.35    64.36     2.35    43.79    17.16     0.00    -0.00     8.59    -1.69
 00042  1028.20     1.13    73.54     2.04    68.18    18.18     0.00     0.00     9.81    -2.40
 00043  1016.97     3.55    71.93     3.85    28.65    18.23     0.00     0.00    12.54     2.30
 00044   997.21     3.02    66.68     3.52    53.16    17.52     0.00    -0.01    12.98     1.23
 00045  1013.67    14.07    50.09    10.69    20.51    19.63     0.00     0.03    24.86    13.47
 00046   949.09     4.97    72.34     2.37    28.56    18.02     0.00     0.01    15.85     3.11
 00047  1015.34     6.45    64.49     5.87   330.31    17.80     0.00    -0.00    15.39     4.65
 00048   602.40    -5.08    52.78     0.65   179.34    34.24     0.00     0.00     8.51    -7.34
 00049   573.98    -8.61    99.31     0.40   127.05     3.15     0.44     1.39     0.55   -13.21
 00050  1010.13    10.46    54.05     8.73    16.21    17.62     0.01     0.05    21.76     9.91
