stn_id       p       t2      rh2      spd      dir      vis    rain6   rain24   tmax24   tmin24 
 00001   966.11    31.81    55.15     2.36   141.63    25.49     0.13  9999.00  9999.00  9999.00
 00002   989.67    30.37    56.39     2.37   139.18    24.39     0.02  9999.00  9999.00  9999.00
 00003   900.02    26.74    54.55     2.16   207.49    24.07     0.00  9999.00  9999.00  9999.00
 00004   834.24    20.07    74.10     3.36   256.71    24.07     1.91  9999.00  9999.00  9999.00
 00005   870.42    17.34    54.00     4.99    35.80    25.89     4.44  9999.00  9999.00  9999.00
 00006   881.22    20.78    35.60     1.86   331.84    27.50     0.18  9999.00  9999.00  9999.00
 00007  1002.28    26.02    66.96     2.85   239.11    25.42     0.20  9999.00  9999.00  9999.00
 00008   986.40    26.34    55.54     2.87   268.41    26.86     0.03  9999.00  9999.00  9999.00
 00009   942.62    12.13    37.18     5.58   299.19    34.42     0.00  9999.00  9999.00  9999.00
 00010   965.59    27.60    49.78     1.95   272.59    30.01    -0.00  9999.00  9999.00  9999.00
 00011   992.86    24.29    46.47     3.85   285.85    27.97     0.00  9999.00  9999.00  9999.00
 00012  1006.35    28.19    65.36     1.12   151.25    23.56     0.02  9999.00  9999.00  9999.00
 00013  1008.23    27.31    65.60     2.64   109.13    23.80     0.00  9999.00  9999.00  9999.00
 00014  1004.97    26.73    67.67     3.35    84.54    25.25    -0.00  9999.00  9999.00  9999.00
 00015   991.75    30.44    42.83     2.76   186.54    20.08     0.00  9999.00  9999.00  9999.00
 00016   949.42    30.87    50.14     0.84   162.00    24.90     0.00  9999.00  9999.00  9999.00
 00017   992.55    30.06    53.75     2.68   162.55    22.95     0.06  9999.00  9999.00  9999.00
 00018  1006.43    28.72    63.94     3.44    95.92    23.49    -0.00  9999.00  9999.00  9999.00
 00019   932.07    26.24    69.49     0.85    52.30    26.67     0.79  9999.00  9999.00  9999.00
 00020  1011.52    25.19    58.93     4.39    78.15    22.74    -0.00  9999.00  9999.00  9999.00
 00021   884.44    27.32    22.36     3.21   158.29    26.74     0.00  9999.00  9999.00  9999.00
 00022  1008.98    31.39    44.96     3.21   194.28    21.20     0.00  9999.00  9999.00  9999.00
 00023   914.86    19.36    42.24     4.85   307.21    23.15     0.03  9999.00  9999.00  9999.00
 00024   939.35    18.81    50.50     2.01   144.66    21.24     0.74  9999.00  9999.00  9999.00
 00025   795.25    22.06    59.65     2.17   106.12    24.76     0.20  9999.00  9999.00  9999.00
 00026  1004.04    29.76    68.34     2.91    49.52    23.86     0.23  9999.00  9999.00  9999.00
 00027   999.68    29.83    72.32     2.00   102.04     9.63     0.87  9999.00  9999.00  9999.00
 00028   969.79    29.41    69.72     2.51    32.67    24.67     0.12  9999.00  9999.00  9999.00
 00029  1000.17    23.74    95.20     2.72    25.45     1.14    16.72  9999.00  9999.00  9999.00
 00030   989.33    30.11    71.75     2.30    20.86    27.28     0.29  9999.00  9999.00  9999.00
 00031   576.63    11.74    45.39     1.49   122.05    24.84     0.52  9999.00  9999.00  9999.00
 00032   974.35    23.86    75.08     4.22    75.11     7.55     0.20  9999.00  9999.00  9999.00
 00033  1002.82    22.94    98.56     4.61   255.54     0.65     0.08  9999.00  9999.00  9999.00
 00034  1006.23    28.40    84.81     5.48   196.75    27.93     0.05  9999.00  9999.00  9999.00
 00035  1002.38    29.15    80.70     1.40   197.60     6.30     3.87  9999.00  9999.00  9999.00
 00036   775.89    22.18    59.82     1.51   204.95    24.40     0.43  9999.00  9999.00  9999.00
 00037   964.53    25.54    67.45     3.61    82.77    17.66     0.13  9999.00  9999.00  9999.00
 00038   991.10    24.53    85.40     0.83   171.20    18.26     1.60  9999.00  9999.00  9999.00
 00039  1004.85    24.61    81.83     9.95    44.73    24.77     0.23  9999.00  9999.00  9999.00
 00040  1001.76    25.65    78.87     8.07    55.85    22.58     2.24  9999.00  9999.00  9999.00
 00041   966.62    27.97    61.83     2.43    95.50    24.16     0.03  9999.00  9999.00  9999.00
 00042  1007.71    27.94    65.44     3.70    90.82    24.29     0.00  9999.00  9999.00  9999.00
 00043   997.60    29.37    71.16     2.48    55.46    23.76     0.46  9999.00  9999.00  9999.00
 00044   979.76    28.90    60.52     3.21    60.47    24.51     0.04  9999.00  9999.00  9999.00
 00045  1001.76    25.65    78.87     8.07    55.85    22.58     2.24  9999.00  9999.00  9999.00
 00046   937.63    26.94    65.70     1.81    82.02    19.51     0.23  9999.00  9999.00  9999.00
 00047   998.71    24.68    76.76     3.16    90.26    24.01     0.09  9999.00  9999.00  9999.00
 00048   607.64    14.16    49.79     1.29   182.05    29.52     0.20  9999.00  9999.00  9999.00
 00049   580.60     9.62    60.72     2.36   202.56    23.46     0.46  9999.00  9999.00  9999.00
 00050   997.28    25.98    72.69     6.56    50.98    24.54     0.14  9999.00  9999.00  9999.00
