stn_id       p       t2      rh2      spd      dir      vis    rain6   rain24   tmax24   tmin24 
 00001   965.24    27.18    61.80     2.95    33.52    25.48  9999.00  9999.00  9999.00  9999.00
 00002   994.66    25.16    81.52     2.15   137.60    24.68  9999.00  9999.00  9999.00  9999.00
 00003   903.51    21.36    62.67     2.24   141.38    24.20  9999.00  9999.00  9999.00  9999.00
 00004   836.55    16.21    66.57     2.67   142.84    24.38  9999.00  9999.00  9999.00  9999.00
 00005   869.34    22.49    37.70     3.49   149.95    26.82  9999.00  9999.00  9999.00  9999.00
 00006   879.73    24.19    24.43     6.22   175.12    27.58  9999.00  9999.00  9999.00  9999.00
 00007  1005.51    20.56    81.48     2.21    60.70    25.71  9999.00  9999.00  9999.00  9999.00
 00008   990.89    19.58    88.99     2.09   205.95    27.02  9999.00  9999.00  9999.00  9999.00
 00009   943.26    12.87    82.90     2.46   145.59    34.93  9999.00  9999.00  9999.00  9999.00
 00010   970.27    16.43    90.24     1.69   269.46    30.06  9999.00  9999.00  9999.00  9999.00
 00011   997.94    17.57    92.24     1.94    41.89    28.29  9999.00  9999.00  9999.00  9999.00
 00012  1009.74    26.58    74.27     2.76   191.12    23.73  9999.00  9999.00  9999.00  9999.00
 00013  1009.00    26.21    78.06     2.52    39.36    23.82  9999.00  9999.00  9999.00  9999.00
 00014  1005.40    25.08    86.05     2.35    69.18    25.20  9999.00  9999.00  9999.00  9999.00
 00015   994.86    25.83    76.73     1.88    42.98    20.23  9999.00  9999.00  9999.00  9999.00
 00016   951.07    25.28    57.46     2.99   119.47    24.95  9999.00  9999.00  9999.00  9999.00
 00017   995.60    25.51    72.78     1.95    97.30    23.11  9999.00  9999.00  9999.00  9999.00
 00018  1007.57    26.10    78.29     2.81    55.55    23.55  9999.00  9999.00  9999.00  9999.00
 00019   931.79    25.12    81.96     1.09   314.20    27.15  9999.00  9999.00  9999.00  9999.00
 00020  1012.30    22.16    86.31     3.17    40.43    22.63  9999.00  9999.00  9999.00  9999.00
 00021   891.06    17.73    41.80     2.80   299.14    26.99  9999.00  9999.00  9999.00  9999.00
 00022  1013.24    26.68    76.10     2.77   166.07    21.38  9999.00  9999.00  9999.00  9999.00
 00023   916.90    19.56    33.31     2.64   313.88    23.20  9999.00  9999.00  9999.00  9999.00
 00024   941.99    19.36    38.76     0.65   279.94    25.35  9999.00  9999.00  9999.00  9999.00
 00025   793.69    21.02    69.34     1.88   139.16    24.74  9999.00  9999.00  9999.00  9999.00
 00026  1005.22    25.64    86.41     3.00    21.96    24.17  9999.00  9999.00  9999.00  9999.00
 00027  1001.23    26.06    86.68     2.32     7.15    25.42  9999.00  9999.00  9999.00  9999.00
 00028   970.69    25.90    75.89     2.45    37.79    24.76  9999.00  9999.00  9999.00  9999.00
 00029   999.19    25.34    92.45     0.90   296.11     7.14  9999.00  9999.00  9999.00  9999.00
 00030   989.05    28.03    80.18     2.11    75.81    29.33  9999.00  9999.00  9999.00  9999.00
 00031   574.59    11.64    40.72     1.83   157.06    24.65  9999.00  9999.00  9999.00  9999.00
 00032   975.01    21.88    95.14     1.58    80.25    16.31  9999.00  9999.00  9999.00  9999.00
 00033  1003.27    25.08    95.47     2.04   150.82     7.32  9999.00  9999.00  9999.00  9999.00
 00034  1007.00    27.69    87.84     3.70   161.11    24.96  9999.00  9999.00  9999.00  9999.00
 00035  1002.72    26.75    92.75     3.19   206.42    27.47  9999.00  9999.00  9999.00  9999.00
 00036   774.57    21.36    68.86     0.52   165.08    24.41  9999.00  9999.00  9999.00  9999.00
 00037   965.41    22.20    95.75     1.41    94.77    16.05  9999.00  9999.00  9999.00  9999.00
 00038   990.44    24.06    98.55     3.34    79.69     0.75  9999.00  9999.00  9999.00  9999.00
 00039  1005.21    24.32    97.02     6.21    49.03    17.86  9999.00  9999.00  9999.00  9999.00
 00040  1001.05    25.43    94.01     6.35   126.23     0.70  9999.00  9999.00  9999.00  9999.00
 00041   967.73    23.90    86.00     1.93    59.12    24.21  9999.00  9999.00  9999.00  9999.00
 00042  1008.51    26.14    77.47     3.05    34.64    24.31  9999.00  9999.00  9999.00  9999.00
 00043   998.61    26.32    84.45     3.22    52.95    20.07  9999.00  9999.00  9999.00  9999.00
 00044   980.91    24.58    89.81     2.44    50.97     5.62  9999.00  9999.00  9999.00  9999.00
 00045  1001.05    25.43    94.01     6.35   126.23     0.70  9999.00  9999.00  9999.00  9999.00
 00046   937.26    22.38    94.06     2.50    68.98    17.49  9999.00  9999.00  9999.00  9999.00
 00047   999.43    23.77    94.31     1.69    45.40    23.84  9999.00  9999.00  9999.00  9999.00
 00048   605.49    14.98    29.64     1.01   169.04    29.35  9999.00  9999.00  9999.00  9999.00
 00049   580.10     5.48    80.07     1.98   191.00    24.06  9999.00  9999.00  9999.00  9999.00
 00050   997.80    23.46    96.34     4.60    48.08    18.24  9999.00  9999.00  9999.00  9999.00
