stn_id       p       t2      rh2      spd      dir      vis    rain6   rain24   tmax24   tmin24 
 00001   965.36    26.39    90.95     1.08   144.66    25.84     0.00  9999.00  9999.00  9999.00
 00002   990.11    24.06    93.47     0.74   218.60    25.76     0.00  9999.00  9999.00  9999.00
 00003   901.27    19.48    87.08     1.78    29.67    24.50     0.00  9999.00  9999.00  9999.00
 00004   834.95    14.81    76.65     2.06   145.95    24.86     0.00  9999.00  9999.00  9999.00
 00005   867.68    17.14    41.20     1.58    62.57    27.54     0.00  9999.00  9999.00  9999.00
 00006   876.62    20.13    25.95     5.65   217.63    28.67     0.00  9999.00  9999.00  9999.00
 00007  1000.98    22.96    93.54     2.65   188.57    25.19     0.60  9999.00  9999.00  9999.00
 00008   985.29    19.13    83.54     1.42   103.70    27.37     0.08  9999.00  9999.00  9999.00
 00009   936.17    12.14    80.00     3.13   214.52    39.95     0.00  9999.00  9999.00  9999.00
 00010   965.68    19.57    98.93     0.82   121.98     3.46     0.01  9999.00  9999.00  9999.00
 00011   993.37    17.49    89.12     1.45    90.08    30.00     0.00  9999.00  9999.00  9999.00
 00012  1005.21    23.77    89.39     1.21   177.55    24.36     0.00  9999.00  9999.00  9999.00
 00013  1004.93    24.84    86.63     3.41   111.48    23.77     0.00  9999.00  9999.00  9999.00
 00014  1002.21    24.06    92.39     1.79   109.05    24.72     0.01  9999.00  9999.00  9999.00
 00015   990.35    25.58    83.75     2.44   166.45    20.55     0.00  9999.00  9999.00  9999.00
 00016   949.59    24.13    85.08     1.54    81.83    18.33     1.44  9999.00  9999.00  9999.00
 00017   991.14    24.95    96.54     1.43   355.23    24.03     0.05  9999.00  9999.00  9999.00
 00018  1002.76    25.30    87.71     3.02   101.25    23.98     0.00  9999.00  9999.00  9999.00
 00019   931.86    23.60    88.57     0.83   309.98    27.10     0.48  9999.00  9999.00  9999.00
 00020  1009.41    22.54    98.56     3.54   117.39     5.36     0.00  9999.00  9999.00  9999.00
 00021   890.52    17.88    46.51     2.08   161.57    27.91     0.00  9999.00  9999.00  9999.00
 00022  1008.23    24.88    95.95     1.38   142.57    20.23     0.00  9999.00  9999.00  9999.00
 00023   917.06    15.32    44.94     1.89   203.41    23.41     0.00  9999.00  9999.00  9999.00
 00024   940.43    19.09    35.59     4.15   291.41    25.72     0.00  9999.00  9999.00  9999.00
 00025   795.56    17.45    96.36     1.21    53.14    20.21     4.60  9999.00  9999.00  9999.00
 00026  1001.50    24.37    96.50     1.33    44.59    15.84     0.00  9999.00  9999.00  9999.00
 00027   997.33    26.22    91.27     1.08   116.05    26.81     0.00  9999.00  9999.00  9999.00
 00028   967.93    25.92    89.15     1.04    52.26    25.94     0.00  9999.00  9999.00  9999.00
 00029  1001.23    25.50    97.75     1.55   169.47    16.47     1.33  9999.00  9999.00  9999.00
 00030   989.97    25.14    97.77     2.05   139.94    10.25     2.86  9999.00  9999.00  9999.00
 00031   577.33     7.45    74.01     2.03   213.22    23.97     0.09  9999.00  9999.00  9999.00
 00032   973.56    21.73    99.70     1.20   101.18     0.72     4.51  9999.00  9999.00  9999.00
 00033  1002.97    23.02    96.76     5.33   160.42     0.56     0.09  9999.00  9999.00  9999.00
 00034  1006.63    27.80    90.07     5.95   177.42    33.52     0.06  9999.00  9999.00  9999.00
 00035  1002.78    27.09    94.59     3.94   176.85    31.16     0.00  9999.00  9999.00  9999.00
 00036   776.48    17.13    90.96     0.51   257.04    23.95     3.16  9999.00  9999.00  9999.00
 00037   964.01    22.06    99.84     1.11    90.33     0.79     3.26  9999.00  9999.00  9999.00
 00038   990.51    24.14    99.27     0.71   163.18     2.53     1.89  9999.00  9999.00  9999.00
 00039  1004.12    24.42    96.98     3.03    91.63     5.48     1.73  9999.00  9999.00  9999.00
 00040  1002.01    24.92    96.83     1.90   148.48    11.27     4.91  9999.00  9999.00  9999.00
 00041   964.33    22.03    96.06     1.23   123.30    24.59     0.00  9999.00  9999.00  9999.00
 00042  1004.28    24.94    86.34     2.63   105.00    24.43     0.00  9999.00  9999.00  9999.00
 00043   995.00    24.45    96.90     1.02    71.92    27.14     0.00  9999.00  9999.00  9999.00
 00044   978.07    23.29    95.76     1.41    99.33    25.02     0.00  9999.00  9999.00  9999.00
 00045  1002.01    24.92    96.83     1.90   148.48    11.27     4.91  9999.00  9999.00  9999.00
 00046   937.50    21.10    99.36     1.11   112.22    11.24     1.06  9999.00  9999.00  9999.00
 00047   997.79    22.65    99.21     1.27   314.03     1.27     1.06  9999.00  9999.00  9999.00
 00048   608.35     9.82    91.30     0.28   107.02     8.05     4.23  9999.00  9999.00  9999.00
 00049   581.30     4.07    94.22     0.37   284.26    16.95     4.25  9999.00  9999.00  9999.00
 00050   996.62    23.76    99.62     2.04    43.17     1.60     2.85  9999.00  9999.00  9999.00
