stn_id       p       t2      rh2      spd      dir      vis    rain6   rain24   tmax24   tmin24 
 00001   959.28    31.63    74.11     0.71    72.47    23.94     0.66  9999.00  9999.00  9999.00
 00002   985.88    29.81    62.19     1.94   155.29    26.39     0.00  9999.00  9999.00  9999.00
 00003   896.23    27.48    59.69     1.47   167.09    25.27     0.48  9999.00  9999.00  9999.00
 00004   830.62    25.19    55.45     1.28   120.42    24.97     0.26  9999.00  9999.00  9999.00
 00005   863.75    28.72    51.98     2.76   207.56    27.20     0.04  9999.00  9999.00  9999.00
 00006   873.78    30.37    30.21     1.77   162.62    27.72     0.33  9999.00  9999.00  9999.00
 00007   996.05    27.48    55.11     2.72    23.67    24.99     0.00  9999.00  9999.00  9999.00
 00008   982.11    24.81    56.00     1.18   330.52    26.82     0.20  9999.00  9999.00  9999.00
 00009   945.79    25.21    29.78     2.32   119.65    38.93     0.00  9999.00  9999.00  9999.00
 00010   963.66    16.78    83.55     2.15    93.09    28.18     0.02  9999.00  9999.00  9999.00
 00011   989.91    21.67    77.78     0.99   241.26     9.44     0.96  9999.00  9999.00  9999.00
 00012  1001.14    29.36    62.53     2.04   202.15    24.78     0.11  9999.00  9999.00  9999.00
 00013   999.33    27.30    65.10     3.44    19.44    24.94     0.00  9999.00  9999.00  9999.00
 00014   995.38    28.00    67.93     2.40    22.97    25.79     0.05  9999.00  9999.00  9999.00
 00015   985.87    29.57    55.88     2.71    37.36    21.56     0.00  9999.00  9999.00  9999.00
 00016   943.25    30.22    66.19     3.62    88.84    21.58     2.62  9999.00  9999.00  9999.00
 00017   986.70    30.73    56.39     1.92    73.70    24.86     0.01  9999.00  9999.00  9999.00
 00018   997.93    29.62    62.01     2.91    31.21    25.14     0.00  9999.00  9999.00  9999.00
 00019   925.73    27.75    79.88     0.84   273.65    19.96     3.01  9999.00  9999.00  9999.00
 00020  1000.99    27.41    69.46     3.21   335.74    22.39     0.00  9999.00  9999.00  9999.00
 00021   881.89    25.58    38.93     5.94   324.56    27.04     0.00  9999.00  9999.00  9999.00
 00022  1004.18    29.46    59.82     1.26   193.45    22.51     0.08  9999.00  9999.00  9999.00
 00023   906.70    29.34    27.91     3.07   296.58    22.47     0.25  9999.00  9999.00  9999.00
 00024   930.75    26.74    33.53     4.65   167.67    24.71     0.02  9999.00  9999.00  9999.00
 00025   789.31    22.63    77.79     2.11   111.41    14.08     6.59  9999.00  9999.00  9999.00
 00026   996.48    29.73    81.01     0.99   170.60    18.35     1.82  9999.00  9999.00  9999.00
 00027   992.29    31.19    77.18     0.91   289.55    21.29     1.22  9999.00  9999.00  9999.00
 00028   962.51    30.97    74.61     1.27    25.83    25.95     0.30  9999.00  9999.00  9999.00
 00029   996.17    31.53    64.71     2.86   224.31    29.06     0.42  9999.00  9999.00  9999.00
 00030   984.17    31.32    68.83     2.12   146.96    25.03     0.34  9999.00  9999.00  9999.00
 00031   572.35    13.14    56.78     1.57   149.82    22.69     0.67  9999.00  9999.00  9999.00
 00032   965.39    28.85    76.34     1.77   170.50    12.09     2.76  9999.00  9999.00  9999.00
 00033  1000.01    24.68    82.72     4.81   263.13    31.85     0.00  9999.00  9999.00  9999.00
 00034  1005.35    28.63    84.49     7.43   225.02    34.68     0.00  9999.00  9999.00  9999.00
 00035   999.07    33.09    56.70     4.14   279.57    31.71     0.03  9999.00  9999.00  9999.00
 00036   771.40    23.56    62.19     0.55   132.43    23.90     0.61  9999.00  9999.00  9999.00
 00037   955.94    30.61    72.20     1.09   207.54    15.79     2.16  9999.00  9999.00  9999.00
 00038   982.71    33.73    56.97     2.06   238.16    27.17     0.07  9999.00  9999.00  9999.00
 00039   996.69    27.16    89.67     2.33   118.47    24.42     0.30  9999.00  9999.00  9999.00
 00040   994.56    31.59    66.79     5.14   228.37    27.80     0.05  9999.00  9999.00  9999.00
 00041   958.42    28.99    68.92     2.87    75.26    25.67     0.58  9999.00  9999.00  9999.00
 00042   999.06    28.82    62.10     2.95    12.56    25.57     0.02  9999.00  9999.00  9999.00
 00043   990.57    28.99    81.34     0.97   294.34    28.13     2.53  9999.00  9999.00  9999.00
 00044   971.97    28.20    82.37     2.33   309.07     6.83     3.02  9999.00  9999.00  9999.00
 00045   994.56    31.59    66.79     5.14   228.37    27.80     0.05  9999.00  9999.00  9999.00
 00046   931.74    29.82    65.07     1.99   263.60    26.70     1.29  9999.00  9999.00  9999.00
 00047   989.53    24.61    91.99     3.94   117.92     4.39     1.83  9999.00  9999.00  9999.00
 00048   602.99    15.72    64.34     1.64   185.63    24.97     0.60  9999.00  9999.00  9999.00
 00049   576.84     8.89    76.67     1.88   178.34     5.23     1.55  9999.00  9999.00  9999.00
 00050   989.00    29.39    81.45     2.23   141.56    25.30     0.53  9999.00  9999.00  9999.00
