stn_id       p       t2      rh2      spd      dir      vis    rain6   rain24   tmax24   tmin24 
 00001   977.19    12.11    83.00     1.88    44.42    21.66  9999.00  9999.00  9999.00  9999.00
 00002   999.51     2.39    65.96     1.46   242.71    23.84  9999.00  9999.00  9999.00  9999.00
 00003   905.20    -1.38    49.11     1.02   283.19    22.42  9999.00  9999.00  9999.00  9999.00
 00004   833.82    -4.64    30.54     2.31   190.52    22.20  9999.00  9999.00  9999.00  9999.00
 00005   868.41    -4.00    37.62     1.25   140.38    24.30  9999.00  9999.00  9999.00  9999.00
 00006   876.98    -3.93    46.75     4.80   195.98    25.04  9999.00  9999.00  9999.00  9999.00
 00007  1004.48    -5.19    73.29     5.53   318.67    24.57  9999.00  9999.00  9999.00  9999.00
 00008   981.50    -7.29    86.37     8.83   337.96     7.97  9999.00  9999.00  9999.00  9999.00
 00009   950.62   -16.77    64.97     0.89   225.59    38.74  9999.00  9999.00  9999.00  9999.00
 00010   945.21    -1.42    92.18     3.76   325.11    11.26  9999.00  9999.00  9999.00  9999.00
 00011   985.92    -7.06    79.53     8.03   348.41     4.49  9999.00  9999.00  9999.00  9999.00
 00012  1015.76     3.35    50.00     2.01    91.14    23.64  9999.00  9999.00  9999.00  9999.00
 00013  1020.19     6.93    63.27     1.99   285.80    19.89  9999.00  9999.00  9999.00  9999.00
 00014  1017.26     8.01    61.24     1.59   285.38    19.39  9999.00  9999.00  9999.00  9999.00
 00015  1000.91     3.70    49.10     1.41   148.56    20.44  9999.00  9999.00  9999.00  9999.00
 00016   958.90     4.94    71.70     0.80   120.42    20.79  9999.00  9999.00  9999.00  9999.00
 00017  1002.37     5.68    51.50     2.06   225.68    20.02  9999.00  9999.00  9999.00  9999.00
 00018  1018.87     6.42    71.09     2.50   315.51    19.47  9999.00  9999.00  9999.00  9999.00
 00019   941.49     9.86    75.84     1.03   323.54    21.76  9999.00  9999.00  9999.00  9999.00
 00020  1022.57     8.35    55.37     3.16   293.67    19.62  9999.00  9999.00  9999.00  9999.00
 00021   899.87    -0.35    68.97     0.52   276.70    32.38  9999.00  9999.00  9999.00  9999.00
 00022  1018.94     4.14    45.98     2.12   263.66    22.31  9999.00  9999.00  9999.00  9999.00
 00023   929.02    -6.04    71.45     1.20   134.43    27.18  9999.00  9999.00  9999.00  9999.00
 00024   955.66    -6.37    83.09     5.72   304.10    29.48  9999.00  9999.00  9999.00  9999.00
 00025   800.02    11.07    94.04     1.58   146.20    20.94  9999.00  9999.00  9999.00  9999.00
 00026  1018.64     8.24    68.70     2.55    18.92    19.42  9999.00  9999.00  9999.00  9999.00
 00027  1013.93     9.42    80.01     1.92   343.11    19.62  9999.00  9999.00  9999.00  9999.00
 00028   982.05    12.93    66.59     0.64   138.58    19.39  9999.00  9999.00  9999.00  9999.00
 00029  1012.54    18.69    58.97     2.58    17.00    22.27  9999.00  9999.00  9999.00  9999.00
 00030  1002.76    18.92    70.93     1.41    11.37    24.07  9999.00  9999.00  9999.00  9999.00
 00031   574.36    -3.18    23.61     2.11   198.71    32.23  9999.00  9999.00  9999.00  9999.00
 00032   984.81    17.34    72.59     1.87    66.61    18.66  9999.00  9999.00  9999.00  9999.00
 00033  1013.55    21.88    90.36     5.37    64.69    19.88  9999.00  9999.00  9999.00  9999.00
 00034  1013.36    27.36    87.24     7.44    45.58    22.74  9999.00  9999.00  9999.00  9999.00
 00035  1012.56    25.29    83.03     4.40    47.29    23.04  9999.00  9999.00  9999.00  9999.00
 00036   779.27     7.60    91.85     0.70   100.05    11.95  9999.00  9999.00  9999.00  9999.00
 00037   975.03    17.19    79.69     1.14    82.93    18.27  9999.00  9999.00  9999.00  9999.00
 00038  1001.14    20.85    81.64     1.70    84.10    21.18  9999.00  9999.00  9999.00  9999.00
 00039  1015.49    21.83    78.12     9.67    39.51    20.71  9999.00  9999.00  9999.00  9999.00
 00040  1012.20    22.84    82.41     8.00    51.11    22.10  9999.00  9999.00  9999.00  9999.00
 00041   978.04     7.65    56.22     0.51   119.98    18.45  9999.00  9999.00  9999.00  9999.00
 00042  1020.73     6.16    70.41     1.90   222.53    19.53  9999.00  9999.00  9999.00  9999.00
 00043  1011.98     8.90    72.05     2.16    79.69    19.75  9999.00  9999.00  9999.00  9999.00
 00044   992.92     9.68    69.43     0.32   277.72    18.93  9999.00  9999.00  9999.00  9999.00
 00045  1012.20    22.84    82.41     8.00    51.11    22.10  9999.00  9999.00  9999.00  9999.00
 00046   948.16    12.09    79.29     1.62    54.78    19.60  9999.00  9999.00  9999.00  9999.00
 00047  1010.17    14.00    66.45     3.06    49.43    19.28  9999.00  9999.00  9999.00  9999.00
 00048   607.51    -6.22    43.37     1.36   121.06    34.58  9999.00  9999.00  9999.00  9999.00
 00049   578.99    -4.69    92.96     0.64   225.09     7.91  9999.00  9999.00  9999.00  9999.00
 00050  1008.19    20.00    77.61     5.15    31.93    20.13  9999.00  9999.00  9999.00  9999.00
