stn_id       p       t2      rh2      spd      dir      vis    rain6   rain24   tmax24   tmin24 
 00001   982.67    14.78    56.45     1.66   200.96    21.77  9999.00  9999.00  9999.00  9999.00
 00002   997.08     8.89    26.77     6.98   289.06    23.75  9999.00  9999.00  9999.00  9999.00
 00003   904.97     4.47    21.87     5.55   290.73    22.39  9999.00  9999.00  9999.00  9999.00
 00004   834.64    -4.08    37.11     4.38   291.43    22.21  9999.00  9999.00  9999.00  9999.00
 00005   870.86    -3.76    44.66     3.84   311.76    24.36  9999.00  9999.00  9999.00  9999.00
 00006   881.17    -5.98    54.85     5.79   308.06    25.14  9999.00  9999.00  9999.00  9999.00
 00007   980.93     0.93    92.66     5.60   287.16     3.98  9999.00  9999.00  9999.00  9999.00
 00008   965.85    -2.56    93.25    10.93    26.04     1.94  9999.00  9999.00  9999.00  9999.00
 00009   954.32    -9.14    33.38     0.45   275.94    38.67  9999.00  9999.00  9999.00  9999.00
 00010   941.33     6.69    99.78     3.55   343.99     3.05  9999.00  9999.00  9999.00  9999.00
 00011   983.56    -4.17    87.12     9.28    34.11     6.03  9999.00  9999.00  9999.00  9999.00
 00012  1009.26     6.90    29.62     7.84   319.05    23.50  9999.00  9999.00  9999.00  9999.00
 00013  1018.60    12.27    32.16     6.03   281.39    19.90  9999.00  9999.00  9999.00  9999.00
 00014  1014.79    15.40    36.00     4.84   298.18    19.42  9999.00  9999.00  9999.00  9999.00
 00015   997.35     8.32    26.24     8.20   297.04    20.37  9999.00  9999.00  9999.00  9999.00
 00016   963.03     8.20    44.13     1.20   146.99    20.86  9999.00  9999.00  9999.00  9999.00
 00017  1004.31    11.41    23.57     5.41   272.98    20.05  9999.00  9999.00  9999.00  9999.00
 00018  1018.73    12.48    30.39     5.65   285.24    19.49  9999.00  9999.00  9999.00  9999.00
 00019   945.37    14.62    48.70     2.64   208.79    25.23  9999.00  9999.00  9999.00  9999.00
 00020  1018.55    15.31    46.46     7.03   291.33    19.61  9999.00  9999.00  9999.00  9999.00
 00021   897.30     2.24    48.94     0.70   256.28    32.14  9999.00  9999.00  9999.00  9999.00
 00022  1011.98     7.08    30.09     8.87   305.61    22.17  9999.00  9999.00  9999.00  9999.00
 00023   927.49    -0.68    85.32     2.07   295.83    26.99  9999.00  9999.00  9999.00  9999.00
 00024   951.32    -3.56    81.54     9.19   291.74    29.15  9999.00  9999.00  9999.00  9999.00
 00025   802.03    12.07    90.46     3.31   101.88    17.26  9999.00  9999.00  9999.00  9999.00
 00026  1019.78    16.00    35.21     4.48   353.94    19.48  9999.00  9999.00  9999.00  9999.00
 00027  1016.92    16.10    45.88     2.79    11.94    19.72  9999.00  9999.00  9999.00  9999.00
 00028   985.15    16.92    54.77     1.73    18.92    19.48  9999.00  9999.00  9999.00  9999.00
 00029  1012.40    24.33    62.15     5.43    20.91    22.38  9999.00  9999.00  9999.00  9999.00
 00030  1003.79    19.10    79.81     3.85    15.52    23.63  9999.00  9999.00  9999.00  9999.00
 00031   576.35    -1.80    24.69     0.44   185.93    32.23  9999.00  9999.00  9999.00  9999.00
 00032   981.57    23.34    64.81     3.60   310.50    18.73  9999.00  9999.00  9999.00  9999.00
 00033  1013.35    22.74    97.95     3.50    93.12     0.45  9999.00  9999.00  9999.00  9999.00
 00034  1013.68    27.78    87.79     5.96    34.09    26.26  9999.00  9999.00  9999.00  9999.00
 00035  1012.61    26.65    84.55     3.58    43.35     7.77  9999.00  9999.00  9999.00  9999.00
 00036   782.47     9.86    76.84     0.33   265.15    21.82  9999.00  9999.00  9999.00  9999.00
 00037   972.16    22.67    66.83     3.55   307.78    18.64  9999.00  9999.00  9999.00  9999.00
 00038   998.61    28.35    57.75     2.88   213.94    21.22  9999.00  9999.00  9999.00  9999.00
 00039  1011.92    27.23    68.46     4.33    32.43    20.74  9999.00  9999.00  9999.00  9999.00
 00040  1009.63    28.54    64.30     2.31    13.90    22.13  9999.00  9999.00  9999.00  9999.00
 00041   977.87    11.66    36.87     3.24   313.21    18.50  9999.00  9999.00  9999.00  9999.00
 00042  1019.94    13.01    30.25     5.67   285.17    19.55  9999.00  9999.00  9999.00  9999.00
 00043  1013.19    16.02    40.36     3.64    12.66    19.82  9999.00  9999.00  9999.00  9999.00
 00044   992.76    15.79    59.97     1.99   310.01    19.00  9999.00  9999.00  9999.00  9999.00
 00045  1009.63    28.54    64.30     2.31    13.90    22.13  9999.00  9999.00  9999.00  9999.00
 00046   948.41    15.78    81.18     3.22    11.45    19.66  9999.00  9999.00  9999.00  9999.00
 00047  1006.37    19.78    61.49     5.77   336.91    19.29  9999.00  9999.00  9999.00  9999.00
 00048   610.11    -7.47    37.00     1.32    92.38    34.62  9999.00  9999.00  9999.00  9999.00
 00049   579.74    -2.55    49.18     0.29   234.63    28.42  9999.00  9999.00  9999.00  9999.00
 00050  1004.34    29.05    51.48     3.82    32.69    20.15  9999.00  9999.00  9999.00  9999.00
