stn_id       p       t2      rh2      spd      dir      vis    rain6   rain24   tmax24   tmin24 
 00001   981.92    11.94    69.36     1.57   324.38    21.79     0.00  9999.00  9999.00  9999.00
 00002   996.38     6.42    18.83     6.65   293.23    23.71     0.00  9999.00  9999.00  9999.00
 00003   904.12    -0.60    24.88     5.29   279.09    22.36     0.00  9999.00  9999.00  9999.00
 00004   832.39    -7.47    42.23     7.43   294.58    22.15     0.00  9999.00  9999.00  9999.00
 00005   868.54    -6.66    63.03     6.43   314.12    21.47     0.10  9999.00  9999.00  9999.00
 00006   878.66    -7.96    75.36     7.31   306.73    22.19     0.52  9999.00  9999.00  9999.00
 00007   988.92     8.21    93.08     6.06    14.49     2.46     9.22  9999.00  9999.00  9999.00
 00008   978.69     2.43    94.66     8.04    28.18     1.62     6.64  9999.00  9999.00  9999.00
 00009   957.10   -19.08    70.74     1.75   211.56    38.62     0.00  9999.00  9999.00  9999.00
 00010   957.80     7.27    99.95     3.52    94.34     0.96    15.30  9999.00  9999.00  9999.00
 00011   994.53    -2.88    87.99     8.20    59.16     3.02     2.05  9999.00  9999.00  9999.00
 00012  1008.89     5.00    27.29     4.80   298.34    23.48     0.00  9999.00  9999.00  9999.00
 00013  1014.26    13.03    78.70     5.55   293.12    19.92     4.40  9999.00  9999.00  9999.00
 00014  1010.17    15.76    84.44     5.55   304.42    12.11     7.20  9999.00  9999.00  9999.00
 00015   995.94     6.74    21.20     6.62   293.23    20.34     0.02  9999.00  9999.00  9999.00
 00016   965.58     1.54    54.03     1.76   231.02    20.91     0.00  9999.00  9999.00  9999.00
 00017  1004.11     7.80    19.88     5.61   296.45    20.06     0.00  9999.00  9999.00  9999.00
 00018  1014.84    12.81    62.10     6.95   298.99    19.51     0.00  9999.00  9999.00  9999.00
 00019   947.38    11.00    66.30     1.30   257.68    24.50     0.02  9999.00  9999.00  9999.00
 00020  1013.19    16.70    88.97     8.66   293.59    16.89     1.45  9999.00  9999.00  9999.00
 00021   893.31    -0.88    48.01     1.49   158.06    31.89     0.00  9999.00  9999.00  9999.00
 00022  1011.07     6.75    22.89     7.84   305.54    22.13     0.01  9999.00  9999.00  9999.00
 00023   923.36    -1.38    75.12     2.13   244.75    26.78     0.00  9999.00  9999.00  9999.00
 00024   947.55    -3.00    73.01     3.64   281.47    28.96     0.00  9999.00  9999.00  9999.00
 00025   799.88    11.48    87.52     1.66    91.44    20.99     0.00  9999.00  9999.00  9999.00
 00026  1016.64    15.02    80.62     5.06   352.76    19.54     6.18  9999.00  9999.00  9999.00
 00027  1014.97    13.65    61.87     4.86    32.30    19.74     0.32  9999.00  9999.00  9999.00
 00028   983.42    16.10    72.01     3.17    46.36    19.52     0.00  9999.00  9999.00  9999.00
 00029  1009.52    21.78    94.28     1.54   107.40    22.45     0.00  9999.00  9999.00  9999.00
 00030   999.02    22.81    97.84     1.40    37.30     8.51     0.45  9999.00  9999.00  9999.00
 00031   575.47    -5.32    27.62     1.21   239.18    32.14     0.00  9999.00  9999.00  9999.00
 00032   978.31    18.55    94.67     1.63   282.39    17.34     0.00  9999.00  9999.00  9999.00
 00033  1011.46    22.76    99.21     2.31    82.11     0.29     0.16  9999.00  9999.00  9999.00
 00034  1012.52    27.66    88.20     3.52    40.28    28.13     0.04  9999.00  9999.00  9999.00
 00035  1010.57    24.72    98.74     1.73    17.59     5.98     0.10  9999.00  9999.00  9999.00
 00036   782.35     8.38    88.03     1.78   131.45    10.54     3.85  9999.00  9999.00  9999.00
 00037   968.89    18.54    94.65     1.35   282.11    18.66     0.00  9999.00  9999.00  9999.00
 00038   997.61    19.22    96.43     1.10   284.99    21.26     0.00  9999.00  9999.00  9999.00
 00039  1010.36    23.71    86.00     3.93   248.76    20.79     0.00  9999.00  9999.00  9999.00
 00040  1009.06    22.41    92.67     2.12   298.42    22.18     0.00  9999.00  9999.00  9999.00
 00041   974.33    12.03    86.34     3.39   327.43    18.52     7.20  9999.00  9999.00  9999.00
 00042  1015.86    13.41    81.61     4.93   282.56    19.59     4.02  9999.00  9999.00  9999.00
 00043  1010.40    15.68    81.69     3.67    13.90    18.96     7.97  9999.00  9999.00  9999.00
 00044   988.75    17.19    95.51     3.06   278.50     6.70     4.77  9999.00  9999.00  9999.00
 00045  1009.06    22.41    92.67     2.12   298.42    22.18     0.00  9999.00  9999.00  9999.00
 00046   944.84    18.37    94.00     1.26   230.39    19.63     0.03  9999.00  9999.00  9999.00
 00047  1001.20    20.89    99.25     1.74   297.53     0.87     0.06  9999.00  9999.00  9999.00
 00048   609.91    -9.63    77.13     1.45    16.49    34.60     0.00  9999.00  9999.00  9999.00
 00049   579.50    -7.05    89.25     0.82    30.68    28.42     0.47  9999.00  9999.00  9999.00
 00050  1002.38    21.79    88.11     2.30   257.91    20.19     0.00  9999.00  9999.00  9999.00
