stn_id       p       t2      rh2      spd      dir      vis    rain6   rain24   tmax24   tmin24 
 00001   962.92    17.61    74.43     1.66    17.46    17.99     0.14  9999.00  9999.00  9999.00
 00002   988.10    15.43    67.67     1.24   232.33    21.28     0.00  9999.00  9999.00  9999.00
 00003   897.05    11.84    33.76     4.24   323.19    19.46     0.00  9999.00  9999.00  9999.00
 00004   829.97     5.10    38.61     3.71   285.50    19.11     0.00  9999.00  9999.00  9999.00
 00005   863.17     5.45    31.56     4.42   255.65    21.23     0.00  9999.00  9999.00  9999.00
 00006   872.04     4.56    18.08     9.67   285.43    23.10     0.00  9999.00  9999.00  9999.00
 00007   999.13    12.52    71.72     6.11   185.26    25.25     0.05  9999.00  9999.00  9999.00
 00008   981.83     9.71    73.34     5.78   179.97    29.26     0.03  9999.00  9999.00  9999.00
 00009   938.44    -2.04    81.62     4.33    31.55    43.30     0.10  9999.00  9999.00  9999.00
 00010   964.81     3.37    71.99     1.67   158.11    30.78     0.00  9999.00  9999.00  9999.00
 00011   988.36     6.62    77.20     3.83   179.73    34.50     0.00  9999.00  9999.00  9999.00
 00012  1003.11    13.30    74.50     2.11   188.88    21.50     0.00  9999.00  9999.00  9999.00
 00013  1004.42    14.71    88.06     0.75   299.44    18.42     0.00  9999.00  9999.00  9999.00
 00014  1001.20    14.66    96.65     0.84   195.15    18.90     1.89  9999.00  9999.00  9999.00
 00015   989.13    14.76    79.18     1.70   208.81    18.13     0.00  9999.00  9999.00  9999.00
 00016   948.54    11.08    83.42     2.16   194.06    17.73     0.00  9999.00  9999.00  9999.00
 00017   990.30    13.96    74.95     2.27   162.75    18.31     0.00  9999.00  9999.00  9999.00
 00018  1003.53    15.13    82.08     0.24   267.36    18.63     0.00  9999.00  9999.00  9999.00
 00019   928.38    16.20    70.05     0.52    44.74    20.70     0.03  9999.00  9999.00  9999.00
 00020  1006.43    14.88    98.90     1.55   288.78    18.54     1.22  9999.00  9999.00  9999.00
 00021   893.74    -2.93    79.33     1.57   197.03    34.98     0.00  9999.00  9999.00  9999.00
 00022  1006.48    14.14    59.99     3.13   164.49    19.80     0.00  9999.00  9999.00  9999.00
 00023   921.16    -2.39    59.33     1.55    84.74    31.90     0.00  9999.00  9999.00  9999.00
 00024   950.14    -7.50    71.04     2.25   324.70    34.54     0.00  9999.00  9999.00  9999.00
 00025   789.62    15.56    52.39     5.03   229.01    21.78     0.00  9999.00  9999.00  9999.00
 00026  1002.67    12.93    95.39     1.84   108.14    10.03     5.04  9999.00  9999.00  9999.00
 00027   998.85    10.95    95.12     2.93   326.88    15.09     4.73  9999.00  9999.00  9999.00
 00028   967.57     9.71    95.60     1.81   351.24     8.46     2.93  9999.00  9999.00  9999.00
 00029   998.79    26.25    78.44     4.37   171.56    20.76     0.40  9999.00  9999.00  9999.00
 00030   985.19    27.93    75.50     4.46   177.16    23.08     0.01  9999.00  9999.00  9999.00
 00031   564.88    -1.01    25.47     2.57   223.96    28.73     0.55  9999.00  9999.00  9999.00
 00032   971.00    21.88    83.75     1.72   178.84    14.31     0.19  9999.00  9999.00  9999.00
 00033  1000.93    22.95    93.48     4.00   149.38     4.46     0.01  9999.00  9999.00  9999.00
 00034  1007.45    27.44    79.66     6.52   182.73    22.60     0.00  9999.00  9999.00  9999.00
 00035  1001.11    27.69    78.41     6.50   178.22    21.48     0.11  9999.00  9999.00  9999.00
 00036   766.33    13.05    52.50     2.47   167.19    20.82     0.00  9999.00  9999.00  9999.00
 00037   961.43    22.09    83.69     1.13   154.14    14.00     0.37  9999.00  9999.00  9999.00
 00038   989.07    24.57    80.49     2.03   187.18    19.76     0.44  9999.00  9999.00  9999.00
 00039  1002.91    25.09    88.40     6.92   207.57    19.17     0.36  9999.00  9999.00  9999.00
 00040  1000.93    25.53    85.29     5.69   213.56    20.22     0.27  9999.00  9999.00  9999.00
 00041   963.06    12.21    99.02     1.11    30.97     8.73     0.02  9999.00  9999.00  9999.00
 00042  1004.84    14.11    92.63     0.75   300.68    18.82     0.07  9999.00  9999.00  9999.00
 00043   996.13    13.14    97.50     2.35    58.24    16.88     5.80  9999.00  9999.00  9999.00
 00044   977.21    16.17    99.52     0.72   180.03     2.00    19.82  9999.00  9999.00  9999.00
 00045  1000.93    25.53    85.29     5.69   213.56    20.22     0.27  9999.00  9999.00  9999.00
 00046   935.95    19.93    94.42     2.33   208.62    16.46     8.92  9999.00  9999.00  9999.00
 00047   994.38    20.82    98.02     1.84   143.51     6.63     0.85  9999.00  9999.00  9999.00
 00048   595.99     0.86    53.75     1.24   148.31    30.80     0.70  9999.00  9999.00  9999.00
 00049   570.23    -6.26    95.41     1.90   187.53     6.76     2.82  9999.00  9999.00  9999.00
 00050   995.12    24.34    88.15     4.88   207.46    18.73     0.25  9999.00  9999.00  9999.00
