stn_id       p       t2      rh2      spd      dir      vis    rain6   rain24   tmax24   tmin24 
 00001   963.25    17.80    67.10     0.80    60.04    17.81     0.00  9999.00  9999.00  9999.00
 00002   989.53    16.02    53.28     2.08   128.70    21.35     0.00  9999.00  9999.00  9999.00
 00003   894.85    14.92    50.08     1.37   157.79    19.52     0.00  9999.00  9999.00  9999.00
 00004   826.12    11.78    47.44     3.44   269.49    19.27     0.29  9999.00  9999.00  9999.00
 00005   860.99    11.65    30.54     2.55   208.26    21.56     0.00  9999.00  9999.00  9999.00
 00006   870.58    12.96     9.96     6.66   258.70    23.63     0.00  9999.00  9999.00  9999.00
 00007  1000.33    12.58    59.95     7.91   193.57    25.62     0.61  9999.00  9999.00  9999.00
 00008   982.13    14.31    41.55     8.50   218.21    30.30     0.01  9999.00  9999.00  9999.00
 00009   929.52     5.73    47.79     1.49   208.45    51.19     0.00  9999.00  9999.00  9999.00
 00010   963.41    14.36    13.41     2.40   235.69    31.34     0.00  9999.00  9999.00  9999.00
 00011   988.37    14.54    32.46     7.33   209.22    35.32     0.00  9999.00  9999.00  9999.00
 00012  1005.68    16.01    50.76     2.39   183.79    21.71     0.00  9999.00  9999.00  9999.00
 00013  1007.66    15.30    70.35     1.26   158.18    18.70     0.00  9999.00  9999.00  9999.00
 00014  1004.55    15.34    80.12     1.19   207.01    17.95     0.58  9999.00  9999.00  9999.00
 00015   991.11    15.73    45.30     3.31   181.69    18.06     0.00  9999.00  9999.00  9999.00
 00016   947.55    12.95    64.80     1.63   147.73    17.62     0.15  9999.00  9999.00  9999.00
 00017   992.65    13.18    62.03     2.80   151.77    18.22     0.00  9999.00  9999.00  9999.00
 00018  1006.19    14.88    70.98     2.15   158.31    18.48     0.00  9999.00  9999.00  9999.00
 00019   928.63    11.71    86.49     1.93    68.75    18.73     0.96  9999.00  9999.00  9999.00
 00020  1010.27    18.45    68.71     3.37   160.39    18.39     0.09  9999.00  9999.00  9999.00
 00021   888.94     2.16    40.78     1.65    40.05    35.22     0.00  9999.00  9999.00  9999.00
 00022  1009.21    15.95    50.92     3.94   208.68    19.90     0.90  9999.00  9999.00  9999.00
 00023   920.93    -5.79    84.27     2.69   309.88    15.77     2.00  9999.00  9999.00  9999.00
 00024   945.73    -7.11    68.05    11.43   300.13    32.37     0.31  9999.00  9999.00  9999.00
 00025   790.85    19.74    36.46    10.02   256.22    21.66     0.06  9999.00  9999.00  9999.00
 00026  1005.72    11.65    92.81     0.42   259.79    10.54     2.30  9999.00  9999.00  9999.00
 00027  1001.22    11.01    90.67     0.92   166.69    18.43     1.23  9999.00  9999.00  9999.00
 00028   968.60     9.30    89.97     1.73    14.12    11.30     0.64  9999.00  9999.00  9999.00
 00029  1003.67    26.30    67.03     4.73   182.12    20.65     0.52  9999.00  9999.00  9999.00
 00030   990.58    25.80    73.63     6.41   180.45    20.62     0.15  9999.00  9999.00  9999.00
 00031   566.99     2.13    20.87     2.78   175.24    28.39     0.06  9999.00  9999.00  9999.00
 00032   974.89    22.31    65.83     2.34   179.22    15.89     0.00  9999.00  9999.00  9999.00
 00033  1005.64    24.41    77.65     2.69   104.51    21.47     0.00  9999.00  9999.00  9999.00
 00034  1009.90    26.87    70.02     3.07   150.82    22.35     0.00  9999.00  9999.00  9999.00
 00035  1005.39    30.78    49.98     5.55   169.89    21.26     0.07  9999.00  9999.00  9999.00
 00036   767.12    18.18    43.21     4.68   200.70    20.73     0.03  9999.00  9999.00  9999.00
 00037   965.13    22.70    65.49     2.08   181.98    17.35     0.00  9999.00  9999.00  9999.00
 00038   992.51    26.57    51.93     2.62   226.30    19.62     0.08  9999.00  9999.00  9999.00
 00039  1006.89    22.80    72.86     3.64   137.72    18.89     0.01  9999.00  9999.00  9999.00
 00040  1004.58    25.90    61.76     4.23   182.95    20.21     0.00  9999.00  9999.00  9999.00
 00041   966.01    11.45    91.43     0.89   137.06     7.75     0.40  9999.00  9999.00  9999.00
 00042  1007.47    15.96    73.54     0.82   128.64    18.69     0.00  9999.00  9999.00  9999.00
 00043   998.67    13.30    89.74     0.47   339.55    19.54     0.03  9999.00  9999.00  9999.00
 00044   980.05    17.51    82.12     0.95   115.06    16.53     0.14  9999.00  9999.00  9999.00
 00045  1004.58    25.90    61.76     4.23   182.95    20.21     0.00  9999.00  9999.00  9999.00
 00046   938.55    21.97    66.89     4.12   216.87    18.90     0.58  9999.00  9999.00  9999.00
 00047   999.35    18.89    78.75     2.92   150.16    17.58     0.02  9999.00  9999.00  9999.00
 00048   598.70     3.36    44.28     1.27   187.70    30.37     0.64  9999.00  9999.00  9999.00
 00049   571.97    -3.08    70.31     2.93   209.40    20.37     0.82  9999.00  9999.00  9999.00
 00050   998.82    25.04    58.53     2.98   174.07    18.56     0.00  9999.00  9999.00  9999.00
