stn_id       p       t2      rh2      spd      dir      vis    rain6   rain24   tmax24   tmin24 
 00001   963.20    19.69    62.63     0.80   187.73    17.95     0.09  9999.00  9999.00  9999.00
 00002   987.61    18.86    53.81     1.02   168.57    21.28     0.00  9999.00  9999.00  9999.00
 00003   894.63    16.97    51.64     1.91   228.65    19.47     0.01  9999.00  9999.00  9999.00
 00004   827.63    10.04    37.72     4.34   288.15    19.15     0.01  9999.00  9999.00  9999.00
 00005   860.58    11.90    27.84     5.87   239.15    21.25     0.00  9999.00  9999.00  9999.00
 00006   868.09    12.79    16.42    10.28   260.95    23.14     0.00  9999.00  9999.00  9999.00
 00007   998.16    18.31    48.67     7.05   204.02    25.31     0.01  9999.00  9999.00  9999.00
 00008   981.51    16.16    50.90     7.74   220.64    29.85     0.00  9999.00  9999.00  9999.00
 00009   934.28     5.01    62.45     1.58    25.61    50.47     0.00  9999.00  9999.00  9999.00
 00010   963.21    15.51    29.44     1.84   211.28    30.86     0.00  9999.00  9999.00  9999.00
 00011   987.17    14.89    44.60     6.35   224.72    34.65     0.00  9999.00  9999.00  9999.00
 00012  1003.07    18.53    51.27     4.24   202.58    21.53     0.00  9999.00  9999.00  9999.00
 00013  1004.25    14.45    87.73     2.18   354.47    18.11     0.39  9999.00  9999.00  9999.00
 00014   999.86    16.29    91.32     1.09   236.36    15.02     9.98  9999.00  9999.00  9999.00
 00015   988.05    19.41    55.17     1.78   198.88    18.09     0.00  9999.00  9999.00  9999.00
 00016   947.42    16.50    61.52     1.64   140.97    17.70     0.00  9999.00  9999.00  9999.00
 00017   989.88    18.24    55.78     0.92   204.26    18.28     0.00  9999.00  9999.00  9999.00
 00018  1003.27    14.76    80.50     1.79    53.96    18.35     0.09  9999.00  9999.00  9999.00
 00019   927.59    17.37    59.72     0.92   129.30    20.72     0.01  9999.00  9999.00  9999.00
 00020  1005.24    18.35    89.94     1.67   344.85    14.52     5.96  9999.00  9999.00  9999.00
 00021   893.18    -0.97    76.03     2.34   182.73    35.07     0.00  9999.00  9999.00  9999.00
 00022  1006.41    19.95    38.98     4.15   206.33    19.80     0.00  9999.00  9999.00  9999.00
 00023   921.37    -3.19    52.01     1.43    60.41    31.96     0.00  9999.00  9999.00  9999.00
 00024   950.75    -6.72    68.03     1.21    42.28    34.61     0.00  9999.00  9999.00  9999.00
 00025   790.38    19.85    36.67     8.88   255.79    21.76     0.01  9999.00  9999.00  9999.00
 00026  1002.28    13.75    93.97     3.47   101.64     6.93    10.27  9999.00  9999.00  9999.00
 00027   999.44    11.05    92.46     3.63   353.32    12.80     4.22  9999.00  9999.00  9999.00
 00028   967.72    10.01    94.14     2.72    14.88     4.60     2.09  9999.00  9999.00  9999.00
 00029   999.73    30.03    60.77     4.65   187.00    20.73     0.26  9999.00  9999.00  9999.00
 00030   986.35    34.04    46.59     5.19   218.47    23.01     0.02  9999.00  9999.00  9999.00
 00031   566.31     1.59    23.30     3.69   225.11    28.19     0.67  9999.00  9999.00  9999.00
 00032   969.63    27.00    58.21     4.26   233.20    16.97     0.11  9999.00  9999.00  9999.00
 00033  1002.07    26.52    79.18     2.37   114.11    21.63     0.00  9999.00  9999.00  9999.00
 00034  1008.26    27.31    75.56     4.54   198.38    22.55     0.00  9999.00  9999.00  9999.00
 00035  1001.92    35.18    46.18     5.75   199.33    21.40     0.00  9999.00  9999.00  9999.00
 00036   767.59    17.80    41.89     4.07   205.09    20.83     0.00  9999.00  9999.00  9999.00
 00037   960.12    27.52    57.04     3.92   239.61    17.40     0.18  9999.00  9999.00  9999.00
 00038   989.13    28.38    60.61     3.35   215.48    17.83     0.27  9999.00  9999.00  9999.00
 00039  1002.78    26.11    76.31     8.15   205.02    10.64     0.52  9999.00  9999.00  9999.00
 00040  1001.36    27.54    70.82     6.81   207.64    17.05     0.59  9999.00  9999.00  9999.00
 00041   962.25    13.89    95.86     1.20   345.93    17.29     7.75  9999.00  9999.00  9999.00
 00042  1004.30    14.67    88.85     2.16   342.63    17.64     1.45  9999.00  9999.00  9999.00
 00043   995.43    14.46    96.49     2.34     8.79    14.72     2.17  9999.00  9999.00  9999.00
 00044   975.85    19.33    90.89     2.03   324.53    10.96     8.46  9999.00  9999.00  9999.00
 00045  1001.36    27.54    70.82     6.81   207.64    17.05     0.59  9999.00  9999.00  9999.00
 00046   935.33    24.23    72.75     4.26   210.98    18.59     1.25  9999.00  9999.00  9999.00
 00047   993.12    23.60    80.43     3.46   171.96    17.44     0.75  9999.00  9999.00  9999.00
 00048   597.89     3.75    44.39     1.69   164.74    31.83     0.26  9999.00  9999.00  9999.00
 00049   571.45    -3.94    85.40     2.58   196.74    15.04     2.55  9999.00  9999.00  9999.00
 00050   994.52    27.73    63.42     6.85   209.61    17.49     0.38  9999.00  9999.00  9999.00
