stn_id       p       t2      rh2      spd      dir      vis    rain6   rain24   tmax24   tmin24 
 00001   970.67    11.47    91.91     0.95   271.75    10.31     1.25  9999.00  9999.00  9999.00
 00002   998.25     4.86    53.99     1.69   264.87    21.32     0.00  9999.00  9999.00  9999.00
 00003   903.50    -0.10    65.34     1.45   282.36    19.50     0.00  9999.00  9999.00  9999.00
 00004   834.16    -2.86    37.85     1.25   212.67    19.06     0.00  9999.00  9999.00  9999.00
 00005   869.87    -4.23    39.00     1.10   185.71    20.99     0.00  9999.00  9999.00  9999.00
 00006   883.32    -7.89    25.22     2.32   215.15    22.77     0.00  9999.00  9999.00  9999.00
 00007  1008.26     0.56    44.71     2.95   298.68    25.01     0.00  9999.00  9999.00  9999.00
 00008   990.97    -1.63    25.55     3.65   284.51    29.28     0.00  9999.00  9999.00  9999.00
 00009   938.38    -8.98    82.95     5.07     6.10    15.31     1.99  9999.00  9999.00  9999.00
 00010   967.52     2.73    80.49     2.29   304.64    30.24     0.00  9999.00  9999.00  9999.00
 00011   994.95    -1.67    26.35     5.35   234.21    33.78     0.00  9999.00  9999.00  9999.00
 00012  1015.05     3.72    22.90     2.68    32.43    21.44     0.00  9999.00  9999.00  9999.00
 00013  1004.93    13.98    94.65     3.01   266.37    18.86     0.29  9999.00  9999.00  9999.00
 00014  1002.08    14.79    97.49     1.46   241.96    19.09     0.80  9999.00  9999.00  9999.00
 00015   996.12     8.21    34.98     3.18    30.73    18.22     0.00  9999.00  9999.00  9999.00
 00016   956.81     7.96    68.02     1.20   180.53    17.89     0.00  9999.00  9999.00  9999.00
 00017   998.47    11.44    24.56     2.98    18.93    18.45     0.00  9999.00  9999.00  9999.00
 00018  1004.95    13.43    93.44     3.51   284.73    18.45     0.21  9999.00  9999.00  9999.00
 00019   936.14    10.43    91.03     1.16   237.19     4.05     2.01  9999.00  9999.00  9999.00
 00020  1006.66    15.56    92.23     3.26   280.57    18.26     0.45  9999.00  9999.00  9999.00
 00021   891.28    -3.41    78.15     0.66   159.94    34.61     0.00  9999.00  9999.00  9999.00
 00022  1017.32     6.16    25.12     3.45    40.65    19.84     0.00  9999.00  9999.00  9999.00
 00023   918.06    -3.58    67.42     1.35   154.32    31.49     0.00  9999.00  9999.00  9999.00
 00024   946.93   -10.51    70.32     1.79    85.47    34.14     0.00  9999.00  9999.00  9999.00
 00025   791.55    12.49    61.09     2.23   245.70    21.94     0.00  9999.00  9999.00  9999.00
 00026  1005.87    14.58    91.07     1.79   316.38    19.43     0.03  9999.00  9999.00  9999.00
 00027  1003.47    12.80    94.61     2.15   331.77    18.90     0.04  9999.00  9999.00  9999.00
 00028   972.77    11.17    94.29     1.19   107.05    16.40     0.49  9999.00  9999.00  9999.00
 00029  1000.84    21.64    99.14     2.35    23.22     3.56     1.64  9999.00  9999.00  9999.00
 00030   989.21    20.70    76.51     3.06    37.81    23.24     0.00  9999.00  9999.00  9999.00
 00031   568.44    -6.48    25.86     2.64   233.53    28.70     0.00  9999.00  9999.00  9999.00
 00032   971.00    17.90    98.34     1.35   302.15     1.57     0.01  9999.00  9999.00  9999.00
 00033  1000.97    22.50    95.64     7.57   163.15     0.56     0.00  9999.00  9999.00  9999.00
 00034  1006.60    27.61    81.25     7.17   165.89    22.84     0.00  9999.00  9999.00  9999.00
 00035  1001.26    26.41    92.91     5.25   177.82    21.73     0.00  9999.00  9999.00  9999.00
 00036   770.00     7.20    86.07     1.47    48.48    19.68     0.01  9999.00  9999.00  9999.00
 00037   961.56    17.55    99.05     1.11   306.31     2.42     0.00  9999.00  9999.00  9999.00
 00038   989.54    20.82    97.14     1.18   284.55    19.66     0.33  9999.00  9999.00  9999.00
 00039  1002.40    24.94    91.51     5.39   228.94    15.05     0.15  9999.00  9999.00  9999.00
 00040  1000.98    25.09    92.50     3.80   229.55    19.35     0.11  9999.00  9999.00  9999.00
 00041   965.14    12.21    99.17     0.82   301.82    17.08     0.02  9999.00  9999.00  9999.00
 00042  1005.98    14.13    92.87     3.01   258.53    19.00     0.17  9999.00  9999.00  9999.00
 00043   999.85    14.23    96.64     0.84   226.15    19.76     0.54  9999.00  9999.00  9999.00
 00044   979.97    14.48    99.50     1.91   244.20     2.05     2.56  9999.00  9999.00  9999.00
 00045  1000.98    25.09    92.50     3.80   229.55    19.35     0.11  9999.00  9999.00  9999.00
 00046   937.17    17.72    99.92     1.34   184.21     1.05    16.02  9999.00  9999.00  9999.00
 00047   995.08    19.79    99.33     1.18   347.02     0.81     0.07  9999.00  9999.00  9999.00
 00048   599.05    -3.42    72.52     0.91   160.39    30.85     0.23  9999.00  9999.00  9999.00
 00049   571.32   -14.73    98.79     1.38   101.22     0.60     0.14  9999.00  9999.00  9999.00
 00050   994.47    23.72    90.59     2.78   232.70    18.17     0.03  9999.00  9999.00  9999.00
