stn_id       p       t2      rh2      spd      dir      vis    rain6   rain24   tmax24   tmin24 
 00001   981.24     9.26    52.35     5.89   173.00    21.32  9999.00  9999.00  9999.00  9999.00
 00002  1014.05    -5.19    88.67     1.53   287.19    12.08  9999.00  9999.00  9999.00  9999.00
 00003   915.52   -13.86    66.80     3.68   312.29    22.99  9999.00  9999.00  9999.00  9999.00
 00004   842.11   -22.37    89.31     3.95   302.01    16.78  9999.00  9999.00  9999.00  9999.00
 00005   881.37   -20.14    73.64     4.77   313.36    24.43  9999.00  9999.00  9999.00  9999.00
 00006   892.25   -21.15    90.10     6.28   288.33    27.40  9999.00  9999.00  9999.00  9999.00
 00007  1019.02   -14.42    78.99     8.60     4.67    30.40  9999.00  9999.00  9999.00  9999.00
 00008  1005.15   -17.38    78.26     7.31    14.16    40.48  9999.00  9999.00  9999.00  9999.00
 00009   962.76   -26.95    76.83     2.53   243.05    52.11  9999.00  9999.00  9999.00  9999.00
 00010   975.53   -12.86    69.30     2.80   191.27    22.40  9999.00  9999.00  9999.00  9999.00
 00011  1015.53   -18.68    75.86     6.68    10.31    45.34  9999.00  9999.00  9999.00  9999.00
 00012  1029.74    -8.19    72.57     3.13   337.24    28.08  9999.00  9999.00  9999.00  9999.00
 00013  1021.22     3.41    88.88     4.25   325.75    20.93  9999.00  9999.00  9999.00  9999.00
 00014  1015.96     7.02    86.93     4.74   316.23     6.22  9999.00  9999.00  9999.00  9999.00
 00015  1011.06    -6.44    92.14     4.26   346.73    22.87  9999.00  9999.00  9999.00  9999.00
 00016   978.95    -3.62    54.61     3.64   308.78    22.68  9999.00  9999.00  9999.00  9999.00
 00017  1014.40    -3.80    87.77     2.80   144.15    11.80  9999.00  9999.00  9999.00  9999.00
 00018  1022.29     0.96    84.78     4.83   317.48     4.75  9999.00  9999.00  9999.00  9999.00
 00019   946.48     5.93    39.76     4.47    82.03    26.18  9999.00  9999.00  9999.00  9999.00
 00020  1020.33     7.92    87.39     5.92   314.16     4.26  9999.00  9999.00  9999.00  9999.00
 00021   908.43   -23.76    55.78     2.54   160.75    36.95  9999.00  9999.00  9999.00  9999.00
 00022  1032.32    -8.41    71.04     3.69   337.21    26.14  9999.00  9999.00  9999.00  9999.00
 00023   932.06   -21.19    68.67     2.90   122.95    34.21  9999.00  9999.00  9999.00  9999.00
 00024   969.60   -27.71    78.96     4.33   110.17    32.16  9999.00  9999.00  9999.00  9999.00
 00025   798.86    13.79    79.41     4.69   259.99    18.99  9999.00  9999.00  9999.00  9999.00
 00026  1018.73     4.15    86.87     6.91   285.43    14.02  9999.00  9999.00  9999.00  9999.00
 00027  1017.95     2.28    85.85     6.53     5.06    16.35  9999.00  9999.00  9999.00  9999.00
 00028   983.68     3.25    83.18     5.42    16.54     5.17  9999.00  9999.00  9999.00  9999.00
 00029  1011.45    26.56    72.07     3.50   185.13    20.83  9999.00  9999.00  9999.00  9999.00
 00030   999.98    24.94    79.90     4.38   192.74    22.10  9999.00  9999.00  9999.00  9999.00
 00031   574.52    -2.54    10.85     1.58   238.23    34.60  9999.00  9999.00  9999.00  9999.00
 00032   981.84    22.03    74.80     1.25   269.47    17.62  9999.00  9999.00  9999.00  9999.00
 00033  1014.16    22.58    96.83     1.28    93.05     0.29  9999.00  9999.00  9999.00  9999.00
 00034  1015.59    27.55    78.07     4.78    48.87    26.42  9999.00  9999.00  9999.00  9999.00
 00035  1013.04    28.49    71.08     2.56   105.53    23.51  9999.00  9999.00  9999.00  9999.00
 00036   777.30     9.86    77.80     1.97   199.07    18.44  9999.00  9999.00  9999.00  9999.00
 00037   972.23    21.92    75.09     1.19   269.82    18.08  9999.00  9999.00  9999.00  9999.00
 00038  1000.49    25.36    67.56     1.08   257.35    20.09  9999.00  9999.00  9999.00  9999.00
 00039  1013.96    23.95    77.81     2.58   242.28    19.57  9999.00  9999.00  9999.00  9999.00
 00040  1011.95    25.59    70.80     2.14   200.83    20.70  9999.00  9999.00  9999.00  9999.00
 00041   977.20     2.00    94.74     2.87   348.91     1.22  9999.00  9999.00  9999.00  9999.00
 00042  1021.86     2.76    89.93     4.08   320.63    12.44  9999.00  9999.00  9999.00  9999.00
 00043  1010.94     7.51    85.87     5.07    31.86    15.09  9999.00  9999.00  9999.00  9999.00
 00044   989.36    11.71    96.57     3.71   263.11     2.68  9999.00  9999.00  9999.00  9999.00
 00045  1011.95    25.59    70.80     2.14   200.83    20.70  9999.00  9999.00  9999.00  9999.00
 00046   946.77    22.25    71.00     4.69   221.55    18.89  9999.00  9999.00  9999.00  9999.00
 00047  1005.13    19.17    88.16     0.62   262.39    12.69  9999.00  9999.00  9999.00  9999.00
 00048   605.73    -8.52    33.61     1.01   131.22    36.41  9999.00  9999.00  9999.00  9999.00
 00049   577.13    -4.81    21.91     0.65    81.83    27.69  9999.00  9999.00  9999.00  9999.00
 00050  1006.00    24.68    71.05     2.55   233.90    19.28  9999.00  9999.00  9999.00  9999.00
