stn_id       p       t2      rh2      spd      dir      vis    rain6   rain24   tmax24   tmin24 
 00001   985.80    21.60    86.66     1.00   360.00     4.20     0.00  9999.00  9999.00  9999.00
 00002  1008.80    15.80    64.68     1.00   270.00     8.00     0.00  9999.00  9999.00  9999.00
 00003   928.80    11.40    56.90     1.00   110.00    12.00     0.00  9999.00  9999.00  9999.00
 00004   862.30     7.40    45.03     1.00   200.00    26.00     0.00  9999.00  9999.00  9999.00
 00005   887.00    10.90    33.95     4.00   320.00    25.00     0.00  9999.00  9999.00  9999.00
 00006   885.40    12.50    28.95     3.00   180.00    30.00     0.00  9999.00  9999.00  9999.00
 00007  1013.20     5.00    65.03     1.00   110.00    23.00     0.00  9999.00  9999.00  9999.00
 00008   989.80     1.10    63.63     0.00     0.00     7.00     0.00  9999.00  9999.00  9999.00
 00009   962.50    -3.50    73.68     1.00   220.00    29.00     0.00  9999.00  9999.00  9999.00
 00010   984.80     8.70    27.85     5.00   290.00    21.00     0.00  9999.00  9999.00  9999.00
 00011  1002.90     3.40    50.01     2.00   250.00    21.00     0.00  9999.00  9999.00  9999.00
 00012  1015.20    13.10    72.03     1.00   250.00    17.00     0.00  9999.00  9999.00  9999.00
 00013  1015.80    19.00    58.77     0.00     0.00    13.00     0.00  9999.00  9999.00  9999.00
 00014  1015.00    20.80    41.71     1.00   110.00    13.00     0.00  9999.00  9999.00  9999.00
 00015   999.30    16.90    56.70     2.00   110.00    16.00     0.00  9999.00  9999.00  9999.00
 00016  9999.00  9999.00  9999.00  9999.00  9999.00  9999.00  9999.00  9999.00  9999.00  9999.00
 00017  1005.70    16.80    75.64     0.00     0.00  9999.00     0.00  9999.00  9999.00  9999.00
 00018  1016.90    19.10    79.01     0.00     0.00    11.00     0.00  9999.00  9999.00  9999.00
 00019   949.00    18.70    89.21     1.00   360.00     4.20     1.00  9999.00  9999.00  9999.00
 00020  1020.20    19.60    77.06     1.00    90.00    18.00     0.00  9999.00  9999.00  9999.00
 00021   918.90     8.80    51.90     2.00    20.00    30.00     0.00  9999.00  9999.00  9999.00
 00022  1019.30    14.80    70.89     2.00   160.00    27.00     0.00  9999.00  9999.00  9999.00
 00023   943.60     7.30    66.01     1.00   360.00    30.00     0.00  9999.00  9999.00  9999.00
 00024   973.70     5.60    80.93     2.00   340.00    30.00     0.00  9999.00  9999.00  9999.00
 00025   813.50    17.90    73.81     2.00   250.00    22.00     0.00  9999.00  9999.00  9999.00
 00026  1013.50    20.80    52.87     0.00     0.00    14.00     0.00  9999.00  9999.00  9999.00
 00027  1003.80    20.20    61.84     2.00   270.00     7.00     0.00  9999.00  9999.00  9999.00
 00028   983.10    20.70    64.01     1.00   360.00    14.00     0.00  9999.00  9999.00  9999.00
 00029  1007.50    21.30    78.80     2.00   320.00    30.00     0.00  9999.00  9999.00  9999.00
 00030   996.80    24.70    53.83     3.00    90.00    22.00     0.00  9999.00  9999.00  9999.00
 00031   625.00    12.60     2.99     7.00   220.00    30.00     0.00  9999.00  9999.00  9999.00
 00032  1009.50    22.40    57.64     2.00    40.00    12.00     0.00  9999.00  9999.00  9999.00
 00033  1005.30    26.40    78.99     4.00    40.00    13.00     0.10  9999.00  9999.00  9999.00
 00034  1008.00    27.20    89.81     3.00    90.00    30.00     0.90  9999.00  9999.00  9999.00
 00035  1009.70    26.60    80.97     3.00    40.00    11.00     0.30  9999.00  9999.00  9999.00
 00036   839.60    17.90    72.85     2.00   360.00    24.00     0.00  9999.00  9999.00  9999.00
 00037  1012.80    22.10    57.95     1.00    40.00    14.00     0.00  9999.00  9999.00  9999.00
 00038  1011.00    23.80    45.77     3.00   140.00    18.00     0.00  9999.00  9999.00  9999.00
 00039  1015.70    23.60    70.64     6.00    40.00    11.00     0.00  9999.00  9999.00  9999.00
 00040  1011.00    24.50    69.91     9.00    40.00    14.00     0.00  9999.00  9999.00  9999.00
 00041   822.00     8.90    62.66     4.00    90.00    18.00     0.00  9999.00  9999.00  9999.00
 00042  1014.80    18.40    79.94     2.00    90.00    10.00     0.00  9999.00  9999.00  9999.00
 00043  1011.00    18.90    61.96     2.00   140.00    19.00     0.00  9999.00  9999.00  9999.00
 00044  1005.20    20.20    58.66     1.00   140.00    11.00     0.00  9999.00  9999.00  9999.00
 00045  1011.00    24.50    69.91     9.00    40.00    14.00     0.00  9999.00  9999.00  9999.00
 00046   971.10    20.90    63.63     1.00    70.00    13.00     0.00  9999.00  9999.00  9999.00
 00047  1015.60    20.60    71.94     1.00    40.00    11.00     0.00  9999.00  9999.00  9999.00
 00048   652.20    12.10    22.83     1.00   340.00    27.00     0.00  9999.00  9999.00  9999.00
 00049   604.20     0.50    81.99     4.00   200.00    30.00     0.00  9999.00  9999.00  9999.00
 00050  1010.80    22.40    67.77     6.00    40.00    12.00     0.00  9999.00  9999.00  9999.00
