stn_id       p       t2      rh2      spd      dir      vis    rain6   rain24   tmax24   tmin24 
 00001   967.40    20.26    92.96     2.68   208.76     1.26  9999.00  9999.00  9999.00  9999.00
 00002   996.57    20.05    87.74     3.21   334.30    22.83  9999.00  9999.00  9999.00  9999.00
 00003   904.75    15.70    91.76     2.77    27.17    10.56  9999.00  9999.00  9999.00  9999.00
 00004   837.27    12.50    84.48     0.84   120.33    24.26  9999.00  9999.00  9999.00  9999.00
 00005   872.76    12.04    50.33     1.94    61.75    26.64  9999.00  9999.00  9999.00  9999.00
 00006   883.53    11.60    40.31     2.63   180.53    27.30  9999.00  9999.00  9999.00  9999.00
 00007  1006.39    15.20    67.56     2.62    14.87    25.79  9999.00  9999.00  9999.00  9999.00
 00008   990.70    13.12    71.52     1.38    15.22    26.77  9999.00  9999.00  9999.00  9999.00
 00009   942.07     6.55    62.42     3.27   292.24    33.51  9999.00  9999.00  9999.00  9999.00
 00010   966.88    15.78    71.36     3.29   301.79    30.13  9999.00  9999.00  9999.00  9999.00
 00011   997.48    11.29    77.60     2.03   302.62    27.68  9999.00  9999.00  9999.00  9999.00
 00012  1013.17    19.57    66.43     1.71    26.38    23.47  9999.00  9999.00  9999.00  9999.00
 00013  1006.57    22.80    94.30     3.13    46.53     6.99  9999.00  9999.00  9999.00  9999.00
 00014  1001.81    25.38    87.28     1.51    60.60    25.29  9999.00  9999.00  9999.00  9999.00
 00015   994.01    20.43    94.94     2.34   344.46    13.47  9999.00  9999.00  9999.00  9999.00
 00016   954.65    19.99    81.62     1.40   202.30    24.55  9999.00  9999.00  9999.00  9999.00
 00017   996.03    20.91    94.29     1.83    15.18     2.51  9999.00  9999.00  9999.00  9999.00
 00018  1005.29    22.85    89.84     4.63    39.21    17.55  9999.00  9999.00  9999.00  9999.00
 00019   935.99    18.92    90.07     2.27   243.56    19.33  9999.00  9999.00  9999.00  9999.00
 00020  1008.87    24.59    86.28     3.19   126.39    22.97  9999.00  9999.00  9999.00  9999.00
 00021   884.50    15.84    48.80     3.14   149.25    26.57  9999.00  9999.00  9999.00  9999.00
 00022  1014.88    20.70    60.05     4.18    58.19    21.16  9999.00  9999.00  9999.00  9999.00
 00023   915.49    15.06    90.83     5.37   268.35     4.17  9999.00  9999.00  9999.00  9999.00
 00024   934.42    14.48    66.35     2.50   110.05    25.08  9999.00  9999.00  9999.00  9999.00
 00025   792.35    17.30    95.63     1.76    83.00     8.74  9999.00  9999.00  9999.00  9999.00
 00026  1002.52    25.26    92.47     1.70    39.19    17.34  9999.00  9999.00  9999.00  9999.00
 00027   998.89    24.62    96.24     2.56   334.52    10.13  9999.00  9999.00  9999.00  9999.00
 00028   967.66    24.23    93.73     2.30    31.44    19.49  9999.00  9999.00  9999.00  9999.00
 00029  1001.43    24.48    97.99     1.28   160.95     8.55  9999.00  9999.00  9999.00  9999.00
 00030   987.87    23.83    97.61     2.62   125.35     8.78  9999.00  9999.00  9999.00  9999.00
 00031   576.32     1.64    98.79     0.95   278.34     7.10  9999.00  9999.00  9999.00  9999.00
 00032   973.68    23.66    89.37     1.50   118.51    21.82  9999.00  9999.00  9999.00  9999.00
 00033  1002.69    23.25    99.78     3.32   136.13     0.51  9999.00  9999.00  9999.00  9999.00
 00034  1007.01    28.26    88.55     7.04   205.40    30.68  9999.00  9999.00  9999.00  9999.00
 00035  1002.41    26.56    90.93     2.84   171.26    25.00  9999.00  9999.00  9999.00  9999.00
 00036   776.74    13.55    88.71     2.00     8.00    14.28  9999.00  9999.00  9999.00  9999.00
 00037   964.07    23.67    89.24     1.58   105.50    21.22  9999.00  9999.00  9999.00  9999.00
 00038   991.05    25.01    93.60     1.26   142.68    11.33  9999.00  9999.00  9999.00  9999.00
 00039  1004.63    24.74    94.35     2.19   130.61    21.65  9999.00  9999.00  9999.00  9999.00
 00040  1002.43    25.83    89.03     2.32   162.97    20.36  9999.00  9999.00  9999.00  9999.00
 00041   964.79    24.86    88.09     1.43    27.41    24.05  9999.00  9999.00  9999.00  9999.00
 00042  1005.52    24.42    90.51     4.38    37.07    22.67  9999.00  9999.00  9999.00  9999.00
 00043   996.08    25.88    89.09     1.58    73.49    24.42  9999.00  9999.00  9999.00  9999.00
 00044   978.33    25.51    86.03     0.54   115.82    24.39  9999.00  9999.00  9999.00  9999.00
 00045  1002.43    25.83    89.03     2.32   162.97    20.36  9999.00  9999.00  9999.00  9999.00
 00046   937.85    23.92    89.69     0.76   182.30    18.55  9999.00  9999.00  9999.00  9999.00
 00047   997.38    23.69    93.14     2.49   133.84     8.91  9999.00  9999.00  9999.00  9999.00
 00048   607.48     6.26    85.72     1.21    19.02    25.18  9999.00  9999.00  9999.00  9999.00
 00049   578.73     3.89    97.20     0.73    56.47     9.27  9999.00  9999.00  9999.00  9999.00
 00050   997.09    24.93    90.11     2.08   132.61    10.78  9999.00  9999.00  9999.00  9999.00
