stn_id       p       t2      rh2      spd      dir      vis    rain6   rain24   tmax24   tmin24 
 00001   976.95    17.12    96.74     1.22   238.53    14.71  9999.00  9999.00  9999.00  9999.00
 00002  1002.06    13.60    50.16     3.56   309.89    23.31  9999.00  9999.00  9999.00  9999.00
 00003   909.43     5.74    64.00     1.69   312.70    22.16  9999.00  9999.00  9999.00  9999.00
 00004   840.63     3.23    58.07     0.86   160.06    22.14  9999.00  9999.00  9999.00  9999.00
 00005   875.82     1.81    52.93     1.60   114.71    24.68  9999.00  9999.00  9999.00  9999.00
 00006   886.43     1.89    53.56     3.32   218.82    25.69  9999.00  9999.00  9999.00  9999.00
 00007  1012.22     7.48    39.51     4.48    10.47    25.80  9999.00  9999.00  9999.00  9999.00
 00008   996.25     4.96    39.65     2.67   326.13    28.09  9999.00  9999.00  9999.00  9999.00
 00009   947.30    -4.69    59.54     3.30   283.39    35.25  9999.00  9999.00  9999.00  9999.00
 00010   967.96     9.71    67.17     4.16   293.72    28.17  9999.00  9999.00  9999.00  9999.00
 00011  1001.92     3.86    40.15     3.71   283.03    30.07  9999.00  9999.00  9999.00  9999.00
 00012  1018.52    10.11    67.87     1.29   100.02    23.39  9999.00  9999.00  9999.00  9999.00
 00013  1015.25    16.53    86.01     0.30   157.53    21.10  9999.00  9999.00  9999.00  9999.00
 00014  1011.59    19.81    86.26     1.94    22.09    20.97  9999.00  9999.00  9999.00  9999.00
 00015   998.46    15.12    71.46     3.46    65.30    20.25  9999.00  9999.00  9999.00  9999.00
 00016   962.91    11.72    91.60     1.41    94.48     9.63  9999.00  9999.00  9999.00  9999.00
 00017  1000.88    17.31    54.02     4.29   295.53    20.54  9999.00  9999.00  9999.00  9999.00
 00018  1014.44    16.53    91.06     0.38   115.83    20.66  9999.00  9999.00  9999.00  9999.00
 00019   942.14    16.31    93.97     1.02   273.74    12.69  9999.00  9999.00  9999.00  9999.00
 00020  1017.42    19.44    91.35     1.08    39.35    17.71  9999.00  9999.00  9999.00  9999.00
 00021   892.22     3.75    72.60     1.84   145.62    28.31  9999.00  9999.00  9999.00  9999.00
 00022  1021.12    13.43    42.10     3.17    67.54    21.83  9999.00  9999.00  9999.00  9999.00
 00023   916.93     2.73    67.77     1.47   179.20    23.53  9999.00  9999.00  9999.00  9999.00
 00024   943.92     2.67    56.08     4.31   117.62    25.86  9999.00  9999.00  9999.00  9999.00
 00025   796.99    14.64    93.59     0.54    47.40    16.65  9999.00  9999.00  9999.00  9999.00
 00026  1013.75    18.10    95.52     1.81    27.47     4.29  9999.00  9999.00  9999.00  9999.00
 00027  1010.39    18.11    97.19     2.71   325.43     1.09  9999.00  9999.00  9999.00  9999.00
 00028   978.64    18.57    93.16     2.64     3.33    10.28  9999.00  9999.00  9999.00  9999.00
 00029  1009.29    22.69    95.79     1.65   144.05     0.35  9999.00  9999.00  9999.00  9999.00
 00030   998.21    23.27    91.71     1.78   185.28    26.33  9999.00  9999.00  9999.00  9999.00
 00031   573.96    -6.92    75.74     1.74   213.50    30.52  9999.00  9999.00  9999.00  9999.00
 00032   980.68    20.79    87.28     1.26    91.43    20.04  9999.00  9999.00  9999.00  9999.00
 00033  1011.27    22.65    99.11     2.23    89.22     0.87  9999.00  9999.00  9999.00  9999.00
 00034  1012.89    27.75    82.22     1.86    97.12    21.37  9999.00  9999.00  9999.00  9999.00
 00035  1010.29    24.69    95.73     3.43    71.64     1.98  9999.00  9999.00  9999.00  9999.00
 00036   778.67    10.71    93.90     1.40   322.06     4.97  9999.00  9999.00  9999.00  9999.00
 00037   971.09    20.28    89.53     0.91    71.93    20.02  9999.00  9999.00  9999.00  9999.00
 00038   998.54    21.77    91.19     0.26   158.02    17.45  9999.00  9999.00  9999.00  9999.00
 00039  1011.83    23.32    83.75     5.71    26.03    21.84  9999.00  9999.00  9999.00  9999.00
 00040  1009.91    23.38    82.85     3.44    57.76    22.64  9999.00  9999.00  9999.00  9999.00
 00041   974.06    18.09    92.45     0.57   268.07    20.09  9999.00  9999.00  9999.00  9999.00
 00042  1015.36    17.67    83.62     0.80   154.18    20.94  9999.00  9999.00  9999.00  9999.00
 00043  1006.97    18.42    94.13     2.19    58.61     2.05  9999.00  9999.00  9999.00  9999.00
 00044   988.17    18.99    96.48     0.30    89.94     1.40  9999.00  9999.00  9999.00  9999.00
 00045  1009.91    23.38    82.85     3.44    57.76    22.64  9999.00  9999.00  9999.00  9999.00
 00046   944.48    21.52    81.43     0.85   134.60    21.39  9999.00  9999.00  9999.00  9999.00
 00047  1005.06    20.67    96.60     1.91    90.40     6.67  9999.00  9999.00  9999.00  9999.00
 00048   605.45    -1.56    56.05     1.00   181.76    33.72  9999.00  9999.00  9999.00  9999.00
 00049   578.04    -6.61    91.28     0.40   100.37    17.15  9999.00  9999.00  9999.00  9999.00
 00050  1004.19    22.90    80.75     3.44    21.20    21.59  9999.00  9999.00  9999.00  9999.00
