stn_id       p       t2      rh2      spd      dir      vis    rain6   rain24   tmax24   tmin24 
 00001   980.74    27.40  9999.00     2.00   160.00  9999.00  9999.00  9999.00  9999.00  9999.00
 00002  9999.00    34.70  9999.00     1.00    40.00    30.00  9999.00  9999.00  9999.00  9999.00
 00003   912.86    27.70  9999.00     3.00   250.00    26.00  9999.00  9999.00  9999.00  9999.00
 00004   847.81    23.80  9999.00     6.00   290.00    30.00  9999.00  9999.00  9999.00  9999.00
 00005   882.99    24.60  9999.00     6.00   340.00    30.00  9999.00  9999.00  9999.00  9999.00
 00006   874.94    19.20  9999.00     0.00     0.00    30.00  9999.00  9999.00  9999.00  9999.00
 00007  9999.00    22.40  9999.00     2.00   220.00    30.00  9999.00  9999.00  9999.00  9999.00
 00008  9999.00    18.20  9999.00     2.00   180.00    13.00  9999.00  9999.00  9999.00  9999.00
 00009   956.60    18.60  9999.00     3.00    40.00    30.00  9999.00  9999.00  9999.00  9999.00
 00010   971.67    20.60  9999.00     2.00    70.00    30.00  9999.00  9999.00  9999.00  9999.00
 00011  9999.00    21.20  9999.00     3.00   110.00    30.00  9999.00  9999.00  9999.00  9999.00
 00012  9999.00    31.50  9999.00     3.00   360.00    30.00  9999.00  9999.00  9999.00  9999.00
 00013  1002.87    31.70  9999.00     2.00   250.00    17.00  9999.00  9999.00  9999.00  9999.00
 00014   999.48    31.80  9999.00     2.00   140.00    20.00  9999.00  9999.00  9999.00  9999.00
 00015   980.37    33.10  9999.00     2.00   290.00    30.00  9999.00  9999.00  9999.00  9999.00
 00016   956.56    29.40  9999.00     3.00   270.00    30.00  9999.00  9999.00  9999.00  9999.00
 00017   988.36    34.40  9999.00     2.00   290.00    29.00  9999.00  9999.00  9999.00  9999.00
 00018  1000.39    31.30  9999.00     3.00   200.00    21.00  9999.00  9999.00  9999.00  9999.00
 00019   941.42    27.20  9999.00     1.00    40.00     7.00  9999.00  9999.00  9999.00  9999.00
 00020  1003.03    31.90  9999.00     2.00   250.00    20.00  9999.00  9999.00  9999.00  9999.00
 00021   903.15    29.60  9999.00     1.00   320.00    30.00  9999.00  9999.00  9999.00  9999.00
 00022  9999.00    31.80  9999.00     6.00   360.00    30.00  9999.00  9999.00  9999.00  9999.00
 00023   926.28    32.20  9999.00     3.00   110.00    30.00  9999.00  9999.00  9999.00  9999.00
 00024   955.69    24.90  9999.00     1.00   290.00    27.00  9999.00  9999.00  9999.00  9999.00
 00025   811.90    20.10    53.71     3.00    20.00    30.00  9999.00  9999.00  9999.00  9999.00
 00026  1000.24    30.10  9999.00     3.00   200.00    12.00  9999.00  9999.00  9999.00  9999.00
 00027   997.91    30.00  9999.00     1.00   160.00    16.00  9999.00  9999.00  9999.00  9999.00
 00028   976.19    27.20  9999.00     1.00   220.00    11.00  9999.00  9999.00  9999.00  9999.00
 00029  1000.50    30.40  9999.00     1.00   160.00    30.00  9999.00  9999.00  9999.00  9999.00
 00030   989.66    25.40  9999.00     4.00    70.00     6.00  9999.00  9999.00  9999.00  9999.00
 00031   626.20    15.50    26.79     2.00    90.00    30.00  9999.00  9999.00  9999.00  9999.00
 00032   995.89    27.80  9999.00     2.00   250.00    28.00  9999.00  9999.00  9999.00  9999.00
 00033  1003.21    31.40  9999.00     2.00   290.00    30.00  9999.00  9999.00  9999.00  9999.00
 00034  1004.90    32.50  9999.00     4.00   220.00    30.00  9999.00  9999.00  9999.00  9999.00
 00035  1002.20    33.50  9999.00     3.00   290.00    30.00  9999.00  9999.00  9999.00  9999.00
 00036   841.10    21.80    47.69     1.00   180.00    30.00  9999.00  9999.00  9999.00  9999.00
 00037  1000.04    27.70  9999.00     0.00   180.00    18.00  9999.00  9999.00  9999.00  9999.00
 00038  1002.14    31.50  9999.00     1.00   180.00    13.00  9999.00  9999.00  9999.00  9999.00
 00039  1003.06    28.00  9999.00     2.00   200.00    10.00  9999.00  9999.00  9999.00  9999.00
 00040   999.37    30.70  9999.00     4.00   180.00    20.00  9999.00  9999.00  9999.00  9999.00
 00041   814.10    18.80    74.93     1.00    70.00    12.00  9999.00  9999.00  9999.00  9999.00
 00042  1002.19    31.00  9999.00     3.00   220.00    24.00  9999.00  9999.00  9999.00  9999.00
 00043  1002.62    29.60  9999.00     1.00   290.00    14.00  9999.00  9999.00  9999.00  9999.00
 00044   997.63    28.20  9999.00     1.00   220.00    29.00  9999.00  9999.00  9999.00  9999.00
 00045   999.37    30.70  9999.00     4.00   180.00    20.00  9999.00  9999.00  9999.00  9999.00
 00046   962.98    26.50  9999.00     2.00    90.00    13.00  9999.00  9999.00  9999.00  9999.00
 00047  1001.37    28.90  9999.00     2.00    40.00     4.40  9999.00  9999.00  9999.00  9999.00
 00048   653.30    19.90    26.81     3.00   290.00    24.00  9999.00  9999.00  9999.00  9999.00
 00049   602.80     8.20    71.05     2.00   270.00    30.00  9999.00  9999.00  9999.00  9999.00
 00050  1003.16    28.50  9999.00     2.00   290.00    13.00  9999.00  9999.00  9999.00  9999.00
