stn_id       p       t2      rh2      spd      dir      vis    rain6   rain24   tmax24   tmin24 
 00001   989.43    17.10    75.68     1.00    70.00  9999.00  9999.00  9999.00  9999.00  9999.00
 00002  1015.02     4.10    28.66     3.00   140.00    24.00  9999.00  9999.00  9999.00  9999.00
 00003   932.89     2.60    23.39     1.00    20.00    30.00  9999.00  9999.00  9999.00  9999.00
 00004   866.92     0.90    22.15     4.00   250.00    30.00  9999.00  9999.00  9999.00  9999.00
 00005   905.00    -7.80    44.60     1.00   110.00    28.00  9999.00  9999.00  9999.00  9999.00
 00006   893.53    -7.70    82.80     3.00   360.00     2.20  9999.00  9999.00  9999.00  9999.00
 00007  1019.37    -6.50    38.14     3.00   220.00    30.00  9999.00  9999.00  9999.00  9999.00
 00008   994.03   -13.70    52.20     4.00   250.00    10.00  9999.00  9999.00  9999.00  9999.00
 00009   967.34   -15.50    58.72     5.00   320.00    15.00  9999.00  9999.00  9999.00  9999.00
 00010   987.57    -9.60    37.25     8.00   290.00    27.00  9999.00  9999.00  9999.00  9999.00
 00011  1002.16   -14.30    63.73     3.00   250.00     6.00  9999.00  9999.00  9999.00  9999.00
 00012  1021.60     1.40    19.27     3.00   220.00    30.00  9999.00  9999.00  9999.00  9999.00
 00013  1025.05    13.90    42.74     3.00    90.00  9999.00  9999.00  9999.00  9999.00  9999.00
 00014  1020.20    17.40    42.82     1.00   110.00    12.00  9999.00  9999.00  9999.00  9999.00
 00015  1005.86     6.40    23.12     1.00   340.00    30.00  9999.00  9999.00  9999.00  9999.00
 00016   971.15     7.80    34.87     2.00    70.00    18.00  9999.00  9999.00  9999.00  9999.00
 00017  1011.91    10.60    33.88     2.00   160.00    10.00  9999.00  9999.00  9999.00  9999.00
 00018  1022.43    14.60    44.82     2.00    90.00     8.00  9999.00  9999.00  9999.00  9999.00
 00019   950.49    15.50    59.94     1.00    20.00     6.00  9999.00  9999.00  9999.00  9999.00
 00020  1024.51    14.60    61.83     3.00   360.00    10.00  9999.00  9999.00  9999.00  9999.00
 00021   919.23    -3.50    92.74     2.00   220.00     0.70  9999.00  9999.00  9999.00  9999.00
 00022  1026.29     2.50    20.50     3.00   220.00    27.00  9999.00  9999.00  9999.00  9999.00
 00023   937.29     1.90    78.65     3.00   220.00    30.00  9999.00  9999.00  9999.00  9999.00
 00024   972.03    -3.60    94.86     1.00   290.00  9999.00  9999.00  9999.00  9999.00  9999.00
 00025   817.30    14.30    69.81     2.00   200.00     8.00  9999.00  9999.00  9999.00  9999.00
 00026  1018.16    16.80    60.67     2.00    90.00     7.00  9999.00  9999.00  9999.00  9999.00
 00027  1015.19    17.20    64.98     2.00   160.00     7.00  9999.00  9999.00  9999.00  9999.00
 00028   993.26    10.50    98.01     1.00   180.00     2.90  9999.00  9999.00  9999.00  9999.00
 00029  1016.33    22.80    49.63     2.00    40.00    30.00  9999.00  9999.00  9999.00  9999.00
 00030  1005.67    23.70    57.94     3.00    90.00    11.00  9999.00  9999.00  9999.00  9999.00
 00031   628.80     0.30    13.65     1.00   250.00    30.00  9999.00  9999.00  9999.00  9999.00
 00032  1013.55    21.70    52.74     2.00   180.00    10.00  9999.00  9999.00  9999.00  9999.00
 00033  1017.29    24.70    67.78     3.00    70.00    10.00  9999.00  9999.00  9999.00  9999.00
 00034  1014.60    27.90    69.64     4.00    40.00    16.00  9999.00  9999.00  9999.00  9999.00
 00035  1016.07    26.10    64.71     2.00    70.00    10.00  9999.00  9999.00  9999.00  9999.00
 00036   844.70    13.10    62.75     1.00   340.00    11.00  9999.00  9999.00  9999.00  9999.00
 00037  1017.56    21.60    55.96     3.00   180.00    11.00  9999.00  9999.00  9999.00  9999.00
 00038  1018.40    22.00    52.82     1.00   200.00    12.00  9999.00  9999.00  9999.00  9999.00
 00039  1019.22    21.30    68.00     6.00    40.00    11.00  9999.00  9999.00  9999.00  9999.00
 00040  1014.39    23.40    49.78     8.00    40.00    14.00  9999.00  9999.00  9999.00  9999.00
 00041   821.60     9.70    18.61     3.00   290.00    28.00  9999.00  9999.00  9999.00  9999.00
 00042  1023.86    15.20    45.95     2.00   110.00     9.00  9999.00  9999.00  9999.00  9999.00
 00043  1020.87    13.10    96.13     2.00   320.00     3.20  9999.00  9999.00  9999.00  9999.00
 00044  1015.10    17.10    56.75     3.00   360.00    11.00  9999.00  9999.00  9999.00  9999.00
 00045  1014.39    23.40    49.78     8.00    40.00    14.00  9999.00  9999.00  9999.00  9999.00
 00046   978.71    18.20    54.75     1.00   360.00    12.00  9999.00  9999.00  9999.00  9999.00
 00047  1020.40    20.40    45.79     3.00    70.00     8.00  9999.00  9999.00  9999.00  9999.00
 00048   657.10     4.80    22.74     2.00    40.00    16.00  9999.00  9999.00  9999.00  9999.00
 00049   604.70     0.30    39.66     1.00   180.00    30.00  9999.00  9999.00  9999.00  9999.00
 00050  1019.62    21.40    60.90    10.00    70.00    12.00  9999.00  9999.00  9999.00  9999.00
