stn_id       p       t2      rh2      spd      dir      vis    rain6   rain24   tmax24   tmin24 
 00001   982.20    19.10    63.67     2.00    40.00     4.10  9999.00  9999.00  9999.00  9999.00
 00002  1011.45     5.20    34.90     2.00   110.00    19.00  9999.00  9999.00  9999.00  9999.00
 00003   929.09     6.50    21.16     1.00   160.00    30.00  9999.00  9999.00  9999.00  9999.00
 00004   866.92     0.30    24.70     3.00   320.00    25.00  9999.00  9999.00  9999.00  9999.00
 00005   909.24    -8.10    48.28     7.00   360.00    30.00  9999.00  9999.00  9999.00  9999.00
 00006   901.40   -15.10    72.66     3.00   320.00    30.00  9999.00  9999.00  9999.00  9999.00
 00007  1017.68    -6.90    42.78     1.00   160.00    30.00  9999.00  9999.00  9999.00  9999.00
 00008   993.83   -12.70    48.11     4.00   250.00    11.00  9999.00  9999.00  9999.00  9999.00
 00009   968.11   -17.50    70.13     2.00   320.00    30.00  9999.00  9999.00  9999.00  9999.00
 00010   989.81   -10.90    50.02     4.00   270.00    19.00  9999.00  9999.00  9999.00  9999.00
 00011  1002.85   -16.20    65.79     2.00   220.00    10.00  9999.00  9999.00  9999.00  9999.00
 00012  1018.01     2.10    24.25     1.00   180.00    24.00  9999.00  9999.00  9999.00  9999.00
 00013  1021.55    13.40    41.98     2.00   110.00     7.00  9999.00  9999.00  9999.00  9999.00
 00014  1017.61    16.50    30.79     2.00    40.00    13.00  9999.00  9999.00  9999.00  9999.00
 00015  9999.00  9999.00  9999.00  9999.00  9999.00  9999.00  9999.00  9999.00  9999.00  9999.00
 00016   967.50    11.10    31.78     2.00   270.00    16.00  9999.00  9999.00  9999.00  9999.00
 00017  1005.48    11.80    29.88     1.00   160.00    16.00  9999.00  9999.00  9999.00  9999.00
 00018  1017.14    14.90    32.90     2.00    90.00    13.00  9999.00  9999.00  9999.00  9999.00
 00019   945.58    17.60    57.64     2.00    20.00     7.00  9999.00  9999.00  9999.00  9999.00
 00020  1022.71    13.30    62.82     3.00    90.00    15.00  9999.00  9999.00  9999.00  9999.00
 00021   918.04     2.20    73.09     2.00    40.00     3.40  9999.00  9999.00  9999.00  9999.00
 00022  1022.19     3.20    20.63     1.00   220.00    30.00  9999.00  9999.00  9999.00  9999.00
 00023   935.98     9.30    61.00     1.00   110.00    30.00  9999.00  9999.00  9999.00  9999.00
 00024   972.22    -1.70    88.77     3.00   110.00    13.00  9999.00  9999.00  9999.00  9999.00
 00025  9999.00  9999.00  9999.00  9999.00  9999.00  9999.00  9999.00  9999.00  9999.00  9999.00
 00026  1013.68    17.20    58.74     1.00    90.00    14.00  9999.00  9999.00  9999.00  9999.00
 00027  1009.83    19.60    49.80     1.00   160.00     8.00  9999.00  9999.00  9999.00  9999.00
 00028   986.34    15.90    74.00     2.00   110.00     8.00  9999.00  9999.00  9999.00  9999.00
 00029  1012.95    24.60    47.52     1.00    90.00    30.00  9999.00  9999.00  9999.00  9999.00
 00030  1001.61    23.80    53.61     2.00   110.00    15.00  9999.00  9999.00  9999.00  9999.00
 00031   625.40     7.20    12.54     6.00   220.00    30.00  9999.00  9999.00  9999.00  9999.00
 00032  1012.16    19.50    43.70     2.00    70.00    15.00  9999.00  9999.00  9999.00  9999.00
 00033  1014.79    23.50    74.76     4.00    70.00    10.00  9999.00  9999.00  9999.00  9999.00
 00034  1012.30    25.60    89.70     4.00    40.00     9.00  9999.00  9999.00  9999.00  9999.00
 00035  1013.77    25.50    69.65     2.00    70.00    15.00  9999.00  9999.00  9999.00  9999.00
 00036   837.50    20.90    36.81     4.00   180.00    30.00  9999.00  9999.00  9999.00  9999.00
 00037  1016.36    19.90    36.83     3.00   110.00    17.00  9999.00  9999.00  9999.00  9999.00
 00038  1015.21    23.70    41.65     3.00   140.00    16.00  9999.00  9999.00  9999.00  9999.00
 00039  1017.13    20.20    64.76     8.00    40.00    11.00  9999.00  9999.00  9999.00  9999.00
 00040  1012.20    21.10    69.74    10.00    70.00    11.00  9999.00  9999.00  9999.00  9999.00
 00041   819.40     6.20    35.74     5.00   200.00    25.00  9999.00  9999.00  9999.00  9999.00
 00042  1019.47    14.60    41.72     4.00    70.00     8.00  9999.00  9999.00  9999.00  9999.00
 00043  1015.88    18.20    52.92     2.00    20.00    15.00  9999.00  9999.00  9999.00  9999.00
 00044  1011.23    19.30    36.92     1.00    20.00    18.00  9999.00  9999.00  9999.00  9999.00
 00045  1012.20    21.10    69.74    10.00    70.00    11.00  9999.00  9999.00  9999.00  9999.00
 00046   975.82    21.50    42.76     2.00   360.00    15.00  9999.00  9999.00  9999.00  9999.00
 00047  1019.01    17.20    48.82     3.00   110.00    15.00  9999.00  9999.00  9999.00  9999.00
 00048   652.70    10.30    19.70     3.00   140.00    30.00  9999.00  9999.00  9999.00  9999.00
 00049   602.50     2.20    30.21     5.00   250.00    30.00  9999.00  9999.00  9999.00  9999.00
 00050  1017.62    19.70    60.92     9.00    40.00    14.00  9999.00  9999.00  9999.00  9999.00
