stn_id       p       t2      rh2      spd      dir      vis    rain6   rain24   tmax24   tmin24 
 00001   994.00     5.41    80.61     0.62   221.63    21.82     0.00  9999.00  9999.00  9999.00
 00002  1016.85   -21.20    90.30     2.95   272.15    26.60     0.00  9999.00  9999.00  9999.00
 00003   916.65   -24.77    97.18     0.76   304.85    24.92     0.00  9999.00  9999.00  9999.00
 00004   841.22   -19.21    95.43     1.64   272.54    11.49     0.24  9999.00  9999.00  9999.00
 00005   881.29   -27.34    98.55     1.72   182.63    28.37     0.02  9999.00  9999.00  9999.00
 00006   892.37   -22.68    86.14     3.10   253.04    31.10     0.00  9999.00  9999.00  9999.00
 00007  1026.11   -18.07    74.16     2.81   157.92    37.08     0.00  9999.00  9999.00  9999.00
 00008  1007.10   -16.48    81.01     3.25   236.22    42.05     0.00  9999.00  9999.00  9999.00
 00009   955.93   -30.27    98.76     2.12   217.14    52.73     0.00  9999.00  9999.00  9999.00
 00010   981.50   -18.10    77.72     4.08   280.63    41.73     0.00  9999.00  9999.00  9999.00
 00011  1013.42   -23.54    99.95     3.93   209.86    46.02     0.00  9999.00  9999.00  9999.00
 00012  1033.78   -19.49    89.77     1.33   276.62    28.73     0.00  9999.00  9999.00  9999.00
 00013  1036.73    -7.28    52.82     2.30   261.25    21.88     0.00  9999.00  9999.00  9999.00
 00014  1032.93    -9.40    74.38     1.79   273.39    21.64     0.00  9999.00  9999.00  9999.00
 00015  1017.23   -15.99    77.86     2.93   204.61    23.31     0.00  9999.00  9999.00  9999.00
 00016   975.54    -9.29    61.72     0.93   175.62    22.88     0.00  9999.00  9999.00  9999.00
 00017  1019.01   -10.55    70.93     3.79   265.35    22.18     0.00  9999.00  9999.00  9999.00
 00018  1035.45    -5.57    48.45     0.65   207.60    21.16     0.00  9999.00  9999.00  9999.00
 00019   956.30     3.26    90.49     0.81   279.67    21.11     0.36  9999.00  9999.00  9999.00
 00020  1037.75    -4.05    37.77     4.89   298.76    21.89     0.00  9999.00  9999.00  9999.00
 00021   901.84   -12.46    78.43     2.64   163.04    27.90     0.01  9999.00  9999.00  9999.00
 00022  1037.22   -16.70    79.36     1.70   253.59    26.73     0.00  9999.00  9999.00  9999.00
 00023   922.82    -6.07    65.77     4.12   122.47    35.23     0.00  9999.00  9999.00  9999.00
 00024   959.88   -13.34    76.32     6.23   116.99    28.47     0.00  9999.00  9999.00  9999.00
 00025   803.58     3.11    84.60     1.83   102.99    14.82     0.08  9999.00  9999.00  9999.00
 00026  1034.40    -5.07    59.12     3.80   243.59    19.93     0.00  9999.00  9999.00  9999.00
 00027  1030.82    -4.61    68.62     2.12   334.25    19.59     0.00  9999.00  9999.00  9999.00
 00028   997.59    -3.45    76.38     1.24   110.15    18.74     0.00  9999.00  9999.00  9999.00
 00029  1025.86     4.61    37.25     5.28     4.29    17.07     0.04  9999.00  9999.00  9999.00
 00030  1016.64     3.80    51.98     3.69     9.37    22.18     0.00  9999.00  9999.00  9999.00
 00031   578.06    -5.42     7.04     1.17   236.67    35.43     0.00  9999.00  9999.00  9999.00
 00032   994.56     0.91    41.96     3.14   324.34    18.49     0.01  9999.00  9999.00  9999.00
 00033  1024.80    12.72    83.08     9.70     3.84     6.97     0.46  9999.00  9999.00  9999.00
 00034  1017.76    25.33    86.20    14.85    41.05     9.05     2.88  9999.00  9999.00  9999.00
 00035  1022.72    14.75    78.34     6.80     8.72    13.23     0.32  9999.00  9999.00  9999.00
 00036   784.71     1.63    80.99     1.09    37.10    17.15     0.23  9999.00  9999.00  9999.00
 00037   984.59    -0.61    52.39     2.49   325.33    18.42     0.00  9999.00  9999.00  9999.00
 00038  1012.11     6.74    40.16     3.19   324.46    20.27     0.00  9999.00  9999.00  9999.00
 00039  1025.13     9.87    70.10    11.37    77.56    17.42     0.73  9999.00  9999.00  9999.00
 00040  1022.59    10.20    48.23     8.68    51.82    20.84     0.00  9999.00  9999.00  9999.00
 00041   991.02    -8.87    66.74     1.29    38.48    19.98     0.00  9999.00  9999.00  9999.00
 00042  1037.28    -7.39    63.67     1.77   208.16    21.38     0.00  9999.00  9999.00  9999.00
 00043  1027.27    -5.54    60.33     1.98    19.19    20.02     0.00  9999.00  9999.00  9999.00
 00044  1005.59    -5.58    61.67     1.90    73.04    19.74     0.00  9999.00  9999.00  9999.00
 00045  1022.59    10.20    48.23     8.68    51.82    20.84     0.00  9999.00  9999.00  9999.00
 00046   957.71    -4.55    79.64     1.89    13.71    19.20     0.00  9999.00  9999.00  9999.00
 00047  1022.50     0.02    57.82     5.59   322.46    20.06     0.00  9999.00  9999.00  9999.00
 00048   611.15   -12.43    53.73     1.49   179.61    37.35     0.00  9999.00  9999.00  9999.00
 00049   580.76    -9.41    22.90     1.42    22.46    28.25     0.00  9999.00  9999.00  9999.00
 00050  1017.55     5.72    47.99     6.18   326.68    19.38     0.07  9999.00  9999.00  9999.00
