stn_id       p       t2      rh2      spd      dir      vis    rain6   rain24   tmax24   tmin24 
 00001   963.21    22.59    82.21     1.85   146.95    26.37     0.00     0.00    28.52    21.18
 00002   985.04    25.44    39.09     2.41   122.82    22.63     0.00     0.09    31.50    17.92
 00003   895.88    20.77    32.62     2.20    41.91    21.74     0.00     0.02    26.71    12.11
 00004   830.68    13.71    50.84     2.50    50.40    20.07     0.00     0.00    20.83     7.68
 00005   865.42    19.80    29.37     2.79    27.40    19.54     0.00     0.00    24.66     9.57
 00006   876.25    19.54    28.07     2.39    78.86    18.76     0.00     0.00    23.30     8.09
 00007   993.32    17.82    87.53     2.12   179.14    19.96     0.58     0.92    22.44    13.92
 00008   979.03    17.41    78.04     1.59    70.37    23.03     0.65     3.32    21.80    12.69
 00009   937.34    20.10    73.48     1.99   216.47    37.19     0.00     0.00    28.78     9.57
 00010   958.03    15.24    88.03     1.38   128.71    24.93     0.01     0.40    21.61    12.88
 00011   986.57    20.90    55.97     0.69   299.75    24.92     0.00     0.48    22.95    13.21
 00012   999.69    27.40    27.54     3.54    56.65    20.38     0.00     0.53    31.43    17.74
 00013   999.66    25.19    80.65     1.71   104.61    26.23     0.00     0.00    29.85    18.43
 00014   997.10    23.63    90.65     2.92    75.70    26.53     0.00     0.00    29.61    20.02
 00015   985.60    22.66    59.22     1.66    90.17    21.44     1.10     7.91    28.87    17.22
 00016   945.28    23.28    82.14     1.83   210.80    23.95     0.00     1.83    27.16    17.01
 00017   986.93    24.67    66.86     1.85    58.99    24.46     0.00     2.31    29.80    17.88
 00018   998.39    25.85    77.51     1.77    75.64    26.28     0.39     0.39    30.93    19.45
 00019   928.02    26.33    54.24     2.18   154.57    27.09     0.00     0.00    31.15    19.40
 00020  1003.82    21.70    94.86     3.54   112.95    22.63     0.10     0.45    26.95    19.14
 00021   889.76    18.18    68.02     3.78   329.08    22.50     1.77     1.95    32.86    17.86
 00022  1002.55    24.59    45.33     2.45   133.41    20.11     0.01     2.97    29.85    17.17
 00023   915.80    24.15    19.44     4.09   298.62    24.34     0.00     4.87    24.82    14.02
 00024   937.94    24.41    21.41     8.05   289.26    25.98     0.00     2.08    25.42    15.55
 00025   791.67    18.58    86.27     1.02    47.86    23.22     8.00    17.66    22.05    16.14
 00026   997.21    27.79    76.91     1.22   323.26    27.66     0.00     0.00    31.65    21.23
 00027   993.58    30.22    72.21     1.13   251.37    27.71     0.00     0.00    33.02    24.48
 00028   965.94    24.62    72.87     1.54   266.33    26.42     0.00     0.00    29.62    23.84
 00029   997.16    27.88    86.72     2.08   151.22    26.42     0.99     1.43    32.35    24.52
 00030   985.63    29.57    79.54     3.11   142.09    31.90     0.01     0.16    33.62    24.22
 00031   569.60    15.83    18.62     4.29   222.09    22.45     0.12     0.59    18.16     2.43
 00032   968.92    22.49    97.61     1.13   107.56     1.99     0.01     0.05    28.18    20.26
 00033  1000.07    23.50    98.19     1.98   235.75     0.83     0.31    53.87    24.64    20.96
 00034  1004.16    28.35    89.19     6.31   221.00    32.70     0.00     0.14    28.67    28.29
 00035   999.44    27.11    87.99     1.83   267.17     9.77     1.16     9.42    28.50    25.18
 00036   773.97    13.22    79.23     0.54   251.82    23.34     1.23     5.84    14.59    11.10
 00037   959.38    23.10    95.60     1.18    95.46    10.81     0.03     0.05    29.14    20.47
 00038   986.51    25.00    92.75     0.97   118.20    25.50     0.00     0.01    31.00    21.97
 00039   999.84    24.31    93.22     1.76    59.61    24.31     0.00     0.01    26.16    22.73
 00040   997.93    25.59    95.14     1.28   136.73    26.07     0.03     0.26    28.77    24.07
 00041   959.41    26.82    69.63     0.78   119.11    26.29     0.55     0.55    31.15    18.67
 00042   999.28    26.07    79.11     2.51    61.69    26.59     0.00     0.00    31.08    19.76
 00043   991.19    27.66    80.79     1.60    30.59    28.09     0.00     0.00    32.46    20.90
 00044   973.27    28.33    71.40     0.56   211.25    25.67     0.00     0.00    31.29    20.56
 00045   997.93    25.59    95.14     1.28   136.73    26.07     0.03     0.26    28.77    24.07
 00046   933.36    25.83    79.43     0.93   231.41    25.41     0.02     0.29    29.79    20.19
 00047   992.92    22.51    96.91     0.87    81.81     7.42     0.02     0.04    26.35    21.67
 00048   600.34    15.47    38.69     1.33   136.66    26.17     0.63     2.25    17.55     4.43
 00049   576.01     5.63    81.24     2.59   201.78    20.56     0.09     0.59     9.59     0.55
 00050   992.26    23.75    94.93     0.93    95.35    23.76     0.01     0.01    28.55    21.74
