stn_id       p       t2      rh2      spd      dir      vis    rain6   rain24   tmax24   tmin24 
 00001   983.06    12.47    90.28     0.97    99.53    23.32     0.00     0.00    21.04    10.72
 00002  1006.83     7.83    67.70     1.89   273.87    23.16     0.00     0.00    17.55     4.71
 00003   913.50     2.59    75.20     0.81   306.47    22.07     0.00     0.00    14.24    -0.30
 00004   843.02     1.57    62.59     1.09   201.95    22.09     0.00     0.00     7.24    -1.68
 00005   878.47     1.41    59.90     0.99   110.50    24.82     0.00     0.00    11.91    -1.63
 00006   887.54     2.47    51.48     4.54   223.22    25.91     0.00     0.00     9.40    -1.24
 00007  1014.59     3.04    53.47     1.20   332.67    25.57     0.00     0.00    10.07    -0.58
 00008   995.73     0.74    52.83     3.05   278.69    27.50     0.00     0.82     6.76    -3.17
 00009   941.59    -2.17    52.37     1.68   221.77    33.55     0.00     0.00     0.23    -7.13
 00010   970.55     0.57    54.36     5.45   296.65    27.62     0.01     1.85     8.00    -2.21
 00011  1000.62    -0.26    56.98     3.73   267.97    29.18     0.00     0.06     5.59    -3.24
 00012  1022.83     5.87    67.26     1.68    77.15    23.30     0.00     0.00    17.14     3.14
 00013  1024.55    12.00    78.13     1.24   252.86    21.77     0.00     0.00    19.39     8.11
 00014  1020.56    12.82    74.14     1.83   336.08    22.11     0.00     0.35    15.82     8.38
 00015  1007.27    11.07    39.78     2.62   192.22    20.23     0.00     0.00    15.98     6.77
 00016   966.76     6.20    89.00     0.69   163.65    21.40     0.00     0.00    17.55     4.21
 00017  1009.17     8.78    79.70     1.15   270.48    20.88     0.00     0.00    17.12     5.10
 00018  1023.65    10.38    66.43     0.84    34.53    21.28     0.00     0.00    19.99     6.55
 00019   946.80    14.04    79.20     1.00    31.30    26.15     0.05     0.06    19.96    12.93
 00020  1025.90    14.68    68.04     2.74   336.18    21.17     0.00     0.09    18.73    11.31
 00021   893.33     2.47    54.72     2.68   155.77    26.90     0.00     0.00    15.16     2.46
 00022  1025.49     8.79    58.91     1.32   242.80    21.68     0.00     0.00    16.41     4.81
 00023   918.84     4.16    59.01     1.21   214.78    22.34     0.00     0.00    18.63     3.60
 00024   944.55     3.51    68.67     3.96   118.72    24.67     0.00     0.00    13.35     0.96
 00025   802.82     7.11    92.77     1.44    71.12    23.95     0.00     0.06    16.44     6.38
 00026  1022.14    13.07    66.41     3.59    12.66    21.92     0.00     0.02    17.83    10.93
 00027  1018.12    13.53    82.45     1.84   351.79    21.86     0.00     0.00    20.40    11.20
 00028   986.76    12.45    89.42     2.07   112.24    21.29     0.00     0.00    19.92    10.11
 00029  1014.64    17.03    81.67     4.21    14.89    10.05     0.36     1.48    24.64    17.03
 00030  1004.91    18.35    62.37     4.08     8.39    27.41     0.00    10.32    19.15    17.05
 00031   574.66    -7.54    79.38     1.60   215.08    27.01     0.00     0.01     4.80    -7.97
 00032   987.05    13.85    85.36     2.08    41.01     9.93     1.32    16.18    22.72    13.63
 00033  1013.69    20.17    92.94     7.64    19.42     1.02    36.21    67.11    24.26    19.60
 00034  1013.81    26.74    89.49     5.90    43.77    22.48     0.55     1.03    28.19    26.69
 00035  1012.46    24.22    94.40     4.99    58.36    11.32     2.39    17.00    29.83    23.85
 00036   782.85     8.10    76.16     0.18    82.10    23.86     0.00     0.00     9.62     5.60
 00037   977.06    14.29    91.35     1.39    62.74    14.02     1.28    15.36    22.28    14.15
 00038  1002.91    19.39    88.85     1.29    71.99    18.72     0.15     8.59    25.73    19.21
 00039  1017.51    18.74    77.11    12.10    30.41    18.97     0.04     9.52    24.87    18.77
 00040  1013.97    20.57    75.57     8.58    44.61    24.29     0.00     3.78    26.73    20.32
 00041   981.70     9.88    69.12     1.12    30.07    20.94     0.00     0.05    14.62     5.67
 00042  1024.76    11.09    74.48     0.18   173.61    21.71     0.00     0.01    19.37     7.32
 00043  1015.17    13.17    68.41     3.09    28.37    22.36     0.00     0.83    17.02    11.22
 00044   995.60    12.70    78.03     1.63    46.09    21.46     0.00     2.01    17.41     8.66
 00045  1013.97    20.57    75.57     8.58    44.61    24.29     0.00     3.78    26.73    20.32
 00046   949.86    13.58    92.12     2.96    46.58    22.28     1.70    15.13    20.42    13.04
 00047  1012.87    16.32    65.44     4.76   168.90    21.55     0.07     4.07    21.53    16.10
 00048   606.69    -5.88    78.33     1.12   174.84    32.26     0.00     0.41     5.48    -6.68
 00049   578.83    -8.42    85.79     0.48    85.80    28.41     0.07     0.57     1.03    -8.37
 00050  1010.20    16.49    76.88     6.54    26.47     7.93     0.18    26.45    27.24    16.55
