stn_id       p       t2      rh2      spd      dir      vis    rain6   rain24   tmax24   tmin24 
 00001   968.45    19.30    96.96     0.84   242.79     8.30     3.14  9999.00  9999.00  9999.00
 00002   990.19    20.12    53.59     3.15   227.14    21.77     0.00  9999.00  9999.00  9999.00
 00003   902.97    11.24    84.34     1.64   212.73    20.85     0.00  9999.00  9999.00  9999.00
 00004   836.26     8.03    89.10     2.22   229.14    19.30     0.00  9999.00  9999.00  9999.00
 00005   871.07    11.08    49.58     3.17    15.12    19.01     0.00  9999.00  9999.00  9999.00
 00006   882.33     9.31    58.63     2.26   281.75    18.57    -0.00  9999.00  9999.00  9999.00
 00007   997.81    14.14    64.29     2.79   233.73    20.68     0.00  9999.00  9999.00  9999.00
 00008   980.91    11.52    81.09     1.87   334.07    22.56     0.10  9999.00  9999.00  9999.00
 00009   940.76     8.32    75.01     2.13   286.30    37.14     0.00  9999.00  9999.00  9999.00
 00010   956.91    11.91    79.67     4.34   282.13    23.59     0.73  9999.00  9999.00  9999.00
 00011   986.91    11.15    86.82     2.79   313.52    24.76     0.07  9999.00  9999.00  9999.00
 00012  1005.55    20.04    55.92     1.93   249.72    19.94     0.01  9999.00  9999.00  9999.00
 00013  1008.71    20.77    64.49     3.64   103.67    25.45     0.00  9999.00  9999.00  9999.00
 00014  1005.23    18.89    93.38     1.52    60.08    26.10     0.00  9999.00  9999.00  9999.00
 00015   993.44    19.65    64.60     2.93   222.56    20.63     0.00  9999.00  9999.00  9999.00
 00016   955.58    14.32    94.88     1.18   128.17    15.22     3.28  9999.00  9999.00  9999.00
 00017   996.50    15.79    83.92     3.34   315.99    21.88     4.58  9999.00  9999.00  9999.00
 00018  1006.65    22.27    68.11     2.90    81.85    25.51     0.00  9999.00  9999.00  9999.00
 00019   934.04    17.79    91.50     0.64   231.42    23.00     0.54  9999.00  9999.00  9999.00
 00020  1012.04    17.84    92.59     1.80    96.47    23.54     0.00  9999.00  9999.00  9999.00
 00021   892.11    14.10    33.24     2.36   178.58    26.25     0.00  9999.00  9999.00  9999.00
 00022  1008.71    20.77    55.48     2.91   222.07    19.52     0.00  9999.00  9999.00  9999.00
 00023   919.10    15.07    27.58     2.37   164.63    24.77     0.00  9999.00  9999.00  9999.00
 00024   945.61    15.72    40.70     1.51    79.77    26.53     0.00  9999.00  9999.00  9999.00
 00025   794.19    18.56    77.87     2.71   181.49    26.03     0.00  9999.00  9999.00  9999.00
 00026  1004.85    22.64    90.96     1.54   307.22    27.45    -0.00  9999.00  9999.00  9999.00
 00027  1001.60    22.61    84.17     3.00   340.13    27.36     0.00  9999.00  9999.00  9999.00
 00028   970.18    22.79    91.51     1.66   102.76    23.52     0.20  9999.00  9999.00  9999.00
 00029  1003.83    26.15    95.96     1.82   101.24    24.61     2.06  9999.00  9999.00  9999.00
 00030   991.81    26.20    86.98     2.19   151.60    31.79     0.00  9999.00  9999.00  9999.00
 00031   574.99     0.67    57.09     2.24   203.80    23.40    -0.00  9999.00  9999.00  9999.00
 00032   976.23    19.47    91.35     1.25   258.34    22.87     0.00  9999.00  9999.00  9999.00
 00033  1005.51    22.99    97.71     4.22   148.53     0.70     0.00  9999.00  9999.00  9999.00
 00034  1008.08    28.08    91.54     2.49   173.24    31.58     0.15  9999.00  9999.00  9999.00
 00035  1005.06    27.44    90.99     2.05   159.93    30.28     0.00  9999.00  9999.00  9999.00
 00036   773.38    16.86    86.29     1.21    68.13    23.02     0.01  9999.00  9999.00  9999.00
 00037   966.70    19.46    90.96     0.90   105.56    22.89     0.00  9999.00  9999.00  9999.00
 00038   993.12    24.75    94.20     0.87   164.64    25.86     0.74  9999.00  9999.00  9999.00
 00039  1006.55    24.77    79.38     5.94    28.05    24.73     0.00  9999.00  9999.00  9999.00
 00040  1004.24    25.30    93.70     3.94    42.42    25.55     1.52  9999.00  9999.00  9999.00
 00041   966.71    20.45    90.30     1.20   117.79    25.90    -0.00  9999.00  9999.00  9999.00
 00042  1007.55    21.48    65.70     3.49    84.75    25.92     0.00  9999.00  9999.00  9999.00
 00043   998.64    22.38    92.70     1.13   304.47    27.93    -0.00  9999.00  9999.00  9999.00
 00044   980.23    24.79    90.09     1.36    85.15    25.53     0.13  9999.00  9999.00  9999.00
 00045  1004.24    25.30    93.70     3.94    42.42    25.55     1.52  9999.00  9999.00  9999.00
 00046   940.14    22.23    99.04     0.86   150.07    20.41     0.50  9999.00  9999.00  9999.00
 00047  1000.51    20.83    97.38     0.92   312.04    14.92     0.00  9999.00  9999.00  9999.00
 00048   605.51     5.74    52.45     2.38   186.62    26.63     0.02  9999.00  9999.00  9999.00
 00049   579.74    -0.90    96.20     0.62   178.92     6.52     0.16  9999.00  9999.00  9999.00
 00050   999.07    24.39    69.91     3.46    18.95    24.23     0.00  9999.00  9999.00  9999.00
