stn_id       p       t2      rh2      spd      dir      vis    rain6   rain24   tmax24   tmin24 
 00001   973.22    15.93    59.45     1.96   132.88    17.92  9999.00  9999.00  9999.00  9999.00
 00002  1005.45     6.39    43.08     1.98   112.96    26.78  9999.00  9999.00  9999.00  9999.00
 00003   907.32     5.48    27.89     2.06   112.71    25.10  9999.00  9999.00  9999.00  9999.00
 00004   836.08     0.75    23.45     1.30    74.95    26.31  9999.00  9999.00  9999.00  9999.00
 00005   873.21    -0.42    23.68     1.74    61.02    31.11  9999.00  9999.00  9999.00  9999.00
 00006   886.13    -3.99    30.79     2.54   325.81    34.62  9999.00  9999.00  9999.00  9999.00
 00007  1015.17    -2.89    33.05     2.33   331.59    32.89  9999.00  9999.00  9999.00  9999.00
 00008   997.12    -6.77    45.76     2.68   299.44    39.61  9999.00  9999.00  9999.00  9999.00
 00009   951.20   -18.54    70.39     0.80    39.42    57.35  9999.00  9999.00  9999.00  9999.00
 00010   971.30    -9.69    63.90     2.18   300.94    37.62  9999.00  9999.00  9999.00  9999.00
 00011  1003.67    -9.80    73.34     2.44   303.96    46.38  9999.00  9999.00  9999.00  9999.00
 00012  1021.92     7.08    23.85     1.28   131.92    28.10  9999.00  9999.00  9999.00  9999.00
 00013  1018.34    13.46    67.64     2.95   347.04    19.01  9999.00  9999.00  9999.00  9999.00
 00014  1014.55    12.82    77.67     4.08   336.58    18.48  9999.00  9999.00  9999.00  9999.00
 00015  1005.20     6.61    58.81     2.64    15.16    21.21  9999.00  9999.00  9999.00  9999.00
 00016   957.31    10.91    54.41     3.61    43.31    18.71  9999.00  9999.00  9999.00  9999.00
 00017  1005.35    11.60    40.18     2.48    83.58    19.30  9999.00  9999.00  9999.00  9999.00
 00018  1017.56    14.03    60.15     3.15   353.28    18.47  9999.00  9999.00  9999.00  9999.00
 00019   936.24    14.09    49.99     1.61   147.65    21.12  9999.00  9999.00  9999.00  9999.00
 00020  1019.16    13.07    77.25     4.81   317.86    18.87  9999.00  9999.00  9999.00  9999.00
 00021   896.47    -1.40    67.80     1.40   102.67    43.02  9999.00  9999.00  9999.00  9999.00
 00022  1025.35     5.19    38.86     2.19   261.79    25.45  9999.00  9999.00  9999.00  9999.00
 00023   923.86    -1.96    69.86     1.02    60.55    40.38  9999.00  9999.00  9999.00  9999.00
 00024   952.17    -5.55    90.96     6.32   123.30    38.87  9999.00  9999.00  9999.00  9999.00
 00025   791.63    17.34    33.54     6.45   226.60    19.59  9999.00  9999.00  9999.00  9999.00
 00026  1015.99    14.56    75.70     1.97    65.85    18.13  9999.00  9999.00  9999.00  9999.00
 00027  1011.44    15.64    68.24     1.47     8.52    17.52  9999.00  9999.00  9999.00  9999.00
 00028   978.84    14.55    71.38     1.24   233.22    16.48  9999.00  9999.00  9999.00  9999.00
 00029  1009.16    19.59    67.91     4.34     8.97    20.20  9999.00  9999.00  9999.00  9999.00
 00030   998.41    15.70    86.82     1.64   314.53     6.04  9999.00  9999.00  9999.00  9999.00
 00031   562.90     0.01     5.60     5.70   256.61    32.96  9999.00  9999.00  9999.00  9999.00
 00032   979.98    17.02    75.95     3.00   310.64    17.61  9999.00  9999.00  9999.00  9999.00
 00033  1009.44    20.94    90.48     8.14    63.62    14.95  9999.00  9999.00  9999.00  9999.00
 00034  1010.60    27.23    70.18     4.10    49.55    23.91  9999.00  9999.00  9999.00  9999.00
 00035  1008.62    23.82    89.66     4.56    60.83     4.71  9999.00  9999.00  9999.00  9999.00
 00036   770.07    10.91    49.85     2.00   207.37    20.34  9999.00  9999.00  9999.00  9999.00
 00037   970.45    15.98    78.90     2.74   309.45    17.52  9999.00  9999.00  9999.00  9999.00
 00038   996.74    21.62    68.46     2.65   225.57    19.41  9999.00  9999.00  9999.00  9999.00
 00039  1010.57    22.48    72.58     6.58    59.10    17.31  9999.00  9999.00  9999.00  9999.00
 00040  1007.53    24.29    63.60     4.21    29.44    19.99  9999.00  9999.00  9999.00  9999.00
 00041   975.96    11.18    79.26     1.38    14.55    17.01  9999.00  9999.00  9999.00  9999.00
 00042  1018.34    13.97    72.81     1.74   345.57    18.67  9999.00  9999.00  9999.00  9999.00
 00043  1009.45    14.22    76.24     1.92    51.95    18.42  9999.00  9999.00  9999.00  9999.00
 00044   990.09    12.68    85.70     0.75   131.28    17.95  9999.00  9999.00  9999.00  9999.00
 00045  1007.53    24.29    63.60     4.21    29.44    19.99  9999.00  9999.00  9999.00  9999.00
 00046   945.07    11.96    86.24     2.94    13.28    18.03  9999.00  9999.00  9999.00  9999.00
 00047  1005.78    16.03    67.50     6.45   336.80    18.35  9999.00  9999.00  9999.00  9999.00
 00048   593.28     3.28     7.87     4.08   239.49    35.47  9999.00  9999.00  9999.00  9999.00
 00049   568.72    -6.25    68.96     3.22   206.95    23.52  9999.00  9999.00  9999.00  9999.00
 00050  1002.97    21.33    68.16     4.68    41.79    18.36  9999.00  9999.00  9999.00  9999.00
