stn_id       p       t2      rh2      spd      dir      vis    rain6   rain24   tmax24   tmin24 
 00001   969.98    21.41    86.94     1.48   303.94    13.37     1.52  9999.00  9999.00  9999.00
 00002   997.41    21.27    60.07     1.30   102.71    23.37     0.65  9999.00  9999.00  9999.00
 00003   905.20    14.27    68.21     1.01   196.54    22.71     1.13  9999.00  9999.00  9999.00
 00004   836.74    11.00    64.61     2.21   164.55     6.05     3.96  9999.00  9999.00  9999.00
 00005   871.52    15.73    51.06     6.20   225.28    23.08     0.08  9999.00  9999.00  9999.00
 00006   878.97    19.52    39.74     8.57   245.65    26.42     0.28  9999.00  9999.00  9999.00
 00007  1005.73    22.97    49.12     3.41   210.13    25.55     0.00  9999.00  9999.00  9999.00
 00008   989.74    20.65    38.52     2.49   263.89    26.78     0.00  9999.00  9999.00  9999.00
 00009   944.47    13.44    52.44     0.41   208.04    32.77     0.00  9999.00  9999.00  9999.00
 00010   967.67    17.68    38.57     5.78   291.77    28.50     0.05  9999.00  9999.00  9999.00
 00011   996.22    18.19    41.64     3.43   314.74    27.86     0.00  9999.00  9999.00  9999.00
 00012  1012.55    23.82    43.95     4.98   218.05    23.16     0.00  9999.00  9999.00  9999.00
 00013  1013.99    21.62    57.78     3.95    92.24    22.87     0.00  9999.00  9999.00  9999.00
 00014  1009.65    23.92    52.25     3.74    77.49    23.93     0.00  9999.00  9999.00  9999.00
 00015   998.34    23.42    41.10     2.96   191.85    19.99     0.00  9999.00  9999.00  9999.00
 00016   957.98    13.82    83.15     0.72   259.89    12.33     0.55  9999.00  9999.00  9999.00
 00017  1000.57    16.10    77.26     1.82   320.35    20.05     0.18  9999.00  9999.00  9999.00
 00018  1012.15    20.61    65.93     3.75    81.16    22.37     0.00  9999.00  9999.00  9999.00
 00019   935.72    20.68    77.45     0.45   158.69    25.69     0.17  9999.00  9999.00  9999.00
 00020  1016.62    22.31    55.47     5.33    73.83    22.32     0.00  9999.00  9999.00  9999.00
 00021   889.92    17.92    46.12     1.97    16.60    26.07     0.00  9999.00  9999.00  9999.00
 00022  1015.83    25.07    37.18     4.73   223.92    21.21     0.00  9999.00  9999.00  9999.00
 00023   916.42    18.62    44.58     2.58    76.84    22.13     0.00  9999.00  9999.00  9999.00
 00024   944.67    15.19    54.52     3.24   107.08    24.36     0.00  9999.00  9999.00  9999.00
 00025   795.81    22.48    67.95     3.65   217.74    24.72     0.88  9999.00  9999.00  9999.00
 00026  1008.70    27.21    65.82     2.09    42.77    23.40     0.00  9999.00  9999.00  9999.00
 00027  1004.05    26.90    70.89     1.59   333.28    23.41     0.14  9999.00  9999.00  9999.00
 00028   972.14    26.69    72.59     0.98   281.82    22.77     0.10  9999.00  9999.00  9999.00
 00029  1005.73    29.41    76.76     1.09   119.73    25.69     0.99  9999.00  9999.00  9999.00
 00030   993.86    31.53    59.16     2.22   171.03    28.59     0.04  9999.00  9999.00  9999.00
 00031   576.30    10.81    57.54     1.08   156.67    27.12     0.73  9999.00  9999.00  9999.00
 00032   977.83    24.19    66.38     4.20    82.03    22.34     0.00  9999.00  9999.00  9999.00
 00033  1007.42    22.45    97.33     4.48    96.36     0.36     0.11  9999.00  9999.00  9999.00
 00034  1008.73    28.00    86.84     6.20    71.40    26.41     0.49  9999.00  9999.00  9999.00
 00035  1006.47    30.02    75.66     3.44    73.84    18.62     0.50  9999.00  9999.00  9999.00
 00036   775.31    20.79    74.96     2.92   194.88    21.14     0.95  9999.00  9999.00  9999.00
 00037   967.80    26.38    60.12     3.06    77.02    22.27     0.00  9999.00  9999.00  9999.00
 00038   993.46    30.42    54.72     2.11   105.11    24.69     0.00  9999.00  9999.00  9999.00
 00039  1008.25    24.87    74.79    11.27    51.52    24.13     0.00  9999.00  9999.00  9999.00
 00040  1005.29    28.60    62.45     6.62    74.65    25.31     0.00  9999.00  9999.00  9999.00
 00041   970.98    23.94    55.13     2.09   111.06    22.61     0.00  9999.00  9999.00  9999.00
 00042  1013.18    22.70    55.69     4.27    76.14    23.07     0.00  9999.00  9999.00  9999.00
 00043  1001.95    27.79    67.17     1.85    50.58    23.95     0.03  9999.00  9999.00  9999.00
 00044   984.30    24.64    69.97     2.40    73.24    23.09     0.01  9999.00  9999.00  9999.00
 00045  1005.29    28.60    62.45     6.62    74.65    25.31     0.00  9999.00  9999.00  9999.00
 00046   941.30    26.27    76.85     1.63   327.89     7.35     2.69  9999.00  9999.00  9999.00
 00047  1002.46    24.64    63.22     3.09    72.19    23.04     0.00  9999.00  9999.00  9999.00
 00048   607.26    14.02    58.38     1.62   175.36    31.56     0.56  9999.00  9999.00  9999.00
 00049   580.98     7.22    81.18     2.77   203.26    13.34     1.83  9999.00  9999.00  9999.00
 00050  1000.52    27.55    55.68     7.61    55.16    23.63     0.00  9999.00  9999.00  9999.00
