stn_id       p       t2      rh2      spd      dir      vis    rain6   rain24   tmax24   tmin24 
 00001   969.98    20.64    89.79     1.45    21.12     2.44  9999.00  9999.00  9999.00  9999.00
 00002   994.67    15.61    85.60     1.63   244.83    23.28  9999.00  9999.00  9999.00  9999.00
 00003   904.71    12.70    80.54     0.94   292.53    22.62  9999.00  9999.00  9999.00  9999.00
 00004   837.78     8.62    80.43     1.79   231.78    22.81  9999.00  9999.00  9999.00  9999.00
 00005   873.63     7.70    54.75     2.89   105.95    25.49  9999.00  9999.00  9999.00  9999.00
 00006   885.04     6.89    57.24     3.00   310.16    26.48  9999.00  9999.00  9999.00  9999.00
 00007  1003.43    15.16    88.00     3.99   232.15    23.13  9999.00  9999.00  9999.00  9999.00
 00008   985.27    11.88    70.09     4.91   267.44    26.72  9999.00  9999.00  9999.00  9999.00
 00009   943.54     1.91    96.56     3.15   316.52    23.78  9999.00  9999.00  9999.00  9999.00
 00010   965.16     9.42    91.53     1.30   202.43    28.35  9999.00  9999.00  9999.00  9999.00
 00011   987.02    12.79    87.76     5.84   237.21    27.78  9999.00  9999.00  9999.00  9999.00
 00012  1010.36    16.31    86.64     1.93   105.88    23.14  9999.00  9999.00  9999.00  9999.00
 00013  1012.03    17.46    77.34     2.51    64.29    22.78  9999.00  9999.00  9999.00  9999.00
 00014  1008.00    20.10    79.14     1.66    50.34    23.82  9999.00  9999.00  9999.00  9999.00
 00015   996.39    16.84    72.58     2.26   193.27    20.00  9999.00  9999.00  9999.00  9999.00
 00016   956.42    15.91    89.06     0.51   259.34    21.32  9999.00  9999.00  9999.00  9999.00
 00017   997.82    17.07    88.34     2.00   191.53    21.63  9999.00  9999.00  9999.00  9999.00
 00018  1010.99    17.84    78.14     1.50    57.10    22.29  9999.00  9999.00  9999.00  9999.00
 00019   935.96    19.12    88.81     0.84    46.60    14.24  9999.00  9999.00  9999.00  9999.00
 00020  1014.10    18.22    87.43     2.21    17.84    22.23  9999.00  9999.00  9999.00  9999.00
 00021   892.53     9.97    80.77     1.02   173.47    26.09  9999.00  9999.00  9999.00  9999.00
 00022  1012.55    18.30    72.67     2.82   227.67    21.21  9999.00  9999.00  9999.00  9999.00
 00023   921.12    10.51    88.73     1.49   210.15     4.38  9999.00  9999.00  9999.00  9999.00
 00024   944.59    10.18    68.15     2.18   113.27    24.28  9999.00  9999.00  9999.00  9999.00
 00025   797.23    17.20    90.36     1.77   191.80    24.88  9999.00  9999.00  9999.00  9999.00
 00026  1008.75    21.59    81.12     3.62   102.44    14.91  9999.00  9999.00  9999.00  9999.00
 00027  1006.33    18.95    86.96     3.34   330.91    22.91  9999.00  9999.00  9999.00  9999.00
 00028   975.02    18.66    85.47     2.41   356.70    22.61  9999.00  9999.00  9999.00  9999.00
 00029  1006.21    26.52    87.40     1.72   204.80    25.72  9999.00  9999.00  9999.00  9999.00
 00030   996.16    25.88    89.17     2.81   162.84    26.54  9999.00  9999.00  9999.00  9999.00
 00031   576.17     5.07    68.94     1.80   177.93    27.43  9999.00  9999.00  9999.00  9999.00
 00032   976.58    18.42    91.22     1.20   347.57    22.23  9999.00  9999.00  9999.00  9999.00
 00033  1010.21    22.67    98.24     4.04   120.63     0.52  9999.00  9999.00  9999.00  9999.00
 00034  1011.75    27.44    87.74     3.73    92.73    29.34  9999.00  9999.00  9999.00  9999.00
 00035  1009.54    26.02    94.19     2.07   110.91    27.54  9999.00  9999.00  9999.00  9999.00
 00036   775.91    16.60    87.52     2.05   171.36    24.38  9999.00  9999.00  9999.00  9999.00
 00037   967.00    18.24    93.75     0.86   269.04    21.28  9999.00  9999.00  9999.00  9999.00
 00038   994.16    21.90    85.51     0.69   265.91    24.64  9999.00  9999.00  9999.00  9999.00
 00039  1007.33    23.24    73.81     6.59    25.24    24.04  9999.00  9999.00  9999.00  9999.00
 00040  1005.65    23.65    79.62     2.68    64.59    25.27  9999.00  9999.00  9999.00  9999.00
 00041   970.02    19.33    86.27     1.48    14.83    18.44  9999.00  9999.00  9999.00  9999.00
 00042  1011.70    19.42    71.75     2.20    52.76    22.98  9999.00  9999.00  9999.00  9999.00
 00043  1002.09    22.77    80.09     2.46    39.06    23.83  9999.00  9999.00  9999.00  9999.00
 00044   983.20    22.85    84.31     0.83    77.55    22.98  9999.00  9999.00  9999.00  9999.00
 00045  1005.65    23.65    79.62     2.68    64.59    25.27  9999.00  9999.00  9999.00  9999.00
 00046   941.47    21.98    91.94     0.76    59.03    23.79  9999.00  9999.00  9999.00  9999.00
 00047  1000.61    20.66    86.47     2.01   137.74    22.93  9999.00  9999.00  9999.00  9999.00
 00048   606.65     8.33    61.16     2.72   191.30    31.65  9999.00  9999.00  9999.00  9999.00
 00049   581.44     3.01    99.29     1.40   196.28     1.96  9999.00  9999.00  9999.00  9999.00
 00050   999.81    21.99    72.27     3.30    39.51    23.54  9999.00  9999.00  9999.00  9999.00
