stn_id       p       t2      rh2      spd      dir      vis    rain6   rain24   tmax24   tmin24 
 00001   989.80    18.50   100.00     1.00   360.00     1.30     0.00  9999.00  9999.00  9999.00
 00002  1004.60    16.60    46.99     2.00   340.00    15.00     0.00  9999.00  9999.00  9999.00
 00003   930.20     3.90    93.15     1.00    20.00    10.00     0.00  9999.00  9999.00  9999.00
 00004   863.60     4.40    53.83     3.00   220.00    30.00     0.00  9999.00  9999.00  9999.00
 00005   888.20     6.00    37.98     3.00   320.00    16.00     0.00  9999.00  9999.00  9999.00
 00006   885.70     9.60    27.89     5.00   250.00    30.00     0.00  9999.00  9999.00  9999.00
 00007  1009.00     9.30    96.67     0.00     0.00     3.00     0.00  9999.00  9999.00  9999.00
 00008   986.60     4.90    99.30     1.00    90.00  9999.00     0.00  9999.00  9999.00  9999.00
 00009   954.10    -5.60    91.90     1.00   180.00    24.00     0.00  9999.00  9999.00  9999.00
 00010   984.90     5.30    88.73     1.00   270.00  9999.00     0.00  9999.00  9999.00  9999.00
 00011  1000.60     2.30    91.07     1.00   200.00     2.30     0.00  9999.00  9999.00  9999.00
 00012  1010.40     9.50    94.08     1.00   110.00     0.90     0.00  9999.00  9999.00  9999.00
 00013  1014.00    15.40    90.13     1.00    20.00     7.00     0.00  9999.00  9999.00  9999.00
 00014  1012.70    18.80    82.08     0.00     0.00     8.00     0.00  9999.00  9999.00  9999.00
 00015   996.40    20.10    54.85     2.00   110.00     8.00     0.00  9999.00  9999.00  9999.00
 00016  9999.00  9999.00  9999.00  9999.00  9999.00  9999.00  9999.00  9999.00  9999.00  9999.00
 00017  1003.60    14.50    83.75     0.00   270.00    14.00     0.00  9999.00  9999.00  9999.00
 00018  1015.30    15.10    88.93     2.00    70.00    13.00     0.00  9999.00  9999.00  9999.00
 00019   951.00    16.70    93.18     1.00   270.00     1.50     0.00  9999.00  9999.00  9999.00
 00020  1017.60    16.50    96.84     0.00     0.00     7.00     0.00  9999.00  9999.00  9999.00
 00021   918.90     6.50    61.66     2.00   200.00    24.00     0.00  9999.00  9999.00  9999.00
 00022  1014.50     9.70    96.68     1.00   180.00     0.40     0.00  9999.00  9999.00  9999.00
 00023   940.80     1.50    85.22     3.00   250.00    30.00     0.00  9999.00  9999.00  9999.00
 00024   972.60     2.10    65.82     1.00   110.00    30.00     0.00  9999.00  9999.00  9999.00
 00025   815.40    16.80    74.61     1.00   140.00    30.00     0.00  9999.00  9999.00  9999.00
 00026  1011.50    20.30    80.70     1.00   290.00    10.00     0.00  9999.00  9999.00  9999.00
 00027  1002.30    23.40    63.75     1.00   110.00     9.00     0.00  9999.00  9999.00  9999.00
 00028   982.40    21.40    82.91     1.00   270.00    10.00     0.00  9999.00  9999.00  9999.00
 00029  1007.40    21.80    95.77     1.00   340.00     8.00     0.00  9999.00  9999.00  9999.00
 00030   997.50    23.10    92.91     1.00   250.00    11.00     0.00  9999.00  9999.00  9999.00
 00031   628.20     3.20    19.66     1.00   110.00    30.00     0.00  9999.00  9999.00  9999.00
 00032  1007.50    22.40    88.93     1.00   290.00    11.00     0.00  9999.00  9999.00  9999.00
 00033  1006.20    25.80    89.72     2.00    70.00    15.00     0.00  9999.00  9999.00  9999.00
 00034  1010.70    26.70    94.77     1.00    70.00    17.00     7.00  9999.00  9999.00  9999.00
 00035  1010.90    25.00    98.21     1.00    70.00    25.00     4.00  9999.00  9999.00  9999.00
 00036   841.80    18.10    71.94     2.00   340.00    19.00     0.00  9999.00  9999.00  9999.00
 00037  1010.60    21.70    89.99     0.00     0.00     2.10     0.00  9999.00  9999.00  9999.00
 00038  1009.90    22.80    92.89     1.00    70.00     5.00     0.00  9999.00  9999.00  9999.00
 00039  1014.00    23.00    85.72     3.00   360.00    10.00     0.00  9999.00  9999.00  9999.00
 00040  1010.10    23.60    89.01     3.00    40.00    11.00     0.00  9999.00  9999.00  9999.00
 00041   821.20    12.60    63.07     4.00   290.00    20.00     0.00  9999.00  9999.00  9999.00
 00042  1013.00    15.90    87.84     0.00     0.00    10.00     0.00  9999.00  9999.00  9999.00
 00043  1009.10    19.30    95.69     1.00    70.00     8.00     0.00  9999.00  9999.00  9999.00
 00044  1003.60    18.90    88.66     1.00    40.00     8.00     0.00  9999.00  9999.00  9999.00
 00045  1010.10    23.60    89.01     3.00    40.00    11.00     0.00  9999.00  9999.00  9999.00
 00046   970.20    18.40    93.86     1.00    70.00     7.00     0.00  9999.00  9999.00  9999.00
 00047  1013.10    21.20    95.16     1.00   270.00     1.30     0.00  9999.00  9999.00  9999.00
 00048   655.20     3.00    41.69     1.00    70.00    30.00     0.00  9999.00  9999.00  9999.00
 00049   604.30    -6.80    79.07     1.00    70.00    30.00     0.00  9999.00  9999.00  9999.00
 00050  1009.30    22.00    87.79     3.00    20.00     8.00     0.00  9999.00  9999.00  9999.00
