stn_id       p       t2      rh2      spd      dir      vis    rain6   rain24   tmax24   tmin24 
 00001   965.96    23.69    95.11     0.93   172.86    27.13  9999.00  9999.00  9999.00  9999.00
 00002   987.26    29.48    49.32     4.11   166.20    27.75  9999.00  9999.00  9999.00  9999.00
 00003   898.47    24.83    39.07     1.81   121.08    26.24  9999.00  9999.00  9999.00  9999.00
 00004   832.86    19.20    42.58     2.12   129.57    25.10  9999.00  9999.00  9999.00  9999.00
 00005   865.98    22.46    44.92     1.82    78.31    25.93  9999.00  9999.00  9999.00  9999.00
 00006   875.75    24.79    35.83     4.11   180.56    25.30  9999.00  9999.00  9999.00  9999.00
 00007   996.40    24.13    74.73     3.58   192.52    25.15  9999.00  9999.00  9999.00  9999.00
 00008   981.48    22.20    94.18     1.84   115.09    16.31  9999.00  9999.00  9999.00  9999.00
 00009   941.82    13.25    77.76     3.74   297.52    34.16  9999.00  9999.00  9999.00  9999.00
 00010   961.68    19.41    94.90     1.03   195.87    26.13  9999.00  9999.00  9999.00  9999.00
 00011   987.33    23.03    83.99     3.24   147.01    26.60  9999.00  9999.00  9999.00  9999.00
 00012  1002.02    30.51    42.47     3.84   205.55    25.72  9999.00  9999.00  9999.00  9999.00
 00013  1004.89    26.07    93.65     2.89   117.82    18.48  9999.00  9999.00  9999.00  9999.00
 00014  1002.30    25.29    96.88     1.39    51.39    27.89  9999.00  9999.00  9999.00  9999.00
 00015   989.53    26.25    78.97     2.83   186.52    24.73  9999.00  9999.00  9999.00  9999.00
 00016   946.51    26.97    61.97     3.46   138.75    26.55  9999.00  9999.00  9999.00  9999.00
 00017   990.09    25.83    85.50     2.83   172.66    27.07  9999.00  9999.00  9999.00  9999.00
 00018  1003.26    26.00    96.88     2.20   145.22    19.15  9999.00  9999.00  9999.00  9999.00
 00019   931.36    24.19    87.46     1.28   225.83    28.01  9999.00  9999.00  9999.00  9999.00
 00020  1009.00    23.03    93.87     2.88   107.99    26.51  9999.00  9999.00  9999.00  9999.00
 00021   883.63    26.90    21.64     2.03   129.94    25.16  9999.00  9999.00  9999.00  9999.00
 00022  1005.53    28.81    53.61     3.32   179.92    24.57  9999.00  9999.00  9999.00  9999.00
 00023   908.71    28.32    24.41     2.02   248.19    20.81  9999.00  9999.00  9999.00  9999.00
 00024   931.78    31.96    11.88     1.36   284.60    22.72  9999.00  9999.00  9999.00  9999.00
 00025   793.92    16.21    94.39     2.73    86.19     4.11  9999.00  9999.00  9999.00  9999.00
 00026  1003.47    27.02    96.28     1.29   156.25     3.55  9999.00  9999.00  9999.00  9999.00
 00027   999.36    26.31    93.84     1.39   150.96    27.49  9999.00  9999.00  9999.00  9999.00
 00028   969.45    24.81    98.20     0.56    13.65    19.35  9999.00  9999.00  9999.00  9999.00
 00029  1003.65    25.98    94.21     2.32   113.75    29.66  9999.00  9999.00  9999.00  9999.00
 00030   991.44    25.21    95.34     1.92   103.53    28.81  9999.00  9999.00  9999.00  9999.00
 00031   576.28     7.16    85.30     0.51   191.66     8.30  9999.00  9999.00  9999.00  9999.00
 00032   974.68    25.34    91.84     0.82   264.10    25.20  9999.00  9999.00  9999.00  9999.00
 00033  1004.72    22.97    97.56     4.55   120.58     0.58  9999.00  9999.00  9999.00  9999.00
 00034  1007.20    27.94    90.15     6.37   135.95     9.01  9999.00  9999.00  9999.00  9999.00
 00035  1004.22    27.01    92.22     3.22   134.75    30.14  9999.00  9999.00  9999.00  9999.00
 00036   775.59    16.87    82.20     1.23    88.22    24.91  9999.00  9999.00  9999.00  9999.00
 00037   965.33    25.06    93.45     0.74   270.39    26.35  9999.00  9999.00  9999.00  9999.00
 00038   993.09    25.18    98.26     0.53   118.51    15.88  9999.00  9999.00  9999.00  9999.00
 00039  1006.43    25.85    93.15     4.22   199.77    28.21  9999.00  9999.00  9999.00  9999.00
 00040  1004.56    25.84    96.58     1.50   140.85    29.62  9999.00  9999.00  9999.00  9999.00
 00041   965.55    24.46    98.19     0.96   153.20     2.89  9999.00  9999.00  9999.00  9999.00
 00042  1004.69    26.55    95.29     2.08   133.08    10.44  9999.00  9999.00  9999.00  9999.00
 00043   997.46    26.54    96.00     1.16   158.76    10.62  9999.00  9999.00  9999.00  9999.00
 00044   979.96    25.86    96.95     0.67   207.57    21.44  9999.00  9999.00  9999.00  9999.00
 00045  1004.56    25.84    96.58     1.50   140.85    29.62  9999.00  9999.00  9999.00  9999.00
 00046   940.47    22.18    98.97     1.12   143.08    26.46  9999.00  9999.00  9999.00  9999.00
 00047   997.94    24.30    97.30     0.47    76.76     2.94  9999.00  9999.00  9999.00  9999.00
 00048   606.89    10.46    73.74     1.00    89.82    26.54  9999.00  9999.00  9999.00  9999.00
 00049   580.04     5.29    96.80     0.60   138.14     4.74  9999.00  9999.00  9999.00  9999.00
 00050   998.57    25.75    93.58     2.74   201.09    27.72  9999.00  9999.00  9999.00  9999.00
