stn_id       p       t2      rh2      spd      dir      vis    rain6   rain24   tmax24   tmin24 
 00001   982.40    29.40  9999.00     1.00   270.00    15.00  9999.00  9999.00  9999.00  9999.00
 00002   999.14    29.00  9999.00     2.00   140.00    10.00  9999.00  9999.00  9999.00  9999.00
 00003   921.77    24.50  9999.00     3.00   270.00    14.00  9999.00  9999.00  9999.00  9999.00
 00004   854.88    23.90  9999.00     3.00   320.00    30.00  9999.00  9999.00  9999.00  9999.00
 00005   889.49    24.10  9999.00     6.00   340.00    30.00  9999.00  9999.00  9999.00  9999.00
 00006   884.50    18.00  9999.00     3.00    70.00    30.00  9999.00  9999.00  9999.00  9999.00
 00007  1004.54    25.40  9999.00     3.00   220.00    30.00  9999.00  9999.00  9999.00  9999.00
 00008   981.42    22.30  9999.00     3.00   250.00    11.00  9999.00  9999.00  9999.00  9999.00
 00009   958.52    22.20  9999.00     2.00    40.00    30.00  9999.00  9999.00  9999.00  9999.00
 00010   980.15    22.90  9999.00     4.00   270.00    30.00  9999.00  9999.00  9999.00  9999.00
 00011   990.32    18.20  9999.00     3.00   220.00    27.00  9999.00  9999.00  9999.00  9999.00
 00012  1006.05    25.20  9999.00     3.00    40.00     7.00  9999.00  9999.00  9999.00  9999.00
 00013  1012.36    26.70  9999.00     3.00   110.00    21.00  9999.00  9999.00  9999.00  9999.00
 00014  1007.75    22.80  9999.00     2.00   270.00     8.00  9999.00  9999.00  9999.00  9999.00
 00015   991.49    28.10  9999.00     5.00   200.00    20.00  9999.00  9999.00  9999.00  9999.00
 00016   961.93    26.20  9999.00     1.00    70.00    15.00  9999.00  9999.00  9999.00  9999.00
 00017   998.26    29.40  9999.00     2.00   180.00    20.00  9999.00  9999.00  9999.00  9999.00
 00018  1009.96    27.50  9999.00     2.00    90.00    18.00  9999.00  9999.00  9999.00  9999.00
 00019   943.69    27.80  9999.00     2.00   250.00    14.00  9999.00  9999.00  9999.00  9999.00
 00020  1011.42    27.20  9999.00     2.00    40.00    30.00  9999.00  9999.00  9999.00  9999.00
 00021   899.96    25.10  9999.00     1.00   340.00    23.00  9999.00  9999.00  9999.00  9999.00
 00022  1009.50    27.60  9999.00     2.00   220.00    12.00  9999.00  9999.00  9999.00  9999.00
 00023   922.08    23.70  9999.00     4.00   270.00    30.00  9999.00  9999.00  9999.00  9999.00
 00024   952.83    24.90  9999.00     2.00   110.00    21.00  9999.00  9999.00  9999.00  9999.00
 00025   813.60    20.20    67.74     2.00   360.00    25.00  9999.00  9999.00  9999.00  9999.00
 00026  1005.82    24.80  9999.00     4.00    40.00    22.00  9999.00  9999.00  9999.00  9999.00
 00027  1003.37    27.10  9999.00     2.00   340.00    11.00  9999.00  9999.00  9999.00  9999.00
 00028   981.17    27.40  9999.00     2.00    40.00     2.40  9999.00  9999.00  9999.00  9999.00
 00029  1000.60    30.50  9999.00     3.00   360.00    30.00  9999.00  9999.00  9999.00  9999.00
 00030   992.53    30.00  9999.00     5.00    70.00    27.00  9999.00  9999.00  9999.00  9999.00
 00031   642.80    16.60    42.79     2.00    20.00    30.00  9999.00  9999.00  9999.00  9999.00
 00032   996.98    27.90  9999.00     5.00    20.00    30.00  9999.00  9999.00  9999.00  9999.00
 00033  1004.11    30.30  9999.00     2.00    20.00    26.00  9999.00  9999.00  9999.00  9999.00
 00034  1003.40    31.60  9999.00     3.00   270.00    19.00  9999.00  9999.00  9999.00  9999.00
 00035  1003.29    29.50  9999.00     1.00    20.00    25.00  9999.00  9999.00  9999.00  9999.00
 00036   841.90    21.20    72.00     2.00   200.00    10.00  9999.00  9999.00  9999.00  9999.00
 00037  1001.14    29.20  9999.00     2.00    90.00    30.00  9999.00  9999.00  9999.00  9999.00
 00038  1000.85    28.80  9999.00     2.00    20.00    30.00  9999.00  9999.00  9999.00  9999.00
 00039  1002.06    28.20  9999.00     8.00    40.00    20.00  9999.00  9999.00  9999.00  9999.00
 00040   996.58    27.10  9999.00    12.00    40.00    14.00  9999.00  9999.00  9999.00  9999.00
 00041   817.40    15.20    98.71     1.00    70.00     0.60  9999.00  9999.00  9999.00  9999.00
 00042  1011.48    23.90  9999.00     3.00    90.00    10.00  9999.00  9999.00  9999.00  9999.00
 00043  1007.51    24.70  9999.00     4.00    40.00    23.00  9999.00  9999.00  9999.00  9999.00
 00044  1001.90    25.50  9999.00     3.00    20.00    30.00  9999.00  9999.00  9999.00  9999.00
 00045   996.58    27.10  9999.00    12.00    40.00    14.00  9999.00  9999.00  9999.00  9999.00
 00046   964.04    26.00  9999.00     3.00   360.00    30.00  9999.00  9999.00  9999.00  9999.00
 00047  1004.96    28.00  9999.00     1.00   360.00    19.00  9999.00  9999.00  9999.00  9999.00
 00048   658.50    15.90    56.76     3.00   110.00    25.00  9999.00  9999.00  9999.00  9999.00
 00049   606.40     9.40    72.80     0.00     0.00    30.00  9999.00  9999.00  9999.00  9999.00
 00050  1002.36    27.70  9999.00    10.00    40.00    23.00  9999.00  9999.00  9999.00  9999.00
