stn_id       p       t2      rh2      spd      dir      vis    rain6   rain24   tmax24   tmin24 
 00001   979.80    28.00    55.65     1.00   140.00     4.70     0.00  9999.00  9999.00  9999.00
 00002  1000.20    28.00    67.54     5.00    40.00     9.00     0.00  9999.00  9999.00  9999.00
 00003   923.00    21.60    85.04     1.00   110.00    20.00     0.00  9999.00  9999.00  9999.00
 00004   859.90    15.60    75.93     2.00   250.00    30.00     0.00  9999.00  9999.00  9999.00
 00005   885.10    20.50    32.81     4.00   340.00    30.00     0.00  9999.00  9999.00  9999.00
 00006   886.90    19.50    35.67     2.00    40.00    30.00     0.00  9999.00  9999.00  9999.00
 00007  1005.10    19.00    95.08     1.00    70.00     8.00     3.00  9999.00  9999.00  9999.00
 00008   982.20    20.00    79.13     3.00   250.00     9.00     0.00  9999.00  9999.00  9999.00
 00009   957.40    12.10    88.10     2.00   250.00    30.00     0.00  9999.00  9999.00  9999.00
 00010   980.40    18.80    82.08     1.00   290.00    30.00     0.00  9999.00  9999.00  9999.00
 00011   994.10    17.10   100.00     1.00   200.00    30.00     0.80  9999.00  9999.00  9999.00
 00012  1008.70    23.00    71.89     1.00   110.00    13.00     0.00  9999.00  9999.00  9999.00
 00013  1007.90    23.90    74.82     1.00    90.00    25.00     0.00  9999.00  9999.00  9999.00
 00014  1006.30    23.50    87.91     2.00   320.00     6.00     0.00  9999.00  9999.00  9999.00
 00015   991.90    26.00    66.75     1.00   110.00    18.00     0.00  9999.00  9999.00  9999.00
 00016   960.60    25.80    55.84     2.00   140.00    20.00     0.00  9999.00  9999.00  9999.00
 00017   996.90    28.60    62.82     1.00   180.00    19.00     0.00  9999.00  9999.00  9999.00
 00018  1008.90    24.40    76.79     1.00   110.00    22.00     0.00  9999.00  9999.00  9999.00
 00019   943.50    23.80    90.68     1.00   290.00     9.00     0.00  9999.00  9999.00  9999.00
 00020  1011.60    24.70    75.88     2.00    20.00    30.00     0.00  9999.00  9999.00  9999.00
 00021   906.00    30.00    24.63     4.00   320.00    29.00     0.00  9999.00  9999.00  9999.00
 00022  1012.10    22.80    70.95     3.00    90.00    30.00     0.00  9999.00  9999.00  9999.00
 00023   936.10    17.90    48.99     5.00   250.00    30.00     0.00  9999.00  9999.00  9999.00
 00024   958.70    23.20    51.72     6.00   270.00     8.00     0.00  9999.00  9999.00  9999.00
 00025   810.70    20.00    73.68     1.00   220.00    15.00     0.00  9999.00  9999.00  9999.00
 00026  1004.50    24.60    75.86     1.00    70.00    30.00     0.00  9999.00  9999.00  9999.00
 00027   995.20    27.00    59.80     5.00   340.00    16.00     0.00  9999.00  9999.00  9999.00
 00028   976.10    26.90    54.69     3.00    70.00     0.00     0.00  9999.00  9999.00  9999.00
 00029   996.20    27.10    76.69     3.00   360.00    30.00     0.00  9999.00  9999.00  9999.00
 00030   988.40    27.10    71.68     3.00    70.00    20.00     0.00  9999.00  9999.00  9999.00
 00031   621.90    20.30    29.76     3.00    90.00    30.00     0.00  9999.00  9999.00  9999.00
 00032   997.40    27.90    73.59     2.00    70.00    30.00     0.00  9999.00  9999.00  9999.00
 00033   996.70  9999.00  9999.00     1.00   290.00    28.00     0.00  9999.00  9999.00  9999.00
 00034  1002.30    29.20    79.82     1.00   320.00    20.00     0.00  9999.00  9999.00  9999.00
 00035  1001.40    28.40    73.67     1.00   320.00    24.00     0.00  9999.00  9999.00  9999.00
 00036   838.50    21.90    70.75     1.00   340.00    13.00     0.00  9999.00  9999.00  9999.00
 00037  1000.50    27.40    76.74     3.00    90.00    30.00     0.00  9999.00  9999.00  9999.00
 00038   998.20    25.50    94.72     1.00   180.00     6.00     7.00  9999.00  9999.00  9999.00
 00039  1002.40    26.60    88.69     6.00    40.00     5.00     8.00  9999.00  9999.00  9999.00
 00040   996.50    25.10    98.80    14.00    40.00     4.10    33.00  9999.00  9999.00  9999.00
 00041   816.90    15.40   100.00     5.00   140.00    30.00     0.00  9999.00  9999.00  9999.00
 00042  1006.90    22.40    90.04     1.00   110.00    13.00     0.00  9999.00  9999.00  9999.00
 00043  1001.70    24.00    83.71     2.00    70.00    30.00     0.00  9999.00  9999.00  9999.00
 00044   995.90    25.10    73.61     1.00    40.00    26.00     0.00  9999.00  9999.00  9999.00
 00045   996.50    25.10    98.80    14.00    40.00     4.10    33.00  9999.00  9999.00  9999.00
 00046   960.30    26.30    83.94     2.00    20.00    30.00     0.00  9999.00  9999.00  9999.00
 00047  1004.40    27.40    75.81     1.00    40.00    18.00     0.10  9999.00  9999.00  9999.00
 00048   656.60    14.40    65.64     1.00   360.00    30.00     1.00  9999.00  9999.00  9999.00
 00049   605.00     8.50    72.64     1.00   110.00    30.00     3.00  9999.00  9999.00  9999.00
 00050   997.70    27.60    76.77    10.00    40.00    27.00     0.00  9999.00  9999.00  9999.00
