stn_id       p       t2      rh2      spd      dir      vis    rain6   rain24   tmax24   tmin24 
 00001   984.10    22.70   100.00     1.00    90.00     4.80     0.00     0.00    31.90    22.10
 00002   999.00    22.80    79.00     1.00   180.00     6.00     0.00     0.00    29.90    20.60
 00003   925.30    17.50   100.00     1.00    20.00    14.00     0.00     0.10    28.20    13.40
 00004   860.30    15.70    72.96     2.00   250.00    30.00     0.00     0.00    23.80    10.60
 00005   885.10    19.80    42.86     5.00   360.00    30.00     0.00     0.00    25.70    14.70
 00006   886.90    10.90    94.78     2.00   360.00    30.00     0.00     0.40    24.30     9.70
 00007  1004.90    19.90    81.69     2.00   140.00    25.00     0.00     0.00    25.90    14.40
 00008   982.70    17.10    90.25     3.00   220.00     6.00     0.00     0.00    21.90    14.50
 00009   961.50    11.40    88.04     1.00    20.00    30.00     0.10     0.20    25.80     7.00
 00010   981.10    17.70    89.71     2.00   320.00    30.00     0.00     0.40    24.70    16.30
 00011   993.50    17.10    93.80     4.00   200.00    30.00     0.00     0.20    19.90    15.30
 00012  1005.60    22.70    78.00     1.00    20.00    14.00     0.00     0.00    30.80    21.10
 00013  1009.20    22.10    94.02     2.00   360.00     3.10     0.00     0.10    24.10    20.30
 00014  1007.90    20.70    88.80     1.00   270.00    12.00     0.00     4.00    22.20    19.30
 00015   992.00    25.10    63.69     2.00   160.00    16.00     0.00     0.00    28.70    19.70
 00016   963.70    19.30   100.00     1.00    20.00     7.00     0.00     0.00    30.70    17.90
 00017   999.00    25.60    69.67     1.00   180.00     9.00     0.00     0.00    30.80    20.30
 00018  1011.00    23.70    81.63     2.00    70.00     8.00     0.00     0.00    26.70    19.80
 00019   946.60    22.20    90.02     0.00     0.00    12.00     0.00     0.00    29.80    20.10
 00020  1011.80    24.00    87.96     2.00   320.00    10.00     0.10    10.10    24.00    20.30
 00021   905.70    18.60    59.84     3.00   200.00    21.00     0.00     0.00    26.70    18.60
 00022  1009.60    24.10    70.73     1.00    40.00    14.00     0.00     0.00    30.30    21.10
 00023   924.90    14.20    63.01     3.00   220.00    30.00     0.00     0.00    30.90    14.20
 00024   955.40    14.80    82.13     1.00   110.00    24.00     0.00     0.00    29.00    14.80
 00025   812.90    18.20    71.95     3.00    40.00    30.00     0.00     0.00    20.80    16.90
 00026  1005.60    22.90    72.79     3.00    70.00    25.00     0.00     0.00    26.20    22.10
 00027   997.80    23.10    90.64     2.00   340.00  9999.00     0.00     0.10    28.00    22.30
 00028   979.70    21.70    83.99     1.00    70.00     4.40     0.00     0.00    29.30    18.90
 00029   996.90    26.10    75.61     5.00   360.00    30.00     0.00     0.00    30.10    24.50
 00030   989.80    26.70    65.64     4.00    70.00    22.00     0.00     0.00    28.20    23.60
 00031   625.00    10.30    61.62     4.00   200.00    30.00     0.00     0.00    23.00    10.30
 00032   997.20    27.10    74.84     5.00    20.00    30.00     0.00     0.20    32.10    26.80
 00033   997.80    28.00    77.76     2.00    20.00    21.00     0.00     0.00    28.70    26.50
 00034  1003.00    30.10    77.57     2.00   270.00    29.00     0.00     0.00    31.20    29.00
 00035  1002.50    26.90    90.88     1.00   320.00    10.00     0.00    10.20    27.80    25.40
 00036   841.60    18.20    92.06     1.00   290.00     6.00     0.00     0.30    21.80    17.30
 00037  1000.00    27.80    73.58     1.00   180.00    24.00     0.00     0.00    31.90    26.60
 00038   997.50    28.40    75.95     1.00   320.00    30.00     0.00     0.00    33.60    28.40
 00039  1001.80    27.80    80.62     8.00    40.00    18.00     0.00     0.00    32.10    27.40
 00040   996.60    27.10    86.09    10.00    40.00    11.00     0.60     0.80    32.00    27.10
 00041   817.20    14.10    96.78     3.00   110.00     0.40     0.30     4.80    14.10    11.30
 00042  1008.80    20.50    95.73     0.00     0.00     4.60     0.00    13.00    20.90    19.00
 00043  1003.10    22.70    84.63     3.00    70.00    20.00     0.00     0.10    25.60    21.90
 00044   997.20    22.20    83.00     1.00    20.00    23.00     0.00     0.20    24.60    20.90
 00045   996.60    27.10    86.09    10.00    40.00    11.00     0.60     0.80    32.00    27.10
 00046   960.90    24.20    97.01     2.00    20.00    28.00     0.00     0.20    29.50    23.00
 00047  1005.00    25.80    76.99     2.00    20.00    19.00     0.00     0.60    29.90    25.20
 00048   657.20    12.40    75.89     2.00    90.00    13.00     2.00     2.00    23.90    12.40
 00049   605.30     7.40    90.13     2.00   110.00    30.00     0.00     0.00    13.70     7.30
 00050   997.40    26.80    82.99     7.00    20.00    27.00     0.00     0.00    31.80    26.40
