stn_id       p       t2      rh2      spd      dir      vis    rain6   rain24   tmax24   tmin24 
 00001   983.37    21.60  9999.00     1.00    40.00  9999.00  9999.00  9999.00  9999.00  9999.00
 00002  1006.39    16.10  9999.00     1.00   340.00     1.90  9999.00  9999.00  9999.00  9999.00
 00003   927.05    12.60  9999.00     1.00   250.00     1.00  9999.00  9999.00  9999.00  9999.00
 00004   861.07     8.30  9999.00     1.00   360.00     4.20  9999.00  9999.00  9999.00  9999.00
 00005   897.60    10.00  9999.00     4.00   360.00    30.00  9999.00  9999.00  9999.00  9999.00
 00006   888.17     8.00  9999.00     3.00   320.00    30.00  9999.00  9999.00  9999.00  9999.00
 00007  1008.92    11.70  9999.00     2.00   160.00    30.00  9999.00  9999.00  9999.00  9999.00
 00008   983.76    14.10  9999.00     3.00   200.00     8.00  9999.00  9999.00  9999.00  9999.00
 00009   954.49     0.40  9999.00     1.00   250.00     6.00  9999.00  9999.00  9999.00  9999.00
 00010   986.40     5.30  9999.00     1.00   290.00    14.00  9999.00  9999.00  9999.00  9999.00
 00011   992.79    13.40  9999.00     4.00   180.00    15.00  9999.00  9999.00  9999.00  9999.00
 00012  1012.03    16.30  9999.00     1.00   270.00     4.50  9999.00  9999.00  9999.00  9999.00
 00013  1018.56    17.70  9999.00     2.00   140.00     4.70  9999.00  9999.00  9999.00  9999.00
 00014  1015.02    18.70  9999.00     1.00   200.00     4.60  9999.00  9999.00  9999.00  9999.00
 00015   996.21    23.60  9999.00     5.00   200.00    18.00  9999.00  9999.00  9999.00  9999.00
 00016  9999.00  9999.00  9999.00  9999.00  9999.00  9999.00  9999.00  9999.00  9999.00  9999.00
 00017  1003.00    20.00  9999.00     1.00   270.00     3.30  9999.00  9999.00  9999.00  9999.00
 00018  1014.45    18.70  9999.00     2.00    40.00    15.00  9999.00  9999.00  9999.00  9999.00
 00019   946.62    19.70  9999.00     1.00   360.00    12.00  9999.00  9999.00  9999.00  9999.00
 00020  1020.31    15.80  9999.00     1.00   110.00     7.00  9999.00  9999.00  9999.00  9999.00
 00021   919.77     7.70  9999.00     3.00   220.00    27.00  9999.00  9999.00  9999.00  9999.00
 00022  1015.90    17.60  9999.00     3.00   290.00     1.20  9999.00  9999.00  9999.00  9999.00
 00023   938.50     6.60  9999.00     1.00    20.00    30.00  9999.00  9999.00  9999.00  9999.00
 00024   973.46     5.70  9999.00     3.00   140.00    30.00  9999.00  9999.00  9999.00  9999.00
 00025   814.30    14.00    84.80     2.00   250.00    22.00  9999.00  9999.00  9999.00  9999.00
 00026  1012.28    20.20  9999.00     1.00    20.00    17.00  9999.00  9999.00  9999.00  9999.00
 00027  1008.63    20.80  9999.00     2.00    90.00     8.00  9999.00  9999.00  9999.00  9999.00
 00028   984.58    18.30  9999.00     3.00    20.00    13.00  9999.00  9999.00  9999.00  9999.00
 00029  1012.05    22.80  9999.00     2.00   360.00    30.00  9999.00  9999.00  9999.00  9999.00
 00030   999.64    23.00  9999.00     1.00    70.00     8.00  9999.00  9999.00  9999.00  9999.00
 00031   626.30     7.90    22.37     2.00    20.00    30.00  9999.00  9999.00  9999.00  9999.00
 00032  1010.17    20.80  9999.00     3.00   360.00    12.00  9999.00  9999.00  9999.00  9999.00
 00033  1010.90    24.70  9999.00     5.00    70.00     2.90  9999.00  9999.00  9999.00  9999.00
 00034  1010.80    25.70  9999.00     3.00    90.00     5.00  9999.00  9999.00  9999.00  9999.00
 00035  1009.48    25.70  9999.00     2.00    40.00     7.00  9999.00  9999.00  9999.00  9999.00
 00036   840.10    16.80    69.82     1.00    70.00    30.00  9999.00  9999.00  9999.00  9999.00
 00037  1014.67    18.70  9999.00     1.00   340.00    10.00  9999.00  9999.00  9999.00  9999.00
 00038  1015.60    22.20  9999.00     2.00   110.00    11.00  9999.00  9999.00  9999.00  9999.00
 00039  1016.23    22.80  9999.00     4.00    20.00    10.00  9999.00  9999.00  9999.00  9999.00
 00040  1011.90    23.60  9999.00     6.00    20.00    12.00  9999.00  9999.00  9999.00  9999.00
 00041   821.00    10.00    69.95     6.00   180.00    22.00  9999.00  9999.00  9999.00  9999.00
 00042  1016.67    17.50  9999.00     2.00   110.00     8.00  9999.00  9999.00  9999.00  9999.00
 00043  1014.09    19.00  9999.00     2.00    90.00    16.00  9999.00  9999.00  9999.00  9999.00
 00044  1009.84    18.30  9999.00     1.00    90.00    10.00  9999.00  9999.00  9999.00  9999.00
 00045  1011.90    23.60  9999.00     6.00    20.00    12.00  9999.00  9999.00  9999.00  9999.00
 00046   975.53    17.60  9999.00     2.00    40.00     9.00  9999.00  9999.00  9999.00  9999.00
 00047  1016.81    18.90  9999.00     2.00   270.00     3.20  9999.00  9999.00  9999.00  9999.00
 00048   653.90     9.70    32.79     2.00   270.00    27.00  9999.00  9999.00  9999.00  9999.00
 00049   604.10     0.20    68.93     4.00   160.00    30.00  9999.00  9999.00  9999.00  9999.00
 00050  1016.43    21.80  9999.00     8.00    20.00    10.00  9999.00  9999.00  9999.00  9999.00
