stn_id       p       t2      rh2      spd      dir      vis    rain6   rain24   tmax24   tmin24 
 00001   968.40    20.89    96.43     1.23   307.75     3.95     4.24  9999.00  9999.00  9999.00
 00002   998.46    12.17    88.12     1.17   251.21    23.40     0.00  9999.00  9999.00  9999.00
 00003   906.67     9.40    85.40     2.09   190.49    22.78     0.00  9999.00  9999.00  9999.00
 00004   837.70     6.24    70.58     1.38   175.86    22.91     0.00  9999.00  9999.00  9999.00
 00005   871.89     9.53    50.73     2.04   161.90    25.55     0.00  9999.00  9999.00  9999.00
 00006   881.07     9.18    42.18     3.83   207.27    26.44     0.00  9999.00  9999.00  9999.00
 00007  1006.65    10.48    75.61     2.82   198.50    25.55     0.00  9999.00  9999.00  9999.00
 00008   989.71     8.64    66.22     2.51   235.82    26.76     0.00  9999.00  9999.00  9999.00
 00009   944.80    -1.70    91.83     1.46   216.93    32.74     0.00  9999.00  9999.00  9999.00
 00010   966.69     8.81    72.40     2.62   253.60    28.54     0.00  9999.00  9999.00  9999.00
 00011   994.94    10.42    67.49     3.28   267.69    27.81     0.00  9999.00  9999.00  9999.00
 00012  1013.59    12.75    81.13     1.92   268.66    23.18     0.00  9999.00  9999.00  9999.00
 00013  1014.81    15.76    89.34     3.00    73.92    22.95     0.00  9999.00  9999.00  9999.00
 00014  1011.25    15.23    94.86     1.31    18.03    24.04    -0.01  9999.00  9999.00  9999.00
 00015   999.63    15.53    64.39     2.02   176.84    20.03     0.00  9999.00  9999.00  9999.00
 00016   956.75    14.03    90.15     2.35   139.97    17.71     0.73  9999.00  9999.00  9999.00
 00017  1002.30    14.73    75.18     1.49   152.90    21.74     6.25  9999.00  9999.00  9999.00
 00018  1013.48    17.92    68.65     3.60    82.10    22.41     0.02  9999.00  9999.00  9999.00
 00019   934.93    18.59    89.13     0.70   300.34    13.93     0.21  9999.00  9999.00  9999.00
 00020  1017.20    15.45    89.69     2.76    29.24    22.40     0.00  9999.00  9999.00  9999.00
 00021   892.03     8.10    80.83     1.30   167.74    26.13    -0.00  9999.00  9999.00  9999.00
 00022  1017.06    15.70    59.87     2.90   233.10    21.23     0.00  9999.00  9999.00  9999.00
 00023   918.44     7.49    81.57     1.30   183.26    22.18     0.00  9999.00  9999.00  9999.00
 00024   945.62     8.40    84.06     1.27   121.30    24.40     0.00  9999.00  9999.00  9999.00
 00025   797.10    15.49    97.42     1.38   175.73    24.69     0.05  9999.00  9999.00  9999.00
 00026  1009.41    21.11    82.60     2.81    15.87    23.49     0.00  9999.00  9999.00  9999.00
 00027  1005.69    22.40    87.42     0.93   163.63    22.74     0.09  9999.00  9999.00  9999.00
 00028   974.26    20.79    89.80     1.26   254.98    22.40     0.01  9999.00  9999.00  9999.00
 00029  1007.10    24.91    93.62     2.45   149.50    13.96     4.89  9999.00  9999.00  9999.00
 00030   995.23    24.70    91.76     1.50   151.48    28.65    -0.00  9999.00  9999.00  9999.00
 00031   576.41     3.19    89.15     1.74   163.14    26.68     1.42  9999.00  9999.00  9999.00
 00032   978.80    18.55    79.54     1.73    45.73    22.32     0.01  9999.00  9999.00  9999.00
 00033  1008.50    22.78    98.69     1.16   144.44    12.88     0.20  9999.00  9999.00  9999.00
 00034  1009.48    27.82    86.64     4.61    73.16    30.87     0.05  9999.00  9999.00  9999.00
 00035  1007.63    25.00    98.19     0.82    37.00     3.68     0.08  9999.00  9999.00  9999.00
 00036   776.08    16.13    88.53     1.49   178.11    20.25     0.23  9999.00  9999.00  9999.00
 00037   969.15    18.66    81.37     1.04    63.72    22.29     0.01  9999.00  9999.00  9999.00
 00038   995.76    21.74    82.62     0.89   107.16    24.62     0.00  9999.00  9999.00  9999.00
 00039  1009.11    22.73    81.54     9.95    26.55    24.07     0.01  9999.00  9999.00  9999.00
 00040  1006.95    23.30    73.23     6.59    39.55    25.33     0.00  9999.00  9999.00  9999.00
 00041   971.87    15.97    91.87     1.56    87.06    22.68     0.00  9999.00  9999.00  9999.00
 00042  1014.43    15.92    85.80     3.10    77.06    23.15     0.00  9999.00  9999.00  9999.00
 00043  1003.00    21.33    86.73     1.59   105.92    23.95     0.01  9999.00  9999.00  9999.00
 00044   984.69    20.05    72.63     2.78    49.83    23.09     0.01  9999.00  9999.00  9999.00
 00045  1006.95    23.30    73.23     6.59    39.55    25.33     0.00  9999.00  9999.00  9999.00
 00046   942.29    20.84    99.66     0.42   146.90     3.81     0.05  9999.00  9999.00  9999.00
 00047  1003.72    19.11    84.69     2.41   171.94    23.10    -0.00  9999.00  9999.00  9999.00
 00048   607.53     6.54    91.66     0.52   250.96    21.59     2.63  9999.00  9999.00  9999.00
 00049   580.86     3.34    94.51     1.41   212.86     7.37     0.57  9999.00  9999.00  9999.00
 00050  1001.69    21.48    78.60     5.79    24.82    23.66    -0.01  9999.00  9999.00  9999.00
