stn_id       p       t2      rh2      spd      dir      vis    rain6   rain24   tmax24   tmin24 
 00001   968.89    21.31    91.20     1.80   295.57     7.51     2.40  9999.00  9999.00  9999.00
 00002   995.28    22.27    45.82     4.19   160.85    23.31     0.00  9999.00  9999.00  9999.00
 00003   904.20    14.25    65.12     2.98   227.68    18.30     0.07  9999.00  9999.00  9999.00
 00004   835.57    10.10    86.08     1.22   227.15     3.04     5.94  9999.00  9999.00  9999.00
 00005   871.18    11.89    69.67     5.23   209.61     6.08     0.32  9999.00  9999.00  9999.00
 00006   878.00    18.23    41.76     8.45   231.02    26.40     0.85  9999.00  9999.00  9999.00
 00007  1005.33    22.53    43.02     2.28   228.82    25.53     0.00  9999.00  9999.00  9999.00
 00008   989.16    19.91    32.87     4.32   275.19    26.76     0.00  9999.00  9999.00  9999.00
 00009   942.89    12.91    48.00     0.98   171.27    32.72     0.00  9999.00  9999.00  9999.00
 00010   967.18    16.71    38.20     4.49   303.89    28.48     0.02  9999.00  9999.00  9999.00
 00011   995.05    18.65    35.62     4.75   284.70    27.82     0.00  9999.00  9999.00  9999.00
 00012  1011.13    23.43    41.97     4.00   204.66    23.13     0.00  9999.00  9999.00  9999.00
 00013  1014.01    19.58    66.63     3.15    89.79    22.88     0.00  9999.00  9999.00  9999.00
 00014  1009.85    22.92    58.92     3.88    75.21    23.94     0.00  9999.00  9999.00  9999.00
 00015   997.49    23.05    38.43     3.06   188.35    19.98     0.00  9999.00  9999.00  9999.00
 00016   956.73    14.28    85.22     1.12   140.94    12.29     0.82  9999.00  9999.00  9999.00
 00017   999.42    19.06    64.17     0.46   281.40    21.68     0.00  9999.00  9999.00  9999.00
 00018  1012.15    19.18    69.46     2.83   109.07    22.36     0.75  9999.00  9999.00  9999.00
 00019   934.78    20.26    82.37     1.00   151.32    24.67     0.11  9999.00  9999.00  9999.00
 00020  1016.84    21.57    59.87     4.55    71.14    22.33     0.00  9999.00  9999.00  9999.00
 00021   889.81    17.84    43.32     2.17   315.42    26.06     0.00  9999.00  9999.00  9999.00
 00022  1014.51    24.40    37.08     4.78   213.17    21.19     0.00  9999.00  9999.00  9999.00
 00023   916.67    18.13    46.04     1.76   121.24    22.13     0.00  9999.00  9999.00  9999.00
 00024   944.11    14.82    57.37     3.59   117.91    22.06     0.00  9999.00  9999.00  9999.00
 00025   795.96    21.87    66.26     3.71   229.88    24.82     0.62  9999.00  9999.00  9999.00
 00026  1008.00    26.84    63.92     1.59    52.82    23.45     0.00  9999.00  9999.00  9999.00
 00027  1002.75    28.70    65.05     1.21   169.92    23.39     0.06  9999.00  9999.00  9999.00
 00028   971.57    27.44    72.91     1.20   220.11    19.58     0.26  9999.00  9999.00  9999.00
 00029  1005.22    29.92    66.91     1.53    85.62    24.80     0.32  9999.00  9999.00  9999.00
 00030   994.01    30.50    63.61     2.72   183.00    28.60     0.14  9999.00  9999.00  9999.00
 00031   576.30     9.55    51.99     1.94   177.76    24.72     0.23  9999.00  9999.00  9999.00
 00032   978.42    22.79    65.59     3.91    87.09    22.33     0.00  9999.00  9999.00  9999.00
 00033  1007.41    23.30    95.85     3.53   110.55     0.55     0.09  9999.00  9999.00  9999.00
 00034  1008.71    28.26    83.90     4.47    46.90    30.22     0.03  9999.00  9999.00  9999.00
 00035  1006.47    29.09    76.36     3.55    52.00    16.21     0.88  9999.00  9999.00  9999.00
 00036   774.84    21.55    66.58     3.45   192.54    24.37     1.01  9999.00  9999.00  9999.00
 00037   968.46    24.48    58.41     3.13    97.54    22.25     0.00  9999.00  9999.00  9999.00
 00038   994.03    29.57    51.80     1.82    94.20    24.67     0.00  9999.00  9999.00  9999.00
 00039  1008.79    24.65    71.24    10.82    46.64    24.14     0.01  9999.00  9999.00  9999.00
 00040  1005.79    27.75    61.47     6.68    71.71    25.30     0.00  9999.00  9999.00  9999.00
 00041   970.54    22.71    54.50     2.14    96.83    22.58     0.00  9999.00  9999.00  9999.00
 00042  1013.12    20.62    64.93     3.89    75.98    23.08     0.00  9999.00  9999.00  9999.00
 00043  1001.54    26.37    69.35     1.32    46.97    23.94     0.00  9999.00  9999.00  9999.00
 00044   984.30    21.03    77.35     2.79    53.94    21.84     0.11  9999.00  9999.00  9999.00
 00045  1005.79    27.75    61.47     6.68    71.71    25.30     0.00  9999.00  9999.00  9999.00
 00046   941.22    27.03    78.09     1.23   343.50    16.63     2.36  9999.00  9999.00  9999.00
 00047  1002.85    23.46    61.15     3.39    89.94    23.03     0.00  9999.00  9999.00  9999.00
 00048   607.40    13.15    46.88     2.36   194.37    31.53     0.38  9999.00  9999.00  9999.00
 00049   580.85     7.40    73.83     2.72   205.74    18.16     0.94  9999.00  9999.00  9999.00
 00050  1001.23    26.79    52.73     7.13    51.59    23.63     0.00  9999.00  9999.00  9999.00
