stn_id       p       t2      rh2      spd      dir      vis    rain6   rain24   tmax24   tmin24 
 00001   969.96    20.85    93.27     0.93   299.17     5.50     5.35  9999.00  9999.00  9999.00
 00002   998.65    11.64    78.30     1.78   257.23    23.43     0.00  9999.00  9999.00  9999.00
 00003   906.78     7.78    69.27     1.53   296.09    22.82     0.00  9999.00  9999.00  9999.00
 00004   838.34     2.33    61.75     1.39   138.53    22.98     0.00  9999.00  9999.00  9999.00
 00005   873.21     6.31    56.34     1.08   133.13    25.63     0.00  9999.00  9999.00  9999.00
 00006   883.49     4.28    48.51     3.07   194.93    26.53     0.00  9999.00  9999.00  9999.00
 00007  1003.68     9.54    79.88     1.82   214.30    25.51     0.00  9999.00  9999.00  9999.00
 00008   986.57     8.10    77.66     2.39   291.68    26.71     0.00  9999.00  9999.00  9999.00
 00009   945.13     0.23    87.19     1.65   255.86    32.75     0.00  9999.00  9999.00  9999.00
 00010   962.16     8.87    81.62     3.32   282.35    28.56     0.00  9999.00  9999.00  9999.00
 00011   991.89     8.48    81.68     3.07   297.37    27.72     0.06  9999.00  9999.00  9999.00
 00012  1014.03     9.92    82.36     1.69   344.44    23.19     0.00  9999.00  9999.00  9999.00
 00013  1013.18    17.34    94.17     2.42    76.17    23.01     0.00  9999.00  9999.00  9999.00
 00014  1009.07    18.81    91.43     1.81    32.29    24.08     0.02  9999.00  9999.00  9999.00
 00015   999.03    13.64    58.71     1.14   151.90    20.01     0.00  9999.00  9999.00  9999.00
 00016   955.93    16.95    78.03     1.58    91.09    22.99     0.00  9999.00  9999.00  9999.00
 00017  1000.68    17.63    95.13     1.40    55.45    21.85     0.03  9999.00  9999.00  9999.00
 00018  1011.99    17.60    92.13     2.03    25.58    18.38     0.00  9999.00  9999.00  9999.00
 00019   935.81    18.95    86.81     1.00    44.02    17.75     0.28  9999.00  9999.00  9999.00
 00020  1015.21    16.27    94.99     1.69   349.42    22.42     0.00  9999.00  9999.00  9999.00
 00021   894.35     8.19    78.16     1.55   322.32    26.12     0.14  9999.00  9999.00  9999.00
 00022  1016.81    13.39    60.00     2.24   295.94    21.21     0.00  9999.00  9999.00  9999.00
 00023   920.51    10.27    67.16     1.24   238.74    22.28     0.01  9999.00  9999.00  9999.00
 00024   944.06     9.45    72.28     1.06   149.20    24.41     0.05  9999.00  9999.00  9999.00
 00025   797.28    15.24    95.36     1.12   190.13    24.51     0.02  9999.00  9999.00  9999.00
 00026  1008.67    21.23    83.82     4.13     6.40    23.54     0.00  9999.00  9999.00  9999.00
 00027  1005.22    21.83    87.14     3.31   324.73    23.20     0.25  9999.00  9999.00  9999.00
 00028   974.62    20.37    83.66     2.13   260.66    18.86     0.09  9999.00  9999.00  9999.00
 00029  1004.81    25.22    96.15     0.58    75.27    16.73     0.16  9999.00  9999.00  9999.00
 00030   994.84    24.69    95.91     1.18   193.96    28.09     0.01  9999.00  9999.00  9999.00
 00031   576.58     3.51    78.54     1.69   182.93    27.08     0.00  9999.00  9999.00  9999.00
 00032   977.08    21.40    91.55     1.54    64.54    20.22     0.05  9999.00  9999.00  9999.00
 00033  1007.89    22.65    98.60     1.82   167.77     7.63     0.31  9999.00  9999.00  9999.00
 00034  1008.60    27.88    83.70     4.26    50.39    29.10     2.55  9999.00  9999.00  9999.00
 00035  1006.86    24.61    98.74     0.44   251.04     0.40     0.00  9999.00  9999.00  9999.00
 00036   776.85    14.28    92.05     1.79   170.02    23.89     0.03  9999.00  9999.00  9999.00
 00037   967.48    21.96    89.94     1.07    86.20    22.27     0.06  9999.00  9999.00  9999.00
 00038   993.62    24.10    89.96     0.63   169.03    24.55     0.03  9999.00  9999.00  9999.00
 00039  1007.04    23.95    87.88     8.69    31.65    23.92     0.01  9999.00  9999.00  9999.00
 00040  1004.75    24.74    85.14     4.82    39.70    25.28     0.00  9999.00  9999.00  9999.00
 00041   970.75    18.98    91.12     1.95    45.85    16.83     0.36  9999.00  9999.00  9999.00
 00042  1012.69    17.92    93.15     1.68    54.98    23.23     0.00  9999.00  9999.00  9999.00
 00043  1002.19    21.59    84.58     2.42    24.68    23.72     0.01  9999.00  9999.00  9999.00
 00044   983.20    22.19    93.67     2.48    44.80    21.04     0.00  9999.00  9999.00  9999.00
 00045  1004.75    24.74    85.14     4.82    39.70    25.28     0.00  9999.00  9999.00  9999.00
 00046   941.04    21.09    99.06     0.75    70.38    19.45     0.00  9999.00  9999.00  9999.00
 00047  1001.31    21.38    95.22     4.19    77.32     6.87     3.49  9999.00  9999.00  9999.00
 00048   607.63     7.83    62.91     1.66   202.05    31.36     0.04  9999.00  9999.00  9999.00
 00049   581.13     1.98    99.37     0.44   182.21     1.91     0.14  9999.00  9999.00  9999.00
 00050   999.69    23.35    85.46     5.12    25.22    23.60     0.00  9999.00  9999.00  9999.00
