stn_id       p       t2      rh2      spd      dir      vis    rain6   rain24   tmax24   tmin24 
 00001   988.80     9.10    84.86     1.00   180.00     3.50     0.00  9999.00  9999.00  9999.00
 00002  1015.10    -0.20    33.46     2.00   340.00    15.00     0.00  9999.00  9999.00  9999.00
 00003   933.70    -8.30    47.25     1.00    90.00    11.00     0.00  9999.00  9999.00  9999.00
 00004   864.20   -12.40    46.81     2.00   220.00    30.00     0.00  9999.00  9999.00  9999.00
 00005   891.30    -8.20    38.49     3.00   290.00    30.00     0.00  9999.00  9999.00  9999.00
 00006   890.10   -13.40    46.08     3.00   250.00    30.00     0.00  9999.00  9999.00  9999.00
 00007  1017.70   -10.80    81.97     1.00   220.00  9999.00     0.00  9999.00  9999.00  9999.00
 00008   992.20   -15.00    79.90     0.00   180.00     7.00     0.00  9999.00  9999.00  9999.00
 00009   961.10   -32.50    69.90     1.00   180.00    17.00     0.00  9999.00  9999.00  9999.00
 00010   988.70   -16.90    76.63     1.00   270.00    13.00     0.00  9999.00  9999.00  9999.00
 00011  1006.30   -18.90    82.48     1.00   220.00     1.50     0.00  9999.00  9999.00  9999.00
 00012  1022.10    -6.40    40.03     1.00   290.00    11.00     0.00  9999.00  9999.00  9999.00
 00013  1021.50     1.90    75.80     1.00    90.00     6.00     0.00  9999.00  9999.00  9999.00
 00014  1020.00     5.50    76.96     2.00    20.00  9999.00     0.00  9999.00  9999.00  9999.00
 00015  1005.80    -0.20    52.96     2.00   110.00    13.00     0.00  9999.00  9999.00  9999.00
 00016   974.10     1.40    53.83     1.00   360.00     7.00     0.00  9999.00  9999.00  9999.00
 00017  1012.20     0.50    73.87     1.00   220.00  9999.00     0.00  9999.00  9999.00  9999.00
 00018  1022.60     0.50    88.96     0.00     0.00     7.00     0.00  9999.00  9999.00  9999.00
 00019  9999.00  9999.00  9999.00  9999.00  9999.00  9999.00  9999.00  9999.00  9999.00  9999.00
 00020  1026.00     1.50    82.15     1.00   110.00    19.00     0.00  9999.00  9999.00  9999.00
 00021   910.90    -6.20    55.88     5.00   320.00     3.10     0.00  9999.00  9999.00  9999.00
 00022  1025.90    -4.90    37.74     1.00   360.00     8.00     0.00  9999.00  9999.00  9999.00
 00023   931.90    -1.40    74.64     4.00   250.00    30.00     0.00  9999.00  9999.00  9999.00
 00024   964.50    -8.70    56.54     2.00   110.00     8.00     0.00  9999.00  9999.00  9999.00
 00025   811.10    12.00    79.03     4.00   200.00    15.00     0.00  9999.00  9999.00  9999.00
 00026  1017.90     5.50    93.90     1.00    70.00     3.40     1.00  9999.00  9999.00  9999.00
 00027  1009.50     2.40    97.18     0.00     0.00     1.70     0.10  9999.00  9999.00  9999.00
 00028   988.70     2.10    97.87     0.00    20.00     2.30     0.00  9999.00  9999.00  9999.00
 00029  1009.20    16.30    89.61     1.00   360.00     9.00     0.00  9999.00  9999.00  9999.00
 00030   997.80    12.20    96.74     2.00    70.00     0.60     0.20  9999.00  9999.00  9999.00
 00031   623.60    -1.80     8.28     1.00   140.00    30.00     0.00  9999.00  9999.00  9999.00
 00032  1012.10    10.10    84.97     2.00   290.00    10.00     0.00  9999.00  9999.00  9999.00
 00033  1007.70    20.20    95.12     2.00    90.00     3.70     0.00  9999.00  9999.00  9999.00
 00034  1013.10    24.30    85.84     3.00    70.00    17.00     0.00  9999.00  9999.00  9999.00
 00035  1012.70    22.10    92.86     0.00    40.00    11.00     0.00  9999.00  9999.00  9999.00
 00036   835.30    12.20    25.92     2.00   360.00    27.00     0.00  9999.00  9999.00  9999.00
 00037  1015.30     9.70    92.19     1.00   340.00     6.00     0.00  9999.00  9999.00  9999.00
 00038  1013.20    13.40    80.87     0.00     0.00    11.00     0.00  9999.00  9999.00  9999.00
 00039  1017.50    11.50    81.17     4.00    40.00    11.00     0.00  9999.00  9999.00  9999.00
 00040  1013.30    13.50    84.20     6.00    40.00     9.00     0.00  9999.00  9999.00  9999.00
 00041   816.70     1.70    75.75     4.00    40.00    22.00     0.00  9999.00  9999.00  9999.00
 00042  1020.20     1.70    89.72     1.00    40.00     4.70     0.00  9999.00  9999.00  9999.00
 00043  1015.00     4.80   100.00     2.00    90.00    10.00     2.00  9999.00  9999.00  9999.00
 00044  1009.60     5.30    95.22     0.00     0.00     6.00     4.00  9999.00  9999.00  9999.00
 00045  1013.30    13.50    84.20     6.00    40.00     9.00     0.00  9999.00  9999.00  9999.00
 00046   971.10    11.70    77.93     2.00    40.00     7.00     0.00  9999.00  9999.00  9999.00
 00047  1019.80     6.90    90.12     2.00    70.00     1.90     1.00  9999.00  9999.00  9999.00
 00048   651.50     1.60    11.95     3.00    90.00    27.00     0.00  9999.00  9999.00  9999.00
 00049   598.70   -10.60    81.99     1.00   250.00    30.00     0.00  9999.00  9999.00  9999.00
 00050  1012.50    10.80    79.97     7.00    20.00    14.00     0.00  9999.00  9999.00  9999.00
