stn_id       p       t2      rh2      spd      dir      vis    rain6   rain24   tmax24   tmin24 
 00001   973.33    10.98    94.07     2.07   204.88     8.47  9999.00  9999.00  9999.00  9999.00
 00002  1006.27     5.65    36.60     2.97    40.23    21.38  9999.00  9999.00  9999.00  9999.00
 00003   908.12     2.03    69.32     1.22    86.73    15.59  9999.00  9999.00  9999.00  9999.00
 00004   836.13    -3.67    74.53     1.20   133.75    18.76  9999.00  9999.00  9999.00  9999.00
 00005   873.27    -6.19    17.75     2.62    47.27    20.74  9999.00  9999.00  9999.00  9999.00
 00006   887.07    -9.48    16.15     1.50   112.63    22.37  9999.00  9999.00  9999.00  9999.00
 00007  1014.78    -4.39    40.08     2.59   342.50    24.80  9999.00  9999.00  9999.00  9999.00
 00008   996.42    -5.59    48.12     1.87   298.88    28.90  9999.00  9999.00  9999.00  9999.00
 00009   955.87   -21.73    89.95     1.98   250.65    48.99  9999.00  9999.00  9999.00  9999.00
 00010   971.07    -4.23    37.19     3.99   293.49    29.75  9999.00  9999.00  9999.00  9999.00
 00011  1002.96    -5.06    65.88     2.81   319.96    33.27  9999.00  9999.00  9999.00  9999.00
 00012  1024.56     1.32    16.05     3.90    36.03    21.43  9999.00  9999.00  9999.00  9999.00
 00013  1014.39    10.63    72.32     5.64    24.90    17.75  9999.00  9999.00  9999.00  9999.00
 00014  1008.07    12.51    90.40     4.30    11.05     3.63  9999.00  9999.00  9999.00  9999.00
 00015  1004.18     6.92    33.57     3.02    25.30    18.38  9999.00  9999.00  9999.00  9999.00
 00016   959.38     5.19    91.03     2.56    77.55    17.37  9999.00  9999.00  9999.00  9999.00
 00017  1004.83     9.71    28.03     3.10    40.62    18.62  9999.00  9999.00  9999.00  9999.00
 00018  1014.15     9.74    76.71     5.82    23.73    16.17  9999.00  9999.00  9999.00  9999.00
 00019   936.80     8.99    94.31     0.48   218.36    17.79  9999.00  9999.00  9999.00  9999.00
 00020  1014.12    14.05    76.41     6.24    23.61    14.01  9999.00  9999.00  9999.00  9999.00
 00021   891.70    -2.77    51.45     1.44   156.21    34.30  9999.00  9999.00  9999.00  9999.00
 00022  1026.70     3.75     9.49     5.16    16.27    19.90  9999.00  9999.00  9999.00  9999.00
 00023   919.37    -0.67    44.08     0.79   186.79    31.20  9999.00  9999.00  9999.00  9999.00
 00024   946.06    -8.56    65.96     1.84   107.95    33.83  9999.00  9999.00  9999.00  9999.00
 00025   791.90     9.02    64.18     2.39   239.18    22.05  9999.00  9999.00  9999.00  9999.00
 00026  1008.66    12.50    94.71     4.77   352.20    13.66  9999.00  9999.00  9999.00  9999.00
 00027  1006.94     9.50    91.69     5.47   332.53    10.47  9999.00  9999.00  9999.00  9999.00
 00028   976.84     7.98    84.93     4.55    25.58    16.33  9999.00  9999.00  9999.00  9999.00
 00029  1001.61    21.30    98.05     2.22    27.31     6.77  9999.00  9999.00  9999.00  9999.00
 00030   991.59    18.20    91.53     4.21    25.11    22.67  9999.00  9999.00  9999.00  9999.00
 00031   567.99    -8.20    58.83     2.11   225.98    28.56  9999.00  9999.00  9999.00  9999.00
 00032   974.51    18.46    99.42     0.61   333.88     0.69  9999.00  9999.00  9999.00  9999.00
 00033  1001.91    22.76    95.26     9.07   170.66     5.08  9999.00  9999.00  9999.00  9999.00
 00034  1008.13    27.32    79.41     8.96   174.38    23.09  9999.00  9999.00  9999.00  9999.00
 00035  1002.57    26.59    87.48     6.16   185.93    21.88  9999.00  9999.00  9999.00  9999.00
 00036   772.77     5.31    83.01     0.64   338.15    20.48  9999.00  9999.00  9999.00  9999.00
 00037   964.87    18.16    99.73     0.43   311.98     0.86  9999.00  9999.00  9999.00  9999.00
 00038   991.84    20.25    98.13     0.50   142.84    19.90  9999.00  9999.00  9999.00  9999.00
 00039  1005.52    23.72    92.45     4.47   228.23     6.51  9999.00  9999.00  9999.00  9999.00
 00040  1003.65    22.94    92.82     2.57   286.50    17.26  9999.00  9999.00  9999.00  9999.00
 00041   969.87    10.54    92.87     3.96    28.93     4.94  9999.00  9999.00  9999.00  9999.00
 00042  1013.81    11.08    80.64     4.86    30.52    17.78  9999.00  9999.00  9999.00  9999.00
 00043  1001.98    12.88    95.48     3.22    76.16    19.72  9999.00  9999.00  9999.00  9999.00
 00044   981.78    14.36    97.39     1.86    83.50     9.73  9999.00  9999.00  9999.00  9999.00
 00045  1003.65    22.94    92.82     2.57   286.50    17.26  9999.00  9999.00  9999.00  9999.00
 00046   938.59    16.68    99.88     1.50   311.44     1.45  9999.00  9999.00  9999.00  9999.00
 00047   998.65    17.90    95.51     2.96   173.49     3.74  9999.00  9999.00  9999.00  9999.00
 00048   598.94    -6.58    78.90     1.16   168.98    20.65  9999.00  9999.00  9999.00  9999.00
 00049   571.77   -10.40    96.32     0.65   118.06    13.33  9999.00  9999.00  9999.00  9999.00
 00050   997.69    22.12    96.92     2.13   240.77     6.70  9999.00  9999.00  9999.00  9999.00
