stn_id       p       t2      rh2      spd      dir      vis    rain6   rain24   tmax24   tmin24 
 00001   963.63    14.06    83.55     1.81   335.53    18.06  9999.00  9999.00  9999.00  9999.00
 00002   992.04     9.09    58.62     2.65   305.89    21.28  9999.00  9999.00  9999.00  9999.00
 00003   899.39     1.02    74.99     1.87   278.05    19.48  9999.00  9999.00  9999.00  9999.00
 00004   830.06    -2.30    40.24     1.27   127.58    19.08  9999.00  9999.00  9999.00  9999.00
 00005   867.55    -4.80    26.44     2.55   101.41    21.15  9999.00  9999.00  9999.00  9999.00
 00006   879.52    -6.90    28.54     6.87   275.81    23.02  9999.00  9999.00  9999.00  9999.00
 00007  1001.19     8.49    90.26     4.28   225.70     4.01  9999.00  9999.00  9999.00  9999.00
 00008   980.83     7.71    88.49     8.32   217.02    27.26  9999.00  9999.00  9999.00  9999.00
 00009   937.47   -12.91    81.75     5.06    26.68    17.84  9999.00  9999.00  9999.00  9999.00
 00010   963.06     4.11    64.20     0.28   145.70    30.50  9999.00  9999.00  9999.00  9999.00
 00011   983.81     9.38    71.65     7.86   213.59     8.32  9999.00  9999.00  9999.00  9999.00
 00012  1008.84     8.96    27.06     4.48    80.21    21.46  9999.00  9999.00  9999.00  9999.00
 00013  1003.13    13.00    99.24     2.19    60.84    12.12  9999.00  9999.00  9999.00  9999.00
 00014  1000.07    12.92    98.97     0.92    91.99     1.44  9999.00  9999.00  9999.00  9999.00
 00015   990.80    11.57    84.35     0.75    98.49    18.15  9999.00  9999.00  9999.00  9999.00
 00016   953.05    10.66    75.33     0.64    96.79    17.80  9999.00  9999.00  9999.00  9999.00
 00017   992.70    11.49    89.84     1.90   333.79    18.33  9999.00  9999.00  9999.00  9999.00
 00018  1002.48    11.92    97.35     1.74   351.31    16.09  9999.00  9999.00  9999.00  9999.00
 00019   929.36    12.79    93.27     1.39   119.71     6.20  9999.00  9999.00  9999.00  9999.00
 00020  1007.10    14.97    98.36     1.91   119.75     2.01  9999.00  9999.00  9999.00  9999.00
 00021   889.74    -4.72    57.51     0.64   165.98    34.76  9999.00  9999.00  9999.00  9999.00
 00022  1010.48    10.93    28.50     6.32   355.88    19.79  9999.00  9999.00  9999.00  9999.00
 00023   916.90    -5.62    58.77     1.17   160.16    31.65  9999.00  9999.00  9999.00  9999.00
 00024   946.38   -14.67    95.56     1.59   284.23    34.32  9999.00  9999.00  9999.00  9999.00
 00025   789.85    12.91    55.66     4.29   239.61    21.83  9999.00  9999.00  9999.00  9999.00
 00026  1000.65    12.33    98.55     4.79    98.34     8.21  9999.00  9999.00  9999.00  9999.00
 00027   999.78     9.23    96.28     3.89   334.29    13.75  9999.00  9999.00  9999.00  9999.00
 00028   969.74     8.97    93.16     2.07     8.43    17.31  9999.00  9999.00  9999.00  9999.00
 00029  1000.38    23.61    95.82     4.76   172.84    20.83  9999.00  9999.00  9999.00  9999.00
 00030   988.23    23.58    91.00     3.20   180.18    23.20  9999.00  9999.00  9999.00  9999.00
 00031   565.18    -9.14    78.18     1.77   217.58    26.45  9999.00  9999.00  9999.00  9999.00
 00032   971.15    19.08    92.33     1.39   183.37    10.98  9999.00  9999.00  9999.00  9999.00
 00033  1003.37    21.73    95.50     6.13   170.04     4.94  9999.00  9999.00  9999.00  9999.00
 00034  1009.48    26.78    78.15     7.88   190.42    22.72  9999.00  9999.00  9999.00  9999.00
 00035  1003.42    26.66    81.47     7.29   184.56    21.60  9999.00  9999.00  9999.00  9999.00
 00036   768.08     9.55    58.23     2.00   162.89    20.90  9999.00  9999.00  9999.00  9999.00
 00037   961.45    19.06    93.35     1.20   165.79    13.59  9999.00  9999.00  9999.00  9999.00
 00038   990.49    21.47    90.43     1.72   183.25    18.99  9999.00  9999.00  9999.00  9999.00
 00039  1003.89    23.56    86.83     6.52   215.30    15.58  9999.00  9999.00  9999.00  9999.00
 00040  1002.66    23.87    84.51     6.12   222.62    16.01  9999.00  9999.00  9999.00  9999.00
 00041   961.67    12.03    99.49     0.47    57.85     0.31  9999.00  9999.00  9999.00  9999.00
 00042  1002.81    13.32    98.18     1.06   140.25     9.76  9999.00  9999.00  9999.00  9999.00
 00043   993.69    12.59    99.69     2.90    38.71     0.51  9999.00  9999.00  9999.00  9999.00
 00044   975.18    15.62    97.15     1.75    71.09    10.53  9999.00  9999.00  9999.00  9999.00
 00045  1002.66    23.87    84.51     6.12   222.62    16.01  9999.00  9999.00  9999.00  9999.00
 00046   933.95    18.53    97.70     4.02   175.24     9.24  9999.00  9999.00  9999.00  9999.00
 00047   994.90    17.89    95.70     1.27    74.53     3.74  9999.00  9999.00  9999.00  9999.00
 00048   596.14    -6.91    89.19     1.36   172.80    16.29  9999.00  9999.00  9999.00  9999.00
 00049   569.51    -8.85    94.91     0.91   161.73     4.89  9999.00  9999.00  9999.00  9999.00
 00050   995.82    22.32    87.26     4.12   208.56    18.17  9999.00  9999.00  9999.00  9999.00
