stn_id       p       t2      rh2      spd      dir      vis    rain6   rain24   tmax24   tmin24 
 00001   959.73    24.56    96.31     1.04    87.07    25.88  9999.00  9999.00  9999.00  9999.00
 00002   984.66    23.04    96.97     0.84   254.26    25.71  9999.00  9999.00  9999.00  9999.00
 00003   896.39    19.43    95.48     1.14    54.83    24.23  9999.00  9999.00  9999.00  9999.00
 00004   831.00    15.64    83.63     1.62   171.55    24.90  9999.00  9999.00  9999.00  9999.00
 00005   864.13    18.81    69.24     1.05   120.57    27.57  9999.00  9999.00  9999.00  9999.00
 00006   873.97    17.95    52.63     2.04   292.04    28.65  9999.00  9999.00  9999.00  9999.00
 00007   994.70    18.93    97.20     1.51   183.62    24.98  9999.00  9999.00  9999.00  9999.00
 00008   979.85    18.18    98.90     1.17   293.34    10.81  9999.00  9999.00  9999.00  9999.00
 00009   940.17    14.51    99.23     1.21   262.51     4.66  9999.00  9999.00  9999.00  9999.00
 00010   960.71    14.35    99.24     1.19    92.12    15.20  9999.00  9999.00  9999.00  9999.00
 00011   987.22    17.36    98.37     0.93   100.65    30.01  9999.00  9999.00  9999.00  9999.00
 00012   999.18    23.83    95.44     1.26   179.42    24.47  9999.00  9999.00  9999.00  9999.00
 00013  1000.78    21.09    97.55     1.25    93.48    23.95  9999.00  9999.00  9999.00  9999.00
 00014   997.42    22.72    96.26     1.19    44.82    16.78  9999.00  9999.00  9999.00  9999.00
 00015   985.64    22.89    82.46     2.21   171.20    20.72  9999.00  9999.00  9999.00  9999.00
 00016   944.18    21.07    82.89     2.16   118.70    25.55  9999.00  9999.00  9999.00  9999.00
 00017   986.54    24.71    78.68     1.60   188.16    24.23  9999.00  9999.00  9999.00  9999.00
 00018   999.48    21.76    96.34     1.53    54.04    19.64  9999.00  9999.00  9999.00  9999.00
 00019   925.99    23.20    89.51     1.44    25.82    23.45  9999.00  9999.00  9999.00  9999.00
 00020  1003.19    21.02    94.74     1.97   287.85    20.66  9999.00  9999.00  9999.00  9999.00
 00021   889.57    11.48    77.37     0.57   223.64    27.90  9999.00  9999.00  9999.00  9999.00
 00022  1002.42    23.81    82.77     1.79   212.32    21.88  9999.00  9999.00  9999.00  9999.00
 00023   917.06    12.32    68.82     3.80   183.02    20.15  9999.00  9999.00  9999.00  9999.00
 00024   940.64    12.33    65.65     3.26   280.84    25.64  9999.00  9999.00  9999.00  9999.00
 00025   791.26    16.50    99.32     0.42    97.30     1.34  9999.00  9999.00  9999.00  9999.00
 00026   997.99    25.17    97.30     0.47   226.36    26.12  9999.00  9999.00  9999.00  9999.00
 00027   994.20    25.18    96.35     1.58   175.18    25.25  9999.00  9999.00  9999.00  9999.00
 00028   964.73    24.73    94.15     0.96   192.45    19.16  9999.00  9999.00  9999.00  9999.00
 00029   997.76    25.72    94.58     1.50   185.67    28.43  9999.00  9999.00  9999.00  9999.00
 00030   986.36    24.39    97.83     2.00   151.44    30.74  9999.00  9999.00  9999.00  9999.00
 00031   573.58     3.87    90.16     1.20   208.97    22.75  9999.00  9999.00  9999.00  9999.00
 00032   968.38    22.93    98.78     1.03    99.94     2.59  9999.00  9999.00  9999.00  9999.00
 00033  1000.65    23.79    97.51     2.55   165.86     0.21  9999.00  9999.00  9999.00  9999.00
 00034  1004.26    28.19    87.32     6.67   210.31    34.45  9999.00  9999.00  9999.00  9999.00
 00035  1000.21    26.44    88.32     2.54   201.56    31.59  9999.00  9999.00  9999.00  9999.00
 00036   772.00    16.08    94.69     1.43   150.36    24.25  9999.00  9999.00  9999.00  9999.00
 00037   958.95    22.42    98.63     0.77    55.84     3.60  9999.00  9999.00  9999.00  9999.00
 00038   985.46    24.63    98.57     0.96   292.07    18.38  9999.00  9999.00  9999.00  9999.00
 00039   998.74    25.23    97.61     2.84   190.10    14.79  9999.00  9999.00  9999.00  9999.00
 00040   996.78    25.87    97.27     2.99   245.19    25.06  9999.00  9999.00  9999.00  9999.00
 00041   960.25    22.34    98.37     0.92    65.11    24.83  9999.00  9999.00  9999.00  9999.00
 00042  1000.56    21.95    95.97     1.91    86.34    24.64  9999.00  9999.00  9999.00  9999.00
 00043   992.04    24.77    97.76     0.75   155.01    23.83  9999.00  9999.00  9999.00  9999.00
 00044   974.13    22.96    98.45     1.10    58.47    22.08  9999.00  9999.00  9999.00  9999.00
 00045   996.78    25.87    97.27     2.99   245.19    25.06  9999.00  9999.00  9999.00  9999.00
 00046   934.08    21.83    99.53     1.03   226.17     0.92  9999.00  9999.00  9999.00  9999.00
 00047   991.77    22.70    97.53     0.74   242.73     6.42  9999.00  9999.00  9999.00  9999.00
 00048   604.00     9.28    83.50     1.05   198.96    24.03  9999.00  9999.00  9999.00  9999.00
 00049   577.42     5.13    95.62     0.62    74.00     8.45  9999.00  9999.00  9999.00  9999.00
 00050   991.16    25.12    99.11     1.34   166.70     8.44  9999.00  9999.00  9999.00  9999.00
