stn_id       p       t2      rh2      spd      dir      vis    rain6   rain24   tmax24   tmin24 
 00001   963.01    29.84    61.58     0.59    52.20    26.80     0.54  9999.00  9999.00  9999.00
 00002   986.87    36.56    22.23     4.30   125.20    24.34     0.00  9999.00  9999.00  9999.00
 00003   897.15    32.82    16.71     4.89   129.50    23.32     0.00  9999.00  9999.00  9999.00
 00004   832.53    24.96    26.89     5.09   167.29    21.70     0.00  9999.00  9999.00  9999.00
 00005   866.00    26.70    26.90     6.09   201.25    21.31     0.00  9999.00  9999.00  9999.00
 00006   874.85    30.17    12.27     9.92   208.30    20.35     0.00  9999.00  9999.00  9999.00
 00007  1000.00    32.73    38.26     6.15   221.98    22.61     0.00  9999.00  9999.00  9999.00
 00008   982.52    33.57    37.76     7.19   224.50    23.91     0.00  9999.00  9999.00  9999.00
 00009   933.95    23.18    74.90     4.43    97.13    29.16     0.37  9999.00  9999.00  9999.00
 00010   963.77    29.14    58.61     2.13    91.11    25.58     0.00  9999.00  9999.00  9999.00
 00011   987.48    34.22    37.50     5.56   205.03    25.38     0.00  9999.00  9999.00  9999.00
 00012  1002.69    37.69    20.61     4.28   166.21    22.02     0.00  9999.00  9999.00  9999.00
 00013  1000.54    26.19    75.69     1.68   196.71    26.06     0.41  9999.00  9999.00  9999.00
 00014   997.43    24.91    93.08     1.73   160.12     2.58    26.36  9999.00  9999.00  9999.00
 00015   987.69    33.60    30.45     3.98   121.50    22.77     0.00  9999.00  9999.00  9999.00
 00016   946.19    30.64    41.52     1.62    39.15    24.94     0.00  9999.00  9999.00  9999.00
 00017   988.88    26.48    62.54     2.24    73.14    25.63     0.33  9999.00  9999.00  9999.00
 00018   999.54    24.82    78.56     1.66   306.08    26.85     0.61  9999.00  9999.00  9999.00
 00019   928.47    28.36    61.74     1.82   169.07    26.01     0.49  9999.00  9999.00  9999.00
 00020  1003.67    25.04    90.55     0.53   125.29     1.80    12.63  9999.00  9999.00  9999.00
 00021   888.36    19.66    38.63     7.12   347.20    24.59     0.14  9999.00  9999.00  9999.00
 00022  1006.12    37.23    18.73     5.34   130.66    21.60     0.00  9999.00  9999.00  9999.00
 00023   913.38    22.16    24.52     7.13   275.20    22.95     0.05  9999.00  9999.00  9999.00
 00024   937.01    21.39    31.92     7.16   292.69    24.72     0.00  9999.00  9999.00  9999.00
 00025   792.16    23.18    56.08     1.43   121.00    25.74     0.26  9999.00  9999.00  9999.00
 00026   999.17    26.94    79.87     2.61   213.74    23.05     6.54  9999.00  9999.00  9999.00
 00027   996.07    29.08    65.08     1.93   226.05    28.30     0.15  9999.00  9999.00  9999.00
 00028   966.25    28.71    62.85     2.32   205.75    26.89     0.00  9999.00  9999.00  9999.00
 00029   999.87    29.66    75.57     1.77   208.72    18.89     6.77  9999.00  9999.00  9999.00
 00030   988.63    25.50    93.55     3.06   106.89    11.15     3.33  9999.00  9999.00  9999.00
 00031   574.78    13.45    41.06     2.11    66.54    22.31     0.45  9999.00  9999.00  9999.00
 00032   970.74    28.57    67.43     3.60   206.38    21.36     0.08  9999.00  9999.00  9999.00
 00033  1001.45    22.91    98.48     2.99   111.95     1.66     0.03  9999.00  9999.00  9999.00
 00034  1005.27    28.28    84.36     5.24   148.31    33.73     0.01  9999.00  9999.00  9999.00
 00035  1000.93    32.08    65.71     4.87   167.74    30.26     0.21  9999.00  9999.00  9999.00
 00036   772.76    23.27    56.00     0.88   238.28    24.90     0.26  9999.00  9999.00  9999.00
 00037   961.27    29.55    64.61     2.93   205.11    23.44     0.11  9999.00  9999.00  9999.00
 00038   989.14    29.24    74.03     3.57   192.91    24.99     1.59  9999.00  9999.00  9999.00
 00039  1002.78    27.20    85.55     7.56   198.72    23.34     0.66  9999.00  9999.00  9999.00
 00040  1001.16    27.99    83.83     5.73   193.68    20.22     1.12  9999.00  9999.00  9999.00
 00041   960.53    22.61    92.31     0.93    66.30    16.21    18.82  9999.00  9999.00  9999.00
 00042  1000.37    27.58    71.07     2.02   224.87    17.74     0.68  9999.00  9999.00  9999.00
 00043   993.21    27.90    71.79     3.57   239.16    18.62    10.94  9999.00  9999.00  9999.00
 00044   973.77    24.07    94.56     3.03    60.23     0.53    14.95  9999.00  9999.00  9999.00
 00045  1001.16    27.99    83.83     5.73   193.68    20.22     1.12  9999.00  9999.00  9999.00
 00046   935.87    27.40    67.65     4.75   218.47    26.36     0.45  9999.00  9999.00  9999.00
 00047   993.50    26.70    85.02     7.14   174.29    22.64     0.27  9999.00  9999.00  9999.00
 00048   605.50    16.21    44.05     0.66   160.42    26.33     0.33  9999.00  9999.00  9999.00
 00049   578.87     9.30    70.80     2.01   193.32    15.20     1.46  9999.00  9999.00  9999.00
 00050   994.75    29.08    75.55     6.54   199.38    24.43     1.04  9999.00  9999.00  9999.00
