stn_id       p       t2      rh2      spd      dir      vis    rain6   rain24   tmax24   tmin24 
 00001   965.44    22.85    86.25     0.65    97.64    26.21     0.00  9999.00  9999.00  9999.00
 00002   987.10    31.55    26.98     1.91   214.64    24.16     0.00  9999.00  9999.00  9999.00
 00003   899.51    23.11    41.59     2.37   197.95    23.26     0.00  9999.00  9999.00  9999.00
 00004   833.08    19.57    40.82     1.79   218.47    21.56     0.00  9999.00  9999.00  9999.00
 00005   866.28    21.39    40.89     3.33   199.50    21.12     0.00  9999.00  9999.00  9999.00
 00006   874.56    26.69    23.09     6.98   208.03    20.16    -0.00  9999.00  9999.00  9999.00
 00007   998.44    26.93    50.28     5.78   179.23    22.44     0.00  9999.00  9999.00  9999.00
 00008   983.51    26.63    58.22     4.38   173.61    23.85    -0.00  9999.00  9999.00  9999.00
 00009   938.12    18.59    64.05     1.02   311.60    36.13    -0.01  9999.00  9999.00  9999.00
 00010   967.63    18.09    84.99     1.55    89.65    25.59     0.03  9999.00  9999.00  9999.00
 00011   991.46    25.53    56.09     3.93   155.48    25.40     0.06  9999.00  9999.00  9999.00
 00012  1002.17    31.84    27.04     2.07   185.22    21.83    -0.00  9999.00  9999.00  9999.00
 00013  1003.96    22.64    83.76     5.46   108.80    21.82     0.31  9999.00  9999.00  9999.00
 00014   999.93    21.58    96.14     3.06   115.79     0.30    72.95  9999.00  9999.00  9999.00
 00015   989.04    31.20    38.07     0.94   179.08    22.69     0.00  9999.00  9999.00  9999.00
 00016   948.56    21.23    70.08     1.48    90.13    24.92     0.00  9999.00  9999.00  9999.00
 00017   989.92    27.19    59.88     1.04   296.43    25.57     0.00  9999.00  9999.00  9999.00
 00018  1002.11    23.14    78.39     3.62    89.83    24.81     0.01  9999.00  9999.00  9999.00
 00019   930.80    23.23    75.59     0.78    69.05    27.47     0.01  9999.00  9999.00  9999.00
 00020  1008.22    22.09    85.77     6.07   118.02     6.82     0.99  9999.00  9999.00  9999.00
 00021   884.53    19.41    45.99     1.63   154.76    25.37     0.00  9999.00  9999.00  9999.00
 00022  1005.39    33.39    25.43     3.71   204.82    21.45     0.00  9999.00  9999.00  9999.00
 00023   912.13    18.20    55.62     3.66   220.27    23.11     0.29  9999.00  9999.00  9999.00
 00024   933.59    20.15    30.03     1.20   111.61    24.77     0.02  9999.00  9999.00  9999.00
 00025   792.71    16.12    92.85     0.77    94.79    20.08     2.16  9999.00  9999.00  9999.00
 00026  1001.06    22.49    86.98     1.65   188.66    28.28    -0.00  9999.00  9999.00  9999.00
 00027   997.10    24.33    84.57     0.53   302.50    28.25     0.03  9999.00  9999.00  9999.00
 00028   967.79    22.16    87.19     0.44    91.12    26.88    -0.01  9999.00  9999.00  9999.00
 00029  1000.48    27.11    91.92     2.18   193.82    22.36     2.41  9999.00  9999.00  9999.00
 00030   988.70    24.24    96.58     1.79   217.36     2.13    22.92  9999.00  9999.00  9999.00
 00031   576.15     4.27    83.76     1.33   233.50    21.72    -0.00  9999.00  9999.00  9999.00
 00032   971.91    21.48    97.85     1.60   206.46     4.30     7.97  9999.00  9999.00  9999.00
 00033  1002.32    23.21    97.22     4.35   172.42     0.18     0.01  9999.00  9999.00  9999.00
 00034  1006.50    27.78    90.98     5.96   166.13    33.28     0.02  9999.00  9999.00  9999.00
 00035  1002.04    28.45    85.42     5.23   188.93    31.24     0.00  9999.00  9999.00  9999.00
 00036   774.12    14.40    95.29     0.53    68.07     2.24     0.00  9999.00  9999.00  9999.00
 00037   962.33    21.36    97.66     1.50   184.70     5.83     6.87  9999.00  9999.00  9999.00
 00038   989.98    25.88    94.58     0.68   181.06    20.69     1.83  9999.00  9999.00  9999.00
 00039  1003.54    25.85    93.72     6.14   201.98    19.48     2.04  9999.00  9999.00  9999.00
 00040  1001.44    26.39    90.36     4.68   225.11    19.52     0.81  9999.00  9999.00  9999.00
 00041   962.65    19.37    92.36     1.62   182.24    26.19     0.73  9999.00  9999.00  9999.00
 00042  1003.19    21.52    89.66     2.80    95.48    14.54     1.09  9999.00  9999.00  9999.00
 00043   995.03    22.96    87.66     1.95   190.75    28.02    -0.00  9999.00  9999.00  9999.00
 00044   977.49    20.73    88.85     0.49   202.80    23.11     0.13  9999.00  9999.00  9999.00
 00045  1001.44    26.39    90.36     4.68   225.11    19.52     0.81  9999.00  9999.00  9999.00
 00046   936.60    21.99    99.63     2.93   194.03     0.60     6.42  9999.00  9999.00  9999.00
 00047   994.45    22.95    97.30     6.06   199.47     0.28    23.97  9999.00  9999.00  9999.00
 00048   606.82     6.03    61.74     0.63   176.97    26.32     0.00  9999.00  9999.00  9999.00
 00049   579.31     3.66    91.55     1.10    26.72    15.15    -0.00  9999.00  9999.00  9999.00
 00050   995.71    25.50    95.50     4.60   202.48     2.19     4.71  9999.00  9999.00  9999.00
