stn_id       p       t2      rh2      spd      dir      vis    rain6   rain24   tmax24   tmin24 
 00001   967.28    21.65    82.30     0.88   134.59    25.57  9999.00  9999.00  9999.00  9999.00
 00002   989.89    19.67    96.78     1.69   312.03    24.76  9999.00  9999.00  9999.00  9999.00
 00003   900.73    14.52    97.08     0.49   302.11    24.28  9999.00  9999.00  9999.00  9999.00
 00004   833.88    12.84    93.66     2.14   202.68    24.45  9999.00  9999.00  9999.00  9999.00
 00005   867.68    13.22    96.03     0.71    81.84    26.05  9999.00  9999.00  9999.00  9999.00
 00006   876.71    14.51    71.29     3.05   225.47    27.79  9999.00  9999.00  9999.00  9999.00
 00007  1002.43    17.78    86.05     2.81   163.59    25.53  9999.00  9999.00  9999.00  9999.00
 00008   986.78    17.66    73.47     4.05   183.63    26.99  9999.00  9999.00  9999.00  9999.00
 00009   950.43     2.29    67.24     2.40    38.33    35.98  9999.00  9999.00  9999.00  9999.00
 00010   968.54    12.44    97.67     1.00   257.71    20.25  9999.00  9999.00  9999.00  9999.00
 00011   993.54    17.33    79.28     4.27   177.80    28.52  9999.00  9999.00  9999.00  9999.00
 00012  1005.69    19.61    93.11     1.70    62.62    23.50  9999.00  9999.00  9999.00  9999.00
 00013  1006.98    19.07    91.55     2.12    38.56    23.75  9999.00  9999.00  9999.00  9999.00
 00014  1002.88    20.50    89.39     2.04   222.17    24.96  9999.00  9999.00  9999.00  9999.00
 00015   991.45    22.35    92.52     2.99   175.62    20.25  9999.00  9999.00  9999.00  9999.00
 00016   950.27    18.02    90.16     1.67   117.90    25.06  9999.00  9999.00  9999.00  9999.00
 00017   993.17    19.09    95.76     1.20   240.80    23.25  9999.00  9999.00  9999.00  9999.00
 00018  1005.87    21.23    84.35     1.93    59.61    23.59  9999.00  9999.00  9999.00  9999.00
 00019   932.50    19.49    85.78     1.14   318.90    26.89  9999.00  9999.00  9999.00  9999.00
 00020  1008.70    20.97    93.54     3.04    37.57    22.21  9999.00  9999.00  9999.00  9999.00
 00021   889.12    15.86    60.48     1.10   179.25    27.14  9999.00  9999.00  9999.00  9999.00
 00022  1008.37    20.27    87.34     1.69   117.46    21.32  9999.00  9999.00  9999.00  9999.00
 00023   914.61    12.05    84.60     1.37   181.52    23.25  9999.00  9999.00  9999.00  9999.00
 00024   939.15    13.94    65.63     1.87   293.65    25.40  9999.00  9999.00  9999.00  9999.00
 00025   794.62    13.48    89.14     1.68    72.33    24.72  9999.00  9999.00  9999.00  9999.00
 00026  1002.23    21.85    88.76     5.02    16.71    15.99  9999.00  9999.00  9999.00  9999.00
 00027   999.19    22.09    87.23     2.63   333.30     6.76  9999.00  9999.00  9999.00  9999.00
 00028   970.20    20.25    87.52     1.36   348.46     2.01  9999.00  9999.00  9999.00  9999.00
 00029   996.78    24.76    95.49     1.86    46.26    25.30  9999.00  9999.00  9999.00  9999.00
 00030   986.25    19.55    91.32     5.61   342.06     1.73  9999.00  9999.00  9999.00  9999.00
 00031   575.67     2.96    79.88     2.14   212.77    22.71  9999.00  9999.00  9999.00  9999.00
 00032   968.89    22.29    97.51     2.87    31.00    12.56  9999.00  9999.00  9999.00  9999.00
 00033   998.01    20.86    97.29     5.90   254.47     0.21  9999.00  9999.00  9999.00  9999.00
 00034  1001.15    28.13    85.64     9.41   238.93    22.24  9999.00  9999.00  9999.00  9999.00
 00035   997.54    24.48    86.13     3.05   267.43    29.00  9999.00  9999.00  9999.00  9999.00
 00036   776.97    10.80    82.01     1.48    70.69    24.38  9999.00  9999.00  9999.00  9999.00
 00037   959.53    22.78    97.20     1.84    33.02    15.43  9999.00  9999.00  9999.00  9999.00
 00038   984.78    24.75    97.11     0.84   336.73    17.56  9999.00  9999.00  9999.00  9999.00
 00039   997.81    24.80    91.33    11.02    26.57    23.45  9999.00  9999.00  9999.00  9999.00
 00040   995.74    25.75    89.73     2.65    66.14    13.24  9999.00  9999.00  9999.00  9999.00
 00041   965.17    20.04    81.69     1.36    25.90    24.17  9999.00  9999.00  9999.00  9999.00
 00042  1006.65    19.77    83.48     2.11    44.41    24.25  9999.00  9999.00  9999.00  9999.00
 00043   995.57    21.83    90.59     3.58    28.79    21.39  9999.00  9999.00  9999.00  9999.00
 00044   977.38    22.21    84.13     3.15    54.68    24.56  9999.00  9999.00  9999.00  9999.00
 00045   995.74    25.75    89.73     2.65    66.14    13.24  9999.00  9999.00  9999.00  9999.00
 00046   934.03    21.80    95.09     2.09    18.45    25.27  9999.00  9999.00  9999.00  9999.00
 00047   994.82    23.74    92.14     5.17    31.71     7.79  9999.00  9999.00  9999.00  9999.00
 00048   606.72     6.23    51.39     1.14   183.37    29.24  9999.00  9999.00  9999.00  9999.00
 00049   580.15     2.26    97.96     1.10    43.22     4.31  9999.00  9999.00  9999.00  9999.00
 00050   990.72    24.38    91.95     7.14    26.39    21.92  9999.00  9999.00  9999.00  9999.00
