stn_id       p       t2      rh2      spd      dir      vis    rain6   rain24   tmax24   tmin24 
 00001   960.36    24.78    88.44     1.44    98.01    26.87  9999.00  9999.00  9999.00  9999.00
 00002   981.35    30.55    35.25     4.26   196.15    25.09  9999.00  9999.00  9999.00  9999.00
 00003   894.07    24.78    43.99     1.53   120.27    24.01  9999.00  9999.00  9999.00  9999.00
 00004   829.37    17.58    50.10     1.58   145.54    22.43  9999.00  9999.00  9999.00  9999.00
 00005   861.42    21.51    34.06     2.68   214.31    22.18  9999.00  9999.00  9999.00  9999.00
 00006   869.92    22.86    23.92     4.23   173.85    21.25  9999.00  9999.00  9999.00  9999.00
 00007   990.35    22.52    70.33     3.96   205.76    23.07  9999.00  9999.00  9999.00  9999.00
 00008   974.53    20.47    72.33     2.93   147.05    24.11  9999.00  9999.00  9999.00  9999.00
 00009   936.18    13.75    98.46     1.08    32.12    26.92  9999.00  9999.00  9999.00  9999.00
 00010   957.02    16.58    98.43     1.70   120.56    15.95  9999.00  9999.00  9999.00  9999.00
 00011   982.24    21.21    60.57     3.23   173.71    25.46  9999.00  9999.00  9999.00  9999.00
 00012   994.67    30.70    32.75     4.84   214.19    22.76  9999.00  9999.00  9999.00  9999.00
 00013  1000.24    24.11    95.69     1.91   172.43    26.60  9999.00  9999.00  9999.00  9999.00
 00014   997.31    25.68    96.82     1.45   174.98    22.12  9999.00  9999.00  9999.00  9999.00
 00015   983.07    25.38    53.20     1.91   179.90    23.28  9999.00  9999.00  9999.00  9999.00
 00016   942.41    25.02    58.97     2.40   118.31    25.30  9999.00  9999.00  9999.00  9999.00
 00017   984.35    27.35    57.44     2.63   181.42    25.96  9999.00  9999.00  9999.00  9999.00
 00018   998.88    24.94    95.00     0.31   110.59    15.70  9999.00  9999.00  9999.00  9999.00
 00019   926.17    23.45    73.05     1.71   229.15    27.76  9999.00  9999.00  9999.00  9999.00
 00020  1003.14    24.45    97.52     1.23   170.78    22.56  9999.00  9999.00  9999.00  9999.00
 00021   886.45    17.58    42.25     1.31   207.64    25.27  9999.00  9999.00  9999.00  9999.00
 00022   998.30    29.76    36.24     4.81   202.86    22.24  9999.00  9999.00  9999.00  9999.00
 00023   911.79    21.44    20.23     0.94    81.13    22.28  9999.00  9999.00  9999.00  9999.00
 00024   936.04    20.13    27.31     3.26   289.52    24.11  9999.00  9999.00  9999.00  9999.00
 00025   790.96    20.43    82.31     3.25   186.68    25.26  9999.00  9999.00  9999.00  9999.00
 00026   998.67    26.19    95.26     1.14    74.05    19.43  9999.00  9999.00  9999.00  9999.00
 00027   994.39    25.77    96.18     2.20    29.68    28.59  9999.00  9999.00  9999.00  9999.00
 00028   963.85    25.89    93.14     0.26   232.17    27.00  9999.00  9999.00  9999.00  9999.00
 00029  1000.06    27.20    86.85     4.02   167.93    29.02  9999.00  9999.00  9999.00  9999.00
 00030   987.20    27.44    85.50     4.11   156.37    32.06  9999.00  9999.00  9999.00  9999.00
 00031   573.23     8.60    59.54     2.14   176.60    22.24  9999.00  9999.00  9999.00  9999.00
 00032   971.48    24.37    91.46     1.87   214.50    24.16  9999.00  9999.00  9999.00  9999.00
 00033  1003.18    23.78    94.13     6.34   157.58    27.49  9999.00  9999.00  9999.00  9999.00
 00034  1007.72    28.36    90.51     7.43   173.59    34.20  9999.00  9999.00  9999.00  9999.00
 00035  1003.11    28.14    88.14     4.37   168.50    31.76  9999.00  9999.00  9999.00  9999.00
 00036   770.79    19.27    80.26     0.62   192.74    19.29  9999.00  9999.00  9999.00  9999.00
 00037   962.09    24.79    93.06     1.31   202.35    24.20  9999.00  9999.00  9999.00  9999.00
 00038   990.51    25.82    92.43     1.69   168.03    17.61  9999.00  9999.00  9999.00  9999.00
 00039  1003.91    26.04    92.21     5.64   208.25    26.05  9999.00  9999.00  9999.00  9999.00
 00040  1001.99    26.34    93.25     3.71   198.44    26.65  9999.00  9999.00  9999.00  9999.00
 00041   961.21    23.69    97.38     1.22   191.40    24.71  9999.00  9999.00  9999.00  9999.00
 00042  1000.54    24.65    98.11     1.25   103.64    22.26  9999.00  9999.00  9999.00  9999.00
 00043   992.31    27.19    92.24     1.23   117.11    29.36  9999.00  9999.00  9999.00  9999.00
 00044   975.63    25.09    94.32     1.09    65.17    27.24  9999.00  9999.00  9999.00  9999.00
 00045  1001.99    26.34    93.25     3.71   198.44    26.65  9999.00  9999.00  9999.00  9999.00
 00046   936.55    25.06    85.96     2.81   190.86    26.93  9999.00  9999.00  9999.00  9999.00
 00047   992.75    25.06    97.08     2.11   247.64    22.48  9999.00  9999.00  9999.00  9999.00
 00048   603.96     9.87    84.96     0.78   151.17    25.41  9999.00  9999.00  9999.00  9999.00
 00049   578.66     3.95    98.63     1.22   180.12     1.76  9999.00  9999.00  9999.00  9999.00
 00050   996.06    25.90    92.37     4.03   214.93    25.40  9999.00  9999.00  9999.00  9999.00
