stn_id       p       t2      rh2      spd      dir      vis    rain6   rain24   tmax24   tmin24 
 00001   969.79    27.14    64.19     2.73   142.11    25.41  9999.00  9999.00  9999.00  9999.00
 00002   995.61    25.06    62.38     1.71   150.99    24.16  9999.00  9999.00  9999.00  9999.00
 00003   904.28    21.47    68.02     1.72   193.88    23.97  9999.00  9999.00  9999.00  9999.00
 00004   836.21    19.52    53.41     2.75   182.93    24.16  9999.00  9999.00  9999.00  9999.00
 00005   870.14    20.43    59.09     4.65   207.65    26.57  9999.00  9999.00  9999.00  9999.00
 00006   877.83    25.95    34.87     6.24   220.35    27.11  9999.00  9999.00  9999.00  9999.00
 00007  1005.27    24.43    42.96     2.45   193.97    25.83  9999.00  9999.00  9999.00  9999.00
 00008   989.53    23.42    38.16     3.76   196.66    26.68  9999.00  9999.00  9999.00  9999.00
 00009   942.58    14.04    44.20     4.22   238.50    33.03  9999.00  9999.00  9999.00  9999.00
 00010   969.52    20.01    62.34     0.56   268.08    30.29  9999.00  9999.00  9999.00  9999.00
 00011   995.57    22.59    44.25     5.96   196.52    27.44  9999.00  9999.00  9999.00  9999.00
 00012  1011.14    23.91    63.27     1.78   192.37    23.38  9999.00  9999.00  9999.00  9999.00
 00013  1009.47    20.99    84.09     4.33    35.08    16.95  9999.00  9999.00  9999.00  9999.00
 00014  1004.78    23.38    89.59     2.60   334.74     3.71  9999.00  9999.00  9999.00  9999.00
 00015   996.09    25.75    29.72     1.14    64.10    19.95  9999.00  9999.00  9999.00  9999.00
 00016   952.99    25.60    58.28     1.52   118.93    24.78  9999.00  9999.00  9999.00  9999.00
 00017   997.38    25.35    62.28     1.10    62.78    22.73  9999.00  9999.00  9999.00  9999.00
 00018  1008.74    22.80    74.55     3.88    44.78    23.24  9999.00  9999.00  9999.00  9999.00
 00019   934.90    22.40    86.40     1.13   160.75    16.13  9999.00  9999.00  9999.00  9999.00
 00020  1010.39    22.50    87.86     3.98    42.47    19.28  9999.00  9999.00  9999.00  9999.00
 00021   889.80    15.67    58.20     2.58   326.66    26.59  9999.00  9999.00  9999.00  9999.00
 00022  1014.37    25.46    43.91     3.17   210.52    21.09  9999.00  9999.00  9999.00  9999.00
 00023   918.18    13.48    52.26     1.82   279.74    23.15  9999.00  9999.00  9999.00  9999.00
 00024   941.98    14.67    55.46     1.72   319.80    25.18  9999.00  9999.00  9999.00  9999.00
 00025   796.48    19.01    69.20     1.19    59.75    24.84  9999.00  9999.00  9999.00  9999.00
 00026  1006.92    21.65    93.56     3.97    11.04     1.70  9999.00  9999.00  9999.00  9999.00
 00027  1003.38    24.79    81.16     1.64    18.32    13.61  9999.00  9999.00  9999.00  9999.00
 00028   973.38    24.31    73.91     3.45    36.51    24.32  9999.00  9999.00  9999.00  9999.00
 00029  1002.69    27.82    81.29     1.26   127.45    19.52  9999.00  9999.00  9999.00  9999.00
 00030   992.54    23.61    90.43     2.96    37.09     6.46  9999.00  9999.00  9999.00  9999.00
 00031   578.76     7.88    54.28     1.28   200.08    25.21  9999.00  9999.00  9999.00  9999.00
 00032   974.21    27.06    74.69     2.30   124.99    13.14  9999.00  9999.00  9999.00  9999.00
 00033  1005.21    23.86    96.46     2.33   236.18     0.76  9999.00  9999.00  9999.00  9999.00
 00034  1008.60    28.06    85.07     1.73   258.47    30.43  9999.00  9999.00  9999.00  9999.00
 00035  1004.43    28.43    91.34     1.04   343.16    13.96  9999.00  9999.00  9999.00  9999.00
 00036   777.30    18.80    69.69     0.74   227.26    24.45  9999.00  9999.00  9999.00  9999.00
 00037   964.53    27.87    71.86     2.27   135.47    14.87  9999.00  9999.00  9999.00  9999.00
 00038   991.89    28.52    72.56     1.82   178.28    22.79  9999.00  9999.00  9999.00  9999.00
 00039  1005.45    26.11    88.78     3.79   111.73    22.91  9999.00  9999.00  9999.00  9999.00
 00040  1003.35    27.65    82.60     2.45   154.40    22.96  9999.00  9999.00  9999.00  9999.00
 00041   967.87    20.71    90.15     2.29    20.77     1.91  9999.00  9999.00  9999.00  9999.00
 00042  1009.33    21.26    88.89     3.16    34.50     3.91  9999.00  9999.00  9999.00  9999.00
 00043  1000.46    22.30    92.45     2.98    18.71     5.22  9999.00  9999.00  9999.00  9999.00
 00044   981.09    22.66    91.42     1.72    44.43     1.09  9999.00  9999.00  9999.00  9999.00
 00045  1003.35    27.65    82.60     2.45   154.40    22.96  9999.00  9999.00  9999.00  9999.00
 00046   938.75    25.43    81.76     1.98   217.81    18.12  9999.00  9999.00  9999.00  9999.00
 00047   998.59    24.29    87.79     2.19    84.76     6.98  9999.00  9999.00  9999.00  9999.00
 00048   610.00     9.95    46.27     1.04   172.80    29.81  9999.00  9999.00  9999.00  9999.00
 00049   582.02     6.53    74.92     1.38    34.17    17.51  9999.00  9999.00  9999.00  9999.00
 00050   997.64    28.67    74.40     2.50   142.77    24.46  9999.00  9999.00  9999.00  9999.00
