stn_id       p       t2      rh2      spd      dir      vis    rain6   rain24   tmax24   tmin24 
 00001   977.32     8.60    92.12     0.00     0.00     1.50  9999.00  9999.00  9999.00  9999.00
 00002  1005.49     2.70    77.06     1.00   360.00     3.20  9999.00  9999.00  9999.00  9999.00
 00003   924.92    -2.00    69.01     1.00    20.00     6.00  9999.00  9999.00  9999.00  9999.00
 00004   858.54    -7.10    91.08     0.00   180.00     3.00  9999.00  9999.00  9999.00  9999.00
 00005   892.37     3.30    53.94     5.00   360.00    11.00  9999.00  9999.00  9999.00  9999.00
 00006   886.02    -5.00    73.97     0.00     0.00     4.80  9999.00  9999.00  9999.00  9999.00
 00007  1010.02     4.60    74.08     1.00    90.00    26.00  9999.00  9999.00  9999.00  9999.00
 00008   987.09     4.50    80.20     6.00   250.00     7.00  9999.00  9999.00  9999.00  9999.00
 00009   969.74   -16.30    48.03     5.00   270.00    30.00  9999.00  9999.00  9999.00  9999.00
 00010   987.66    -3.00    69.88     1.00   340.00     7.00  9999.00  9999.00  9999.00  9999.00
 00011   995.15     3.30    77.73     5.00   220.00     8.00  9999.00  9999.00  9999.00  9999.00
 00012  1010.64     2.40    91.08     1.00    20.00     1.50  9999.00  9999.00  9999.00  9999.00
 00013  1010.26    13.70    98.05     2.00   160.00     0.90  9999.00  9999.00  9999.00  9999.00
 00014  1005.85    15.60    98.72     1.00   340.00     2.80  9999.00  9999.00  9999.00  9999.00
 00015   993.26     5.10    88.09     0.00   360.00     0.80  9999.00  9999.00  9999.00  9999.00
 00016   963.09     1.70    85.87     1.00   290.00     2.10  9999.00  9999.00  9999.00  9999.00
 00017  1001.13     2.90    89.81     1.00    20.00     1.30  9999.00  9999.00  9999.00  9999.00
 00018  1006.77    13.40    96.77     3.00   200.00     6.00  9999.00  9999.00  9999.00  9999.00
 00019   938.87    10.30    74.04     1.00   290.00     2.80  9999.00  9999.00  9999.00  9999.00
 00020  1010.12    16.80    91.99     0.00     0.00     7.00  9999.00  9999.00  9999.00  9999.00
 00021   946.36   -17.10    78.84     1.00   110.00     2.80  9999.00  9999.00  9999.00  9999.00
 00022  1013.60     2.10    91.72     3.00   360.00     1.70  9999.00  9999.00  9999.00  9999.00
 00023   974.81   -22.40    71.26     2.00   250.00    30.00  9999.00  9999.00  9999.00  9999.00
 00024  1003.55   -29.20    72.90     0.00     0.00    30.00  9999.00  9999.00  9999.00  9999.00
 00025  9999.00  9999.00  9999.00  9999.00  9999.00  9999.00  9999.00  9999.00  9999.00  9999.00
 00026  1005.32    15.20    98.08     1.00   110.00     1.40  9999.00  9999.00  9999.00  9999.00
 00027  1001.18    14.60    96.80     3.00   110.00     1.20  9999.00  9999.00  9999.00  9999.00
 00028   975.90    18.90    69.78     5.00   220.00    30.00  9999.00  9999.00  9999.00  9999.00
 00029  1007.97    19.60    94.50     2.00   160.00    13.00  9999.00  9999.00  9999.00  9999.00
 00030   995.98    18.90    93.88     3.00   160.00    10.00  9999.00  9999.00  9999.00  9999.00
 00031   617.60     3.00     5.16     5.00   220.00    30.00  9999.00  9999.00  9999.00  9999.00
 00032  1005.31    16.80    98.10     1.00   180.00     1.60  9999.00  9999.00  9999.00  9999.00
 00033  1010.30    20.50    96.93     1.00   180.00     2.50  9999.00  9999.00  9999.00  9999.00
 00034  1012.30    24.30    89.07     2.00   200.00    21.00  9999.00  9999.00  9999.00  9999.00
 00035  1009.68    21.70    95.77     0.00     0.00    19.00  9999.00  9999.00  9999.00  9999.00
 00036   831.20    16.00    30.84     3.00   180.00    30.00  9999.00  9999.00  9999.00  9999.00
 00037  1009.40    16.60    96.85     1.00   140.00     0.80  9999.00  9999.00  9999.00  9999.00
 00038  1012.01    17.60    96.25     1.00   320.00     3.20  9999.00  9999.00  9999.00  9999.00
 00039  1013.13    16.10    90.18     1.00   160.00     6.00  9999.00  9999.00  9999.00  9999.00
 00040  1009.02    17.00    90.82     2.00    70.00     9.00  9999.00  9999.00  9999.00  9999.00
 00041   813.00     9.60   100.00     7.00   250.00     0.10  9999.00  9999.00  9999.00  9999.00
 00042  1009.38    14.00    96.78     1.00   110.00     0.30  9999.00  9999.00  9999.00  9999.00
 00043  1007.51    15.10   100.00     1.00   160.00     4.00  9999.00  9999.00  9999.00  9999.00
 00044  1002.69    15.70    96.20     2.00   360.00     6.00  9999.00  9999.00  9999.00  9999.00
 00045  1009.02    17.00    90.82     2.00    70.00     9.00  9999.00  9999.00  9999.00  9999.00
 00046   971.18    16.70    98.10     1.00    90.00     0.40  9999.00  9999.00  9999.00  9999.00
 00047  1010.64    15.60    91.92     0.00   140.00     3.80  9999.00  9999.00  9999.00  9999.00
 00048   642.70     4.90    15.15     2.00   270.00    14.00  9999.00  9999.00  9999.00  9999.00
 00049   595.30    -6.70    65.85     3.00   160.00    30.00  9999.00  9999.00  9999.00  9999.00
 00050  1013.13    15.90    93.75     1.00   180.00     3.70  9999.00  9999.00  9999.00  9999.00
