stn_id       p       t2      rh2      spd      dir      vis    rain6   rain24   tmax24   tmin24 
 00001   962.39    33.27    61.71     0.82   129.62    25.86     0.08  9999.00  9999.00  9999.00
 00002   983.00    34.19    59.52     1.27    43.43    25.89     0.00  9999.00  9999.00  9999.00
 00003   895.68    33.03    37.24     2.12    51.92    24.84     0.00  9999.00  9999.00  9999.00
 00004   831.82    27.34    45.32     1.73     7.77    24.91     0.00  9999.00  9999.00  9999.00
 00005   865.07    30.14    31.57     0.90   144.16    27.66     0.00  9999.00  9999.00  9999.00
 00006   875.92    29.61    25.73     2.56    36.82    28.90     0.00  9999.00  9999.00  9999.00
 00007   992.26    30.09    63.46     0.89   282.30    24.92     0.50  9999.00  9999.00  9999.00
 00008   977.79    30.74    53.94     1.76    42.87    27.35     0.02  9999.00  9999.00  9999.00
 00009   942.04    23.43    67.17     1.55    57.20    22.75     0.78  9999.00  9999.00  9999.00
 00010   957.60    25.39    71.50     1.72    98.35    28.83     0.33  9999.00  9999.00  9999.00
 00011   985.14    30.29    58.50     1.46    46.96    30.21     0.18  9999.00  9999.00  9999.00
 00012   997.31    34.02    58.24     0.93   278.01    24.40     0.00  9999.00  9999.00  9999.00
 00013   999.68    31.08    70.26     0.96    84.50    14.23     0.83  9999.00  9999.00  9999.00
 00014   997.03    31.21    64.44     1.40    72.61    24.60     0.06  9999.00  9999.00  9999.00
 00015   983.86    32.89    46.75     1.80   219.59    20.51     0.00  9999.00  9999.00  9999.00
 00016   945.26    33.15    48.01     0.86   167.15    25.53     0.00  9999.00  9999.00  9999.00
 00017   984.89    35.05    47.84     1.95   222.32    24.10     0.00  9999.00  9999.00  9999.00
 00018   998.18    32.42    63.52     1.17   208.76    23.03     0.25  9999.00  9999.00  9999.00
 00019   929.06    28.21    68.80     0.87    71.92    25.96     0.94  9999.00  9999.00  9999.00
 00020  1003.26    30.54    61.92     1.68   134.75    21.03     0.07  9999.00  9999.00  9999.00
 00021   891.92    21.41    36.29     2.39    22.64    28.09     0.00  9999.00  9999.00  9999.00
 00022  1000.13    34.35    53.84     3.39   275.27    21.76     0.00  9999.00  9999.00  9999.00
 00023   918.13    22.17    29.94     2.27   293.53    23.43     0.01  9999.00  9999.00  9999.00
 00024   943.02    22.64    25.14     2.67   156.94    25.82     0.00  9999.00  9999.00  9999.00
 00025   793.75    23.51    64.97     2.54   202.48    23.34     0.67  9999.00  9999.00  9999.00
 00026   998.57    31.10    73.81     1.75   232.11    21.49     1.73  9999.00  9999.00  9999.00
 00027   995.31    32.70    60.89     1.12   240.76    27.06     0.07  9999.00  9999.00  9999.00
 00028   966.27    30.63    71.25     2.26   195.25    25.25     0.49  9999.00  9999.00  9999.00
 00029   998.90    32.19    67.37     2.34   241.56    28.68     0.85  9999.00  9999.00  9999.00
 00030   988.67    30.37    73.91     1.69   158.75    18.72     0.80  9999.00  9999.00  9999.00
 00031   576.12    13.79    47.74     0.56   140.95    23.77     0.09  9999.00  9999.00  9999.00
 00032   968.96    27.68    80.21     1.02   118.49    19.05     6.81  9999.00  9999.00  9999.00
 00033  1003.38    24.47    97.21     2.80   175.62     5.05     0.08  9999.00  9999.00  9999.00
 00034  1006.95    28.66    85.20     3.66   216.74    33.55     0.04  9999.00  9999.00  9999.00
 00035  1002.89    30.52    76.75     1.12   179.23    20.37     1.77  9999.00  9999.00  9999.00
 00036   774.43    24.02    56.54     1.84   204.93    24.33     0.35  9999.00  9999.00  9999.00
 00037   959.43    28.41    78.66     1.16   177.52    21.39     5.67  9999.00  9999.00  9999.00
 00038   986.11    32.53    64.59     1.73   258.94    26.60     0.11  9999.00  9999.00  9999.00
 00039   999.70    27.25    89.30     3.79   184.27    14.34     3.49  9999.00  9999.00  9999.00
 00040   998.34    28.38    84.82     3.64   230.39    14.18     6.89  9999.00  9999.00  9999.00
 00041   961.01    27.62    76.40     1.71   258.11    11.74     1.71  9999.00  9999.00  9999.00
 00042   999.66    31.48    69.14     1.43   206.86    17.80     1.05  9999.00  9999.00  9999.00
 00043   992.40    31.60    76.74     2.00   241.85    25.38     0.38  9999.00  9999.00  9999.00
 00044   974.31    31.16    63.39     1.08   266.28    25.10     0.22  9999.00  9999.00  9999.00
 00045   998.34    28.38    84.82     3.64   230.39    14.18     6.89  9999.00  9999.00  9999.00
 00046   935.15    27.84    76.54     1.89   283.69    20.92     2.25  9999.00  9999.00  9999.00
 00047   992.50    25.60    89.15     2.78   125.72     7.59     1.24  9999.00  9999.00  9999.00
 00048   606.74    15.70    57.96     1.48   184.35    28.63     0.16  9999.00  9999.00  9999.00
 00049   580.16     9.93    87.09     1.69   223.69     8.68     3.43  9999.00  9999.00  9999.00
 00050   992.28    27.40    91.26     2.37   151.69     8.45    19.42  9999.00  9999.00  9999.00
