stn_id       p       t2      rh2      spd      dir      vis    rain6   rain24   tmax24   tmin24 
 00001   963.62    27.45    89.51     1.42   224.78    25.88  9999.00  9999.00  9999.00  9999.00
 00002   983.01    28.02    81.80     1.74   313.18    25.75  9999.00  9999.00  9999.00  9999.00
 00003   894.74    26.61    57.88     0.99    49.67    24.77  9999.00  9999.00  9999.00  9999.00
 00004   830.87    19.77    64.82     2.02   187.23    24.83  9999.00  9999.00  9999.00  9999.00
 00005   865.15    20.48    47.21     2.77   354.49    27.62  9999.00  9999.00  9999.00  9999.00
 00006   875.29    22.91    46.22     2.54   254.78    28.86  9999.00  9999.00  9999.00  9999.00
 00007   994.87    24.05    89.74     3.11   181.50    22.61  9999.00  9999.00  9999.00  9999.00
 00008   979.22    23.40    92.23     2.10   206.19    27.40  9999.00  9999.00  9999.00  9999.00
 00009   936.38    17.92    81.14     2.93   130.28    40.74  9999.00  9999.00  9999.00  9999.00
 00010   959.82    19.78    97.59     1.31   141.73    25.31  9999.00  9999.00  9999.00  9999.00
 00011   985.36    22.71    95.35     2.14   202.88    30.14  9999.00  9999.00  9999.00  9999.00
 00012   998.96    25.30    97.26     2.00    69.44    18.19  9999.00  9999.00  9999.00  9999.00
 00013  1000.14    24.61    92.18     1.70    88.06    23.72  9999.00  9999.00  9999.00  9999.00
 00014   996.90    24.13    93.91     0.75   324.92    24.58  9999.00  9999.00  9999.00  9999.00
 00015   984.07    26.97    72.42     2.08   174.55    20.47  9999.00  9999.00  9999.00  9999.00
 00016   946.23    25.70    57.41     2.18   193.76    25.45  9999.00  9999.00  9999.00  9999.00
 00017   984.60    29.44    73.51     2.25   155.13    24.02  9999.00  9999.00  9999.00  9999.00
 00018   998.68    25.91    90.03     2.19   103.31    24.00  9999.00  9999.00  9999.00  9999.00
 00019   930.05    25.73    80.66     1.07   305.38    27.18  9999.00  9999.00  9999.00  9999.00
 00020  1004.09    22.71    91.05     4.44   142.83    17.77  9999.00  9999.00  9999.00  9999.00
 00021   890.81    17.54    39.87     0.83   160.09    28.02  9999.00  9999.00  9999.00  9999.00
 00022  1001.76    24.13    82.10     3.12    88.33    19.48  9999.00  9999.00  9999.00  9999.00
 00023   917.07    19.93    31.72     0.77   177.24    23.42  9999.00  9999.00  9999.00  9999.00
 00024   941.91    18.69    40.93     2.29   306.88    25.82  9999.00  9999.00  9999.00  9999.00
 00025   794.66    17.30    96.25     0.50   215.93    21.78  9999.00  9999.00  9999.00  9999.00
 00026   997.76    26.84    85.77     0.66   182.02    26.62  9999.00  9999.00  9999.00  9999.00
 00027   993.99    28.23    86.03     0.79   317.56    26.98  9999.00  9999.00  9999.00  9999.00
 00028   964.84    28.07    84.06     0.73   121.77    26.08  9999.00  9999.00  9999.00  9999.00
 00029   997.43    26.95    94.04     1.66   147.53    28.56  9999.00  9999.00  9999.00  9999.00
 00030   987.81    26.99    92.16     1.75   172.08    30.68  9999.00  9999.00  9999.00  9999.00
 00031   575.89     7.59    79.94     0.83   307.03    22.19  9999.00  9999.00  9999.00  9999.00
 00032   968.68    22.37    99.19     0.78   142.46     2.18  9999.00  9999.00  9999.00  9999.00
 00033  1002.05    23.76    97.38     2.70   223.15     0.20  9999.00  9999.00  9999.00  9999.00
 00034  1006.24    28.15    89.42     3.60   205.24    34.12  9999.00  9999.00  9999.00  9999.00
 00035  1001.37    27.63    90.18     2.93   178.19    31.43  9999.00  9999.00  9999.00  9999.00
 00036   776.16    17.76    90.87     0.95    60.00    22.10  9999.00  9999.00  9999.00  9999.00
 00037   959.25    22.73    99.25     0.81   118.90     2.48  9999.00  9999.00  9999.00  9999.00
 00038   986.22    25.08    98.94     0.40    92.63    15.93  9999.00  9999.00  9999.00  9999.00
 00039   999.30    24.77    96.13     2.30   243.84    17.76  9999.00  9999.00  9999.00  9999.00
 00040   997.24    26.81    93.62     0.90    59.08    26.64  9999.00  9999.00  9999.00  9999.00
 00041   960.34    23.48    94.88     0.70    72.87    24.56  9999.00  9999.00  9999.00  9999.00
 00042  1000.03    25.03    95.02     1.03    68.73    24.38  9999.00  9999.00  9999.00  9999.00
 00043   991.72    25.85    88.03     1.28    99.51    27.26  9999.00  9999.00  9999.00  9999.00
 00044   973.97    24.13    96.94     0.24   273.05    25.07  9999.00  9999.00  9999.00  9999.00
 00045   997.24    26.81    93.62     0.90    59.08    26.64  9999.00  9999.00  9999.00  9999.00
 00046   933.92    22.19    97.14     1.15   175.21    26.14  9999.00  9999.00  9999.00  9999.00
 00047   992.42    23.26    98.89     1.51   134.10     4.26  9999.00  9999.00  9999.00  9999.00
 00048   606.09    13.45    52.12     1.81   151.00    28.64  9999.00  9999.00  9999.00  9999.00
 00049   580.66     5.16    98.49     1.13   196.66     0.78  9999.00  9999.00  9999.00  9999.00
 00050   991.84    24.22    97.24     1.38   332.74    22.48  9999.00  9999.00  9999.00  9999.00
