stn_id       p       t2      rh2      spd      dir      vis    rain6   rain24   tmax24   tmin24 
 00001   964.16    33.02    51.31     2.23    98.45    25.89     0.00  9999.00  9999.00  9999.00
 00002   986.23    32.53    58.31     2.44   152.15    25.96     0.05  9999.00  9999.00  9999.00
 00003   897.83    30.40    41.60     1.14   130.81    24.92     0.01  9999.00  9999.00  9999.00
 00004   833.11    25.83    46.26     1.24   288.97    24.93     0.07  9999.00  9999.00  9999.00
 00005   865.14    31.22    37.71     3.40   239.61    27.63     0.00  9999.00  9999.00  9999.00
 00006   874.00    33.36    24.37     5.85   294.63    28.71     1.27  9999.00  9999.00  9999.00
 00007   994.85    30.54    60.36     1.80    33.36    25.00     0.19  9999.00  9999.00  9999.00
 00008   980.84    30.02    59.64     1.13   113.00    27.36     0.00  9999.00  9999.00  9999.00
 00009   940.28    25.59    56.69     1.29    31.79    38.09     0.48  9999.00  9999.00  9999.00
 00010   961.45    24.97    69.16     0.63    94.16    29.01     0.00  9999.00  9999.00  9999.00
 00011   988.14    29.73    57.99     1.19   201.48    30.11     0.01  9999.00  9999.00  9999.00
 00012  1000.91    32.17    57.76     3.12   207.78    24.47     0.02  9999.00  9999.00  9999.00
 00013  1001.60    31.28    65.55     1.16    68.49    23.38     0.65  9999.00  9999.00  9999.00
 00014   998.03    30.47    69.18     3.12    19.18    24.62     2.33  9999.00  9999.00  9999.00
 00015   986.91    32.24    45.71     1.12   113.82    20.66     0.00  9999.00  9999.00  9999.00
 00016   946.72    33.43    40.26     0.72    77.42    25.56     0.00  9999.00  9999.00  9999.00
 00017   988.57    32.54    51.06     0.89   141.01    24.23     0.01  9999.00  9999.00  9999.00
 00018  1000.41    30.87    69.56     1.51   104.16    18.67     0.68  9999.00  9999.00  9999.00
 00019   930.93    27.00    72.24     0.82   189.59    12.26     0.78  9999.00  9999.00  9999.00
 00020  1004.25    28.87    70.37     4.08    51.58    21.20     0.01  9999.00  9999.00  9999.00
 00021   893.13    15.78    53.75     2.67   329.23    28.00     0.00  9999.00  9999.00  9999.00
 00022  1004.07    32.99    48.70     2.12   224.59    21.87     0.00  9999.00  9999.00  9999.00
 00023   920.13    18.82    31.64     2.97   300.17    23.36     0.01  9999.00  9999.00  9999.00
 00024   944.36    19.87    28.51     4.07   302.38    25.74     0.00  9999.00  9999.00  9999.00
 00025   793.82    23.31    56.51     2.89   119.59    24.61     0.12  9999.00  9999.00  9999.00
 00026  1000.19    31.80    71.62     0.81    63.68    25.98     0.43  9999.00  9999.00  9999.00
 00027   996.68    32.22    71.37     1.14   323.07    26.12     0.45  9999.00  9999.00  9999.00
 00028   967.08    30.63    73.84     1.54    25.71    26.24     0.30  9999.00  9999.00  9999.00
 00029   999.56    32.07    67.27     2.20   223.52    28.15     0.28  9999.00  9999.00  9999.00
 00030   988.78    28.96    79.38     2.84   139.60    15.69     2.66  9999.00  9999.00  9999.00
 00031   575.59    14.45    41.65     2.08   185.36    23.69     0.26  9999.00  9999.00  9999.00
 00032   968.99    29.11    77.34     2.31   245.35     9.82     4.62  9999.00  9999.00  9999.00
 00033  1002.60    24.71    97.95     1.33   122.50     2.73     0.10  9999.00  9999.00  9999.00
 00034  1007.11    28.65    89.54     6.94   196.41    34.52     0.01  9999.00  9999.00  9999.00
 00035  1002.33    32.07    67.63     4.78   187.93    19.93     0.80  9999.00  9999.00  9999.00
 00036   774.92    22.87    68.04     2.06   188.60    24.34     0.35  9999.00  9999.00  9999.00
 00037   959.88    29.08    79.55     1.81   290.88    11.12     5.24  9999.00  9999.00  9999.00
 00038   987.47    31.18    70.32     2.59   265.43    24.40     1.98  9999.00  9999.00  9999.00
 00039  1000.35    28.40    84.46     5.47   203.33    20.60     0.63  9999.00  9999.00  9999.00
 00040   999.17    30.29    77.67     4.04   224.42    23.09     0.52  9999.00  9999.00  9999.00
 00041   962.16    29.60    63.68     0.89   146.95    24.79     0.09  9999.00  9999.00  9999.00
 00042  1001.76    30.82    69.54     0.47   299.20    24.63     0.75  9999.00  9999.00  9999.00
 00043   994.34    30.23    74.71     1.96    57.48    10.81     2.13  9999.00  9999.00  9999.00
 00044   975.98    29.98    66.14     1.33   325.23    25.22     0.26  9999.00  9999.00  9999.00
 00045   999.17    30.29    77.67     4.04   224.42    23.09     0.52  9999.00  9999.00  9999.00
 00046   935.97    26.94    79.02     1.71   269.66    14.51     4.34  9999.00  9999.00  9999.00
 00047   991.69    28.63    76.86     2.64   136.13     4.63     0.01  9999.00  9999.00  9999.00
 00048   606.28    15.73    49.96     2.27   194.29    28.53     0.11  9999.00  9999.00  9999.00
 00049   580.01    10.59    64.00     2.73   212.07    22.02     0.50  9999.00  9999.00  9999.00
 00050   992.67    30.07    77.83     3.96   223.75    22.64     2.44  9999.00  9999.00  9999.00
