stn_id       p       t2      rh2      spd      dir      vis    rain6   rain24   tmax24   tmin24 
 00001   963.55    28.05    83.45     1.58    13.37    25.88  9999.00  9999.00  9999.00  9999.00
 00002   983.78    28.72    79.76     1.09   185.20    25.88  9999.00  9999.00  9999.00  9999.00
 00003   896.20    23.76    70.46     1.24    50.93    24.86  9999.00  9999.00  9999.00  9999.00
 00004   831.67    19.14    75.77     1.41   160.50    24.92  9999.00  9999.00  9999.00  9999.00
 00005   863.76    23.35    52.08     1.36    97.66    27.64  9999.00  9999.00  9999.00  9999.00
 00006   873.95    22.03    38.10     3.47   134.43    28.85  9999.00  9999.00  9999.00  9999.00
 00007   994.18    23.04    95.53     1.96   230.27    23.09  9999.00  9999.00  9999.00  9999.00
 00008   978.52    23.12    90.49     1.62   139.18    27.41  9999.00  9999.00  9999.00  9999.00
 00009   942.83    15.67    96.81     1.20    11.20    41.27  9999.00  9999.00  9999.00  9999.00
 00010   958.17    19.36    98.35     0.59    85.38    18.10  9999.00  9999.00  9999.00  9999.00
 00011   986.02    22.06    90.54     1.74    39.97    30.25  9999.00  9999.00  9999.00  9999.00
 00012   998.11    27.24    86.64     1.63   111.73    24.41  9999.00  9999.00  9999.00  9999.00
 00013  1000.53    26.17    93.78     1.14   240.29    17.86  9999.00  9999.00  9999.00  9999.00
 00014   997.69    24.38    88.73     0.89    60.03    24.56  9999.00  9999.00  9999.00  9999.00
 00015   984.52    25.36    74.49     1.98   172.22    20.51  9999.00  9999.00  9999.00  9999.00
 00016   945.99    26.16    75.37     1.43   206.22    25.56  9999.00  9999.00  9999.00  9999.00
 00017   985.18    28.11    74.70     2.16   177.51    24.10  9999.00  9999.00  9999.00  9999.00
 00018   999.28    25.63    92.25     1.73   185.46    23.65  9999.00  9999.00  9999.00  9999.00
 00019   930.76    25.26    86.36     1.10   303.92    26.54  9999.00  9999.00  9999.00  9999.00
 00020  1004.28    22.25    92.66     3.14   159.63    10.53  9999.00  9999.00  9999.00  9999.00
 00021   891.29    15.12    52.56     1.76   229.70    28.08  9999.00  9999.00  9999.00  9999.00
 00022  1000.69    27.07    83.56     1.55   274.88    21.77  9999.00  9999.00  9999.00  9999.00
 00023   918.95    15.52    46.90     1.10   219.69    23.47  9999.00  9999.00  9999.00  9999.00
 00024   942.29    18.01    44.11     5.47   321.87    25.85  9999.00  9999.00  9999.00  9999.00
 00025   794.72    17.78    94.18     1.07   127.22    24.49  9999.00  9999.00  9999.00  9999.00
 00026   999.47    26.41    94.74     0.69   131.80    21.05  9999.00  9999.00  9999.00  9999.00
 00027   995.69    26.62    90.15     1.42   162.97    27.08  9999.00  9999.00  9999.00  9999.00
 00028   966.50    27.81    82.16     0.59   113.22    26.17  9999.00  9999.00  9999.00  9999.00
 00029   999.79    26.75    93.05     1.22   213.05    28.64  9999.00  9999.00  9999.00  9999.00
 00030   989.25    26.56    93.43     2.52   155.37    30.78  9999.00  9999.00  9999.00  9999.00
 00031   575.76     7.30    82.93     1.10   263.20    22.84  9999.00  9999.00  9999.00  9999.00
 00032   970.15    23.40    95.14     1.23   341.24    13.94  9999.00  9999.00  9999.00  9999.00
 00033  1004.03    24.13    98.66     0.68   208.18     0.50  9999.00  9999.00  9999.00  9999.00
 00034  1008.21    28.14    88.05     3.40   180.45    33.89  9999.00  9999.00  9999.00  9999.00
 00035  1003.42    27.58    91.06     2.66   170.68    31.62  9999.00  9999.00  9999.00  9999.00
 00036   775.71    19.68    74.26     1.10   136.10    24.37  9999.00  9999.00  9999.00  9999.00
 00037   960.80    23.31    97.17     0.72   268.48    11.99  9999.00  9999.00  9999.00  9999.00
 00038   987.57    25.69    98.78     0.77   285.13    10.89  9999.00  9999.00  9999.00  9999.00
 00039  1000.73    25.20    97.22     0.86   161.47    22.93  9999.00  9999.00  9999.00  9999.00
 00040   998.90    26.29    91.62     2.62   256.80    27.26  9999.00  9999.00  9999.00  9999.00
 00041   961.35    24.29    94.10     0.77   225.43    24.38  9999.00  9999.00  9999.00  9999.00
 00042  1000.61    26.10    93.53     1.19   184.66    24.45  9999.00  9999.00  9999.00  9999.00
 00043   993.40    25.58    96.80     1.11   151.06    27.41  9999.00  9999.00  9999.00  9999.00
 00044   975.41    25.44    94.69     0.91   260.07    25.13  9999.00  9999.00  9999.00  9999.00
 00045   998.90    26.29    91.62     2.62   256.80    27.26  9999.00  9999.00  9999.00  9999.00
 00046   935.83    22.49    98.14     0.98   202.64    25.58  9999.00  9999.00  9999.00  9999.00
 00047   993.95    23.15    97.82     1.17    43.76     2.84  9999.00  9999.00  9999.00  9999.00
 00048   607.14     9.72    87.50     0.81   136.72    19.24  9999.00  9999.00  9999.00  9999.00
 00049   580.74     5.07    98.14     0.74   211.64    14.90  9999.00  9999.00  9999.00  9999.00
 00050   993.03    25.35    98.70     0.53    86.01    24.71  9999.00  9999.00  9999.00  9999.00
