stn_id       p       t2      rh2      spd      dir      vis    rain6   rain24   tmax24   tmin24 
 00001   972.87    11.70    91.70     2.20   229.21    18.02  9999.00  9999.00  9999.00  9999.00
 00002  1004.43     8.42    31.02     1.57   118.40    21.36  9999.00  9999.00  9999.00  9999.00
 00003   907.43     4.08    62.03     2.00   199.92    19.52  9999.00  9999.00  9999.00  9999.00
 00004   836.07    -2.29    70.37     1.89   187.58    19.00  9999.00  9999.00  9999.00  9999.00
 00005   873.17    -5.13    19.54     3.29    51.17    20.81  9999.00  9999.00  9999.00  9999.00
 00006   886.78    -8.85    13.00     1.63    18.74    22.47  9999.00  9999.00  9999.00  9999.00
 00007  1013.66    -4.76    48.55     2.16    12.44    24.86  9999.00  9999.00  9999.00  9999.00
 00008   995.24    -4.87    29.37     3.12   266.89    28.98  9999.00  9999.00  9999.00  9999.00
 00009   953.57   -14.61    67.00     2.72   328.46    49.12  9999.00  9999.00  9999.00  9999.00
 00010   970.45    -4.34    26.19     3.89   302.20    29.85  9999.00  9999.00  9999.00  9999.00
 00011  1000.67    -4.89    34.90     3.00   269.32    33.36  9999.00  9999.00  9999.00  9999.00
 00012  1021.39     6.21    14.95     4.00    25.77    21.42  9999.00  9999.00  9999.00  9999.00
 00013  1013.87    13.31    61.37     4.60    37.79    19.17  9999.00  9999.00  9999.00  9999.00
 00014  1008.70    14.86    90.34     3.13    17.77    16.37  9999.00  9999.00  9999.00  9999.00
 00015  1003.82     7.88    34.65     2.17    48.06    18.37  9999.00  9999.00  9999.00  9999.00
 00016   960.82     5.51    87.11     2.72    63.33    10.81  9999.00  9999.00  9999.00  9999.00
 00017  1005.00    12.17    21.12     4.46    31.59    18.60  9999.00  9999.00  9999.00  9999.00
 00018  1013.25    11.92    67.21     4.99    45.08     9.22  9999.00  9999.00  9999.00  9999.00
 00019   938.07    10.38    92.43     1.19   222.08     9.31  9999.00  9999.00  9999.00  9999.00
 00020  1014.61    15.26    68.83     4.59    18.91    18.81  9999.00  9999.00  9999.00  9999.00
 00021   892.62    -2.87    80.44     1.66   150.73    34.41  9999.00  9999.00  9999.00  9999.00
 00022  1023.45     5.68    36.97     1.38   280.88    19.89  9999.00  9999.00  9999.00  9999.00
 00023   919.40    -3.48    71.41     1.56   187.37    31.29  9999.00  9999.00  9999.00  9999.00
 00024   946.28    -3.50    56.49     1.05   117.61    33.91  9999.00  9999.00  9999.00  9999.00
 00025   792.15    13.50    47.38     3.97   249.57    22.03  9999.00  9999.00  9999.00  9999.00
 00026  1008.23    14.45    90.01     4.43    12.93     5.57  9999.00  9999.00  9999.00  9999.00
 00027  1005.10    13.93    93.45     3.32   343.11     7.32  9999.00  9999.00  9999.00  9999.00
 00028   974.16    12.02    93.06     4.19    20.11    14.67  9999.00  9999.00  9999.00  9999.00
 00029  1003.27    22.34    94.25     1.26   147.66    18.04  9999.00  9999.00  9999.00  9999.00
 00030   988.93    24.44    91.15     2.22    97.67    23.45  9999.00  9999.00  9999.00  9999.00
 00031   567.56    -4.28    21.23     2.94   223.21    28.56  9999.00  9999.00  9999.00  9999.00
 00032   976.74    17.50    99.79     2.38   109.65     1.33  9999.00  9999.00  9999.00  9999.00
 00033  1003.36    23.48    89.78     8.25   167.62    22.07  9999.00  9999.00  9999.00  9999.00
 00034  1008.57    27.40    78.64     8.08   170.57    23.05  9999.00  9999.00  9999.00  9999.00
 00035  1003.68    26.87    85.02     5.64   185.83    21.91  9999.00  9999.00  9999.00  9999.00
 00036   770.03    11.56    52.05     2.13    71.72    20.00  9999.00  9999.00  9999.00  9999.00
 00037   966.85    18.27    99.87     2.08   122.29     1.18  9999.00  9999.00  9999.00  9999.00
 00038   992.99    21.77    91.90     1.03   161.20    20.08  9999.00  9999.00  9999.00  9999.00
 00039  1007.49    23.79    89.42     4.62   112.88    10.96  9999.00  9999.00  9999.00  9999.00
 00040  1004.48    24.79    83.43     4.07   216.31    20.68  9999.00  9999.00  9999.00  9999.00
 00041   970.04    12.21    96.69     2.44    35.88    12.27  9999.00  9999.00  9999.00  9999.00
 00042  1013.22    13.48    75.93     4.31    48.60    19.13  9999.00  9999.00  9999.00  9999.00
 00043  1001.56    14.47    93.55     2.49    25.08     1.81  9999.00  9999.00  9999.00  9999.00
 00044   982.37    14.76    92.60     4.20    53.70     6.91  9999.00  9999.00  9999.00  9999.00
 00045  1004.48    24.79    83.43     4.07   216.31    20.68  9999.00  9999.00  9999.00  9999.00
 00046   939.28    17.95    99.05     2.16   172.23     8.53  9999.00  9999.00  9999.00  9999.00
 00047  1001.18    17.43    92.62     2.68    60.31     2.63  9999.00  9999.00  9999.00  9999.00
 00048   599.46    -4.78    78.93     1.11   141.87    31.42  9999.00  9999.00  9999.00  9999.00
 00049   572.31    -7.43    99.13     1.23   195.83     7.79  9999.00  9999.00  9999.00  9999.00
 00050  1000.19    20.43    96.90     3.65    59.85     6.98  9999.00  9999.00  9999.00  9999.00
