stn_id       p       t2      rh2      spd      dir      vis    rain6   rain24   tmax24   tmin24 
 00001   973.52    11.29    89.96     2.57   232.25    17.10     0.24  9999.00  9999.00  9999.00
 00002  1005.14     6.04    41.94     1.93   163.23    21.36     0.00  9999.00  9999.00  9999.00
 00003   907.85     2.35    76.34     1.38   165.47    18.65     0.01  9999.00  9999.00  9999.00
 00004   836.25    -3.37    80.33     1.52   157.18    18.99     0.00  9999.00  9999.00  9999.00
 00005   873.00    -5.59    18.12     3.01    59.33    20.77     0.00  9999.00  9999.00  9999.00
 00006   886.71    -9.18    13.58     1.16   145.22    22.42     0.00  9999.00  9999.00  9999.00
 00007  1014.73    -4.93    38.99     2.16   319.24    24.84     0.00  9999.00  9999.00  9999.00
 00008   995.77    -5.62    33.58     2.58   276.29    28.93     0.00  9999.00  9999.00  9999.00
 00009   954.36   -20.58    84.89     2.63   293.67    49.05    -0.00  9999.00  9999.00  9999.00
 00010   970.96    -5.25    27.62     4.11   288.46    29.80     0.00  9999.00  9999.00  9999.00
 00011  1001.85    -5.72    41.30     2.49   289.35    33.31     0.00  9999.00  9999.00  9999.00
 00012  1023.27     3.60    15.36     3.24    38.48    21.43     0.00  9999.00  9999.00  9999.00
 00013  1014.25    12.71    61.93     5.01    31.84    19.21     0.11  9999.00  9999.00  9999.00
 00014  1008.67    13.81    84.04     3.42    13.78    12.60     0.72  9999.00  9999.00  9999.00
 00015  1004.21     6.77    40.60     1.67    36.28    18.38     0.00  9999.00  9999.00  9999.00
 00016   961.14     4.61    89.58     2.49    57.71    17.57     0.65  9999.00  9999.00  9999.00
 00017  1005.40    10.87    26.57     2.96    39.98    18.62     0.00  9999.00  9999.00  9999.00
 00018  1013.51    11.72    64.18     5.29    37.55    14.77     0.45  9999.00  9999.00  9999.00
 00019   938.19     9.55    94.19     1.00   237.73    18.37     1.11  9999.00  9999.00  9999.00
 00020  1014.98    15.04    68.54     4.87    26.90    18.83     0.00  9999.00  9999.00  9999.00
 00021   892.39    -2.69    56.09     1.54   150.08    34.35     0.00  9999.00  9999.00  9999.00
 00022  1025.39     5.34    27.76     4.32    38.10    19.90     0.00  9999.00  9999.00  9999.00
 00023   919.41    -1.91    59.05     1.05   162.41    31.25     0.00  9999.00  9999.00  9999.00
 00024   946.55    -6.57    61.02     1.54    93.32    33.87     0.00  9999.00  9999.00  9999.00
 00025   792.53    11.41    57.30     2.66   248.83    22.06     0.00  9999.00  9999.00  9999.00
 00026  1007.69    13.79    94.21     4.50     8.69     2.48     3.76  9999.00  9999.00  9999.00
 00027  1005.44    13.63    95.59     4.01   334.75    11.77     7.24  9999.00  9999.00  9999.00
 00028   975.29    11.16    95.31     4.56    19.82    16.49     3.56  9999.00  9999.00  9999.00
 00029  1002.37    22.11    96.76     1.49   119.24     4.77    28.78  9999.00  9999.00  9999.00
 00030   989.69    21.71    97.14     3.25    69.98    23.46     5.81  9999.00  9999.00  9999.00
 00031   568.40    -6.40    40.31     2.47   216.07    28.58     0.00  9999.00  9999.00  9999.00
 00032   976.03    17.16    99.75     1.23    70.98     2.79     7.05  9999.00  9999.00  9999.00
 00033  1002.49    22.69    94.81     7.89   169.90    19.00     0.00  9999.00  9999.00  9999.00
 00034  1008.84    27.17    78.90     7.75   167.38    23.06     0.00  9999.00  9999.00  9999.00
 00035  1002.80    26.41    88.36     5.66   187.11    21.91     0.00  9999.00  9999.00  9999.00
 00036   772.02     7.05    78.21     2.11    20.73    18.24     0.07  9999.00  9999.00  9999.00
 00037   966.30    17.39    99.86     1.20    91.73     1.58     6.93  9999.00  9999.00  9999.00
 00038   992.52    20.77    94.59     0.86   162.28    20.09     0.00  9999.00  9999.00  9999.00
 00039  1006.86    22.70    90.97     3.84    48.55     5.65     1.96  9999.00  9999.00  9999.00
 00040  1004.12    24.18    89.43     2.82   203.88    20.69     0.00  9999.00  9999.00  9999.00
 00041   969.63    11.65    97.04     2.77    34.60    11.67     0.71  9999.00  9999.00  9999.00
 00042  1013.33    13.20    68.62     4.10    46.74    19.20     0.00  9999.00  9999.00  9999.00
 00043  1001.07    13.94    94.39     2.44    15.16     2.46     7.91  9999.00  9999.00  9999.00
 00044   982.04    14.13    94.10     2.84    38.21     0.94    10.49  9999.00  9999.00  9999.00
 00045  1004.12    24.18    89.43     2.82   203.88    20.69     0.00  9999.00  9999.00  9999.00
 00046   939.13    17.21    99.30     1.31   182.41     1.63     1.67  9999.00  9999.00  9999.00
 00047  1001.31    17.29    91.52     1.75    94.33     5.05     4.41  9999.00  9999.00  9999.00
 00048   600.13    -6.87    88.67     1.39   139.37    16.12     0.03  9999.00  9999.00  9999.00
 00049   572.65    -8.23    98.98     0.56   165.38     3.89     0.61  9999.00  9999.00  9999.00
 00050   999.45    19.89    96.69     3.10    26.02    11.43     3.37  9999.00  9999.00  9999.00
