stn_id       p       t2      rh2      spd      dir      vis    rain6   rain24   tmax24   tmin24 
 00001   982.49    14.10    80.96     0.00   140.00     8.00  9999.00  9999.00  9999.00  9999.00
 00002  1006.98    15.60    10.43     5.00    40.00    30.00  9999.00  9999.00  9999.00  9999.00
 00003   928.26     9.90    13.71     5.00   340.00    30.00  9999.00  9999.00  9999.00  9999.00
 00004   867.09    -5.30    23.53     1.00   290.00    30.00  9999.00  9999.00  9999.00  9999.00
 00005   906.89    -5.00    13.07     2.00   320.00    30.00  9999.00  9999.00  9999.00  9999.00
 00006   896.22    -7.40    16.20     5.00   290.00    25.00  9999.00  9999.00  9999.00  9999.00
 00007  1009.22     6.70    24.12     5.00   290.00    18.00  9999.00  9999.00  9999.00  9999.00
 00008   982.59     1.90    44.78     7.00   270.00     8.00  9999.00  9999.00  9999.00  9999.00
 00009   964.18   -18.40    82.54     1.00   140.00    30.00  9999.00  9999.00  9999.00  9999.00
 00010   983.27     0.00    85.69     4.00    70.00    18.00  9999.00  9999.00  9999.00  9999.00
 00011   989.73    -1.90   100.00     1.00   160.00     6.00  9999.00  9999.00  9999.00  9999.00
 00012  1016.02     8.70     8.03     5.00   360.00     9.00  9999.00  9999.00  9999.00  9999.00
 00013  1011.66    14.20    48.69     2.00   110.00     6.00  9999.00  9999.00  9999.00  9999.00
 00014  1008.54    15.60    42.92     2.00   200.00    19.00  9999.00  9999.00  9999.00  9999.00
 00015   994.34    15.50    29.83     5.00    40.00    10.00  9999.00  9999.00  9999.00  9999.00
 00016   965.87    17.70    17.88     6.00    70.00    13.00  9999.00  9999.00  9999.00  9999.00
 00017   997.76    18.60    42.85     2.00   340.00    16.00  9999.00  9999.00  9999.00  9999.00
 00018  1008.07    17.20    53.76     2.00   200.00    23.00  9999.00  9999.00  9999.00  9999.00
 00019   945.58     9.20    89.06     1.00   270.00     4.90  9999.00  9999.00  9999.00  9999.00
 00020  1013.92    13.00    51.93     4.00   160.00    16.00  9999.00  9999.00  9999.00  9999.00
 00021   917.86     4.00    86.11     1.00    20.00    11.00  9999.00  9999.00  9999.00  9999.00
 00022  1018.20     9.60    11.84     7.00   360.00    12.00  9999.00  9999.00  9999.00  9999.00
 00023   940.27     4.20    84.91     3.00   270.00    28.00  9999.00  9999.00  9999.00  9999.00
 00024   971.17     1.60    82.77     1.00   110.00    25.00  9999.00  9999.00  9999.00  9999.00
 00025   809.80    15.20    59.84     1.00   200.00     8.00  9999.00  9999.00  9999.00  9999.00
 00026  1007.21    16.40    51.74     1.00   320.00    15.00  9999.00  9999.00  9999.00  9999.00
 00027  1005.36    16.00    86.15     2.00   180.00     2.30  9999.00  9999.00  9999.00  9999.00
 00028   980.49    17.50    60.01     1.00   200.00    16.00  9999.00  9999.00  9999.00  9999.00
 00029  1011.25    18.90    75.48     2.00   180.00    24.00  9999.00  9999.00  9999.00  9999.00
 00030   998.65    19.60    80.10     3.00   140.00    13.00  9999.00  9999.00  9999.00  9999.00
 00031   622.70     3.20    21.57     2.00   290.00    30.00  9999.00  9999.00  9999.00  9999.00
 00032  1007.79    14.00    64.73     1.00   160.00    19.00  9999.00  9999.00  9999.00  9999.00
 00033  1012.40    21.30    80.83     3.00   110.00    16.00  9999.00  9999.00  9999.00  9999.00
 00034  1013.70    23.10    79.05     2.00    70.00    17.00  9999.00  9999.00  9999.00  9999.00
 00035  1012.18    22.50    79.97     1.00   110.00    20.00  9999.00  9999.00  9999.00  9999.00
 00036   834.90    15.90    33.89     1.00   360.00    26.00  9999.00  9999.00  9999.00  9999.00
 00037  1012.08    12.70    74.97     0.00     0.00    21.00  9999.00  9999.00  9999.00  9999.00
 00038  1014.21    13.40    83.07     1.00    20.00     8.00  9999.00  9999.00  9999.00  9999.00
 00039  1014.63    13.70    84.78     2.00   360.00    10.00  9999.00  9999.00  9999.00  9999.00
 00040  1010.71    14.20    91.84     1.00    20.00     7.00  9999.00  9999.00  9999.00  9999.00
 00041   814.30     7.20    18.23     9.00   250.00    24.00  9999.00  9999.00  9999.00  9999.00
 00042  1010.28    14.00    46.94     2.00   200.00    22.00  9999.00  9999.00  9999.00  9999.00
 00043  1008.80    14.30    56.84     1.00    70.00    26.00  9999.00  9999.00  9999.00  9999.00
 00044  1005.28    15.00    45.90     2.00   360.00    28.00  9999.00  9999.00  9999.00  9999.00
 00045  1010.71    14.20    91.84     1.00    20.00     7.00  9999.00  9999.00  9999.00  9999.00
 00046   972.24    14.00    61.68     1.00   360.00    14.00  9999.00  9999.00  9999.00  9999.00
 00047  1014.12    11.40    81.15     2.00   270.00    11.00  9999.00  9999.00  9999.00  9999.00
 00048   650.80     3.00    65.01     1.00   360.00    27.00  9999.00  9999.00  9999.00  9999.00
 00049   599.00    -3.50    82.71     8.00   160.00     2.10  9999.00  9999.00  9999.00  9999.00
 00050  1014.73    13.00    67.71     2.00    40.00    18.00  9999.00  9999.00  9999.00  9999.00
