stn_id       p       t2      rh2      spd      dir      vis    rain6   rain24   tmax24   tmin24 
 00001   986.21    17.90  9999.00     1.00   360.00     2.10  9999.00  9999.00  9999.00  9999.00
 00002  1009.76     9.70  9999.00     1.00    20.00    11.00  9999.00  9999.00  9999.00  9999.00
 00003   928.81    10.30  9999.00     2.00   200.00    20.00  9999.00  9999.00  9999.00  9999.00
 00004   863.34     0.70  9999.00     3.00   220.00    12.00  9999.00  9999.00  9999.00  9999.00
 00005   897.78     3.20  9999.00     3.00   340.00    15.00  9999.00  9999.00  9999.00  9999.00
 00006   884.86     4.80  9999.00     6.00   200.00    11.00  9999.00  9999.00  9999.00  9999.00
 00007  1016.09     2.20  9999.00     1.00   340.00    30.00  9999.00  9999.00  9999.00  9999.00
 00008   996.76    -1.50  9999.00     3.00    40.00    10.00  9999.00  9999.00  9999.00  9999.00
 00009   976.17   -22.90  9999.00     1.00   200.00    25.00  9999.00  9999.00  9999.00  9999.00
 00010   993.71    -0.40  9999.00     1.00   290.00    11.00  9999.00  9999.00  9999.00  9999.00
 00011  1011.23    -7.00  9999.00     2.00    20.00    11.00  9999.00  9999.00  9999.00  9999.00
 00012  1016.42    11.20  9999.00     2.00    70.00    19.00  9999.00  9999.00  9999.00  9999.00
 00013  1014.96    20.70  9999.00     1.00    90.00     6.00  9999.00  9999.00  9999.00  9999.00
 00014  1009.94    20.60  9999.00     2.00   340.00    14.00  9999.00  9999.00  9999.00  9999.00
 00015   999.76    13.00  9999.00     1.00   110.00    20.00  9999.00  9999.00  9999.00  9999.00
 00016   969.61    10.10  9999.00     1.00   360.00    23.00  9999.00  9999.00  9999.00  9999.00
 00017  1006.37    14.20  9999.00     0.00     0.00     9.00  9999.00  9999.00  9999.00  9999.00
 00018  1011.76    21.10  9999.00     3.00    20.00     3.30  9999.00  9999.00  9999.00  9999.00
 00019   947.75    16.30  9999.00     1.00   250.00    12.00  9999.00  9999.00  9999.00  9999.00
 00020  1014.92    20.90  9999.00     1.00   140.00    23.00  9999.00  9999.00  9999.00  9999.00
 00021   915.85     5.90  9999.00     3.00    20.00    22.00  9999.00  9999.00  9999.00  9999.00
 00022  1020.10    10.40  9999.00     3.00   160.00    17.00  9999.00  9999.00  9999.00  9999.00
 00023   945.31    -1.90  9999.00     2.00   180.00    30.00  9999.00  9999.00  9999.00  9999.00
 00024   972.79    -2.00  9999.00     4.00   290.00    30.00  9999.00  9999.00  9999.00  9999.00
 00025  9999.00  9999.00  9999.00  9999.00  9999.00  9999.00  9999.00  9999.00  9999.00  9999.00
 00026  1007.61    22.70  9999.00     1.00    90.00    16.00  9999.00  9999.00  9999.00  9999.00
 00027  1006.25    21.00  9999.00     5.00   290.00     4.60  9999.00  9999.00  9999.00  9999.00
 00028   982.14    20.40  9999.00     1.00    40.00     4.20  9999.00  9999.00  9999.00  9999.00
 00029  1009.06    21.80  9999.00     2.00   340.00     7.00  9999.00  9999.00  9999.00  9999.00
 00030   997.47    23.40  9999.00     2.00   110.00     8.00  9999.00  9999.00  9999.00  9999.00
 00031   624.30     5.80     9.69     8.00   250.00    30.00  9999.00  9999.00  9999.00  9999.00
 00032  1005.51    21.60  9999.00     2.00   340.00     8.00  9999.00  9999.00  9999.00  9999.00
 00033  1011.10    25.40  9999.00     2.00    90.00    22.00  9999.00  9999.00  9999.00  9999.00
 00034  1010.50    28.10  9999.00     4.00    40.00    18.00  9999.00  9999.00  9999.00  9999.00
 00035  1010.48    25.50  9999.00     1.00    90.00    22.00  9999.00  9999.00  9999.00  9999.00
 00036   838.30    14.80    68.04     1.00    20.00    27.00  9999.00  9999.00  9999.00  9999.00
 00037  1009.90    21.10  9999.00     1.00    40.00    13.00  9999.00  9999.00  9999.00  9999.00
 00038  1011.72    21.90  9999.00     1.00    40.00     2.80  9999.00  9999.00  9999.00  9999.00
 00039  1012.54    22.50  9999.00     1.00   360.00     7.00  9999.00  9999.00  9999.00  9999.00
 00040  1008.42    22.70  9999.00     3.00    40.00     4.80  9999.00  9999.00  9999.00  9999.00
 00041   818.60    11.60    56.93     2.00   160.00    27.00  9999.00  9999.00  9999.00  9999.00
 00042  1012.78    18.90  9999.00     2.00   110.00    10.00  9999.00  9999.00  9999.00  9999.00
 00043  1009.80    21.40  9999.00     2.00   140.00    13.00  9999.00  9999.00  9999.00  9999.00
 00044  1005.18    20.90  9999.00     1.00    20.00    12.00  9999.00  9999.00  9999.00  9999.00
 00045  1008.42    22.70  9999.00     3.00    40.00     4.80  9999.00  9999.00  9999.00  9999.00
 00046   971.37    20.20  9999.00     1.00   160.00     9.00  9999.00  9999.00  9999.00  9999.00
 00047  1011.03    22.60  9999.00     1.00   290.00     7.00  9999.00  9999.00  9999.00  9999.00
 00048   651.70     7.80    26.90     2.00   290.00    28.00  9999.00  9999.00  9999.00  9999.00
 00049   602.30    -2.20    45.59     5.00   160.00    30.00  9999.00  9999.00  9999.00  9999.00
 00050  1012.44    21.80  9999.00     3.00    20.00    13.00  9999.00  9999.00  9999.00  9999.00
