stn_id       p       t2      rh2      spd      dir      vis    rain6   rain24   tmax24   tmin24 
 00001   987.20    10.10    89.74     1.00   250.00     1.40     0.00     0.00    12.40    10.10
 00002  1022.10    -0.50    66.74     2.00    20.00     4.20     0.00     0.00     7.50    -1.40
 00003   935.20    -0.50    52.05     5.00    20.00     7.00     0.00     0.00    10.60    -4.80
 00004   864.70   -12.70    73.78     0.00     0.00    24.00     0.00     0.00     6.90   -14.20
 00005   893.60    -8.00    57.07     2.00   320.00    30.00     0.00     0.00     2.30    -8.00
 00006   895.00   -14.60    79.96     1.00   180.00    11.00     0.00     0.00    -4.50   -14.60
 00007  1025.30   -10.30    71.53     1.00   110.00     8.00     0.00     0.00     0.60   -14.00
 00008   998.50   -11.60    57.47     2.00   250.00     7.00     0.00     0.00    -3.50   -13.10
 00009   970.10   -35.00    67.81     1.00   200.00     8.00     0.00     0.00   -15.20   -35.70
 00010   994.10   -12.40    81.77     0.00     0.00    12.00     0.00     0.00    -1.40   -15.50
 00011  1010.10   -14.30    71.44     2.00   250.00     3.00     0.00     0.00    -6.40   -19.70
 00012  1029.50    -1.60    42.86     1.00    70.00    28.00     0.00     0.00     6.00    -4.40
 00013  1023.90     4.90    91.25     2.00    90.00     2.10     0.00     0.00     9.70     4.90
 00014  1021.40     8.00    82.98     1.00   110.00     6.00     0.00     0.20    10.40     7.80
 00015  1008.70     2.60    66.93     5.00    90.00     2.30     0.00     0.00     9.40     2.30
 00016   970.60     4.40    70.87     2.00    40.00     2.30     0.00     0.00    10.10     3.20
 00017  1015.70     4.60    58.09     3.00    40.00     4.00     0.00     0.00    10.30     2.90
 00018  1023.60     7.10    85.23     3.00    40.00     8.00     0.00     0.10     9.20     6.90
 00019   948.00     8.70    99.32     1.00    40.00     1.90     1.00     1.00    14.00     8.70
 00020  1026.90     6.50    88.84     2.00    70.00     2.50     0.00     0.00    11.50     6.10
 00021   913.00    -9.80    79.54     1.00    70.00     0.10     0.00     0.00    -2.00    -9.80
 00022  1033.20    -4.40    89.21     2.00   360.00     3.00     0.00     0.00     6.30    -6.30
 00023   936.00   -12.40    84.06     1.00   360.00    20.00     0.00     0.00    -1.40   -12.40
 00024   967.80    -9.90    80.90     1.00   140.00    10.00     0.00     0.00    -6.00   -12.90
 00025   809.40     8.00    71.05     1.00   250.00    11.00     0.00     0.00    20.10     7.00
 00026  1015.50     9.70    97.99     2.00    70.00     2.30     8.00     8.00    13.80     9.50
 00027  1007.00     8.20    97.30     3.00   320.00     1.00     7.00     8.00     8.60     7.50
 00028   985.90     7.10    99.31     1.00    20.00     1.30     2.00     2.10     8.60     6.80
 00029  1009.30    18.10    95.66     0.00     0.00    10.00     0.20     0.20    23.00    17.70
 00030   997.50    12.90    98.69     2.00    90.00     0.20     3.00     4.30    14.50    12.30
 00031   619.70    -5.80    15.52     2.00   200.00    30.00     0.00     0.00     6.60    -6.30
 00032  1012.40    12.80    73.97     2.00    20.00    30.00     0.00     0.10    15.40    12.50
 00033  1007.40    22.60    91.17     2.00   110.00    23.00     0.00     0.00    29.00    22.20
 00034  1013.60    24.80    82.77     2.00    70.00    20.00     0.00     0.00    27.80    23.80
 00035  1012.30    23.10    94.06     2.00   140.00    21.00     0.00     0.00    27.60    22.70
 00036   835.30    11.20    44.79     2.00   340.00    14.00     0.00     0.00    22.20     9.00
 00037  1015.40    12.60    85.81     1.00    70.00    17.00     0.10     0.20    16.60    12.20
 00038  1013.50    15.30    82.74     1.00    90.00    11.00     0.00     0.00    19.80    14.90
 00039  1018.20    13.60    79.82     4.00    40.00    14.00     0.00     0.00    15.60    13.50
 00040  1013.30    15.70    85.00     6.00    40.00    17.00     0.00     0.00    16.10    14.30
 00041   817.60     1.40   100.00     7.00   140.00     0.00     0.00     0.00     5.50     1.30
 00042  1020.50     7.40    78.93     4.00    70.00     8.00     0.00     0.10     9.60     7.20
 00043  1012.60     9.40   100.00     3.00    70.00     2.00    16.00    16.00    10.70     9.30
 00044  1007.50     9.30    96.01     2.00    40.00     5.00     2.00     2.60    11.50     9.30
 00045  1013.30    15.70    85.00     6.00    40.00    17.00     0.00     0.00    16.10    14.30
 00046   971.40    12.90    96.76     2.00    40.00     7.00     0.10     5.10    16.50    12.80
 00047  1019.60     9.90    89.73     1.00   110.00     2.50     0.10     0.30    13.70     9.70
 00048   647.00    -2.70    39.49     2.00    90.00    28.00     0.00     0.00     9.20    -2.70
 00049   594.00    -8.50    70.50     2.00   200.00    30.00     0.20     0.20    -3.60    -9.70
 00050  1013.40    13.10    76.06     7.00    40.00    25.00     0.00     0.00    16.50    12.80
