stn_id       p       t2      rh2      spd      dir      vis    rain6   rain24   tmax24   tmin24 
 00001   963.24    30.59    71.07     1.37   145.20    25.79  9999.00  9999.00  9999.00  9999.00
 00002   982.53    36.34    23.56     1.94    64.36    26.47  9999.00  9999.00  9999.00  9999.00
 00003   895.17    31.42    25.43     1.62    87.92    25.21  9999.00  9999.00  9999.00  9999.00
 00004   830.69    23.80    37.77     2.65   332.07    23.81  9999.00  9999.00  9999.00  9999.00
 00005   863.94    26.48    31.66     2.70   324.27    23.98  9999.00  9999.00  9999.00  9999.00
 00006   874.60    24.35    39.22     4.91   330.45    23.16  9999.00  9999.00  9999.00  9999.00
 00007   990.51    24.40    80.76     3.23   246.29     9.32  9999.00  9999.00  9999.00  9999.00
 00008   975.78    23.14    80.89     3.12   230.42    10.54  9999.00  9999.00  9999.00  9999.00
 00009   940.73    24.86    38.79     3.39    38.32    34.38  9999.00  9999.00  9999.00  9999.00
 00010   957.21    22.02    77.08     2.73    85.93    25.57  9999.00  9999.00  9999.00  9999.00
 00011   983.52    25.26    67.76     2.10   191.93    25.85  9999.00  9999.00  9999.00  9999.00
 00012   996.70    34.98    26.79     2.90   333.01    24.28  9999.00  9999.00  9999.00  9999.00
 00013  1002.07    31.15    75.67     3.88   202.73    28.72  9999.00  9999.00  9999.00  9999.00
 00014  1000.43    32.26    71.62     1.35   216.95    29.39  9999.00  9999.00  9999.00  9999.00
 00015   982.42    34.70    43.15     0.96   268.61    24.25  9999.00  9999.00  9999.00  9999.00
 00016   944.38    31.35    58.95     0.86   266.92    26.09  9999.00  9999.00  9999.00  9999.00
 00017   983.60    35.32    57.02     2.08   176.35    26.75  9999.00  9999.00  9999.00  9999.00
 00018  1000.46    31.10    75.61     5.42   196.12    11.52  9999.00  9999.00  9999.00  9999.00
 00019   929.20    29.97    59.85     1.25   122.08    28.15  9999.00  9999.00  9999.00  9999.00
 00020  1006.02    26.31    92.49     4.13   246.26     2.77  9999.00  9999.00  9999.00  9999.00
 00021   886.22    21.40    56.80     1.79   310.24    25.14  9999.00  9999.00  9999.00  9999.00
 00022   999.44    34.90    27.38     3.72   339.28    23.53  9999.00  9999.00  9999.00  9999.00
 00023   912.88    23.90    38.81     0.58   309.98    21.26  9999.00  9999.00  9999.00  9999.00
 00024   936.53    25.24    36.09     4.51   295.22    23.27  9999.00  9999.00  9999.00  9999.00
 00025   795.48    19.70    87.50     3.44   196.15    16.90  9999.00  9999.00  9999.00  9999.00
 00026  1002.37    33.47    60.54     5.22   215.53    29.70  9999.00  9999.00  9999.00  9999.00
 00027   998.14    32.43    64.28     5.65   201.52    29.11  9999.00  9999.00  9999.00  9999.00
 00028   968.54    29.61    69.23     6.57   212.41    27.33  9999.00  9999.00  9999.00  9999.00
 00029  1006.05    30.05    69.06     3.90   221.87    29.93  9999.00  9999.00  9999.00  9999.00
 00030   993.67    31.04    66.69     5.29   188.51    32.19  9999.00  9999.00  9999.00  9999.00
 00031   577.27    11.40    52.64     1.02   247.91    22.31  9999.00  9999.00  9999.00  9999.00
 00032   973.64    32.49    55.46     2.46   255.04    23.42  9999.00  9999.00  9999.00  9999.00
 00033  1008.18    25.35    91.69     1.59   133.25     7.30  9999.00  9999.00  9999.00  9999.00
 00034  1012.59    28.31    85.74     6.00   163.69    33.50  9999.00  9999.00  9999.00  9999.00
 00035  1007.69    31.60    66.77     6.18   183.99    32.29  9999.00  9999.00  9999.00  9999.00
 00036   775.42    21.71    66.90     0.30   292.59    24.97  9999.00  9999.00  9999.00  9999.00
 00037   964.38    33.50    51.89     2.34   271.12    25.47  9999.00  9999.00  9999.00  9999.00
 00038   992.73    32.53    61.86     2.79   267.63    28.36  9999.00  9999.00  9999.00  9999.00
 00039  1005.42    29.50    76.37     5.25   210.95    27.39  9999.00  9999.00  9999.00  9999.00
 00040  1004.73    30.25    73.60     4.52   242.06    28.89  9999.00  9999.00  9999.00  9999.00
 00041   964.32    30.07    70.45     3.60   224.34    28.50  9999.00  9999.00  9999.00  9999.00
 00042  1003.24    28.35    85.83     2.40   181.63    13.77  9999.00  9999.00  9999.00  9999.00
 00043   996.77    33.57    57.22     4.76   217.16    30.13  9999.00  9999.00  9999.00  9999.00
 00044   979.08    32.83    60.20     3.71   253.53    28.17  9999.00  9999.00  9999.00  9999.00
 00045  1004.73    30.25    73.60     4.52   242.06    28.89  9999.00  9999.00  9999.00  9999.00
 00046   940.77    29.10    61.15     3.34   229.64    28.16  9999.00  9999.00  9999.00  9999.00
 00047   995.92    30.43    73.09     2.13   168.18    10.25  9999.00  9999.00  9999.00  9999.00
 00048   607.91    13.16    68.28     1.06   181.24    26.48  9999.00  9999.00  9999.00  9999.00
 00049   580.71     8.83    73.48     1.11   218.88    16.65  9999.00  9999.00  9999.00  9999.00
 00050   997.47    33.19    60.66     3.88   230.57    26.88  9999.00  9999.00  9999.00  9999.00
