stn_id       p       t2      rh2      spd      dir      vis    rain6   rain24   tmax24   tmin24 
 00001   976.16    22.44    67.91     0.94    31.39    22.25  9999.00  9999.00  9999.00  9999.00
 00002   993.45    22.01    54.07     2.53   179.72    23.49  9999.00  9999.00  9999.00  9999.00
 00003   903.55    18.05    40.16     1.96   208.92    22.23  9999.00  9999.00  9999.00  9999.00
 00004   835.80    11.74    46.16     3.18   242.45    22.17  9999.00  9999.00  9999.00  9999.00
 00005   868.39    14.25    32.88     4.14   231.23    24.44  9999.00  9999.00  9999.00  9999.00
 00006   877.22    12.76    30.86     2.47   251.46    25.29  9999.00  9999.00  9999.00  9999.00
 00007  1003.49    15.12    93.01     2.33   223.20    11.63  9999.00  9999.00  9999.00  9999.00
 00008   987.81    10.65    77.67     4.67   320.36    26.08  9999.00  9999.00  9999.00  9999.00
 00009   947.81    -5.26    29.67     2.17    96.93    36.75  9999.00  9999.00  9999.00  9999.00
 00010   966.45    12.01    80.91     0.74    98.12    27.25  9999.00  9999.00  9999.00  9999.00
 00011   995.32     4.94    88.79     3.45     1.04    30.51  9999.00  9999.00  9999.00  9999.00
 00012  1009.18    16.84    78.71     1.93   177.92    23.44  9999.00  9999.00  9999.00  9999.00
 00013  1016.90    20.49    72.98     2.06   161.82    20.56  9999.00  9999.00  9999.00  9999.00
 00014  1014.58    20.33    74.35     2.16    89.65    20.35  9999.00  9999.00  9999.00  9999.00
 00015   995.37    22.84    51.37     4.00   211.10    20.32  9999.00  9999.00  9999.00  9999.00
 00016   956.91    20.31    74.07     0.79   260.72    21.00  9999.00  9999.00  9999.00  9999.00
 00017   997.94    22.66    66.63     2.46   216.07    20.32  9999.00  9999.00  9999.00  9999.00
 00018  1015.12    21.31    58.27     2.48   177.40    20.09  9999.00  9999.00  9999.00  9999.00
 00019   940.90    19.26    74.01     1.02   105.78    25.12  9999.00  9999.00  9999.00  9999.00
 00020  1021.08    19.56    73.76     3.23   140.68    20.21  9999.00  9999.00  9999.00  9999.00
 00021   884.07    16.87    32.00     6.03   150.91    29.81  9999.00  9999.00  9999.00  9999.00
 00022  1012.29    18.56    74.54     1.42   288.61    22.02  9999.00  9999.00  9999.00  9999.00
 00023   916.07     8.33    91.89     8.77   274.98     1.05  9999.00  9999.00  9999.00  9999.00
 00024   934.12     9.57    88.13     6.22   123.81    11.92  9999.00  9999.00  9999.00  9999.00
 00025   798.68    18.54    59.31     1.85   230.62    21.94  9999.00  9999.00  9999.00  9999.00
 00026  1014.92    22.48    75.76     1.50    45.45    20.30  9999.00  9999.00  9999.00  9999.00
 00027  1010.34    24.32    66.64     0.55   149.90    20.40  9999.00  9999.00  9999.00  9999.00
 00028   979.20    22.79    61.43     0.65   326.66    20.04  9999.00  9999.00  9999.00  9999.00
 00029  1010.97    26.14    71.06     1.05    56.44    23.24  9999.00  9999.00  9999.00  9999.00
 00030  1000.56    25.06    68.75     1.87    43.34    25.26  9999.00  9999.00  9999.00  9999.00
 00031   574.82     5.52    13.26     3.33   247.05    31.29  9999.00  9999.00  9999.00  9999.00
 00032   984.03    18.91    76.08     2.55    74.34    19.50  9999.00  9999.00  9999.00  9999.00
 00033  1012.91    21.42    89.82     7.06    69.20    13.56  9999.00  9999.00  9999.00  9999.00
 00034  1012.46    26.31    89.97     9.06    50.35    16.05  9999.00  9999.00  9999.00  9999.00
 00035  1011.79    26.10    76.09     4.69    56.09    23.77  9999.00  9999.00  9999.00  9999.00
 00036   779.07    16.04    59.02     1.69   189.46    22.56  9999.00  9999.00  9999.00  9999.00
 00037   974.21    19.34    73.90     1.91    87.58    19.41  9999.00  9999.00  9999.00  9999.00
 00038   999.93    24.01    64.17     1.52    85.80    21.99  9999.00  9999.00  9999.00  9999.00
 00039  1014.43    23.27    68.48    10.70    34.47    21.48  9999.00  9999.00  9999.00  9999.00
 00040  1011.44    24.45    66.33     7.18    68.93    22.88  9999.00  9999.00  9999.00  9999.00
 00041   976.25    20.06    67.96     1.52   120.25    19.33  9999.00  9999.00  9999.00  9999.00
 00042  1017.10    21.23    71.92     2.30   122.40    20.30  9999.00  9999.00  9999.00  9999.00
 00043  1008.46    22.39    75.87     1.32    36.12    20.68  9999.00  9999.00  9999.00  9999.00
 00044   990.16    20.65    75.01     1.49    42.02    19.82  9999.00  9999.00  9999.00  9999.00
 00045  1011.44    24.45    66.33     7.18    68.93    22.88  9999.00  9999.00  9999.00  9999.00
 00046   947.06    20.47    67.93     1.55    27.45    20.56  9999.00  9999.00  9999.00  9999.00
 00047  1009.34    20.70    77.34     2.15    84.62    20.12  9999.00  9999.00  9999.00  9999.00
 00048   607.02     4.68    42.05     0.72    90.04    33.91  9999.00  9999.00  9999.00  9999.00
 00049   579.50     1.02    52.51     2.68   213.08    27.13  9999.00  9999.00  9999.00  9999.00
 00050  1007.13    22.16    66.31     6.14    35.08    20.92  9999.00  9999.00  9999.00  9999.00
