stn_id       p       t2      rh2      spd      dir      vis    rain6   rain24   tmax24   tmin24 
 00001   980.34    11.31    81.61     2.59    63.11     7.78  9999.00  9999.00  9999.00  9999.00
 00002  1009.63    -0.80    53.43     0.52   159.84    17.85  9999.00  9999.00  9999.00  9999.00
 00003   909.09     0.14    58.74     4.67   213.19    23.20  9999.00  9999.00  9999.00  9999.00
 00004   835.52    -2.87    78.55     5.56   233.65    20.76  9999.00  9999.00  9999.00  9999.00
 00005   870.38    -1.89    70.46     5.52   222.58    24.60  9999.00  9999.00  9999.00  9999.00
 00006   877.09     0.77    49.63     9.13   242.12    25.99  9999.00  9999.00  9999.00  9999.00
 00007  1022.64    -4.18    20.58     1.69   161.41    29.46  9999.00  9999.00  9999.00  9999.00
 00008  1004.97   -12.07    65.47     4.00   228.22    33.60  9999.00  9999.00  9999.00  9999.00
 00009   948.97   -17.62    52.69     2.98   272.36    44.65  9999.00  9999.00  9999.00  9999.00
 00010   979.90    -7.81    30.26     4.82   280.32    33.50  9999.00  9999.00  9999.00  9999.00
 00011  1011.31   -18.31    87.04     5.10   218.87    37.31  9999.00  9999.00  9999.00  9999.00
 00012  1027.19    -1.26    29.58     1.40   169.45    23.31  9999.00  9999.00  9999.00  9999.00
 00013  1026.50    11.49    60.35     3.94   108.74    19.87  9999.00  9999.00  9999.00  9999.00
 00014  1023.08    12.63    66.65     2.26    62.15    19.13  9999.00  9999.00  9999.00  9999.00
 00015  1010.69     4.96    39.35     2.96   190.90    21.49  9999.00  9999.00  9999.00  9999.00
 00016   968.06     2.71    63.06     1.67   204.29    21.45  9999.00  9999.00  9999.00  9999.00
 00017  1012.96     3.02    39.06     0.70   245.79    20.41  9999.00  9999.00  9999.00  9999.00
 00018  1024.53    10.50    60.48     4.76   117.67    19.39  9999.00  9999.00  9999.00  9999.00
 00019   945.06    11.36    89.25     3.08    58.61    14.20  9999.00  9999.00  9999.00  9999.00
 00020  1029.54    14.04    57.33     3.66    77.54    19.80  9999.00  9999.00  9999.00  9999.00
 00021   895.29    -3.61    76.28     5.05   151.47    25.35  9999.00  9999.00  9999.00  9999.00
 00022  1030.45     1.04    35.97     2.74   187.51    23.90  9999.00  9999.00  9999.00  9999.00
 00023   921.99     2.25    80.01     3.61   249.29    16.05  9999.00  9999.00  9999.00  9999.00
 00024   945.67    -3.86    67.89     3.97   131.80    31.05  9999.00  9999.00  9999.00  9999.00
 00025   799.69    13.91    71.35     4.74   249.98    19.40  9999.00  9999.00  9999.00  9999.00
 00026  1022.53    11.08    66.50     2.36    27.33    18.74  9999.00  9999.00  9999.00  9999.00
 00027  1018.60     9.95    61.97     1.57   293.79    18.91  9999.00  9999.00  9999.00  9999.00
 00028   986.03     7.54    67.55     1.93     3.80    18.64  9999.00  9999.00  9999.00  9999.00
 00029  1015.88    20.53    55.91     3.43    37.16    21.03  9999.00  9999.00  9999.00  9999.00
 00030  1004.82    20.89    70.57     2.54    65.03    22.46  9999.00  9999.00  9999.00  9999.00
 00031   575.54    -3.14    17.97     0.71   310.75    34.07  9999.00  9999.00  9999.00  9999.00
 00032   988.08    15.22    67.80     4.40    38.77    17.56  9999.00  9999.00  9999.00  9999.00
 00033  1015.99    20.88    86.93    10.37    65.29    20.58  9999.00  9999.00  9999.00  9999.00
 00034  1014.47    26.57    85.47     9.60    60.52    23.66  9999.00  9999.00  9999.00  9999.00
 00035  1014.73    24.47    82.07     6.97    58.00    11.93  9999.00  9999.00  9999.00  9999.00
 00036   779.65     9.49    81.78     1.43   203.27    20.99  9999.00  9999.00  9999.00  9999.00
 00037   978.18    15.37    68.35     3.58    46.71    17.74  9999.00  9999.00  9999.00  9999.00
 00038  1004.76    20.49    56.41     3.73    40.09    20.08  9999.00  9999.00  9999.00  9999.00
 00039  1018.46    19.36    71.51    12.10    22.51    19.21  9999.00  9999.00  9999.00  9999.00
 00040  1015.54    21.63    58.29     8.69    38.20    20.91  9999.00  9999.00  9999.00  9999.00
 00041   982.08    10.92    69.61     2.79   125.11    18.08  9999.00  9999.00  9999.00  9999.00
 00042  1025.94    12.13    65.56     4.27   103.75    19.35  9999.00  9999.00  9999.00  9999.00
 00043  1015.79    10.07    68.83     1.59    32.15    18.96  9999.00  9999.00  9999.00  9999.00
 00044   996.39    11.65    70.35     2.96    63.16    18.31  9999.00  9999.00  9999.00  9999.00
 00045  1015.54    21.63    58.29     8.69    38.20    20.91  9999.00  9999.00  9999.00  9999.00
 00046   950.74    16.25    63.44     1.71    78.93    18.59  9999.00  9999.00  9999.00  9999.00
 00047  1014.93    15.68    69.63     5.71    24.17    18.73  9999.00  9999.00  9999.00  9999.00
 00048   608.48    -5.63    33.26     1.20    87.09    35.67  9999.00  9999.00  9999.00  9999.00
 00049   578.51    -2.62    23.10     0.53    41.02    28.12  9999.00  9999.00  9999.00  9999.00
 00050  1011.08    18.94    59.45     8.13    21.98    19.14  9999.00  9999.00  9999.00  9999.00
