stn_id       p       t2      rh2      spd      dir      vis    rain6   rain24   tmax24   tmin24 
 00001   977.18    10.94    96.43     1.89    87.32    21.19  9999.00  9999.00  9999.00  9999.00
 00002  1008.43     0.22    25.62     4.72   321.36    24.85  9999.00  9999.00  9999.00  9999.00
 00003   911.95    -6.62    28.59     5.09   317.43    23.26  9999.00  9999.00  9999.00  9999.00
 00004   838.65   -15.54    60.06     5.91   315.10    22.95  9999.00  9999.00  9999.00  9999.00
 00005   878.02   -15.93    44.30     4.03   339.28    25.01  9999.00  9999.00  9999.00  9999.00
 00006   888.86   -17.18    61.52     6.85   295.78    25.92  9999.00  9999.00  9999.00  9999.00
 00007  1008.69    -3.62    71.58     5.79   336.12    28.24  9999.00  9999.00  9999.00  9999.00
 00008   991.01    -9.94    88.03     5.28   313.58    25.49  9999.00  9999.00  9999.00  9999.00
 00009   954.60   -19.79    77.27     1.50    52.71    44.15  9999.00  9999.00  9999.00  9999.00
 00010   959.92    -1.01    80.12     5.09   277.30    32.35  9999.00  9999.00  9999.00  9999.00
 00011   995.46    -9.75    78.94     6.48   353.65    27.63  9999.00  9999.00  9999.00  9999.00
 00012  1022.03    -1.34    27.56     8.08   314.44    24.86  9999.00  9999.00  9999.00  9999.00
 00013  1015.70    11.55    88.44     2.34   288.29    19.57  9999.00  9999.00  9999.00  9999.00
 00014  1012.23    12.15    84.69     1.72   257.75    18.79  9999.00  9999.00  9999.00  9999.00
 00015  1004.40     3.62    34.89     6.64   323.67    21.22  9999.00  9999.00  9999.00  9999.00
 00016   967.63     3.10    48.28     2.79    37.34    21.25  9999.00  9999.00  9999.00  9999.00
 00017  1007.84     8.18    22.81     6.53   305.01    20.26  9999.00  9999.00  9999.00  9999.00
 00018  1015.53    10.48    85.77     3.52   292.19    19.13  9999.00  9999.00  9999.00  9999.00
 00019   942.94    11.49    90.99     0.84   300.15    20.65  9999.00  9999.00  9999.00  9999.00
 00020  1017.45    14.13    81.75     2.82   302.40    19.46  9999.00  9999.00  9999.00  9999.00
 00021   888.57    -7.68    79.28     2.26   161.08    36.33  9999.00  9999.00  9999.00  9999.00
 00022  1024.42    -0.30    26.96     8.76   312.57    23.57  9999.00  9999.00  9999.00  9999.00
 00023   915.57    -3.15    65.74     1.18   233.62    31.21  9999.00  9999.00  9999.00  9999.00
 00024   945.76    -7.03    57.21     5.93   109.97    32.97  9999.00  9999.00  9999.00  9999.00
 00025   797.28     6.86    99.77     0.54   229.03     5.08  9999.00  9999.00  9999.00  9999.00
 00026  1014.57    13.57    93.93     2.21    31.34     6.62  9999.00  9999.00  9999.00  9999.00
 00027  1010.67    14.87    94.50     3.14   355.39    18.75  9999.00  9999.00  9999.00  9999.00
 00028   979.03    13.90    96.37     1.65    21.27    10.07  9999.00  9999.00  9999.00  9999.00
 00029  1010.67    16.20    88.66     1.19   112.65    20.99  9999.00  9999.00  9999.00  9999.00
 00030   999.58    16.29    98.46     1.02   327.01     0.21  9999.00  9999.00  9999.00  9999.00
 00031   574.02    -8.90    15.37     0.49   201.77    33.95  9999.00  9999.00  9999.00  9999.00
 00032   981.21    11.16    93.82     2.11   300.82     6.92  9999.00  9999.00  9999.00  9999.00
 00033  1012.78    21.10    95.17     2.64    96.64     4.74  9999.00  9999.00  9999.00  9999.00
 00034  1013.65    26.77    72.64     8.78    39.37    27.40  9999.00  9999.00  9999.00  9999.00
 00035  1011.79    23.01    82.57     3.22    70.48    21.80  9999.00  9999.00  9999.00  9999.00
 00036   779.07     3.74    89.17     1.09    67.91    20.44  9999.00  9999.00  9999.00  9999.00
 00037   971.55    10.87    94.92     1.65   303.40     3.48  9999.00  9999.00  9999.00  9999.00
 00038   999.16    14.58    84.64     0.98   303.48    20.01  9999.00  9999.00  9999.00  9999.00
 00039  1012.61    19.05    81.39     3.43   337.43    19.63  9999.00  9999.00  9999.00  9999.00
 00040  1010.41    17.87    81.67     2.07   338.73    20.88  9999.00  9999.00  9999.00  9999.00
 00041   974.66    10.85    89.71     1.31   328.94    17.83  9999.00  9999.00  9999.00  9999.00
 00042  1016.22    12.92    88.92     2.65   265.38    19.07  9999.00  9999.00  9999.00  9999.00
 00043  1007.71    13.94    89.99     1.33    47.10    18.80  9999.00  9999.00  9999.00  9999.00
 00044   988.85    11.65    91.25     0.80    62.10    18.11  9999.00  9999.00  9999.00  9999.00
 00045  1010.41    17.87    81.67     2.07   338.73    20.88  9999.00  9999.00  9999.00  9999.00
 00046   945.51    12.68    86.54     1.57    53.78    18.48  9999.00  9999.00  9999.00  9999.00
 00047  1005.69    12.35    97.55     2.83   308.78     1.72  9999.00  9999.00  9999.00  9999.00
 00048   607.24   -12.20    56.09     1.53   177.62    35.54  9999.00  9999.00  9999.00  9999.00
 00049   576.99   -12.28    70.97     1.81    20.09    28.12  9999.00  9999.00  9999.00  9999.00
 00050  1004.77    16.60    74.60     2.31   324.86    19.06  9999.00  9999.00  9999.00  9999.00
