stn_id       p       t2      rh2      spd      dir      vis    rain6   rain24   tmax24   tmin24 
 00001   975.77    12.54    73.06     2.52    96.28    21.21  9999.00  9999.00  9999.00  9999.00
 00002  1013.10    -3.32    45.16     0.99   111.09    25.02  9999.00  9999.00  9999.00  9999.00
 00003   910.50    -0.63    37.49     1.68   112.60    23.21  9999.00  9999.00  9999.00  9999.00
 00004   836.86    -3.04    27.05     1.76   156.01    21.72  9999.00  9999.00  9999.00  9999.00
 00005   873.55    -6.20    12.25     1.23    50.80    24.99  9999.00  9999.00  9999.00  9999.00
 00006   883.50    -9.53    24.16     3.57   167.06    26.02  9999.00  9999.00  9999.00  9999.00
 00007  1024.51   -10.23    50.75     1.06   249.15    29.37  9999.00  9999.00  9999.00  9999.00
 00008  1003.88   -16.81    86.02     4.55   246.97    33.42  9999.00  9999.00  9999.00  9999.00
 00009   948.45   -22.18    66.29     2.30   285.70    44.50  9999.00  9999.00  9999.00  9999.00
 00010   976.55   -12.70    49.83     6.00   287.30    33.29  9999.00  9999.00  9999.00  9999.00
 00011  1007.80   -19.33    90.77     5.63   249.48    36.86  9999.00  9999.00  9999.00  9999.00
 00012  1030.67    -5.23    41.78     1.70   185.91    25.22  9999.00  9999.00  9999.00  9999.00
 00013  1028.66     2.81    71.35     2.78    48.09    19.84  9999.00  9999.00  9999.00  9999.00
 00014  1024.24     5.86    77.56     1.64   245.81    19.09  9999.00  9999.00  9999.00  9999.00
 00015  1013.89    -4.55    55.71     1.38   110.53    21.50  9999.00  9999.00  9999.00  9999.00
 00016   963.48     2.43    45.43     2.91    65.54    21.31  9999.00  9999.00  9999.00  9999.00
 00017  1014.16     1.61    38.68     1.32    48.99    20.49  9999.00  9999.00  9999.00  9999.00
 00018  1027.31     3.11    59.60     2.73    55.53    19.37  9999.00  9999.00  9999.00  9999.00
 00019   939.18    12.57    89.28     1.37    43.80    21.22  9999.00  9999.00  9999.00  9999.00
 00020  1030.11     8.47    69.66     2.84   344.26    19.76  9999.00  9999.00  9999.00  9999.00
 00021   890.47    -1.29    70.99     5.91   152.93    36.84  9999.00  9999.00  9999.00  9999.00
 00022  1034.27    -5.39    46.24     1.83   199.56    23.92  9999.00  9999.00  9999.00  9999.00
 00023   914.21    -0.42    72.36     2.08   132.26    31.38  9999.00  9999.00  9999.00  9999.00
 00024   946.16    -4.63    68.12     7.19   110.18    33.05  9999.00  9999.00  9999.00  9999.00
 00025   798.57    10.10    91.31     1.93   191.78    19.39  9999.00  9999.00  9999.00  9999.00
 00026  1022.90     5.76    59.57     4.66    11.79    18.71  9999.00  9999.00  9999.00  9999.00
 00027  1018.30     6.71    70.05     2.38   329.52    18.90  9999.00  9999.00  9999.00  9999.00
 00028   985.41     6.78    74.26     1.46   355.26    18.63  9999.00  9999.00  9999.00  9999.00
 00029  1014.83    17.62    71.74     2.50    21.96    21.02  9999.00  9999.00  9999.00  9999.00
 00030  1003.76    18.62    81.40     2.65    51.61    22.45  9999.00  9999.00  9999.00  9999.00
 00031   573.95    -4.04    12.10     2.02   219.89    33.99  9999.00  9999.00  9999.00  9999.00
 00032   988.91    10.71    55.75     3.05    15.36    17.80  9999.00  9999.00  9999.00  9999.00
 00033  1015.22    20.30    90.31     6.60    79.20     9.25  9999.00  9999.00  9999.00  9999.00
 00034  1013.85    27.45    74.43    10.24    57.51    25.99  9999.00  9999.00  9999.00  9999.00
 00035  1013.98    23.44    82.28     4.18    61.47    21.17  9999.00  9999.00  9999.00  9999.00
 00036   776.87     7.96    76.23     1.87   152.32    20.92  9999.00  9999.00  9999.00  9999.00
 00037   978.98     9.53    61.22     1.83    17.16    17.71  9999.00  9999.00  9999.00  9999.00
 00038  1005.41    13.76    52.08     2.21    13.59    20.04  9999.00  9999.00  9999.00  9999.00
 00039  1018.59    18.04    74.99    13.69    29.89    11.50  9999.00  9999.00  9999.00  9999.00
 00040  1016.05    17.25    61.60     9.09    27.33    20.90  9999.00  9999.00  9999.00  9999.00
 00041   983.60     1.19    75.78     1.75    77.96    18.04  9999.00  9999.00  9999.00  9999.00
 00042  1028.24     3.20    70.42     2.34    67.24    19.31  9999.00  9999.00  9999.00  9999.00
 00043  1015.62     6.00    59.80     3.26    25.07    18.92  9999.00  9999.00  9999.00  9999.00
 00044   996.76     5.57    62.55     3.63    58.30    18.26  9999.00  9999.00  9999.00  9999.00
 00045  1016.05    17.25    61.60     9.09    27.33    20.90  9999.00  9999.00  9999.00  9999.00
 00046   950.14    10.46    89.85     1.61    64.78    18.58  9999.00  9999.00  9999.00  9999.00
 00047  1015.84    10.82    63.21     4.74   337.19    18.69  9999.00  9999.00  9999.00  9999.00
 00048   605.71    -6.90    48.01     1.61   176.25    35.55  9999.00  9999.00  9999.00  9999.00
 00049   577.56    -8.97    91.53     0.50   109.62    28.10  9999.00  9999.00  9999.00  9999.00
 00050  1011.56    15.07    64.99     8.12    22.03    18.36  9999.00  9999.00  9999.00  9999.00
