stn_id       p       t2      rh2      spd      dir      vis    rain6   rain24   tmax24   tmin24 
 00001   967.29    26.96    81.38     1.27   141.38    19.30  9999.00  9999.00  9999.00  9999.00
 00002   992.68    24.50    73.13     2.16   133.01    25.44  9999.00  9999.00  9999.00  9999.00
 00003   901.62    21.68    60.30     1.43    81.16    24.65  9999.00  9999.00  9999.00  9999.00
 00004   834.85    17.87    53.42     2.90   184.65    24.71  9999.00  9999.00  9999.00  9999.00
 00005   869.48    21.27    31.45     1.26    38.49    27.38  9999.00  9999.00  9999.00  9999.00
 00006   880.21    21.60    25.32     2.26    29.27    28.45  9999.00  9999.00  9999.00  9999.00
 00007  1001.75    28.14    47.84     3.24    65.05    25.25  9999.00  9999.00  9999.00  9999.00
 00008   988.32    25.57    51.05     2.15    10.89    27.30  9999.00  9999.00  9999.00  9999.00
 00009   948.10    19.24    39.63     2.89   352.14    38.79  9999.00  9999.00  9999.00  9999.00
 00010   966.38    24.96    53.82     2.10   192.69    29.50  9999.00  9999.00  9999.00  9999.00
 00011   995.12    22.67    56.77     3.32   267.10    29.54  9999.00  9999.00  9999.00  9999.00
 00012  1008.42    21.43    88.75     2.04   152.29     2.21  9999.00  9999.00  9999.00  9999.00
 00013  1006.82    27.95    72.40     1.39    77.61    23.82  9999.00  9999.00  9999.00  9999.00
 00014  1003.54    27.46    78.83     1.12    53.71    24.88  9999.00  9999.00  9999.00  9999.00
 00015   992.45    25.04    64.28     2.12    22.99    20.42  9999.00  9999.00  9999.00  9999.00
 00016   952.21    25.83    67.27     1.70    33.70    25.43  9999.00  9999.00  9999.00  9999.00
 00017   993.63    25.75    71.37     1.34   166.69    23.76  9999.00  9999.00  9999.00  9999.00
 00018  1005.35    29.77    62.07     1.17    97.14    23.90  9999.00  9999.00  9999.00  9999.00
 00019   933.40    25.54    71.73     1.20   163.40    20.02  9999.00  9999.00  9999.00  9999.00
 00020  1009.60    25.21    80.15     1.20   326.81    21.56  9999.00  9999.00  9999.00  9999.00
 00021   885.92    23.62    37.60     0.72   289.87    27.58  9999.00  9999.00  9999.00  9999.00
 00022  1011.35    21.46    83.80     1.46   101.42     5.85  9999.00  9999.00  9999.00  9999.00
 00023   911.46    24.43    31.87     0.95   339.41    23.26  9999.00  9999.00  9999.00  9999.00
 00024   935.31    24.90    31.66     0.79   300.80    25.54  9999.00  9999.00  9999.00  9999.00
 00025   793.94    17.80    92.28     1.13   116.86    10.54  9999.00  9999.00  9999.00  9999.00
 00026  1004.33    29.79    69.50     1.29     9.85    26.13  9999.00  9999.00  9999.00  9999.00
 00027  1000.45    29.15    72.08     0.61   161.06    26.47  9999.00  9999.00  9999.00  9999.00
 00028   970.79    26.12    80.83     0.60   183.07    16.27  9999.00  9999.00  9999.00  9999.00
 00029  1002.78    29.37    85.20     1.35   114.92    27.15  9999.00  9999.00  9999.00  9999.00
 00030   991.09    27.92    90.87     2.56   100.08    25.98  9999.00  9999.00  9999.00  9999.00
 00031   573.45     8.65    65.67     2.42   224.76    22.99  9999.00  9999.00  9999.00  9999.00
 00032   974.02    27.06    89.68     0.97   109.71    20.15  9999.00  9999.00  9999.00  9999.00
 00033  1004.74    23.83    96.48     0.63   184.01     0.33  9999.00  9999.00  9999.00  9999.00
 00034  1008.10    28.38    85.02     4.03   220.47    32.30  9999.00  9999.00  9999.00  9999.00
 00035  1003.87    30.99    73.65     1.04   245.68    20.21  9999.00  9999.00  9999.00  9999.00
 00036   775.29    18.30    85.90     0.94   332.48    20.23  9999.00  9999.00  9999.00  9999.00
 00037   964.62    27.24    89.47     0.46   119.53    18.31  9999.00  9999.00  9999.00  9999.00
 00038   991.73    30.23    70.85     1.07   221.75    25.56  9999.00  9999.00  9999.00  9999.00
 00039  1005.06    27.32    89.67     4.32   174.03    23.93  9999.00  9999.00  9999.00  9999.00
 00040  1003.38    28.70    82.22     3.22   189.47    25.73  9999.00  9999.00  9999.00  9999.00
 00041   966.29    28.02    70.33     1.47   142.13    24.50  9999.00  9999.00  9999.00  9999.00
 00042  1006.45    29.47    64.51     2.53    87.96    24.43  9999.00  9999.00  9999.00  9999.00
 00043   998.09    30.35    66.10     1.19    38.42    26.74  9999.00  9999.00  9999.00  9999.00
 00044   979.85    29.02    78.51     0.82   139.16    24.94  9999.00  9999.00  9999.00  9999.00
 00045  1003.38    28.70    82.22     3.22   189.47    25.73  9999.00  9999.00  9999.00  9999.00
 00046   939.52    26.53    78.53     1.24   250.05    16.35  9999.00  9999.00  9999.00  9999.00
 00047   997.80    25.30    90.59     1.44   100.61     6.08  9999.00  9999.00  9999.00  9999.00
 00048   604.14     9.28    73.22     1.55   165.46    18.35  9999.00  9999.00  9999.00  9999.00
 00049   577.98     3.05    96.26     1.45   185.78     0.56  9999.00  9999.00  9999.00  9999.00
 00050   997.19    29.70    78.49     2.62   178.23    24.60  9999.00  9999.00  9999.00  9999.00
