stn_id       p       t2      rh2      spd      dir      vis    rain6   rain24   tmax24   tmin24 
 00001   958.59    25.13    88.77     2.68   271.10    12.27    10.65  9999.00  9999.00  9999.00
 00002   991.17    27.60    55.38     1.20   149.13    25.24     1.15  9999.00  9999.00  9999.00
 00003   900.53    23.09    38.03     3.79   143.36    24.47     0.00  9999.00  9999.00  9999.00
 00004   833.90    18.91    38.78     3.50   136.26    24.58     0.00  9999.00  9999.00  9999.00
 00005   867.79    24.79    27.82     1.05   155.56    27.25     0.00  9999.00  9999.00  9999.00
 00006   878.70    26.05    14.98     1.79    37.55    28.26     0.00  9999.00  9999.00  9999.00
 00007  1001.44    24.27    54.14     4.10    10.75    25.28     0.03  9999.00  9999.00  9999.00
 00008   986.22    23.04    42.93     5.38   306.51    27.14     0.00  9999.00  9999.00  9999.00
 00009   947.17    20.23    34.85     2.67    23.72    38.10     0.00  9999.00  9999.00  9999.00
 00010   962.81    24.06    55.68     2.26   298.71    29.48     0.02  9999.00  9999.00  9999.00
 00011   991.84    18.83    73.96     5.49   274.30    25.41     1.20  9999.00  9999.00  9999.00
 00012  1006.82    26.58    68.83     0.80    39.47    21.01     0.93  9999.00  9999.00  9999.00
 00013  1003.42    24.04    78.26     3.86    89.69    23.69     0.01  9999.00  9999.00  9999.00
 00014   999.44    26.93    81.33     3.02    58.69    24.68     0.39  9999.00  9999.00  9999.00
 00015   990.66    27.94    50.99     3.23    71.62    20.33     0.00  9999.00  9999.00  9999.00
 00016   945.94    21.08    91.42     4.50    37.24     3.45     8.69  9999.00  9999.00  9999.00
 00017   990.97    22.28    91.47     3.43   102.34     1.12     8.60  9999.00  9999.00  9999.00
 00018  1001.50    25.01    76.53     4.65    75.81    23.72     0.07  9999.00  9999.00  9999.00
 00019   925.08    24.97    75.53     2.43   228.35    26.73     1.18  9999.00  9999.00  9999.00
 00020  1007.26    23.44    83.66     3.84    77.67    17.98     0.12  9999.00  9999.00  9999.00
 00021   882.12    31.46    16.96     5.46   148.59    27.36     0.00  9999.00  9999.00  9999.00
 00022  1009.79    26.93    62.90     4.56   126.94    21.58     0.34  9999.00  9999.00  9999.00
 00023   908.49    30.18    21.46     5.66   274.15    23.17     0.00  9999.00  9999.00  9999.00
 00024   932.16    33.11    16.04     6.17   137.38    25.41     0.00  9999.00  9999.00  9999.00
 00025   789.65    22.94    66.40     5.74   251.85    23.49     0.67  9999.00  9999.00  9999.00
 00026   998.37    29.69    77.87     1.70   127.52    17.58     4.88  9999.00  9999.00  9999.00
 00027   992.87    30.67    74.97     3.81   174.70    11.16     1.14  9999.00  9999.00  9999.00
 00028   961.90    30.61    65.14     4.76   199.71    25.36     0.21  9999.00  9999.00  9999.00
 00029   997.85    31.05    71.41     2.20   205.08    14.41     0.90  9999.00  9999.00  9999.00
 00030   985.90    29.91    76.40     4.21   168.97    19.58     1.05  9999.00  9999.00  9999.00
 00031   572.19    12.72    39.39     2.03   260.69    24.08     0.09  9999.00  9999.00  9999.00
 00032   970.46    25.49    90.61     1.81   102.96    20.22     1.17  9999.00  9999.00  9999.00
 00033  1000.96    23.36    98.16     2.90   130.08     0.99     0.05  9999.00  9999.00  9999.00
 00034  1004.87    28.56    84.13     3.00   230.59    32.22     0.01  9999.00  9999.00  9999.00
 00035  1000.38    30.93    72.54     3.14   163.78    22.91     1.19  9999.00  9999.00  9999.00
 00036   768.80    22.16    67.78     2.92   196.62    19.42     0.53  9999.00  9999.00  9999.00
 00037   960.91    25.78    87.56     1.83   113.82    19.70     1.85  9999.00  9999.00  9999.00
 00038   987.74    28.15    81.30     1.77   134.52    12.02     1.73  9999.00  9999.00  9999.00
 00039  1001.31    26.32    89.76     3.35   102.60    22.40     0.60  9999.00  9999.00  9999.00
 00040   998.95    28.06    83.31     3.95   168.58    24.10     0.79  9999.00  9999.00  9999.00
 00041   961.37    27.71    74.68     1.62   123.17    22.37     0.55  9999.00  9999.00  9999.00
 00042  1002.37    26.25    81.49     5.30    62.14    23.61     0.02  9999.00  9999.00  9999.00
 00043   992.21    29.09    78.99     1.06   221.75    22.64     9.18  9999.00  9999.00  9999.00
 00044   974.37    29.49    73.47     2.28    94.32    21.43     1.88  9999.00  9999.00  9999.00
 00045   998.95    28.06    83.31     3.95   168.58    24.10     0.79  9999.00  9999.00  9999.00
 00046   934.70    26.99    76.48     1.37   215.03    15.42     1.40  9999.00  9999.00  9999.00
 00047   994.44    24.86    90.52     2.85   122.63     6.84     0.67  9999.00  9999.00  9999.00
 00048   602.54    13.59    59.76     0.39   168.49    28.31     0.92  9999.00  9999.00  9999.00
 00049   576.32     7.47    85.43     2.47   200.03     6.46     1.22  9999.00  9999.00  9999.00
 00050   993.61    27.93    84.24     2.85   114.16     5.04     1.40  9999.00  9999.00  9999.00
