stn_id       p       t2      rh2      spd      dir      vis    rain6   rain24   tmax24   tmin24 
 00001   964.67    26.18    81.72     2.26   321.96    25.74  9999.00  9999.00  9999.00  9999.00
 00002   992.15    20.17    95.64     1.48   311.65     1.71  9999.00  9999.00  9999.00  9999.00
 00003   900.38    17.29    94.68     0.68   250.87     3.41  9999.00  9999.00  9999.00  9999.00
 00004   833.18    12.07    95.63     1.20   155.89    24.70  9999.00  9999.00  9999.00  9999.00
 00005   868.55    14.13    72.87     2.13    62.07    27.43  9999.00  9999.00  9999.00  9999.00
 00006   879.46    14.21    46.00     2.38    96.65    28.48  9999.00  9999.00  9999.00  9999.00
 00007  1000.48    19.62    76.61     2.78    77.97    25.23  9999.00  9999.00  9999.00  9999.00
 00008   986.56    18.01    74.01     2.06   183.41    27.27  9999.00  9999.00  9999.00  9999.00
 00009   942.99    12.25    80.35     2.63   315.06    38.86  9999.00  9999.00  9999.00  9999.00
 00010   965.26    17.51    98.57     1.47   282.07    29.49  9999.00  9999.00  9999.00  9999.00
 00011   992.61    18.94    71.10     3.45   210.97    29.55  9999.00  9999.00  9999.00  9999.00
 00012  1006.17    22.18    86.39     4.25   234.45     7.38  9999.00  9999.00  9999.00  9999.00
 00013  1003.79    24.09    76.97     2.07    44.36    23.74  9999.00  9999.00  9999.00  9999.00
 00014  1000.83    23.42    92.05     1.59    60.40    24.82  9999.00  9999.00  9999.00  9999.00
 00015   989.06    23.03    73.78     1.86    89.43    20.39  9999.00  9999.00  9999.00  9999.00
 00016   949.69    20.41    85.70     1.51    90.82    25.37  9999.00  9999.00  9999.00  9999.00
 00017   991.22    22.67    93.40     1.92    23.97    13.86  9999.00  9999.00  9999.00  9999.00
 00018  1002.51    24.36    82.91     2.10    88.52    23.87  9999.00  9999.00  9999.00  9999.00
 00019   932.51    22.61    85.83     1.04   286.80    26.81  9999.00  9999.00  9999.00  9999.00
 00020  1006.68    22.00    83.86     2.16   320.18    21.45  9999.00  9999.00  9999.00  9999.00
 00021   885.99    19.37    51.79     1.51   112.73    27.62  9999.00  9999.00  9999.00  9999.00
 00022  1008.70    22.05    84.75     4.52   295.84    21.50  9999.00  9999.00  9999.00  9999.00
 00023   911.65    22.49    38.63     1.20   124.29    23.27  9999.00  9999.00  9999.00  9999.00
 00024   935.05    25.22    25.71     1.16   299.53    25.53  9999.00  9999.00  9999.00  9999.00
 00025   792.81    16.26    96.56     1.07   103.77    14.96  9999.00  9999.00  9999.00  9999.00
 00026  1001.32    25.42    80.01     1.69    44.82    26.16  9999.00  9999.00  9999.00  9999.00
 00027   997.12    24.98    78.69     1.84    68.60    26.43  9999.00  9999.00  9999.00  9999.00
 00028   967.47    24.30    86.76     1.29   139.82    25.65  9999.00  9999.00  9999.00  9999.00
 00029  1000.70    25.85    92.69     1.71   151.37    28.01  9999.00  9999.00  9999.00  9999.00
 00030   988.98    26.10    93.69     3.29   117.69    30.25  9999.00  9999.00  9999.00  9999.00
 00031   573.60     7.57    86.85     0.66   185.47     9.46  9999.00  9999.00  9999.00  9999.00
 00032   971.64    24.74    96.47     0.72   183.56    19.01  9999.00  9999.00  9999.00  9999.00
 00033  1003.22    24.26    97.60     2.48   166.65     0.30  9999.00  9999.00  9999.00  9999.00
 00034  1006.95    28.18    89.38     5.58   178.05    31.53  9999.00  9999.00  9999.00  9999.00
 00035  1002.70    26.49    92.90     1.92   193.88    30.55  9999.00  9999.00  9999.00  9999.00
 00036   774.74    16.04    94.66     1.17    45.34     7.43  9999.00  9999.00  9999.00  9999.00
 00037   962.22    24.74    96.53     0.62   178.53    19.53  9999.00  9999.00  9999.00  9999.00
 00038   989.80    25.00    97.84     0.85   200.43    26.35  9999.00  9999.00  9999.00  9999.00
 00039  1002.90    25.71    95.16     3.99   211.33    25.41  9999.00  9999.00  9999.00  9999.00
 00040  1001.33    25.98    94.44     2.50   220.26    26.95  9999.00  9999.00  9999.00  9999.00
 00041   963.84    22.94    82.69     1.50    36.91    24.48  9999.00  9999.00  9999.00  9999.00
 00042  1003.78    23.66    83.56     1.79    83.45    24.39  9999.00  9999.00  9999.00  9999.00
 00043   995.21    26.14    76.20     1.75    78.73    26.77  9999.00  9999.00  9999.00  9999.00
 00044   977.61    25.80    83.83     0.37   250.24    24.64  9999.00  9999.00  9999.00  9999.00
 00045  1001.33    25.98    94.44     2.50   220.26    26.95  9999.00  9999.00  9999.00  9999.00
 00046   937.11    22.60    96.25     0.67   169.72    25.87  9999.00  9999.00  9999.00  9999.00
 00047   995.50    23.56    99.10     1.25   112.56     1.86  9999.00  9999.00  9999.00  9999.00
 00048   604.37     8.67    87.69     0.53   145.37     2.33  9999.00  9999.00  9999.00  9999.00
 00049   578.08     4.51    98.77     1.42   189.75     0.91  9999.00  9999.00  9999.00  9999.00
 00050   995.19    25.49    97.07     2.06   208.92    24.91  9999.00  9999.00  9999.00  9999.00
