stn_id       p       t2      rh2      spd      dir      vis    rain6   rain24   tmax24   tmin24 
 00001   973.28    19.24    87.18     1.82    15.75    22.11     0.06  9999.00  9999.00  9999.00
 00002   993.79    16.13    77.61     1.81   116.21    23.56     0.00  9999.00  9999.00  9999.00
 00003   902.54    16.42    52.32     1.96   192.91    22.27     0.00  9999.00  9999.00  9999.00
 00004   834.54     8.93    53.00     2.73   181.05    22.17     0.00  9999.00  9999.00  9999.00
 00005   867.20     9.08    57.95     2.98   195.31    24.42     0.00  9999.00  9999.00  9999.00
 00006   874.53    12.88    31.68     7.45   210.67    25.20     0.00  9999.00  9999.00  9999.00
 00007  1007.60     5.57    88.97     1.87    51.05    26.10     0.00  9999.00  9999.00  9999.00
 00008   992.66     2.12    82.22     2.74   151.17    28.83     0.00  9999.00  9999.00  9999.00
 00009   945.33    -7.04    59.86     3.64   335.28    37.04     0.03  9999.00  9999.00  9999.00
 00010   971.24     3.04    88.42     1.68   300.17    28.97     0.01  9999.00  9999.00  9999.00
 00011  1000.38    -0.76    83.76     1.87   170.10    31.26     0.00  9999.00  9999.00  9999.00
 00012  1010.25    15.11    82.22     2.23   124.31    23.49     0.00  9999.00  9999.00  9999.00
 00013  1014.85    17.06    79.21     2.58   133.99    20.40     0.00  9999.00  9999.00  9999.00
 00014  1012.81    17.28    79.75     1.80   138.43    20.14     0.00  9999.00  9999.00  9999.00
 00015   995.14    19.93    70.29     3.62   188.62    20.36     0.00  9999.00  9999.00  9999.00
 00016   954.02    15.23    89.42     1.49   126.10    20.94     0.00  9999.00  9999.00  9999.00
 00017   996.50    19.01    85.31     3.15   186.40    20.26     0.00  9999.00  9999.00  9999.00
 00018  1013.02    17.67    74.67     2.46   158.19    19.95     0.00  9999.00  9999.00  9999.00
 00019   938.41    17.66    87.27     0.91    31.01    22.27     0.16  9999.00  9999.00  9999.00
 00020  1019.59    17.88    89.61     4.26   155.49    20.10     0.00  9999.00  9999.00  9999.00
 00021   898.19     4.91    77.37     0.89   191.77    30.52     0.00  9999.00  9999.00  9999.00
 00022  1013.53    15.12    96.62     4.00   114.66    22.10     0.00  9999.00  9999.00  9999.00
 00023   925.82     2.59    85.51     1.04   119.19    24.68     0.40  9999.00  9999.00  9999.00
 00024   950.65     2.44    79.60     3.57   288.95    27.78     0.04  9999.00  9999.00  9999.00
 00025   798.54    15.08    79.85     1.75   227.45    21.78     0.00  9999.00  9999.00  9999.00
 00026  1012.90    19.45    82.89     1.59    80.93    13.84     0.00  9999.00  9999.00  9999.00
 00027  1008.26    19.04    84.72     2.22   148.31    20.23     0.00  9999.00  9999.00  9999.00
 00028   977.19    18.29    79.51     1.40   105.31    19.89     0.00  9999.00  9999.00  9999.00
 00029  1010.82    24.32    74.09     0.63    47.13    23.05     0.00  9999.00  9999.00  9999.00
 00030   999.95    22.52    73.23     1.06    33.93    25.04     0.00  9999.00  9999.00  9999.00
 00031   575.63    -1.02    21.10     2.98   231.54    31.49     0.00  9999.00  9999.00  9999.00
 00032   983.76    18.47    82.88     1.51    51.14    18.49     0.01  9999.00  9999.00  9999.00
 00033  1012.83    21.37    93.89     5.38    79.63     0.53     0.63  9999.00  9999.00  9999.00
 00034  1012.89    28.15    80.05     7.16    58.53    24.12     0.07  9999.00  9999.00  9999.00
 00035  1011.95    24.30    91.09     3.61    60.83    11.94     1.12  9999.00  9999.00  9999.00
 00036   778.40    14.86    59.84     1.27   160.47    22.41     0.00  9999.00  9999.00  9999.00
 00037   974.07    17.82    84.88     1.14    71.32    18.94     0.00  9999.00  9999.00  9999.00
 00038  1000.50    20.63    75.57     2.03    91.34    21.85     0.00  9999.00  9999.00  9999.00
 00039  1014.41    22.83    75.73     8.48    23.07    21.30     0.00  9999.00  9999.00  9999.00
 00040  1011.88    23.31    78.21     6.90    70.66    22.76     0.00  9999.00  9999.00  9999.00
 00041   974.22    15.81    78.07     1.84   124.40    19.14     0.00  9999.00  9999.00  9999.00
 00042  1014.65    16.98    79.84     2.51   110.38    20.11     0.00  9999.00  9999.00  9999.00
 00043  1006.50    20.07    81.34     1.67    68.49    20.47     0.00  9999.00  9999.00  9999.00
 00044   988.57    15.52    82.72     2.17    72.06    19.61     0.00  9999.00  9999.00  9999.00
 00045  1011.88    23.31    78.21     6.90    70.66    22.76     0.00  9999.00  9999.00  9999.00
 00046   946.45    17.82    81.66     1.58    31.07    20.38     0.00  9999.00  9999.00  9999.00
 00047  1008.67    18.63    89.62     1.09   164.98    19.77     0.01  9999.00  9999.00  9999.00
 00048   607.40     1.72    52.81     1.37   117.28    34.24     0.00  9999.00  9999.00  9999.00
 00049   580.02    -1.91    82.10     1.40   202.90    28.46     0.00  9999.00  9999.00  9999.00
 00050  1006.95    21.77    71.80     4.94    22.14    20.76     0.00  9999.00  9999.00  9999.00
