stn_id       p       t2      rh2      spd      dir      vis    rain6   rain24   tmax24   tmin24 
 00001   974.00    24.00   100.00     1.00   220.00     3.00   104.00   184.00    27.40    23.70
 00002   993.80    30.00    44.71     1.00    20.00    26.00     0.00     0.00    37.00    25.30
 00003   919.20    23.70    64.61     2.00    40.00    25.00     0.00     0.00    31.50    20.20
 00004   855.60    19.80    63.79     1.00   270.00    17.00     0.00     0.00    28.00    13.90
 00005   880.20    22.50    56.88     2.00   110.00    24.00     0.00     0.00    30.50    18.90
 00006   879.50    24.80    49.76     3.00   250.00    30.00     0.00     0.10    33.90    20.70
 00007  1000.80    26.00    73.75     1.00    70.00    18.00     0.00     0.00    32.70    21.80
 00008   981.20    23.40    58.62     1.00   140.00    17.00     0.00     0.00    26.70    17.40
 00009   957.80    15.10    96.18     1.00   340.00    30.00     0.00     0.00    23.50    12.10
 00010   978.70    21.90    67.67     4.00   290.00    30.00     0.00     2.00    23.40    16.90
 00011   993.90    23.40    77.61     2.00   270.00    15.00     0.00    22.00    23.90    17.50
 00012  1000.00    30.20    47.70     1.00    70.00     9.00     0.00     0.00    38.70    24.70
 00013  1001.50    28.90    89.92     3.00   160.00     3.50     0.00     0.00    32.70    26.90
 00014  1001.20    30.30    75.76     2.00   180.00    17.00     0.00     0.00    33.40    27.10
 00015   985.90    30.50    56.56     3.00   110.00    13.00     0.00     0.00    36.30    27.30
 00016   955.90    23.10    94.05     1.00    20.00     6.00     2.00     2.00    31.60    22.70
 00017   991.20    28.50    70.60     1.00   140.00     6.00     0.00     0.00    33.70    28.50
 00018  1002.50    29.50    83.77     4.00   160.00    10.00     0.00     0.00    32.00    27.10
 00019   937.00    25.90    76.98     1.00    20.00     8.00     0.00     0.00    31.40    23.00
 00020  1005.70    31.50    76.84     1.00   110.00    12.00     0.00     0.00    32.20    27.10
 00021   908.90    14.00    68.83     4.00   200.00    30.00     0.50     0.50    22.60    13.10
 00022  1003.90    31.30    53.68     2.00   180.00    10.00     0.00     0.00    37.50    24.90
 00023   930.70    14.00    67.90     2.00   200.00    30.00     0.00     1.00    27.60    10.40
 00024   957.30    13.10    78.14     2.00   290.00    30.00     0.00     6.00    24.60     9.90
 00025   808.10    21.60    78.80     1.00   180.00    30.00     0.00     0.00    29.30    20.70
 00026  1001.10    29.60    81.80     1.00   220.00    12.00     0.00     0.00    34.60    28.10
 00027   991.10    30.20    80.90     2.00   140.00    20.00     0.00     0.00    33.10    27.20
 00028   971.40    30.90    68.47     3.00   200.00    27.00     0.00     0.00    34.80    26.10
 00029   999.60    27.80    91.47     1.00    70.00    20.00     0.10     0.10    32.90    26.50
 00030   988.10    30.80    81.93     2.00    90.00    30.00     0.00     0.00    34.00    27.40
 00031   625.80    13.10    48.64     3.00   180.00    30.00     0.00     0.00    24.30    13.10
 00032   999.30    31.00    66.86     2.00   200.00    30.00     0.00     0.00    33.20    27.70
 00033   999.00    28.30    81.66     3.00   160.00    30.00     0.00     0.00    33.70    26.60
 00034  1006.70    29.90    86.85     3.00   200.00     9.00     0.00     0.00    30.30    29.70
 00035  1003.80    29.30    91.02     1.00   180.00    30.00     0.00     0.00    34.50    27.20
 00036   833.20    24.80    62.77     3.00   220.00    30.00     0.00     0.00    34.10    23.80
 00037  1002.20    29.40    73.83     2.00   110.00    29.00     0.00     0.00    33.70    27.20
 00038  1002.50    28.30    89.88     2.00    40.00    28.00     0.30     0.50    32.20    25.80
 00039  1007.50    28.20    87.75     5.00   220.00    18.00     0.10     0.10    30.40    26.90
 00040  1002.70    27.20    94.78     2.00   160.00    10.00     1.00     1.00    31.40    26.00
 00041   816.30    18.60   100.00     9.00   250.00     0.30     0.00     0.00    19.10    18.10
 00042  1000.50    30.10    79.93     2.00   140.00     9.00     0.00     0.00    33.20    26.90
 00043   998.80    29.30   100.00     1.00   340.00     9.00     0.00     0.00    33.60    27.00
 00044   993.70    30.10    78.98     1.00   360.00  9999.00     0.00     0.00    33.30    26.80
 00045  1002.70    27.20    94.78     2.00   160.00    10.00     1.00     1.00    31.40    26.00
 00046   963.20    26.90    87.64     2.00    70.00    17.00     0.00     1.00    34.30    25.20
 00047  1003.70    30.60    75.80     3.00   160.00    19.00     0.00     0.00    33.80    27.90
 00048   653.30    17.30    45.79     2.00   270.00    21.00     0.00     0.00    27.10    16.60
 00049   602.90     7.10    87.01     1.00   110.00    30.00     0.00     0.10    13.20     6.90
 00050  1002.40    29.10    80.77     6.00   200.00    30.00     0.10     0.10    30.60    27.00
