stn_id       p       t2      rh2      spd      dir      vis    rain6   rain24   tmax24   tmin24 
 00001  9999.00    25.60  9999.00     1.00    20.00  9999.00  9999.00  9999.00  9999.00  9999.00
 00002   992.89    27.90  9999.00     2.00   340.00    12.00  9999.00  9999.00  9999.00  9999.00
 00003   914.16    21.20  9999.00     1.00   220.00     7.00  9999.00  9999.00  9999.00  9999.00
 00004   845.81    18.90  9999.00     1.00   320.00    23.00  9999.00  9999.00  9999.00  9999.00
 00005   881.28    21.20  9999.00     3.00   340.00    30.00  9999.00  9999.00  9999.00  9999.00
 00006   871.72    19.50  9999.00     0.00     0.00    30.00  9999.00  9999.00  9999.00  9999.00
 00007  1000.66    20.80  9999.00     1.00   160.00    30.00  9999.00  9999.00  9999.00  9999.00
 00008   977.12    22.80  9999.00     2.00   140.00     8.00  9999.00  9999.00  9999.00  9999.00
 00009   958.33    12.40  9999.00     1.00   270.00     0.20  9999.00  9999.00  9999.00  9999.00
 00010   978.10    18.40  9999.00     2.00   270.00    12.00  9999.00  9999.00  9999.00  9999.00
 00011   989.24    19.70  9999.00     2.00   290.00    10.00  9999.00  9999.00  9999.00  9999.00
 00012  1000.27    24.80  9999.00     2.00    90.00     3.10  9999.00  9999.00  9999.00  9999.00
 00013  1003.27    25.30  9999.00     2.00   140.00     3.40  9999.00  9999.00  9999.00  9999.00
 00014   999.88    26.80  9999.00     1.00   220.00     6.00  9999.00  9999.00  9999.00  9999.00
 00015   983.72    27.70  9999.00     1.00   340.00     3.30  9999.00  9999.00  9999.00  9999.00
 00016   953.97    20.70  9999.00     0.00   110.00     3.20  9999.00  9999.00  9999.00  9999.00
 00017   988.76    26.90  9999.00     1.00   140.00     4.20  9999.00  9999.00  9999.00  9999.00
 00018   999.29    28.60  9999.00     2.00   160.00    15.00  9999.00  9999.00  9999.00  9999.00
 00019  9999.00    24.70  9999.00     1.00   110.00     1.40  9999.00  9999.00  9999.00  9999.00
 00020  1004.33    26.00  9999.00     1.00    90.00    13.00  9999.00  9999.00  9999.00  9999.00
 00021   902.15    17.70  9999.00     3.00   200.00    30.00  9999.00  9999.00  9999.00  9999.00
 00022  1003.50    25.70  9999.00     3.00    90.00    11.00  9999.00  9999.00  9999.00  9999.00
 00023   925.72    16.20  9999.00     4.00   200.00    30.00  9999.00  9999.00  9999.00  9999.00
 00024   955.60    10.50  9999.00     0.00     0.00    30.00  9999.00  9999.00  9999.00  9999.00
 00025   807.60    21.40    79.78     1.00   220.00    30.00  9999.00  9999.00  9999.00  9999.00
 00026   999.15    29.40  9999.00     2.00   220.00    30.00  9999.00  9999.00  9999.00  9999.00
 00027   995.02    28.90  9999.00     3.00   160.00    30.00  9999.00  9999.00  9999.00  9999.00
 00028   971.42    29.00  9999.00     3.00   220.00    30.00  9999.00  9999.00  9999.00  9999.00
 00029  1003.28    25.70  9999.00     1.00   110.00     8.00  9999.00  9999.00  9999.00  9999.00
 00030   990.25    26.70  9999.00     3.00   110.00    30.00  9999.00  9999.00  9999.00  9999.00
 00031   625.80    15.80    45.69     3.00   160.00    30.00  9999.00  9999.00  9999.00  9999.00
 00032   998.87    28.00  9999.00     2.00   160.00    30.00  9999.00  9999.00  9999.00  9999.00
 00033  1004.41    26.60  9999.00     3.00   160.00    30.00  9999.00  9999.00  9999.00  9999.00
 00034  1007.60    29.40  9999.00     5.00   180.00    17.00  9999.00  9999.00  9999.00  9999.00
 00035  1004.19    27.10  9999.00     1.00   180.00    30.00  9999.00  9999.00  9999.00  9999.00
 00036   831.00    27.60    49.47     1.00   140.00    30.00  9999.00  9999.00  9999.00  9999.00
 00037  1003.03    26.80  9999.00     1.00   320.00    30.00  9999.00  9999.00  9999.00  9999.00
 00038  1006.03    26.10  9999.00     2.00    70.00  9999.00  9999.00  9999.00  9999.00  9999.00
 00039  1006.95    26.90  9999.00     5.00   220.00     9.00  9999.00  9999.00  9999.00  9999.00
 00040  1002.85    25.90  9999.00     1.00   180.00    11.00  9999.00  9999.00  9999.00  9999.00
 00041   814.70    18.10   100.00     8.00   220.00     0.00  9999.00  9999.00  9999.00  9999.00
 00042  1001.79    25.80  9999.00     1.00   110.00     6.00  9999.00  9999.00  9999.00  9999.00
 00043  1001.13    29.20  9999.00     3.00   180.00    30.00  9999.00  9999.00  9999.00  9999.00
 00044   997.14    26.20  9999.00     1.00   360.00  9999.00  9999.00  9999.00  9999.00  9999.00
 00045  1002.85    25.90  9999.00     1.00   180.00    11.00  9999.00  9999.00  9999.00  9999.00
 00046   965.58    25.30  9999.00     4.00   160.00    30.00  9999.00  9999.00  9999.00  9999.00
 00047  1003.16    28.00  9999.00     2.00   220.00    19.00  9999.00  9999.00  9999.00  9999.00
 00048   656.20    10.90    89.78     1.00    90.00     1.90  9999.00  9999.00  9999.00  9999.00
 00049   603.20     6.90    90.10     2.00   140.00     6.00  9999.00  9999.00  9999.00  9999.00
 00050  1006.75    27.50  9999.00     4.00   200.00    23.00  9999.00  9999.00  9999.00  9999.00
