stn_id       p       t2      rh2      spd      dir      vis    rain6   rain24   tmax24   tmin24 
 00001  9999.00    21.70  9999.00     1.00   180.00     8.00  9999.00  9999.00  9999.00  9999.00
 00002  1000.13    16.80  9999.00     2.00   340.00     9.00  9999.00  9999.00  9999.00  9999.00
 00003   917.22    15.90  9999.00     3.00    70.00    15.00  9999.00  9999.00  9999.00  9999.00
 00004   847.90    12.90  9999.00     1.00    20.00    30.00  9999.00  9999.00  9999.00  9999.00
 00005   884.26    13.00  9999.00     3.00   320.00    29.00  9999.00  9999.00  9999.00  9999.00
 00006   872.34    14.60  9999.00     5.00   180.00    20.00  9999.00  9999.00  9999.00  9999.00
 00007  1009.32    14.60  9999.00     2.00   180.00    30.00  9999.00  9999.00  9999.00  9999.00
 00008   982.20    16.30  9999.00     5.00   200.00    22.00  9999.00  9999.00  9999.00  9999.00
 00009  9999.00     4.30  9999.00     7.00   250.00    30.00  9999.00  9999.00  9999.00  9999.00
 00010   984.64     8.60  9999.00     1.00    90.00    24.00  9999.00  9999.00  9999.00  9999.00
 00011   990.32    15.80  9999.00     7.00   200.00    21.00  9999.00  9999.00  9999.00  9999.00
 00012  1006.85    16.10  9999.00     2.00    70.00     6.00  9999.00  9999.00  9999.00  9999.00
 00013  1010.56    19.60  9999.00     3.00    70.00    16.00  9999.00  9999.00  9999.00  9999.00
 00014  1007.75    20.60  9999.00     1.00   200.00    30.00  9999.00  9999.00  9999.00  9999.00
 00015   990.11    21.20  9999.00     2.00    70.00    26.00  9999.00  9999.00  9999.00  9999.00
 00016   952.72    17.40  9999.00     3.00    70.00    20.00  9999.00  9999.00  9999.00  9999.00
 00017   994.00    19.70  9999.00     1.00   110.00  9999.00  9999.00  9999.00  9999.00  9999.00
 00018  1006.77    19.50  9999.00     2.00    40.00    11.00  9999.00  9999.00  9999.00  9999.00
 00019   933.29    17.60  9999.00     2.00    40.00     6.00  9999.00  9999.00  9999.00  9999.00
 00020  1013.02    20.40  9999.00     4.00   160.00    10.00  9999.00  9999.00  9999.00  9999.00
 00021   910.82     4.90  9999.00     2.00   340.00    30.00  9999.00  9999.00  9999.00  9999.00
 00022  1010.30    14.80  9999.00     2.00   140.00    11.00  9999.00  9999.00  9999.00  9999.00
 00023   938.13     0.40  9999.00     3.00   110.00     4.90  9999.00  9999.00  9999.00  9999.00
 00024   965.72     0.10  9999.00     1.00   340.00    30.00  9999.00  9999.00  9999.00  9999.00
 00025   810.00    16.90    54.75     3.00   220.00    30.00  9999.00  9999.00  9999.00  9999.00
 00026  1004.42    23.60  9999.00     2.00   110.00    19.00  9999.00  9999.00  9999.00  9999.00
 00027   998.50    24.00  9999.00     4.00   140.00    30.00  9999.00  9999.00  9999.00  9999.00
 00028   972.68    23.30  9999.00     1.00   270.00    17.00  9999.00  9999.00  9999.00  9999.00
 00029  1008.66    23.30  9999.00     1.00   110.00    30.00  9999.00  9999.00  9999.00  9999.00
 00030   995.79    23.70  9999.00     2.00   200.00     2.40  9999.00  9999.00  9999.00  9999.00
 00031   619.00     1.40    49.77     2.00   180.00    30.00  9999.00  9999.00  9999.00  9999.00
 00032  1005.31    20.00  9999.00     1.00   220.00    14.00  9999.00  9999.00  9999.00  9999.00
 00033  1010.10    24.90  9999.00     1.00   110.00    13.00  9999.00  9999.00  9999.00  9999.00
 00034  1010.90    27.30  9999.00     2.00    70.00    19.00  9999.00  9999.00  9999.00  9999.00
 00035  1009.58    26.10  9999.00     1.00   110.00    16.00  9999.00  9999.00  9999.00  9999.00
 00036   833.60    21.60    36.75     4.00   180.00    30.00  9999.00  9999.00  9999.00  9999.00
 00037  1009.50    19.80  9999.00     1.00   270.00    12.00  9999.00  9999.00  9999.00  9999.00
 00038  1011.92    20.60  9999.00     1.00    90.00     5.00  9999.00  9999.00  9999.00  9999.00
 00039  1012.24    20.50  9999.00     0.00   340.00     6.00  9999.00  9999.00  9999.00  9999.00
 00040  1008.82    20.80  9999.00     4.00    40.00     7.00  9999.00  9999.00  9999.00  9999.00
 00041   816.40    12.00    96.73    10.00   220.00    16.00  9999.00  9999.00  9999.00  9999.00
 00042  1008.58    21.10  9999.00     3.00   110.00    21.00  9999.00  9999.00  9999.00  9999.00
 00043  1006.51    24.10  9999.00     1.00   270.00    26.00  9999.00  9999.00  9999.00  9999.00
 00044  1003.39    18.90  9999.00     3.00   360.00    17.00  9999.00  9999.00  9999.00  9999.00
 00045  1008.82    20.80  9999.00     4.00    40.00     7.00  9999.00  9999.00  9999.00  9999.00
 00046   971.28    18.80  9999.00     0.00   270.00    14.00  9999.00  9999.00  9999.00  9999.00
 00047  1011.83    17.10  9999.00     2.00   270.00     1.50  9999.00  9999.00  9999.00  9999.00
 00048   651.60     6.00    66.65     1.00   140.00    21.00  9999.00  9999.00  9999.00  9999.00
 00049   600.80    -1.50    71.80     4.00   160.00    30.00  9999.00  9999.00  9999.00  9999.00
 00050  1012.14    19.90  9999.00     2.00    40.00  9999.00  9999.00  9999.00  9999.00  9999.00
