stn_id       p       t2      rh2      spd      dir      vis    rain6   rain24   tmax24   tmin24 
 00001     0.00     9.48     0.00     1.01   312.54     0.00  9999.00  9999.00  9999.00  9999.00
 00002     0.00   -11.20     0.00     2.37   224.12     0.00  9999.00  9999.00  9999.00  9999.00
 00003     0.00   -14.48     0.00     0.88   292.88     0.00  9999.00  9999.00  9999.00  9999.00
 00004     0.00   -14.24     0.00     2.78   204.65     0.00  9999.00  9999.00  9999.00  9999.00
 00005     0.00   -14.92     0.00     0.34   131.44     0.00  9999.00  9999.00  9999.00  9999.00
 00006     0.00    -8.08     0.00     5.34   232.04     0.00  9999.00  9999.00  9999.00  9999.00
 00007     0.00   -18.37     0.00     2.53    18.78     0.00  9999.00  9999.00  9999.00  9999.00
 00008     0.00   -18.70     0.00     0.85    47.77     0.00  9999.00  9999.00  9999.00  9999.00
 00009     0.00   -20.40     0.00     1.26   105.87     0.00  9999.00  9999.00  9999.00  9999.00
 00010     0.00   -15.63     0.00     2.21   304.97     0.00  9999.00  9999.00  9999.00  9999.00
 00011     0.00   -22.75     0.00     1.26   188.33     0.00  9999.00  9999.00  9999.00  9999.00
 00012     0.00   -10.04     0.00     2.43   239.15     0.00  9999.00  9999.00  9999.00  9999.00
 00013     0.00     0.07     0.00     2.09   341.44     0.00  9999.00  9999.00  9999.00  9999.00
 00014     0.00     2.18     0.00     2.53   314.78     0.00  9999.00  9999.00  9999.00  9999.00
 00015     0.00    -6.82     0.00     0.80   159.86     0.00  9999.00  9999.00  9999.00  9999.00
 00016     0.00    -3.40     0.00     1.20    96.61     0.00  9999.00  9999.00  9999.00  9999.00
 00017     0.00    -4.80     0.00     0.95   318.30     0.00  9999.00  9999.00  9999.00  9999.00
 00018     0.00    -0.57     0.00     2.05   172.67     0.00  9999.00  9999.00  9999.00  9999.00
 00019     0.00     6.80     0.00     0.85   244.97     0.00  9999.00  9999.00  9999.00  9999.00
 00020     0.00     3.50     0.00     4.75   307.08     0.00  9999.00  9999.00  9999.00  9999.00
 00021     0.00    -9.02     0.00     4.20   156.59     0.00  9999.00  9999.00  9999.00  9999.00
 00022     0.00    -8.16     0.00     2.29   278.93     0.00  9999.00  9999.00  9999.00  9999.00
 00023     0.00    -7.60     0.00     2.01   234.84     0.00  9999.00  9999.00  9999.00  9999.00
 00024     0.00    -6.72     0.00     7.50   119.44     0.00  9999.00  9999.00  9999.00  9999.00
 00025     0.00     5.30     0.00     2.32   183.80     0.00  9999.00  9999.00  9999.00  9999.00
 00026     0.00     4.73     0.00     4.45    12.40     0.00  9999.00  9999.00  9999.00  9999.00
 00027     0.00     5.38     0.00     3.68   354.00     0.00  9999.00  9999.00  9999.00  9999.00
 00028     0.00     8.59     0.00     3.23    17.24     0.00  9999.00  9999.00  9999.00  9999.00
 00029     0.00    15.96     0.00     3.88    15.80     0.00  9999.00  9999.00  9999.00  9999.00
 00030     0.00    17.83     0.00     2.62    44.97     0.00  9999.00  9999.00  9999.00  9999.00
 00031     0.00    -7.09     0.00     2.44   221.71     0.00  9999.00  9999.00  9999.00  9999.00
 00032     0.00    12.10     0.00     2.76    70.84     0.00  9999.00  9999.00  9999.00  9999.00
 00033     0.00    21.93     0.00     4.36    71.50     0.00  9999.00  9999.00  9999.00  9999.00
 00034     0.00    26.06     0.00     8.56    37.81     0.00  9999.00  9999.00  9999.00  9999.00
 00035     0.00    23.01     0.00     3.36    45.82     0.00  9999.00  9999.00  9999.00  9999.00
 00036     0.00     5.13     0.00     1.49   110.51     0.00  9999.00  9999.00  9999.00  9999.00
 00037     0.00    12.09     0.00     1.66    94.02     0.00  9999.00  9999.00  9999.00  9999.00
 00038     0.00    15.61     0.00     2.07    75.45     0.00  9999.00  9999.00  9999.00  9999.00
 00039     0.00    19.18     0.00    10.99    41.41     0.00  9999.00  9999.00  9999.00  9999.00
 00040     0.00    18.80     0.00     8.04    36.10     0.00  9999.00  9999.00  9999.00  9999.00
 00041     0.00    -0.78     0.00     1.79    12.93     0.00  9999.00  9999.00  9999.00  9999.00
 00042     0.00    -0.52     0.00     2.44   220.29     0.00  9999.00  9999.00  9999.00  9999.00
 00043     0.00     5.01     0.00     3.40    21.70     0.00  9999.00  9999.00  9999.00  9999.00
 00044     0.00     3.72     0.00     2.34    39.66     0.00  9999.00  9999.00  9999.00  9999.00
 00045     0.00    18.80     0.00     8.04    36.10     0.00  9999.00  9999.00  9999.00  9999.00
 00046     0.00     7.95     0.00     1.85    25.09     0.00  9999.00  9999.00  9999.00  9999.00
 00047     0.00     7.22     0.00     4.32   350.67     0.00  9999.00  9999.00  9999.00  9999.00
 00048     0.00   -12.26     0.00     1.40   172.58     0.00  9999.00  9999.00  9999.00  9999.00
 00049     0.00   -13.23     0.00     0.86    35.55     0.00  9999.00  9999.00  9999.00  9999.00
 00050     0.00    16.70     0.00     6.49    38.06     0.00  9999.00  9999.00  9999.00  9999.00
