stn_id       p       t2      rh2      spd      dir      vis    rain6   rain24   tmax24   tmin24 
 00001   965.03    28.89    61.89     0.86    38.61    26.80     0.03  9999.00  9999.00  9999.00
 00002   986.62    39.87    12.68     5.55   178.75    24.15     0.00  9999.00  9999.00  9999.00
 00003   898.80    32.80    16.47     4.06   198.78    23.23     0.00  9999.00  9999.00  9999.00
 00004   832.93    26.66    25.19     4.44   177.22    21.57     0.00  9999.00  9999.00  9999.00
 00005   865.39    30.27    20.98     6.83   205.98    21.12     0.00  9999.00  9999.00  9999.00
 00006   873.61    33.93    12.16     7.63   220.28    20.16     0.00  9999.00  9999.00  9999.00
 00007   999.06    32.83    43.06     7.72   198.38    22.51     0.00  9999.00  9999.00  9999.00
 00008   981.46    33.32    39.68     7.29   212.67    23.82     0.00  9999.00  9999.00  9999.00
 00009   940.70    21.66    56.52     3.17    68.95    36.16     0.00  9999.00  9999.00  9999.00
 00010   965.86    27.16    58.02     2.90   128.43    25.58     0.00  9999.00  9999.00  9999.00
 00011   987.69    30.92    48.81     6.08   194.53    25.36     0.07  9999.00  9999.00  9999.00
 00012  1001.36    40.62    14.24     6.29   206.47    21.83     0.00  9999.00  9999.00  9999.00
 00013  1003.12    22.93    85.99     4.80    85.09    25.76     0.72  9999.00  9999.00  9999.00
 00014   999.45    23.58    94.02     1.05    95.91     1.02    21.44  9999.00  9999.00  9999.00
 00015   988.52    36.96    22.00     3.50   109.64    22.65     0.00  9999.00  9999.00  9999.00
 00016   948.04    31.03    36.04     2.06    94.75    24.88     0.00  9999.00  9999.00  9999.00
 00017   989.82    33.54    34.40     3.53    98.14    25.53     0.00  9999.00  9999.00  9999.00
 00018  1002.18    23.54    82.06     4.46    74.80    26.08     0.15  9999.00  9999.00  9999.00
 00019   930.31    29.79    49.56     1.16   186.82    27.57     0.03  9999.00  9999.00  9999.00
 00020  1006.39    22.51    95.22     4.87   124.96     1.86    16.39  9999.00  9999.00  9999.00
 00021   886.59    21.81    45.39     7.70   333.33    25.03     0.02  9999.00  9999.00  9999.00
 00022  1005.50    39.55    18.10     6.00   188.91    21.46     0.00  9999.00  9999.00  9999.00
 00023   912.70    20.14    42.07     9.19   276.58    23.06     0.97  9999.00  9999.00  9999.00
 00024   933.46    25.20    24.84     9.13   285.11    24.76     0.16  9999.00  9999.00  9999.00
 00025   793.36    21.15    59.43     2.67    98.39    25.76     0.63  9999.00  9999.00  9999.00
 00026  1001.10    26.48    74.28     1.31   222.90    24.54     3.31  9999.00  9999.00  9999.00
 00027   997.55    24.38    89.72     1.32   311.36     4.88     4.66  9999.00  9999.00  9999.00
 00028   968.18    25.05    74.87     2.85    21.93    26.86     0.38  9999.00  9999.00  9999.00
 00029  1000.85    28.69    83.44     2.58   186.90    19.71    13.23  9999.00  9999.00  9999.00
 00030   988.34    26.59    91.69     0.77   116.11     6.07    10.94  9999.00  9999.00  9999.00
 00031   575.62    16.07    34.35     1.96    43.89    21.80     0.27  9999.00  9999.00  9999.00
 00032   972.12    26.05    83.12     3.21   177.61    14.94     1.27  9999.00  9999.00  9999.00
 00033  1003.01    23.63    98.47     3.42   233.05     0.67     0.31  9999.00  9999.00  9999.00
 00034  1007.74    28.16    87.36     6.96   186.17    27.29     0.29  9999.00  9999.00  9999.00
 00035  1002.24    32.24    67.70     5.47   194.55    31.39     0.30  9999.00  9999.00  9999.00
 00036   774.28    22.84    54.21     0.51   244.18    24.90     0.10  9999.00  9999.00  9999.00
 00037   962.61    26.31    84.56     2.49   167.35    14.39     1.35  9999.00  9999.00  9999.00
 00038   990.28    29.23    77.70     3.31   186.11    14.01     0.91  9999.00  9999.00  9999.00
 00039  1004.04    26.87    88.69     6.62   206.54    19.29     0.80  9999.00  9999.00  9999.00
 00040  1001.98    28.50    84.58     6.32   193.39    13.85     0.99  9999.00  9999.00  9999.00
 00041   962.65    21.92    96.64     1.01   180.41     4.13     7.62  9999.00  9999.00  9999.00
 00042  1003.07    23.04    91.20     1.35    59.83     7.45     7.66  9999.00  9999.00  9999.00
 00043   994.80    26.51    75.12     1.57   217.16    12.88     1.96  9999.00  9999.00  9999.00
 00044   977.16    24.16    88.46     1.41   224.37     4.34    14.91  9999.00  9999.00  9999.00
 00045  1001.98    28.50    84.58     6.32   193.39    13.85     0.99  9999.00  9999.00  9999.00
 00046   936.93    25.41    85.16     3.71   198.25    10.97     3.67  9999.00  9999.00  9999.00
 00047   995.45    24.62    93.95     4.38   155.53     8.44     4.58  9999.00  9999.00  9999.00
 00048   606.99    17.00    26.59     1.61    48.12    26.32     0.01  9999.00  9999.00  9999.00
 00049   579.54    12.57    40.40     1.19    93.67    22.12     0.25  9999.00  9999.00  9999.00
 00050   996.15    27.93    83.40     6.17   204.10    14.79     1.18  9999.00  9999.00  9999.00
