stn_id       p       t2      rh2      spd      dir      vis    rain6   rain24   tmax24   tmin24 
 00001   958.59    24.81    80.74     2.09   101.83    26.75  9999.00  9999.00  9999.00  9999.00
 00002   980.21    22.42    74.64     1.52   273.40    24.54  9999.00  9999.00  9999.00  9999.00
 00003   894.00    17.68    70.32     1.92   219.70    23.53  9999.00  9999.00  9999.00  9999.00
 00004   828.05    14.45    80.23     2.05   177.09    21.90  9999.00  9999.00  9999.00  9999.00
 00005   860.69    16.74    61.35     1.71   123.49    21.53  9999.00  9999.00  9999.00  9999.00
 00006   869.58    17.46    45.46     3.53   215.92    20.59  9999.00  9999.00  9999.00  9999.00
 00007   990.13    19.51    91.37     2.43   168.94    11.74  9999.00  9999.00  9999.00  9999.00
 00008   975.03    20.98    95.00     3.50   216.74    23.05  9999.00  9999.00  9999.00  9999.00
 00009   937.92    15.16    93.20     1.46    91.10    35.80  9999.00  9999.00  9999.00  9999.00
 00010   955.29    16.24    97.34     0.76   170.88    10.97  9999.00  9999.00  9999.00  9999.00
 00011   982.87    21.38    82.71     4.99   174.83    25.36  9999.00  9999.00  9999.00  9999.00
 00012   994.55    23.67    65.47     1.32   269.16    22.20  9999.00  9999.00  9999.00  9999.00
 00013  1002.30    22.76    95.53     1.68   191.81    27.56  9999.00  9999.00  9999.00  9999.00
 00014  1000.24    22.52    96.96     1.25   198.28    27.93  9999.00  9999.00  9999.00  9999.00
 00015   982.98    24.14    74.19     5.07   188.87    22.91  9999.00  9999.00  9999.00  9999.00
 00016   942.42    21.32    83.08     1.75   131.87    25.02  9999.00  9999.00  9999.00  9999.00
 00017   984.53    24.42    73.75     2.99   191.57    25.69  9999.00  9999.00  9999.00  9999.00
 00018  1000.49    22.80    96.63     2.83   182.24    17.13  9999.00  9999.00  9999.00  9999.00
 00019   924.78    22.51    89.47     2.15   335.51     1.66  9999.00  9999.00  9999.00  9999.00
 00020  1005.96    23.10    95.62     2.08   202.12    23.05  9999.00  9999.00  9999.00  9999.00
 00021   883.58    13.52    53.16     2.84   149.31    25.28  9999.00  9999.00  9999.00  9999.00
 00022   997.72    26.39    52.29     3.29   208.28    21.73  9999.00  9999.00  9999.00  9999.00
 00023   908.46    12.85    54.01     1.89   178.91    22.68  9999.00  9999.00  9999.00  9999.00
 00024   933.74    15.31    33.56     1.07   133.86    24.46  9999.00  9999.00  9999.00  9999.00
 00025   791.09    15.75    96.63     1.26   156.91    23.82  9999.00  9999.00  9999.00  9999.00
 00026  1000.98    23.69    96.85     1.51   193.96    23.43  9999.00  9999.00  9999.00  9999.00
 00027   996.33    23.11    95.62     1.96   160.26    28.42  9999.00  9999.00  9999.00  9999.00
 00028   965.46    22.61    93.18     1.35   152.26    26.95  9999.00  9999.00  9999.00  9999.00
 00029  1001.21    24.66    96.71     1.49   137.17    22.42  9999.00  9999.00  9999.00  9999.00
 00030   988.56    24.51    93.97     3.31   145.65    25.39  9999.00  9999.00  9999.00  9999.00
 00031   572.81     3.68    92.92     0.70   199.83     1.18  9999.00  9999.00  9999.00  9999.00
 00032   973.18    22.93    96.59     0.99   280.93     6.49  9999.00  9999.00  9999.00  9999.00
 00033  1001.93    24.29    97.03     3.54   153.62     0.24  9999.00  9999.00  9999.00  9999.00
 00034  1004.47    27.53    89.19     4.40   158.61    33.11  9999.00  9999.00  9999.00  9999.00
 00035  1001.46    25.96    95.67     2.13   181.56    31.36  9999.00  9999.00  9999.00  9999.00
 00036   771.30    15.61    93.33     1.03   174.98    23.38  9999.00  9999.00  9999.00  9999.00
 00037   963.76    22.80    97.59     0.88   268.16    14.07  9999.00  9999.00  9999.00  9999.00
 00038   991.12    23.73    99.06     1.22   331.26     5.57  9999.00  9999.00  9999.00  9999.00
 00039  1004.31    24.69    95.15     2.57   289.23    19.99  9999.00  9999.00  9999.00  9999.00
 00040  1002.19    25.26    95.35     1.38   325.00    19.57  9999.00  9999.00  9999.00  9999.00
 00041   963.26    20.57    99.50     1.22   159.52     0.84  9999.00  9999.00  9999.00  9999.00
 00042  1002.64    22.96    95.05     1.71   170.20    27.86  9999.00  9999.00  9999.00  9999.00
 00043   994.84    23.57    94.82     1.38   183.72    28.94  9999.00  9999.00  9999.00  9999.00
 00044   977.95    21.86    97.93     1.24    86.40    25.33  9999.00  9999.00  9999.00  9999.00
 00045  1002.19    25.26    95.35     1.38   325.00    19.57  9999.00  9999.00  9999.00  9999.00
 00046   938.15    21.16    96.22     1.16   180.84    26.49  9999.00  9999.00  9999.00  9999.00
 00047   996.60    23.09    99.11     1.83   146.63     4.04  9999.00  9999.00  9999.00  9999.00
 00048   603.68     8.05    83.97     0.79   192.40     4.66  9999.00  9999.00  9999.00  9999.00
 00049   576.95     3.23    95.55     0.79   202.32     4.51  9999.00  9999.00  9999.00  9999.00
 00050   996.57    23.76    97.12     1.74   298.89     2.20  9999.00  9999.00  9999.00  9999.00
