stn_id       p       t2      rh2      spd      dir      vis    rain6   rain24   tmax24   tmin24 
 00001   991.00    13.10    94.86     1.00   360.00     2.00     1.00     1.00    16.30    13.10
 00002  1005.60     7.40    61.88     1.00   250.00     3.50     0.00     0.00    23.80     6.60
 00003   929.10     1.90    46.93     1.00    90.00    21.00     0.00     0.00    21.30    -0.40
 00004   860.90     0.70    38.90     3.00   220.00    29.00     0.00     0.00    14.90    -1.70
 00005   885.20     0.00    34.50     1.00   320.00    30.00     0.00     0.00    14.50    -1.00
 00006   880.50     8.00    15.46     9.00   250.00    26.00     0.00     0.00    14.00     3.20
 00007  1009.80     3.10    99.29     1.00   180.00     6.00     0.00     0.00    14.20    -1.10
 00008   983.60     5.00    76.88     3.00   140.00     3.60     0.00     0.00    10.60     1.90
 00009   962.10   -21.90    75.79     1.00   270.00    30.00     0.00     0.00    -2.30   -24.10
 00010   986.20     2.50    84.72     1.00    90.00     3.30     0.00     0.00    13.50    -0.40
 00011   999.00    -1.40    68.09     1.00   360.00     4.20     0.00     0.00    11.30    -3.30
 00012  1012.40     6.90    64.98     1.00    90.00     1.60     0.00     0.00    22.60     4.60
 00013  1015.90    12.00    55.86     2.00   140.00     7.00     0.00     0.00    24.30    10.80
 00014  1016.20    12.60    56.81     2.00   180.00    14.00     0.00     0.00    24.50    11.20
 00015   996.60    16.20    49.92     2.00   110.00     7.00     0.00     0.00    24.00    13.10
 00016   968.70     7.80    67.08     0.00     0.00  9999.00     0.00     0.00    24.00     7.80
 00017  1003.70    10.70    64.91     0.00     0.00  9999.00     0.00     0.00    27.50     8.90
 00018  1016.60    16.10    44.92     2.00   200.00    20.00     0.00     0.00    25.30    14.10
 00019   951.50    12.90    94.23     2.00    40.00     2.70     0.00     0.00    21.00    12.60
 00020  1021.10    14.60    47.78     2.00   160.00    10.00     0.00     0.00    23.60     8.20
 00021   913.80    -0.30    86.94     2.00    20.00     1.70     0.00     0.00    13.80    -2.30
 00022  1016.30     7.80    64.72     2.00   160.00     2.10     0.00     0.00    22.10     4.50
 00023   938.40     2.10    95.09     2.00   180.00     6.00     9.00     9.00     8.60     2.10
 00024   964.90     2.70    84.13     2.00   140.00    10.00     0.00     3.00     3.10     0.90
 00025   813.80     9.50   100.00     0.00   220.00  9999.00     0.00     0.00    21.20     9.40
 00026  1014.40    15.20    57.86     2.00    70.00     9.00     0.00     0.00    24.80    12.90
 00027  1005.20    16.40    61.82     1.00   140.00    17.00     0.00     0.00    26.50    14.80
 00028   985.50    16.20    80.70     2.00   200.00     7.00     0.00     0.00    24.80    10.20
 00029  1014.30    12.50    80.75     2.00   360.00    23.00     0.00     0.00    25.20    11.10
 00030  1002.70    17.30    84.06     2.00    70.00     9.00     0.00     0.00    24.60    17.20
 00031   626.70    -2.50    23.30     3.00   160.00    30.00     0.00     0.00     9.90    -2.50
 00032  1014.60    12.10    58.72     1.00   290.00    15.00     0.00     0.00    23.00    10.10
 00033  1013.40    19.60    79.08     2.00    90.00    19.00     0.00     0.00    24.60    18.40
 00034  1017.90    23.80    70.68     2.00    40.00    21.00     0.00     0.00    27.00    22.30
 00035  1018.20    16.90    96.23     0.00     0.00     7.00     0.00     0.00    25.80    16.00
 00036   841.50    10.40    71.01     1.00   360.00    15.00     0.00     0.00    26.20    10.40
 00037  1017.90    10.60    66.74     2.00   270.00    12.00     0.00     0.00    22.20     8.40
 00038  1017.40    11.30    62.80     2.00   270.00    11.00     0.00     0.00    23.50     9.80
 00039  1020.60    16.10    52.75     2.00   360.00    15.00     0.00     0.00    19.50    13.60
 00040  1016.70    15.20    64.99     2.00    20.00    12.00     0.00     0.00    20.60    13.30
 00041   820.30     7.40    42.71     6.00   270.00    23.00     0.00     0.00    10.90     6.30
 00042  1015.10    12.80    60.98     2.00   140.00    13.00     0.00     0.00    25.90     9.40
 00043  1012.00    13.20    73.04     2.00   200.00     9.00     0.00     0.00    25.30    10.90
 00044  1007.50    11.20    61.03     3.00   360.00    18.00     0.00     0.00    25.40     9.50
 00045  1016.70    15.20    64.99     2.00    20.00    12.00     0.00     0.00    20.60    13.30
 00046   975.70    10.50    77.75     0.00   180.00     7.00     0.00     0.00    24.20     8.50
 00047  1020.00    11.30    50.01     3.00   270.00    11.00     0.00     0.00    21.80     9.50
 00048   654.40     0.80    65.00     2.00   110.00    22.00     0.00     0.00    12.60     0.80
 00049   601.30    -5.60    75.61     1.00   110.00    26.00     0.00     1.70     1.30    -5.60
 00050  1015.50    14.80    52.77     3.00   360.00    18.00     0.00     0.00    21.10    13.00
