stn_id       p       t2      rh2      spd      dir      vis    rain6   rain24   tmax24   tmin24 
 00001   960.63    24.55    90.50     1.65    79.71     5.80  9999.00  9999.00  9999.00  9999.00
 00002   992.94    18.09    96.59     1.02   283.69    25.12  9999.00  9999.00  9999.00  9999.00
 00003   901.42    15.76    96.99     1.92    37.26     4.60  9999.00  9999.00  9999.00  9999.00
 00004   834.07    10.63    87.03     1.52   136.51    24.67  9999.00  9999.00  9999.00  9999.00
 00005   868.28    12.52    41.20     2.21    54.17    27.30  9999.00  9999.00  9999.00  9999.00
 00006   879.51    11.47    45.14     2.26   204.70    28.38  9999.00  9999.00  9999.00  9999.00
 00007  1000.11    18.78    76.16     3.28    19.41    25.22  9999.00  9999.00  9999.00  9999.00
 00008   986.18    16.88    84.62     2.91    24.26    27.24  9999.00  9999.00  9999.00  9999.00
 00009   950.92     7.45    77.27     1.17   299.21    38.61  9999.00  9999.00  9999.00  9999.00
 00010   964.00    17.16    96.55     1.28   324.93    17.19  9999.00  9999.00  9999.00  9999.00
 00011   994.29    14.89    94.29     1.69    14.79    29.46  9999.00  9999.00  9999.00  9999.00
 00012  1008.12    18.55    98.92     1.10   336.83    20.32  9999.00  9999.00  9999.00  9999.00
 00013  1005.51    20.28    98.98     1.58    84.83    17.96  9999.00  9999.00  9999.00  9999.00
 00014  1002.13    20.74    98.28     1.71    51.60     8.62  9999.00  9999.00  9999.00  9999.00
 00015   991.72    18.58    90.32     1.19    94.20    20.40  9999.00  9999.00  9999.00  9999.00
 00016   947.49    21.11    80.03     2.34    84.70    25.27  9999.00  9999.00  9999.00  9999.00
 00017   992.68    21.33    91.48     3.09    31.69    23.57  9999.00  9999.00  9999.00  9999.00
 00018  1004.14    20.43    93.46     1.92    57.66    23.84  9999.00  9999.00  9999.00  9999.00
 00019   926.69    21.23    97.60     1.94    58.79     2.85  9999.00  9999.00  9999.00  9999.00
 00020  1008.15    18.65    99.14     1.05    51.76     0.26  9999.00  9999.00  9999.00  9999.00
 00021   884.78    19.17    40.98     2.55   195.65    27.49  9999.00  9999.00  9999.00  9999.00
 00022  1010.70    18.28    96.16     1.47   346.99    21.62  9999.00  9999.00  9999.00  9999.00
 00023   909.75    17.52    44.42     1.91   192.78    23.21  9999.00  9999.00  9999.00  9999.00
 00024   933.24    19.53    43.68     0.97    92.45    25.48  9999.00  9999.00  9999.00  9999.00
 00025   790.06    16.25    98.42     1.14   216.32    12.18  9999.00  9999.00  9999.00  9999.00
 00026  1002.11    24.12    97.08     1.04    29.35    12.02  9999.00  9999.00  9999.00  9999.00
 00027   997.34    24.88    97.23     1.06    79.28    26.35  9999.00  9999.00  9999.00  9999.00
 00028   966.51    23.54    98.07     0.64   121.80    25.48  9999.00  9999.00  9999.00  9999.00
 00029  1000.68    25.32    96.25     2.05   144.24    21.30  9999.00  9999.00  9999.00  9999.00
 00030   988.20    25.14    94.06     2.98   146.05    29.82  9999.00  9999.00  9999.00  9999.00
 00031   571.41     5.12    89.98     1.21   222.98    13.14  9999.00  9999.00  9999.00  9999.00
 00032   972.34    23.14    99.00     0.54   311.37     1.33  9999.00  9999.00  9999.00  9999.00
 00033  1001.81    23.92    96.99     3.38   158.16     0.26  9999.00  9999.00  9999.00  9999.00
 00034  1005.13    27.65    85.97     4.86   213.70    21.41  9999.00  9999.00  9999.00  9999.00
 00035  1001.42    25.98    93.78     2.49   184.57    30.36  9999.00  9999.00  9999.00  9999.00
 00036   770.80    15.76    92.12     0.89   191.97    22.42  9999.00  9999.00  9999.00  9999.00
 00037   962.92    22.78    99.32     0.43   313.20     1.42  9999.00  9999.00  9999.00  9999.00
 00038   989.89    24.05    99.57     0.69   304.29     0.31  9999.00  9999.00  9999.00  9999.00
 00039  1003.28    24.94    98.16     2.10   220.57    20.31  9999.00  9999.00  9999.00  9999.00
 00040  1001.24    25.21    98.81     1.70   227.69    14.24  9999.00  9999.00  9999.00  9999.00
 00041   964.40    21.25    96.63     1.02    82.36    24.48  9999.00  9999.00  9999.00  9999.00
 00042  1004.91    21.58    96.69     2.06    63.02    24.40  9999.00  9999.00  9999.00  9999.00
 00043   995.89    24.50    97.76     0.55   263.98    13.32  9999.00  9999.00  9999.00  9999.00
 00044   978.25    23.05    97.78     0.99    59.40    13.27  9999.00  9999.00  9999.00  9999.00
 00045  1001.24    25.21    98.81     1.70   227.69    14.24  9999.00  9999.00  9999.00  9999.00
 00046   937.55    20.49    99.48     0.81   135.00     0.62  9999.00  9999.00  9999.00  9999.00
 00047   996.13    22.91    98.68     0.93    41.04     0.55  9999.00  9999.00  9999.00  9999.00
 00048   601.73     7.20    86.82     1.53   152.80     9.63  9999.00  9999.00  9999.00  9999.00
 00049   575.45     3.45    99.25     1.20   194.56     0.49  9999.00  9999.00  9999.00  9999.00
 00050   995.65    24.76    99.24     1.04   231.46     3.50  9999.00  9999.00  9999.00  9999.00
