stn_id       p       t2      rh2      spd      dir      vis    rain6   rain24   tmax24   tmin24 
 00001   964.77    25.97    88.21     1.31    24.71    25.77  9999.00  9999.00  9999.00  9999.00
 00002   992.29    21.25    93.78     1.03   325.46     0.77  9999.00  9999.00  9999.00  9999.00
 00003   900.45    17.82    93.00     1.20   116.59    10.21  9999.00  9999.00  9999.00  9999.00
 00004   833.44    10.95    98.16     1.15   128.34    17.04  9999.00  9999.00  9999.00  9999.00
 00005   868.50    14.37    66.02     1.42    55.60    27.42  9999.00  9999.00  9999.00  9999.00
 00006   879.37    14.29    40.61     2.39    81.02    28.47  9999.00  9999.00  9999.00  9999.00
 00007  1000.99    19.57    77.39     2.36    49.35    25.23  9999.00  9999.00  9999.00  9999.00
 00008   986.46    17.33    83.52     1.88   201.02    27.29  9999.00  9999.00  9999.00  9999.00
 00009   943.12    12.75    67.90     3.07   327.89    38.85  9999.00  9999.00  9999.00  9999.00
 00010   965.24    18.50    98.98     1.14   284.85     8.87  9999.00  9999.00  9999.00  9999.00
 00011   992.52    18.42    75.91     2.64   211.16    29.56  9999.00  9999.00  9999.00  9999.00
 00012  1005.49    23.92    77.49     1.59   237.31    24.15  9999.00  9999.00  9999.00  9999.00
 00013  1004.91    23.22    82.53     2.88    59.83    23.77  9999.00  9999.00  9999.00  9999.00
 00014  1001.64    23.54    93.53     1.22   336.42    24.85  9999.00  9999.00  9999.00  9999.00
 00015   990.18    21.44    76.57     1.57   117.91    20.41  9999.00  9999.00  9999.00  9999.00
 00016   949.49    20.44    82.86     1.38   111.58    25.36  9999.00  9999.00  9999.00  9999.00
 00017   991.06    24.47    84.15     1.39   235.66    21.49  9999.00  9999.00  9999.00  9999.00
 00018  1003.56    23.47    87.06     1.89    80.13    23.90  9999.00  9999.00  9999.00  9999.00
 00019   931.65    22.89    83.87     1.32   331.19    27.20  9999.00  9999.00  9999.00  9999.00
 00020  1008.20    20.86    91.64     2.41   324.24    21.39  9999.00  9999.00  9999.00  9999.00
 00021   885.90    21.07    38.90     1.07   108.46    27.59  9999.00  9999.00  9999.00  9999.00
 00022  1008.42    24.03    67.42     2.36   170.02    21.61  9999.00  9999.00  9999.00  9999.00
 00023   911.57    21.46    40.96     1.08   186.39    23.27  9999.00  9999.00  9999.00  9999.00
 00024   934.24    24.05    26.01     3.03   281.30    25.51  9999.00  9999.00  9999.00  9999.00
 00025   792.86    16.85    97.04     0.70   160.65     3.88  9999.00  9999.00  9999.00  9999.00
 00026  1001.97    25.70    85.23     1.71    25.49    26.20  9999.00  9999.00  9999.00  9999.00
 00027   997.80    26.48    87.86     0.73   213.56    26.51  9999.00  9999.00  9999.00  9999.00
 00028   968.07    26.17    76.48     0.98    75.45    25.65  9999.00  9999.00  9999.00  9999.00
 00029  1001.63    25.46    94.90     1.91    91.30    28.02  9999.00  9999.00  9999.00  9999.00
 00030   989.48    26.33    93.45     3.27   139.51    30.29  9999.00  9999.00  9999.00  9999.00
 00031   573.39     7.74    84.38     0.97   213.39     6.96  9999.00  9999.00  9999.00  9999.00
 00032   972.61    23.76    96.43     0.68   258.47     6.04  9999.00  9999.00  9999.00  9999.00
 00033  1003.88    24.04    97.64     2.67   159.08     0.62  9999.00  9999.00  9999.00  9999.00
 00034  1008.15    28.23    87.38     5.46   188.33    23.19  9999.00  9999.00  9999.00  9999.00
 00035  1003.50    27.41    90.93     2.26   159.00    30.59  9999.00  9999.00  9999.00  9999.00
 00036   774.50    16.32    95.34     0.51   100.28    14.79  9999.00  9999.00  9999.00  9999.00
 00037   963.20    23.27    98.39     0.59   278.91     7.20  9999.00  9999.00  9999.00  9999.00
 00038   990.74    24.54    99.53     0.29   263.65     6.23  9999.00  9999.00  9999.00  9999.00
 00039  1003.90    25.27    95.77     3.74   203.73    25.42  9999.00  9999.00  9999.00  9999.00
 00040  1002.24    25.76    96.54     2.78   202.56    26.97  9999.00  9999.00  9999.00  9999.00
 00041   964.67    22.74    90.55     1.36    51.64    24.52  9999.00  9999.00  9999.00  9999.00
 00042  1004.60    23.91    91.74     1.56    91.37    24.44  9999.00  9999.00  9999.00  9999.00
 00043   995.81    25.29    88.87     1.32   100.14    26.81  9999.00  9999.00  9999.00  9999.00
 00044   978.44    23.90    93.54     1.10    75.41    22.49  9999.00  9999.00  9999.00  9999.00
 00045  1002.24    25.76    96.54     2.78   202.56    26.97  9999.00  9999.00  9999.00  9999.00
 00046   938.10    21.65    97.72     0.97   162.66    25.02  9999.00  9999.00  9999.00  9999.00
 00047   996.24    23.73    98.73     1.89   130.36     2.70  9999.00  9999.00  9999.00  9999.00
 00048   604.29     9.23    86.08     1.13   170.69     2.89  9999.00  9999.00  9999.00  9999.00
 00049   578.35     4.43    99.25     1.55   193.44     0.51  9999.00  9999.00  9999.00  9999.00
 00050   996.18    24.91    98.53     2.10   206.53    21.64  9999.00  9999.00  9999.00  9999.00
