stn_id       p       t2      rh2      spd      dir      vis    rain6   rain24   tmax24   tmin24 
 00001   959.82    30.54    75.66     1.43    67.33    26.18     0.09  9999.00  9999.00  9999.00
 00002   986.40    27.57    78.33     1.95   131.09    26.43    -0.00  9999.00  9999.00  9999.00
 00003   897.20    25.88    67.87     1.58    88.15    25.29    -0.00  9999.00  9999.00  9999.00
 00004   832.28    21.03    67.64     1.97   138.78    25.00     0.02  9999.00  9999.00  9999.00
 00005   865.31    27.10    48.40     0.82   111.58    27.21     0.03  9999.00  9999.00  9999.00
 00006   875.28    24.27    53.60     3.76   179.33    27.84     0.26  9999.00  9999.00  9999.00
 00007   997.11    23.88    75.94     3.66    12.99    25.06     0.00  9999.00  9999.00  9999.00
 00008   983.41    21.64    82.43     2.07   145.13    25.11     0.08  9999.00  9999.00  9999.00
 00009   946.35    18.34    67.45     1.43   128.24    39.07     0.00  9999.00  9999.00  9999.00
 00010   964.10    16.91    90.68     1.75    92.56    28.04    -0.00  9999.00  9999.00  9999.00
 00011   990.51    21.25    84.60     1.82     2.39    28.80     0.15  9999.00  9999.00  9999.00
 00012  1001.35    27.72    82.23     1.30   120.14    24.83     0.01  9999.00  9999.00  9999.00
 00013  1000.78    27.76    75.48     1.83    36.47    24.95     0.00  9999.00  9999.00  9999.00
 00014   997.21    26.57    88.65     1.44   226.34    25.84     0.13  9999.00  9999.00  9999.00
 00015   986.51    26.35    78.57     1.76    48.57    21.60     0.00  9999.00  9999.00  9999.00
 00016   943.93    29.04    66.58     3.06    85.28    25.79     0.09  9999.00  9999.00  9999.00
 00017   987.87    27.49    79.35     1.82   120.82    24.91    -0.00  9999.00  9999.00  9999.00
 00018   999.91    27.13    77.47     1.82    50.63    25.15     0.00  9999.00  9999.00  9999.00
 00019   926.50    28.82    71.87     0.66   112.47    26.67     0.30  9999.00  9999.00  9999.00
 00020  1003.22    23.54    84.56     3.09   284.45    22.38     0.00  9999.00  9999.00  9999.00
 00021   882.57    21.31    63.45     2.60   336.36    27.12     0.97  9999.00  9999.00  9999.00
 00022  1004.70    26.33    79.87     2.91   135.69    22.54     0.01  9999.00  9999.00  9999.00
 00023   908.73    24.48    47.07     2.03   285.10    22.54     1.34  9999.00  9999.00  9999.00
 00024   931.81    24.49    52.09     4.96   231.46    11.78     0.39  9999.00  9999.00  9999.00
 00025   791.28    18.80    92.83     1.73   101.03     9.09     6.77  9999.00  9999.00  9999.00
 00026   998.51    28.76    89.13     1.32   306.74    27.50     4.05  9999.00  9999.00  9999.00
 00027   994.67    28.84    88.43     1.44    99.34    25.59     2.45  9999.00  9999.00  9999.00
 00028   964.77    28.80    84.65     0.53   343.10    20.56     0.87  9999.00  9999.00  9999.00
 00029   998.16    28.68    80.17     1.45   189.06    29.11     0.02  9999.00  9999.00  9999.00
 00030   985.67    27.73    82.43     2.98   138.24    30.79     0.32  9999.00  9999.00  9999.00
 00031   572.97     9.90    74.99     0.88   162.42    12.90     7.99  9999.00  9999.00  9999.00
 00032   967.84    27.31    91.12     0.44   263.49     5.79     6.53  9999.00  9999.00  9999.00
 00033  1000.90    23.81    96.41     0.98   127.24     6.54     0.01  9999.00  9999.00  9999.00
 00034  1005.50    28.33    88.58     6.22   212.33    34.70     0.00  9999.00  9999.00  9999.00
 00035  1000.01    29.24    82.04     1.31    25.66    31.82     0.13  9999.00  9999.00  9999.00
 00036   772.30    20.22    87.26     0.89   196.75    17.64     4.23  9999.00  9999.00  9999.00
 00037   958.56    26.89    93.64     0.59   258.15    10.46     3.10  9999.00  9999.00  9999.00
 00038   985.44    28.48    93.88     0.93   231.52    27.29     0.24  9999.00  9999.00  9999.00
 00039   998.32    27.60    91.40     2.31   163.56    26.09     0.80  9999.00  9999.00  9999.00
 00040   996.97    29.08    83.72     3.96   219.99    27.86     0.66  9999.00  9999.00  9999.00
 00041   961.34    26.08    87.21     1.59    25.75    19.53     0.83  9999.00  9999.00  9999.00
 00042  1000.94    28.11    81.85     0.82   232.12    25.60     0.02  9999.00  9999.00  9999.00
 00043   992.72    28.17    90.55     1.18   306.68    26.58     4.72  9999.00  9999.00  9999.00
 00044   974.69    25.70    95.72     0.46   163.37    25.39    11.28  9999.00  9999.00  9999.00
 00045   996.97    29.08    83.72     3.96   219.99    27.86     0.66  9999.00  9999.00  9999.00
 00046   934.23    25.05    97.38     0.71   202.82    14.29     1.54  9999.00  9999.00  9999.00
 00047   991.91    24.11    96.26     1.97   343.13     7.32     3.29  9999.00  9999.00  9999.00
 00048   603.11    15.74    52.29     1.41   199.31    27.95     0.15  9999.00  9999.00  9999.00
 00049   578.05     6.69    91.31     1.93   189.90     5.42     2.85  9999.00  9999.00  9999.00
 00050   990.67    28.67    92.96     0.56    65.85    25.70     2.06  9999.00  9999.00  9999.00
