stn_id       p       t2      rh2      spd      dir      vis    rain6   rain24   tmax24   tmin24 
 00001   962.23    23.73    66.81     2.41    22.40    25.29     0.00  9999.00  9999.00  9999.00
 00002   985.30    23.03    43.71     5.88   172.93    20.67     0.28  9999.00  9999.00  9999.00
 00003   895.55    17.25    51.50     3.95   201.15    19.60     0.04  9999.00  9999.00  9999.00
 00004   828.24    10.40    74.17     3.60   232.87    18.20     0.15  9999.00  9999.00  9999.00
 00005   857.88    14.58    39.70     4.98   191.94    18.12     0.13  9999.00  9999.00  9999.00
 00006   864.96    16.09    29.88     3.82   268.57    17.92     0.79  9999.00  9999.00  9999.00
 00007   999.36    18.92    62.34     6.88   173.53    20.05     0.00  9999.00  9999.00  9999.00
 00008   981.79    20.12    50.49     7.65   193.84    22.08     0.00  9999.00  9999.00  9999.00
 00009   933.40     9.54    68.79     3.36   305.74    36.96     0.58  9999.00  9999.00  9999.00
 00010   964.88    13.62    74.87     1.58   192.08    23.21     0.00  9999.00  9999.00  9999.00
 00011   986.78    21.82    39.57     7.24   198.23    24.55     0.00  9999.00  9999.00  9999.00
 00012  1000.02    24.37    36.55     7.08   199.04    19.20     0.01  9999.00  9999.00  9999.00
 00013  1009.07    17.59    77.65     2.33   106.02    23.08     0.00  9999.00  9999.00  9999.00
 00014  1006.27    17.81    92.55     0.52   305.22    25.11     0.71  9999.00  9999.00  9999.00
 00015   990.58    20.04    39.63     2.70   181.57    19.54     0.00  9999.00  9999.00  9999.00
 00016   946.74    18.50    70.35     1.63   146.04    22.00     0.00  9999.00  9999.00  9999.00
 00017   991.44    19.59    61.71     2.68   147.58    22.34     0.00  9999.00  9999.00  9999.00
 00018  1006.93    18.68    79.19     2.17    89.81    24.65     0.10  9999.00  9999.00  9999.00
 00019   929.22    19.95    78.61     0.98   316.85    25.39     0.12  9999.00  9999.00  9999.00
 00020  1012.58    18.36    85.52     3.15   112.16     6.62     0.41  9999.00  9999.00  9999.00
 00021   887.80    19.42    22.21     3.02   333.10    26.68     0.00  9999.00  9999.00  9999.00
 00022  1004.24    24.29    34.50     7.21   199.45    18.67     0.00  9999.00  9999.00  9999.00
 00023   915.93    20.07    25.89     3.00   304.35    25.18     0.00  9999.00  9999.00  9999.00
 00024   938.06    22.53    19.40     6.54   297.40    26.85     0.00  9999.00  9999.00  9999.00
 00025   791.18    23.50    37.44     4.25   218.41    26.24     0.00  9999.00  9999.00  9999.00
 00026  1006.54    20.80    84.70     1.46   115.04    27.15     0.08  9999.00  9999.00  9999.00
 00027  1001.62    20.49    83.94     1.57   147.21    26.91     0.06  9999.00  9999.00  9999.00
 00028   968.45    21.60    81.47     1.18   313.78    25.53     0.00  9999.00  9999.00  9999.00
 00029  1003.29    25.48    92.49     1.55   193.04    23.90     0.91  9999.00  9999.00  9999.00
 00030   990.92    25.11    85.49     2.48    81.73    25.66     0.12  9999.00  9999.00  9999.00
 00031   570.84    10.71    18.77     3.60   231.02    24.20     0.34  9999.00  9999.00  9999.00
 00032   976.09    19.44    85.37     0.84   136.61    22.22     0.53  9999.00  9999.00  9999.00
 00033  1004.78    24.06    98.02     2.95   131.75     5.87     0.59  9999.00  9999.00  9999.00
 00034  1008.58    28.29    91.93     3.92   174.35    31.07     0.03  9999.00  9999.00  9999.00
 00035  1004.25    28.24    86.21     2.56   165.00    29.69     1.13  9999.00  9999.00  9999.00
 00036   770.85    20.91    54.06     1.65   176.27    24.37     0.30  9999.00  9999.00  9999.00
 00037   966.36    19.96    86.88     0.95   105.69    23.10     0.33  9999.00  9999.00  9999.00
 00038   992.94    23.49    85.27     1.40   129.50    26.17     0.01  9999.00  9999.00  9999.00
 00039  1007.06    23.96    78.12     3.24   160.49    25.23     0.01  9999.00  9999.00  9999.00
 00040  1004.55    23.98    85.60     2.47   114.97    26.63     0.02  9999.00  9999.00  9999.00
 00041   967.89    16.76    90.49     0.98   148.92    25.24     0.17  9999.00  9999.00  9999.00
 00042  1008.51    19.04    79.89     2.38    69.31    25.23     0.03  9999.00  9999.00  9999.00
 00043  1000.17    20.41    89.32     1.18   105.43    27.61     0.15  9999.00  9999.00  9999.00
 00044   982.60    19.03    93.17     0.50   107.55    23.15     0.15  9999.00  9999.00  9999.00
 00045  1004.55    23.98    85.60     2.47   114.97    26.63     0.02  9999.00  9999.00  9999.00
 00046   939.96    20.39    98.72     0.46    69.48     7.73     2.77  9999.00  9999.00  9999.00
 00047  1000.56    20.17    92.35     1.79     2.94    10.83     1.42  9999.00  9999.00  9999.00
 00048   602.16    11.41    36.02     1.38   173.67    26.88     0.15  9999.00  9999.00  9999.00
 00049   576.84     1.83    84.81     1.81   200.67    21.83     0.64  9999.00  9999.00  9999.00
 00050   999.48    22.42    83.70     1.53   141.25    24.75     0.01  9999.00  9999.00  9999.00
