stn_id       p       t2      rh2      spd      dir      vis    rain6   rain24   tmax24   tmin24 
 00001   976.34    18.33    82.85     1.34   204.35    23.94     0.19  9999.00  9999.00  9999.00
 00002   998.88    21.56    45.93     2.29   155.16    23.17     0.00  9999.00  9999.00  9999.00
 00003   905.94    15.70    49.68     2.35   211.70    22.38     0.04  9999.00  9999.00  9999.00
 00004   836.93    10.84    55.84     3.70   236.44    22.48     0.08  9999.00  9999.00  9999.00
 00005   870.97    12.41    64.42     5.49   224.78    11.66     0.59  9999.00  9999.00  9999.00
 00006   880.69    12.57    62.57     5.29   250.30    26.18     2.67  9999.00  9999.00  9999.00
 00007  1011.52    18.99    39.71     1.33   119.88    25.51     0.00  9999.00  9999.00  9999.00
 00008   997.78    15.01    34.44     2.14   124.07    26.96     0.00  9999.00  9999.00  9999.00
 00009   949.82    11.73    55.08     2.55   226.73    32.90     0.00  9999.00  9999.00  9999.00
 00010   976.43    14.20    40.63     0.81   326.59    28.17     0.00  9999.00  9999.00  9999.00
 00011  1006.05    13.91    38.91     1.14   135.06    28.21     0.00  9999.00  9999.00  9999.00
 00012  1015.21    21.52    48.16     3.80   182.46    23.15     0.01  9999.00  9999.00  9999.00
 00013  1017.37    17.03    66.86     3.03    40.19    10.56     0.16  9999.00  9999.00  9999.00
 00014  1011.44    19.42    74.65     3.66    48.15    18.34     0.39  9999.00  9999.00  9999.00
 00015  1000.84    20.93    40.48     2.66   205.44    20.04     0.00  9999.00  9999.00  9999.00
 00016   959.31    17.90    63.49     0.59   282.04    22.35     0.00  9999.00  9999.00  9999.00
 00017  1002.58    18.35    60.31     3.00   184.93    21.47     0.00  9999.00  9999.00  9999.00
 00018  1016.39    15.60    79.11     2.89    58.40     4.83     1.21  9999.00  9999.00  9999.00
 00019   939.79    19.84    70.80     1.92   173.19    22.01     0.54  9999.00  9999.00  9999.00
 00020  1018.13    18.71    67.57     5.22    49.22    22.02     0.01  9999.00  9999.00  9999.00
 00021   892.23    17.43    33.73     3.44   330.16    25.96     0.00  9999.00  9999.00  9999.00
 00022  1018.88    20.47    52.98     2.23   180.02    21.32     0.00  9999.00  9999.00  9999.00
 00023   920.41    12.99    67.49     1.30    87.57    21.91     0.00  9999.00  9999.00  9999.00
 00024   943.99    15.84    36.11     1.62   123.12    24.08     0.00  9999.00  9999.00  9999.00
 00025   797.83    13.87    87.75     3.01    93.54    22.17     0.93  9999.00  9999.00  9999.00
 00026  1012.65    17.34    83.61     4.39   143.61     6.54     0.83  9999.00  9999.00  9999.00
 00027  1010.93    15.31    83.54     4.52   347.65    21.34     0.36  9999.00  9999.00  9999.00
 00028   980.30    15.42    74.59     3.23    19.38    21.34     0.01  9999.00  9999.00  9999.00
 00029  1006.36    24.39    64.90     3.43     6.91    25.69     0.00  9999.00  9999.00  9999.00
 00030   997.87    24.57    64.59     4.31     4.62    28.51    -0.00  9999.00  9999.00  9999.00
 00031   575.26    10.96    25.69     2.39   246.17    27.89     0.00  9999.00  9999.00  9999.00
 00032   977.59    18.40    86.57     2.41    49.93     4.93     1.94  9999.00  9999.00  9999.00
 00033  1008.52    22.48    92.61     3.92    80.70    20.60     0.34  9999.00  9999.00  9999.00
 00034  1009.83    27.76    80.33     2.96   348.31    29.36     0.04  9999.00  9999.00  9999.00
 00035  1007.54    28.06    72.73     4.62    31.47    18.22     0.75  9999.00  9999.00  9999.00
 00036   779.24    12.80    74.66     0.53   252.49    17.18     2.32  9999.00  9999.00  9999.00
 00037   967.95    18.54    92.37     1.44    22.63     3.81     2.47  9999.00  9999.00  9999.00
 00038   994.04    21.62    96.89     0.64   144.97     3.88     6.17  9999.00  9999.00  9999.00
 00039  1007.94    21.53    83.42    10.95    31.31     6.59     3.30  9999.00  9999.00  9999.00
 00040  1004.92    22.50    83.33     7.46    33.85     2.93     3.31  9999.00  9999.00  9999.00
 00041   973.47    15.55    85.73     2.92    40.10    15.10     1.00  9999.00  9999.00  9999.00
 00042  1016.56    16.21    73.43     4.00    50.53     8.94     0.82  9999.00  9999.00  9999.00
 00043  1005.99    17.75    78.37     3.82     8.94    21.08     0.05  9999.00  9999.00  9999.00
 00044   986.16    17.03    88.27     3.28    40.10     3.99     1.37  9999.00  9999.00  9999.00
 00045  1004.92    22.50    83.33     7.46    33.85     2.93     3.31  9999.00  9999.00  9999.00
 00046   941.82    19.59    78.29     3.01   357.37    23.47     0.02  9999.00  9999.00  9999.00
 00047  1003.13    19.40    86.00     4.48    43.85     3.99     4.05  9999.00  9999.00  9999.00
 00048   606.38     9.87    53.26     1.97   200.77    31.88     0.23  9999.00  9999.00  9999.00
 00049   579.17     6.00    73.53     2.50   202.49    10.96     0.65  9999.00  9999.00  9999.00
 00050  1000.51    20.44    84.35     5.82    24.79     5.04     3.53  9999.00  9999.00  9999.00
