stn_id       p       t2      rh2      spd      dir      vis    rain6   rain24   tmax24   tmin24 
 00001   977.89    17.07    90.37     1.16    50.68    24.21  9999.00  9999.00  9999.00  9999.00
 00002   998.62    15.00    76.86     2.11   175.65    23.18  9999.00  9999.00  9999.00  9999.00
 00003   906.39     9.16    76.45     1.66   246.32    21.26  9999.00  9999.00  9999.00  9999.00
 00004   837.14     4.95    95.27     2.05   237.17    22.33  9999.00  9999.00  9999.00  9999.00
 00005   872.76     4.83    86.38     1.84   331.12    25.29  9999.00  9999.00  9999.00  9999.00
 00006   882.42     6.38    56.09     3.73   272.22    26.29  9999.00  9999.00  9999.00  9999.00
 00007  1011.93    12.67    55.65     3.45   168.17    25.50  9999.00  9999.00  9999.00  9999.00
 00008   996.98     6.24    73.06     2.39   150.11    26.97  9999.00  9999.00  9999.00  9999.00
 00009   950.03     1.13    91.82     2.76   213.68    32.90  9999.00  9999.00  9999.00  9999.00
 00010   977.33     4.30    81.67     1.67   141.94    28.17  9999.00  9999.00  9999.00  9999.00
 00011  1005.63     5.31    70.03     2.44   126.61    28.22  9999.00  9999.00  9999.00  9999.00
 00012  1014.65    15.56    65.67     2.95   181.46    23.14  9999.00  9999.00  9999.00  9999.00
 00013  1018.31    12.80    87.47     1.97    54.13    22.18  9999.00  9999.00  9999.00  9999.00
 00014  1013.23    15.13    81.59     4.14    10.80     6.59  9999.00  9999.00  9999.00  9999.00
 00015  1001.28    13.15    70.89     2.15   182.56    20.06  9999.00  9999.00  9999.00  9999.00
 00016   960.42    11.65    88.59     0.79   194.03    22.33  9999.00  9999.00  9999.00  9999.00
 00017  1002.90    13.67    74.65     2.70   191.19    21.45  9999.00  9999.00  9999.00  9999.00
 00018  1017.34    11.67    89.08     1.88    70.46    22.16  9999.00  9999.00  9999.00  9999.00
 00019   942.03    17.30    87.48     0.62    33.91    18.35  9999.00  9999.00  9999.00  9999.00
 00020  1019.29    14.46    86.27     5.05    14.86     3.75  9999.00  9999.00  9999.00  9999.00
 00021   894.53    10.40    62.13     1.44   181.10    26.00  9999.00  9999.00  9999.00  9999.00
 00022  1018.20    15.96    64.30     2.65   174.66    21.31  9999.00  9999.00  9999.00  9999.00
 00023   922.49    10.60    82.64     1.09   173.10    21.91  9999.00  9999.00  9999.00  9999.00
 00024   945.95    11.79    73.23     3.42   316.77    20.99  9999.00  9999.00  9999.00  9999.00
 00025   799.37    13.36    88.82     2.16   102.46    21.18  9999.00  9999.00  9999.00  9999.00
 00026  1014.63    15.34    86.28     4.46   350.38    16.94  9999.00  9999.00  9999.00  9999.00
 00027  1012.18    13.97    88.54     2.88   344.38    23.05  9999.00  9999.00  9999.00  9999.00
 00028   981.72    13.29    84.45     1.56    27.20    22.39  9999.00  9999.00  9999.00  9999.00
 00029  1008.49    21.06    66.87     3.86     9.68    25.69  9999.00  9999.00  9999.00  9999.00
 00030  1000.72    21.07    69.09     3.02   343.91    28.54  9999.00  9999.00  9999.00  9999.00
 00031   574.82     4.50    37.91     2.38   207.15    27.93  9999.00  9999.00  9999.00  9999.00
 00032   979.17    17.98    92.01     1.33   144.12    16.63  9999.00  9999.00  9999.00  9999.00
 00033  1011.04    22.57    94.09     1.55   176.76     6.56  9999.00  9999.00  9999.00  9999.00
 00034  1012.25    27.43    80.23     4.90    18.45    28.33  9999.00  9999.00  9999.00  9999.00
 00035  1010.16    23.85    88.04     1.01   327.19    19.08  9999.00  9999.00  9999.00  9999.00
 00036   780.24    10.63    92.36     0.94   154.70    23.01  9999.00  9999.00  9999.00  9999.00
 00037   969.53    18.18    96.80     0.78   257.67    10.73  9999.00  9999.00  9999.00  9999.00
 00038   995.93    21.29    96.46     0.84    52.87    16.20  9999.00  9999.00  9999.00  9999.00
 00039  1009.79    21.61    80.79     9.30    26.98     9.23  9999.00  9999.00  9999.00  9999.00
 00040  1007.04    21.67    86.56     6.11    43.20     4.05  9999.00  9999.00  9999.00  9999.00
 00041   974.74    13.63    95.29     2.02    16.89    10.07  9999.00  9999.00  9999.00  9999.00
 00042  1018.16    12.90    91.29     2.70    45.96     2.96  9999.00  9999.00  9999.00  9999.00
 00043  1008.05    15.91    81.17     3.43    94.78    19.68  9999.00  9999.00  9999.00  9999.00
 00044   987.67    16.30    91.86     2.99    32.01    16.84  9999.00  9999.00  9999.00  9999.00
 00045  1007.04    21.67    86.56     6.11    43.20     4.05  9999.00  9999.00  9999.00  9999.00
 00046   943.80    16.43    87.37     2.21    45.66    23.41  9999.00  9999.00  9999.00  9999.00
 00047  1003.90    18.87    92.54     3.93   346.13     7.32  9999.00  9999.00  9999.00  9999.00
 00048   605.14     7.09    56.82     0.88   188.71    32.05  9999.00  9999.00  9999.00  9999.00
 00049   579.88     2.01    98.84     1.68   196.08     3.29  9999.00  9999.00  9999.00  9999.00
 00050  1002.36    20.38    79.88     4.74    22.18    21.97  9999.00  9999.00  9999.00  9999.00
