stn_id       p       t2      rh2      spd      dir      vis    rain6   rain24   tmax24   tmin24 
 00001   976.25    17.39    92.99     1.37   299.07     7.17     1.86  9999.00  9999.00  9999.00
 00002  1001.81    17.59    54.39     2.87   166.53    23.25     0.00  9999.00  9999.00  9999.00
 00003   908.80     9.94    75.12     1.82   187.81    22.49     0.06  9999.00  9999.00  9999.00
 00004   839.54     7.07    89.36     1.02   190.73     9.24     1.55  9999.00  9999.00  9999.00
 00005   874.16    10.79    60.34     1.90   228.35    25.36     0.00  9999.00  9999.00  9999.00
 00006   883.41    12.38    39.85     3.77   232.93    26.34     0.00  9999.00  9999.00  9999.00
 00007  1012.67    11.72    73.21     2.50    37.06    25.57     0.00  9999.00  9999.00  9999.00
 00008   998.53    10.11    64.31     3.10    41.12    26.99     0.00  9999.00  9999.00  9999.00
 00009   953.00     1.28    72.67     2.92   207.45    32.95     0.00  9999.00  9999.00  9999.00
 00010   974.69     7.08    65.20     2.71   296.54    28.22     0.00  9999.00  9999.00  9999.00
 00011  1006.18     6.92    65.06     2.33   334.09    28.20     0.00  9999.00  9999.00  9999.00
 00012  1017.42    15.16    65.04     1.93   231.26    23.20     0.00  9999.00  9999.00  9999.00
 00013  1017.76    17.68    69.45     3.80    41.49    22.71     0.00  9999.00  9999.00  9999.00
 00014  1013.23    18.42    79.24     2.54    62.20    15.57     0.26  9999.00  9999.00  9999.00
 00015  1003.73    16.76    64.29     1.78   217.56    20.10     0.00  9999.00  9999.00  9999.00
 00016   962.59    12.32    83.92     0.94    56.68    22.46     0.01  9999.00  9999.00  9999.00
 00017  1005.83    15.48    78.48     2.80   170.71    21.44     0.03  9999.00  9999.00  9999.00
 00018  1016.88    17.34    76.21     4.25    29.36    22.15     0.00  9999.00  9999.00  9999.00
 00019   941.74    16.48    93.32     0.94   263.90    23.70     1.31  9999.00  9999.00  9999.00
 00020  1019.59    18.04    74.99     3.36    39.28    22.11     0.07  9999.00  9999.00  9999.00
 00021   889.56    15.24    46.35     1.66   216.61    25.94     0.00  9999.00  9999.00  9999.00
 00022  1020.56    17.05    64.81     1.94   237.05    21.34     0.00  9999.00  9999.00  9999.00
 00023   915.36    14.64    60.12     1.14    79.23    21.88     0.00  9999.00  9999.00  9999.00
 00024   942.94    11.52    63.87     2.31   132.65    24.12     0.00  9999.00  9999.00  9999.00
 00025   796.29    14.94    93.29     3.25    77.82    21.34     9.22  9999.00  9999.00  9999.00
 00026  1012.86    18.40    64.78     4.75    30.77    23.13     0.00  9999.00  9999.00  9999.00
 00027  1009.52    19.42    60.77     4.14   108.11    23.09     0.00  9999.00  9999.00  9999.00
 00028   979.50    15.68    81.30     4.13    19.81     5.98     1.38  9999.00  9999.00  9999.00
 00029  1004.25    26.27    71.44     2.38    20.79    25.71     0.01  9999.00  9999.00  9999.00
 00030   994.35    26.84    73.84     2.80    66.36    28.54     0.03  9999.00  9999.00  9999.00
 00031   573.89    10.88    14.60     1.35   295.29    27.71     0.00  9999.00  9999.00  9999.00
 00032   978.81    18.02    76.61     3.36    35.70    21.04     0.75  9999.00  9999.00  9999.00
 00033  1006.93    20.98    94.99     3.85   126.22     0.22     0.00  9999.00  9999.00  9999.00
 00034  1008.79    28.46    80.15     0.87   308.25    30.75     0.03  9999.00  9999.00  9999.00
 00035  1006.21    25.60    81.62     1.44    73.42    28.39     0.01  9999.00  9999.00  9999.00
 00036   778.39    11.85    89.24     1.68   321.79     4.22     1.73  9999.00  9999.00  9999.00
 00037   969.11    17.66    85.65     2.00    49.36    14.76     5.08  9999.00  9999.00  9999.00
 00038   993.87    22.19    74.88     2.39    71.14     9.58     0.41  9999.00  9999.00  9999.00
 00039  1008.03    21.85    77.28    13.95    31.13    22.91     0.28  9999.00  9999.00  9999.00
 00040  1003.91    21.91    81.44    10.35    37.50     4.51     3.72  9999.00  9999.00  9999.00
 00041   974.38    16.03    80.39     2.27    62.38    22.30     0.83  9999.00  9999.00  9999.00
 00042  1016.82    18.73    67.15     3.90    38.17    22.86     0.00  9999.00  9999.00  9999.00
 00043  1005.80    18.48    65.47     4.26    30.29    23.64     0.00  9999.00  9999.00  9999.00
 00044   987.17    17.34    82.91     4.33    55.28    17.76     0.65  9999.00  9999.00  9999.00
 00045  1003.91    21.91    81.44    10.35    37.50     4.51     3.72  9999.00  9999.00  9999.00
 00046   941.88    17.73    84.92     2.66    41.02    22.85     1.22  9999.00  9999.00  9999.00
 00047  1005.15    19.96    75.93     5.59    37.71    19.08     0.31  9999.00  9999.00  9999.00
 00048   605.51     7.84    57.65     1.06   241.32    31.94     0.82  9999.00  9999.00  9999.00
 00049   578.90     2.52    95.85     1.05   180.83    16.67     2.15  9999.00  9999.00  9999.00
 00050  1001.03    20.33    74.29     7.95    25.27    23.38     1.23  9999.00  9999.00  9999.00
