stn_id       p       t2      rh2      spd      dir      vis    rain6   rain24   tmax24   tmin24 
 00001   964.63    28.82    64.85     1.57    95.36    17.90     1.13  9999.00  9999.00  9999.00
 00002   988.51    26.63    67.73     1.74   161.08    23.88     0.00  9999.00  9999.00  9999.00
 00003   899.02    21.71    73.37     2.83   220.43    15.88     0.95  9999.00  9999.00  9999.00
 00004   832.84    16.18    86.86     3.35   257.44     6.86     3.13  9999.00  9999.00  9999.00
 00005   865.74    18.44    67.64     5.40   244.08    24.45     2.29  9999.00  9999.00  9999.00
 00006   874.39    21.87    38.44     5.96   270.61    26.85     3.46  9999.00  9999.00  9999.00
 00007   999.53    25.96    61.90     3.96   215.65    25.82     0.18  9999.00  9999.00  9999.00
 00008   983.89    26.21    53.66     3.95   209.97    26.60     0.05  9999.00  9999.00  9999.00
 00009   941.21    14.81    75.38     1.52    47.74    28.49     0.09  9999.00  9999.00  9999.00
 00010   966.31    18.56    83.66     2.67   116.64    29.86     0.06  9999.00  9999.00  9999.00
 00011   990.98    26.81    52.11     3.52   185.53    27.30     0.00  9999.00  9999.00  9999.00
 00012  1003.38    28.03    56.60     4.58   197.35    23.18     0.07  9999.00  9999.00  9999.00
 00013  1007.50    27.57    61.46     0.75    71.84    23.69     0.15  9999.00  9999.00  9999.00
 00014  1004.09    27.69    73.87     0.90   246.72    24.60     0.38  9999.00  9999.00  9999.00
 00015   990.68    28.84    44.71     3.12   211.08    19.89     0.00  9999.00  9999.00  9999.00
 00016   947.88    30.18    50.40     0.46   136.77    24.47     0.06  9999.00  9999.00  9999.00
 00017   991.33    28.94    58.79     4.02   186.35    22.46     0.27  9999.00  9999.00  9999.00
 00018  1005.92    28.12    61.55     1.57   138.24    23.17     0.00  9999.00  9999.00  9999.00
 00019   931.80    22.55    89.13     3.22    70.77     1.83     4.00  9999.00  9999.00  9999.00
 00020  1010.63    25.63    79.47     2.92    85.51    17.03     0.50  9999.00  9999.00  9999.00
 00021   891.22    17.24    48.30     3.53   190.77    26.49     0.00  9999.00  9999.00  9999.00
 00022  1006.75    29.70    43.16     4.66   199.50    20.96     0.00  9999.00  9999.00  9999.00
 00023   917.89    18.21    33.60     2.01    63.21    23.04     0.00  9999.00  9999.00  9999.00
 00024   943.27    17.96    43.01     3.86   296.94    25.09     0.01  9999.00  9999.00  9999.00
 00025   794.14    22.80    61.26     3.28   214.19    24.81     1.08  9999.00  9999.00  9999.00
 00026  1005.04    29.77    65.04     0.58    29.35    24.47     0.00  9999.00  9999.00  9999.00
 00027  1000.18    30.56    64.15     1.79   166.39    24.60     0.04  9999.00  9999.00  9999.00
 00028   969.10    29.87    66.23     2.78   183.83    24.00     0.51  9999.00  9999.00  9999.00
 00029  1003.34    28.77    78.64     2.47   129.40    13.69     1.38  9999.00  9999.00  9999.00
 00030   991.72    30.00    77.45     1.81   134.74    26.84     0.52  9999.00  9999.00  9999.00
 00031   575.76    11.78    49.24     1.45   184.01    25.30     0.41  9999.00  9999.00  9999.00
 00032   974.77    26.09    81.21     1.90    94.52    16.80     1.26  9999.00  9999.00  9999.00
 00033  1005.23    21.72    98.52     5.11   101.29     2.28     0.22  9999.00  9999.00  9999.00
 00034  1007.77    27.17    85.89     2.37   215.15    29.68     2.71  9999.00  9999.00  9999.00
 00035  1004.59    28.66    82.56     3.06   102.96    18.33     2.45  9999.00  9999.00  9999.00
 00036   773.70    22.28    61.42     3.08   195.35    24.01     0.25  9999.00  9999.00  9999.00
 00037   965.20    26.78    77.13     1.34   142.89    18.76     1.03  9999.00  9999.00  9999.00
 00038   991.72    30.24    66.49     1.19   188.17    24.26     0.16  9999.00  9999.00  9999.00
 00039  1005.75    26.36    84.95     4.04   125.41    22.44     0.05  9999.00  9999.00  9999.00
 00040  1003.63    27.58    81.06     3.28   141.19    19.51     0.27  9999.00  9999.00  9999.00
 00041   966.91    27.08    66.30     0.41   182.41    22.70     1.40  9999.00  9999.00  9999.00
 00042  1007.27    28.49    62.25     1.00    25.64    24.10     0.25  9999.00  9999.00  9999.00
 00043   998.59    30.09    60.76     0.72   307.62    24.96     0.02  9999.00  9999.00  9999.00
 00044   980.76    28.70    65.38     1.33   313.80    24.16     0.61  9999.00  9999.00  9999.00
 00045  1003.63    27.58    81.06     3.28   141.19    19.51     0.27  9999.00  9999.00  9999.00
 00046   939.68    26.97    71.42     1.49   274.47    24.72     1.36  9999.00  9999.00  9999.00
 00047   998.47    26.19    83.45     3.40   129.12     9.99     0.35  9999.00  9999.00  9999.00
 00048   606.73    13.11    47.44     1.55   173.06    29.91     0.02  9999.00  9999.00  9999.00
 00049   579.85    10.20    55.39     2.90   211.18    25.17     0.05  9999.00  9999.00  9999.00
 00050   998.08    28.04    77.83     2.58   133.43    11.78     0.53  9999.00  9999.00  9999.00
