stn_id       p       t2      rh2      spd      dir      vis    rain6   rain24   tmax24   tmin24 
 00001   972.49    21.66    70.52     1.85    62.63    23.62     0.00     0.02    25.58    16.41
 00002  1000.44    15.93    50.82     1.36   169.18    22.84     0.00     0.00    20.65     8.28
 00003   906.61    14.82    46.15     1.79   190.71    21.82     0.00     0.00    20.02     4.45
 00004   838.02     6.37    59.09     2.34   179.01    21.93     0.00     0.00    15.54     2.71
 00005   871.79     9.40    50.31     2.78   182.08    24.78     0.00     0.00    16.84     4.17
 00006   880.91    12.12    34.26     6.29   209.87    25.96     0.00     0.00    20.13     1.05
 00007  1010.17     7.11    63.54     2.23   168.08    25.28     0.00     0.00    13.79     1.98
 00008   993.36     4.75    58.89     2.27   246.96    26.96     0.00     0.00    12.26     1.70
 00009   946.27    -1.81    71.99     2.26   133.38    32.85     0.00     0.00     4.79    -3.67
 00010   969.55     5.67    46.44     4.02   285.99    27.15     0.00     0.00    10.60     2.07
 00011   999.69     4.51    54.46     2.61   283.19    28.43     0.00     0.00     9.75     2.14
 00012  1016.01    12.76    59.87     2.31   191.82    23.08     0.00     0.00    19.97     5.98
 00013  1017.76    16.49    76.36     2.13    95.39    22.22     0.00     0.00    24.49    13.44
 00014  1014.51    16.38    85.19     2.09    63.00    22.89     0.00     0.00    24.35    12.05
 00015  1000.89    16.16    70.67     2.24   160.05    20.11     0.00     0.00    23.06    10.59
 00016   956.42    17.08    77.43     1.40   123.97    21.40     0.00     0.00    22.45     9.07
 00017  1002.30    15.88    81.84     2.26   129.11    21.04     0.00     0.00    22.49    11.74
 00018  1016.16    17.81    81.62     2.09   109.17    21.75     0.00     0.00    25.25    12.89
 00019   938.94    17.47    91.09     0.97    46.59    24.23     0.05     0.66    19.11    16.55
 00020  1020.99    14.96    94.01     2.10    55.51    21.58     0.00     0.05    22.88    13.59
 00021   897.30     5.56    65.11     3.12   185.73    23.15     0.08     0.08    10.02     1.77
 00022  1019.42    13.35    57.06     2.19   172.22    21.40     0.00     0.00    20.46     7.06
 00023   926.00     4.71    64.25     1.82   268.15    21.48     0.00     0.03     8.93     0.02
 00024   950.96     5.32    76.15     3.23   299.64    23.79     0.48     2.88     8.17     2.53
 00025   797.98    14.80    86.40     1.46   208.71    24.58     0.14     0.36    19.18    12.21
 00026  1014.89    18.39    69.82     2.18    47.25    22.60     0.00     0.00    25.78    13.45
 00027  1010.05    19.62    67.02     2.43   108.24    22.41     0.00     0.00    26.57    13.04
 00028   978.39    20.18    65.19     1.87   117.04    21.70     0.00     0.00    25.41    12.49
 00029  1010.62    23.69    74.27     1.96    78.36    25.68     0.00     0.00    28.09    19.23
 00030   999.13    24.78    69.13     2.32    68.56    28.47     0.00     0.01    27.99    19.53
 00031   572.94     2.69    19.17     2.46   219.02    29.17     0.00     0.01     8.12    -5.42
 00032   984.27    15.55    87.81     1.69    29.87    21.64     0.00     0.00    23.34    12.99
 00033  1010.55    22.25    90.92     9.33    67.23     5.05    11.18    15.71    22.93    21.37
 00034  1010.84    26.53    86.91     5.73   109.51     5.73     5.16    68.59    27.17    26.14
 00035  1009.54    24.74    89.61     6.83    62.98    10.07     3.90    12.74    26.99    23.73
 00036   777.16    13.66    78.36     1.84   183.39    24.36     0.04     2.87    17.01    10.14
 00037   974.53    15.32    85.95     1.49    51.60    21.56     0.00     0.00    24.04    12.73
 00038  1000.90    19.58    68.23     1.79    92.21    24.23     0.00     0.00    26.65    15.78
 00039  1014.86    22.41    72.76     8.84    38.68    23.61     0.00     0.00    24.56    20.66
 00040  1012.11    22.40    71.23     6.68    58.56    25.03     0.00     0.00    26.08    19.92
 00041   976.17    15.99    77.30     1.99    26.36    21.67     0.00     0.00    23.20    11.58
 00042  1017.60    18.54    79.17     1.90    81.36    22.31     0.00     0.00    24.73    11.97
 00043  1008.32    17.22    74.73     2.05    56.67    23.09     0.00     0.00    25.04    14.38
 00044   990.16    16.28    69.01     2.10    68.97    22.16     0.00     0.00    23.69    12.16
 00045  1012.11    22.40    71.23     6.68    58.56    25.03     0.00     0.00    26.08    19.92
 00046   946.83    16.98    74.80     1.60    50.22    23.10     0.00     0.00    24.00    12.16
 00047  1008.94    19.42    81.50     2.43    56.08    22.25     0.00     0.00    23.53    15.55
 00048   604.12     7.40    29.68     1.16    99.73    33.03     0.07     0.11     8.67    -3.45
 00049   578.84    -1.38    89.57     2.02   196.57    22.55     0.23     0.83     3.09    -3.65
 00050  1007.46    19.90    75.88     4.51    28.16    23.06     0.00     0.00    26.34    17.80
