stn_id       p       t2      rh2      spd      dir      vis    rain6   rain24   tmax24   tmin24 
 00001   976.65    15.65    87.34     2.30    44.90    23.79  9999.00  9999.00  9999.00  9999.00
 00002   993.74    12.42    76.63     1.67   250.69    22.82  9999.00  9999.00  9999.00  9999.00
 00003   904.35     7.65    60.87     1.57   291.70    21.88  9999.00  9999.00  9999.00  9999.00
 00004   837.10     5.60    46.58     2.84   260.51    22.01  9999.00  9999.00  9999.00  9999.00
 00005   870.92     6.27    44.64     1.49   173.60    24.84  9999.00  9999.00  9999.00  9999.00
 00006   881.51     5.93    47.08     2.53   336.91    26.03  9999.00  9999.00  9999.00  9999.00
 00007  1000.35    10.38    92.57     2.72   199.11    25.19  9999.00  9999.00  9999.00  9999.00
 00008   982.02    11.10    86.19     5.15   211.04    26.80  9999.00  9999.00  9999.00  9999.00
 00009   938.16     0.61    63.09     7.18   312.71    27.87  9999.00  9999.00  9999.00  9999.00
 00010   961.91     5.32    95.90     1.23   252.55    27.20  9999.00  9999.00  9999.00  9999.00
 00011   986.03    12.58    73.10     6.25   201.98    28.15  9999.00  9999.00  9999.00  9999.00
 00012  1007.99    13.04    53.23     1.92   188.52    22.95  9999.00  9999.00  9999.00  9999.00
 00013  1012.20    17.04    74.79     2.92   231.69    22.22  9999.00  9999.00  9999.00  9999.00
 00014  1009.78    14.48    90.24     1.60   237.82    22.96  9999.00  9999.00  9999.00  9999.00
 00015   994.83    12.62    69.65     1.87   176.98    19.99  9999.00  9999.00  9999.00  9999.00
 00016   959.15    11.11    86.65     1.68   187.19    21.61  9999.00  9999.00  9999.00  9999.00
 00017   997.48    15.89    60.64     2.86   251.83    21.01  9999.00  9999.00  9999.00  9999.00
 00018  1011.42    16.56    82.50     2.65   233.61    21.75  9999.00  9999.00  9999.00  9999.00
 00019   941.76    16.84    89.66     1.21   238.20    25.60  9999.00  9999.00  9999.00  9999.00
 00020  1014.81    16.60    83.67     2.71   264.91    21.56  9999.00  9999.00  9999.00  9999.00
 00021   893.65    10.78    61.38     1.80   322.82    25.82  9999.00  9999.00  9999.00  9999.00
 00022  1011.35    13.96    48.36     2.80   225.90    21.24  9999.00  9999.00  9999.00  9999.00
 00023   925.28     4.54    93.50     5.01   270.66     2.75  9999.00  9999.00  9999.00  9999.00
 00024   946.22     6.97    83.58     7.91   294.29    21.34  9999.00  9999.00  9999.00  9999.00
 00025   798.39    13.37    88.73     1.44   113.76    21.04  9999.00  9999.00  9999.00  9999.00
 00026  1013.05    16.25    90.41     2.17   251.59    22.71  9999.00  9999.00  9999.00  9999.00
 00027  1009.54    17.58    72.34     1.16    87.70    22.54  9999.00  9999.00  9999.00  9999.00
 00028   978.69    17.65    78.21     0.67   143.89    21.87  9999.00  9999.00  9999.00  9999.00
 00029  1008.13    23.79    68.70     2.01    24.67    25.63  9999.00  9999.00  9999.00  9999.00
 00030   999.36    20.31    78.57     2.00   336.93    28.45  9999.00  9999.00  9999.00  9999.00
 00031   574.27     1.65    28.52     3.08   216.29    28.93  9999.00  9999.00  9999.00  9999.00
 00032   980.00    18.97    91.31     1.16    68.67    19.55  9999.00  9999.00  9999.00  9999.00
 00033  1010.40    22.86    90.04     3.27    72.80    28.85  9999.00  9999.00  9999.00  9999.00
 00034  1010.39    26.63    88.46     7.98    45.16     1.43  9999.00  9999.00  9999.00  9999.00
 00035  1009.62    24.10    83.18     2.55    29.68    28.49  9999.00  9999.00  9999.00  9999.00
 00036   779.24    11.94    83.66     1.10    20.61    20.67  9999.00  9999.00  9999.00  9999.00
 00037   970.26    19.09    92.46     1.03    85.73    20.97  9999.00  9999.00  9999.00  9999.00
 00038   997.30    21.35    92.65     0.44   204.12    19.29  9999.00  9999.00  9999.00  9999.00
 00039  1011.01    23.50    80.99     6.10    46.01    17.38  9999.00  9999.00  9999.00  9999.00
 00040  1008.43    23.72    86.66     2.78    46.90    17.33  9999.00  9999.00  9999.00  9999.00
 00041   972.57    13.59    85.39     1.55   243.19    21.74  9999.00  9999.00  9999.00  9999.00
 00042  1012.92    15.22    87.12     2.01   231.18    22.33  9999.00  9999.00  9999.00  9999.00
 00043  1006.80    17.20    85.95     1.30   195.80    23.20  9999.00  9999.00  9999.00  9999.00
 00044   987.48    14.65    94.74     1.25   247.97    22.28  9999.00  9999.00  9999.00  9999.00
 00045  1008.43    23.72    86.66     2.78    46.90    17.33  9999.00  9999.00  9999.00  9999.00
 00046   944.53    16.57    85.80     1.36    49.03    23.13  9999.00  9999.00  9999.00  9999.00
 00047  1004.45    19.70    86.49     0.86   147.41    22.29  9999.00  9999.00  9999.00  9999.00
 00048   606.27     0.58    79.43     1.73   125.63    32.92  9999.00  9999.00  9999.00  9999.00
 00049   579.32    -1.87    97.41     0.46   163.50    13.49  9999.00  9999.00  9999.00  9999.00
 00050  1003.41    21.90    83.03     3.47    39.73    21.76  9999.00  9999.00  9999.00  9999.00
