stn_id       p       t2      rh2      spd      dir      vis    rain6   rain24   tmax24   tmin24 
 00001   961.59    27.24    82.94     0.59   244.33    25.38  9999.00  9999.00  9999.00  9999.00
 00002   988.00    24.37    94.93     2.99   134.23     0.93  9999.00  9999.00  9999.00  9999.00
 00003   897.66    23.56    73.63     4.31    35.22    20.82  9999.00  9999.00  9999.00  9999.00
 00004   832.29    16.25    91.63     3.84    68.48     4.12  9999.00  9999.00  9999.00  9999.00
 00005   867.68    21.94    63.64     2.19   120.49    26.59  9999.00  9999.00  9999.00  9999.00
 00006   877.67    25.81    45.63     1.31   161.37    26.53  9999.00  9999.00  9999.00  9999.00
 00007  1002.97    23.44    93.60     3.48   202.51     2.10  9999.00  9999.00  9999.00  9999.00
 00008   986.85    22.66    93.96     6.13   220.87     2.09  9999.00  9999.00  9999.00  9999.00
 00009   940.23    20.02    86.33     1.03     2.73    25.20  9999.00  9999.00  9999.00  9999.00
 00010   966.26    29.64    56.53     2.84   260.75    27.17  9999.00  9999.00  9999.00  9999.00
 00011   991.70    25.86    72.67     7.31   207.77    27.52  9999.00  9999.00  9999.00  9999.00
 00012  1005.70    23.86    94.55     3.08    69.35     7.68  9999.00  9999.00  9999.00  9999.00
 00013   999.60    25.20    91.48     8.81   114.38     4.71  9999.00  9999.00  9999.00  9999.00
 00014   997.39    26.90    89.68     5.58   118.59     4.56  9999.00  9999.00  9999.00  9999.00
 00015   988.51    27.36    72.36     5.08   146.98    23.09  9999.00  9999.00  9999.00  9999.00
 00016   945.08    25.95    79.87     0.34   236.11    23.16  9999.00  9999.00  9999.00  9999.00
 00017   986.78    29.31    69.86     4.39    86.73    24.67  9999.00  9999.00  9999.00  9999.00
 00018   995.70    25.36    91.47     8.51   102.59     0.74  9999.00  9999.00  9999.00  9999.00
 00019   926.90    28.54    73.78     1.15   177.62    27.90  9999.00  9999.00  9999.00  9999.00
 00020  1006.89    25.33    89.66     7.48   124.06     8.75  9999.00  9999.00  9999.00  9999.00
 00021   884.44    24.41    41.41     2.44   207.99    26.10  9999.00  9999.00  9999.00  9999.00
 00022  1008.04    24.10    94.52     1.94    64.43    13.61  9999.00  9999.00  9999.00  9999.00
 00023   911.29    21.78    59.52     3.39   286.20    21.71  9999.00  9999.00  9999.00  9999.00
 00024   934.86    20.30    63.48     6.19   301.78    23.78  9999.00  9999.00  9999.00  9999.00
 00025   791.09    18.95    78.63     2.46    45.60    21.28  9999.00  9999.00  9999.00  9999.00
 00026   993.60    26.67    91.29     3.62   211.66     1.52  9999.00  9999.00  9999.00  9999.00
 00027   990.94    29.33    76.91     3.32   309.91    13.09  9999.00  9999.00  9999.00  9999.00
 00028   963.11    28.15    81.48     1.25   257.18    26.77  9999.00  9999.00  9999.00  9999.00
 00029   995.11    28.34    80.92     2.51   158.00    28.27  9999.00  9999.00  9999.00  9999.00
 00030   983.89    28.95    80.36     2.32    66.82    22.08  9999.00  9999.00  9999.00  9999.00
 00031   573.01    10.10    63.46     1.27   229.40    22.02  9999.00  9999.00  9999.00  9999.00
 00032   969.05    24.84    93.39     1.62   140.09    15.37  9999.00  9999.00  9999.00  9999.00
 00033   997.69    23.57    97.84     2.13   117.08     1.47  9999.00  9999.00  9999.00  9999.00
 00034  1001.74    28.55    87.81     5.21   212.49    34.90  9999.00  9999.00  9999.00  9999.00
 00035   996.99    31.20    74.57     1.43   229.33    32.07  9999.00  9999.00  9999.00  9999.00
 00036   773.02    21.22    64.23     1.38    11.91    24.50  9999.00  9999.00  9999.00  9999.00
 00037   959.50    25.22    94.37     1.58   129.64     8.93  9999.00  9999.00  9999.00  9999.00
 00038   985.55    27.10    89.92     1.99   150.37    23.85  9999.00  9999.00  9999.00  9999.00
 00039   999.75    26.33    91.06     6.53   187.53    14.72  9999.00  9999.00  9999.00  9999.00
 00040   996.97    27.45    88.89     4.56   169.41    22.36  9999.00  9999.00  9999.00  9999.00
 00041   957.10    24.49    91.10     5.04   136.85     4.24  9999.00  9999.00  9999.00  9999.00
 00042   997.76    25.89    90.57     7.41   109.91     0.74  9999.00  9999.00  9999.00  9999.00
 00043   987.48    30.45    71.63     4.72   225.75    26.89  9999.00  9999.00  9999.00  9999.00
 00044   971.38    26.10    88.66     2.63   142.47     0.35  9999.00  9999.00  9999.00  9999.00
 00045   996.97    27.45    88.89     4.56   169.41    22.36  9999.00  9999.00  9999.00  9999.00
 00046   932.26    23.13    98.23     2.85   174.98     1.75  9999.00  9999.00  9999.00  9999.00
 00047   993.81    25.35    94.49     6.74   142.89    13.63  9999.00  9999.00  9999.00  9999.00
 00048   603.88    11.31    73.47     0.62   131.20    12.73  9999.00  9999.00  9999.00  9999.00
 00049   576.79     8.94    71.84     0.88   201.91    21.44  9999.00  9999.00  9999.00  9999.00
 00050   992.09    27.38    87.49     5.67   185.42    15.89  9999.00  9999.00  9999.00  9999.00
