stn_id       p       t2      rh2      spd      dir      vis    rain6   rain24   tmax24   tmin24 
 00001   959.65    25.23    92.18     1.57    35.00     9.62  9999.00  9999.00  9999.00  9999.00
 00002   987.71    24.41    87.03     1.27   313.52    26.64  9999.00  9999.00  9999.00  9999.00
 00003   897.73    20.12    94.89     2.23    38.12    25.88  9999.00  9999.00  9999.00  9999.00
 00004   831.77    16.22    97.59     1.14    96.11     1.28  9999.00  9999.00  9999.00  9999.00
 00005   866.40    17.26    94.29     1.12    66.69    17.46  9999.00  9999.00  9999.00  9999.00
 00006   876.49    19.26    69.24     1.99   202.84    26.34  9999.00  9999.00  9999.00  9999.00
 00007  1000.21    22.95    87.13     5.03   180.94    24.35  9999.00  9999.00  9999.00  9999.00
 00008   983.60    22.85    88.36     5.11   206.94    24.26  9999.00  9999.00  9999.00  9999.00
 00009   935.94    15.27    99.12     1.05    91.14     6.37  9999.00  9999.00  9999.00  9999.00
 00010   964.48    20.75    87.84     1.67   231.00    27.01  9999.00  9999.00  9999.00  9999.00
 00011   989.41    22.49    93.08     4.24   216.55    27.64  9999.00  9999.00  9999.00  9999.00
 00012  1003.72    23.57    96.00     1.47    28.89    25.20  9999.00  9999.00  9999.00  9999.00
 00013  1001.98    24.94    88.96     4.86    93.34    27.00  9999.00  9999.00  9999.00  9999.00
 00014   997.91    23.35    98.71     4.10    73.08     2.82  9999.00  9999.00  9999.00  9999.00
 00015   988.65    24.53    91.54     2.73   159.67    23.27  9999.00  9999.00  9999.00  9999.00
 00016   944.59    23.50    95.75     0.84   138.33     1.90  9999.00  9999.00  9999.00  9999.00
 00017   987.63    24.97    94.96     2.05    85.30    17.27  9999.00  9999.00  9999.00  9999.00
 00018   999.95    24.54    89.87     4.82    93.74    23.12  9999.00  9999.00  9999.00  9999.00
 00019   926.83    21.72    90.23     1.41   114.05    20.29  9999.00  9999.00  9999.00  9999.00
 00020  1006.02    23.08    96.17     5.77   114.46     1.03  9999.00  9999.00  9999.00  9999.00
 00021   879.33    25.00    35.76     1.75   162.16    25.86  9999.00  9999.00  9999.00  9999.00
 00022  1006.11    24.26    88.05     2.17   100.38    23.71  9999.00  9999.00  9999.00  9999.00
 00023   905.88    25.82    24.90     4.01   235.44    21.42  9999.00  9999.00  9999.00  9999.00
 00024   926.73    26.17    24.01     2.53   139.25    23.43  9999.00  9999.00  9999.00  9999.00
 00025   788.67    16.31    98.96     1.15   317.27    21.00  9999.00  9999.00  9999.00  9999.00
 00026   994.85    25.11    85.47     4.41    35.29    24.34  9999.00  9999.00  9999.00  9999.00
 00027   991.15    25.68    95.15     2.36   138.34    28.45  9999.00  9999.00  9999.00  9999.00
 00028   962.09    24.35    95.89     1.66    99.30    26.73  9999.00  9999.00  9999.00  9999.00
 00029   990.24    27.16    89.45     2.06   297.01    29.65  9999.00  9999.00  9999.00  9999.00
 00030   981.81    25.74    91.44     1.59   232.85    31.47  9999.00  9999.00  9999.00  9999.00
 00031   574.28     5.87    87.98     1.05   221.42     3.92  9999.00  9999.00  9999.00  9999.00
 00032   959.66    22.67    98.57     7.27    51.04     0.42  9999.00  9999.00  9999.00  9999.00
 00033   995.41    23.37    97.63     4.25   253.79     0.51  9999.00  9999.00  9999.00  9999.00
 00034   999.62    28.21    89.60     7.07   222.50    34.92  9999.00  9999.00  9999.00  9999.00
 00035   994.91    25.60    96.18     1.45   237.25    24.87  9999.00  9999.00  9999.00  9999.00
 00036   771.09    15.92    96.54     0.84    30.17    20.47  9999.00  9999.00  9999.00  9999.00
 00037   950.48    23.01    98.92     5.85    55.95     0.58  9999.00  9999.00  9999.00  9999.00
 00038   974.08    25.44    88.55     3.18   285.92     5.65  9999.00  9999.00  9999.00  9999.00
 00039   980.45    25.19    91.00    17.49    70.99     0.21  9999.00  9999.00  9999.00  9999.00
 00040   985.94    27.33    78.85     4.76   256.57    26.53  9999.00  9999.00  9999.00  9999.00
 00041   959.45    23.27    93.61     2.73    50.80    25.15  9999.00  9999.00  9999.00  9999.00
 00042  1000.88    24.75    89.72     5.43    87.37    27.48  9999.00  9999.00  9999.00  9999.00
 00043   988.07    25.33    86.64     3.77    36.12    23.05  9999.00  9999.00  9999.00  9999.00
 00044   970.37    23.78    95.12     3.94    46.98     3.52  9999.00  9999.00  9999.00  9999.00
 00045   985.94    27.33    78.85     4.76   256.57    26.53  9999.00  9999.00  9999.00  9999.00
 00046   925.83    23.45    86.74     3.25   350.51    18.15  9999.00  9999.00  9999.00  9999.00
 00047   989.92    23.52    98.75     6.50    86.45     4.00  9999.00  9999.00  9999.00  9999.00
 00048   604.57     8.52    87.26     0.86   173.94     5.26  9999.00  9999.00  9999.00  9999.00
 00049   577.75     4.39    98.33     1.26   199.54     3.82  9999.00  9999.00  9999.00  9999.00
 00050   975.64    24.22    95.84    11.95    28.87     0.31  9999.00  9999.00  9999.00  9999.00
