stn_id       p       t2      rh2      spd      dir      vis    rain6   rain24   tmax24   tmin24 
 00001   959.48    27.16    84.47     1.31   226.12    25.65     0.14     7.39    29.09    24.92
 00002   988.16    24.96    88.44     2.83    77.51     6.10     3.23     6.17    31.95    24.40
 00003   897.34    20.73    93.32     3.15    67.17     2.06    10.52    27.25    25.97    20.08
 00004   831.23    15.49    98.09     2.76    99.02     0.41    32.61    69.54    17.95    15.42
 00005   865.90    19.68    74.49     1.75   139.64    26.53     0.00     6.71    22.78    17.15
 00006   876.12    22.07    62.34     5.41   171.72    26.43     0.00     0.03    27.10    19.07
 00007  1001.17    25.37    78.44     5.48   188.20    25.20     0.69     1.12    29.86    22.54
 00008   983.47    26.16    75.40     6.09   214.33    26.21     0.01    10.44    27.08    22.65
 00009   936.98    18.45    96.25     2.07    23.88    35.88     0.24     6.45    23.62    14.42
 00010   965.07    23.94    83.75     1.51   219.94    27.13     0.05     0.17    29.72    20.44
 00011   990.44    22.76    90.96     3.36   237.11    10.58     2.31     2.88    26.99    22.37
 00012  1004.92    25.28    88.86     1.25    69.86     2.56     0.92     9.19    29.19    23.51
 00013  1000.83    25.78    87.28     6.94   111.89    26.87     0.59     1.54    27.10    24.72
 00014   997.53    25.27    91.53     5.85    91.76     5.71     1.64    16.44    27.62    23.30
 00015   988.25    27.29    73.89     3.12   126.59    20.83     0.32     0.47    31.15    24.51
 00016   943.78    24.23    94.45     0.53    80.29     9.08     5.94    19.22    26.78    23.30
 00017   986.74    27.49    75.68     2.50    83.71    20.55     0.76     5.09    31.02    24.87
 00018   998.14    26.19    87.18     5.88    86.41    26.82     0.20     0.96    29.05    24.39
 00019   925.27    26.27    82.11     1.73   220.47    27.88     0.02    10.81    29.93    20.84
 00020  1006.62    23.90    90.40     7.15   119.80    16.28     2.21    22.78    24.88    23.01
 00021   881.08    27.43    29.90     7.11   321.68    25.94     0.11     0.23    35.70    24.50
 00022  1007.33    25.20    90.36     2.16    59.74    10.55     2.87     6.36    31.78    24.23
 00023   909.04    22.43    60.28     1.56   287.83    21.62     4.65     6.02    36.59    19.15
 00024   930.55    23.53    53.39     9.52   299.80    23.62     0.09     0.12    37.38    23.47
 00025   789.59    18.50    90.73     1.34    92.64     8.72    15.21    24.45    24.47    16.02
 00026   991.11    27.09    80.53     6.43    21.10    21.95     0.18     4.02    30.56    24.66
 00027   988.41    28.60    80.34     3.31   347.93    27.50     1.34     2.85    31.88    25.41
 00028   960.52    27.20    83.60     1.95    24.41    26.52     0.47     1.95    29.58    24.19
 00029   990.59    29.20    84.71     1.77   195.94    29.64     1.23     1.54    34.03    27.07
 00030   980.58    29.49    84.90     1.17   141.12    31.45     0.15     0.50    33.25    25.56
 00031   572.42    10.46    64.62     1.71   187.82    18.49     0.60     7.19    12.45     4.75
 00032   963.73    22.07    99.45     3.21   125.99     0.41    22.49   129.17    23.15    21.55
 00033   995.28    24.39    95.54     3.35   211.51     0.43     0.05     0.13    26.16    21.91
 00034  1000.01    28.36    90.07     6.05   204.67    34.91     0.00    -0.00    29.02    28.06
 00035   994.95    28.09    89.24     1.60   292.16    19.14     4.13     5.23    33.48    25.48
 00036   770.86    20.78    64.87     1.53   313.34    24.61     1.81     8.06    23.70    15.23
 00037   953.97    22.62    99.65     2.85   115.69     0.38    23.18   125.39    23.43    22.12
 00038   979.54    26.74    90.81     1.58   158.42     9.62     1.39    40.51    29.01    24.53
 00039   993.98    25.85    94.25     8.01   174.10    13.54     6.33    93.54    26.69    24.85
 00040   991.16    26.86    92.26     5.50   207.85    28.47     1.87     3.35    30.02    26.79
 00041   957.42    24.70    89.59     4.30    86.70     8.77     2.84     6.00    28.66    23.21
 00042   999.21    26.02    86.94     7.06    96.95    27.10     0.03     1.93    27.21    24.54
 00043   984.32    27.27    80.20     5.55    21.11    22.71    10.88    13.76    30.20    24.96
 00044   967.04    24.13    88.14     5.86    66.57     0.75    10.52    18.56    27.38    23.75
 00045   991.16    26.86    92.26     5.50   207.85    28.47     1.87     3.35    30.02    26.79
 00046   926.50    22.53    99.09     2.54   222.52     1.38    11.17    15.70    25.04    22.50
 00047   990.94    24.08    96.80     8.79   116.88     1.82    18.43    69.55    24.56    23.23
 00048   602.16    14.69    53.45     0.87   213.96    27.18     0.33    11.32    15.27     7.91
 00049   576.45     6.20    93.76     1.85   205.23     5.99     3.74     7.21     8.63     4.20
 00050   986.38    25.33    96.00     6.53   170.90     8.98    11.10    91.32    25.96    23.61
