stn_id       p       t2      rh2      spd      dir      vis    rain6   rain24   tmax24   tmin24 
 00001   960.35    28.96    77.05     2.68    95.56    26.75  9999.00  9999.00  9999.00  9999.00
 00002   986.85    34.41    43.75     3.43   143.65    27.19  9999.00  9999.00  9999.00  9999.00
 00003   897.57    32.56    31.69     3.79   157.89    25.83  9999.00  9999.00  9999.00  9999.00
 00004   833.65    20.56    78.98     2.87    61.18    15.22  9999.00  9999.00  9999.00  9999.00
 00005   866.72    26.80    52.91     0.75   108.14    26.49  9999.00  9999.00  9999.00  9999.00
 00006   878.11    22.01    72.44     5.03   267.72    21.34  9999.00  9999.00  9999.00  9999.00
 00007  1000.12    27.77    71.80     6.72   198.56    25.21  9999.00  9999.00  9999.00  9999.00
 00008   982.85    28.48    63.96     6.79   226.32    26.12  9999.00  9999.00  9999.00  9999.00
 00009   936.71    22.54    79.85     1.42   214.58    35.94  9999.00  9999.00  9999.00  9999.00
 00010   964.09    29.17    64.40     0.74   276.08    27.00  9999.00  9999.00  9999.00  9999.00
 00011   988.29    25.51    79.60     6.18   221.92     9.17  9999.00  9999.00  9999.00  9999.00
 00012  1003.02    31.73    63.16     2.59   160.17    25.42  9999.00  9999.00  9999.00  9999.00
 00013  1004.04    29.08    74.45     5.13   105.36    23.85  9999.00  9999.00  9999.00  9999.00
 00014  1000.52    26.91    85.56     3.66    92.86    18.91  9999.00  9999.00  9999.00  9999.00
 00015   988.72    31.91    51.60     2.32   134.19    23.38  9999.00  9999.00  9999.00  9999.00
 00016   946.78    27.26    75.10     1.17    96.84    11.53  9999.00  9999.00  9999.00  9999.00
 00017   988.22    32.83    54.97     3.30   106.76    26.15  9999.00  9999.00  9999.00  9999.00
 00018  1001.11    30.55    70.85     5.62    97.75    27.08  9999.00  9999.00  9999.00  9999.00
 00019   926.76    24.96    85.76     3.80    79.28    21.06  9999.00  9999.00  9999.00  9999.00
 00020  1008.34    25.73    88.97     4.94   119.11    22.48  9999.00  9999.00  9999.00  9999.00
 00021   880.72    34.36    20.24     5.73   196.49    25.83  9999.00  9999.00  9999.00  9999.00
 00022  1005.84    33.15    53.75     3.10   164.14    23.75  9999.00  9999.00  9999.00  9999.00
 00023   905.19    37.92    10.91     3.88   287.22    21.36  9999.00  9999.00  9999.00  9999.00
 00024   929.28    37.77    12.52     1.50   133.08    23.42  9999.00  9999.00  9999.00  9999.00
 00025   789.78    22.07    72.34     2.68   274.06     9.36  9999.00  9999.00  9999.00  9999.00
 00026   996.92    31.23    70.64     4.18    53.97    28.87  9999.00  9999.00  9999.00  9999.00
 00027   993.02    30.83    77.06     3.16    21.15    25.65  9999.00  9999.00  9999.00  9999.00
 00028   963.42    29.90    71.15     3.66    30.21    26.95  9999.00  9999.00  9999.00  9999.00
 00029   991.40    32.71    65.49     3.25   326.20    29.69  9999.00  9999.00  9999.00  9999.00
 00030   982.96    33.82    57.50     1.11   122.20    31.50  9999.00  9999.00  9999.00  9999.00
 00031   574.03    14.76    53.60     1.78   181.36    22.72  9999.00  9999.00  9999.00  9999.00
 00032   965.64    23.27    97.06     6.31    56.51     3.38  9999.00  9999.00  9999.00  9999.00
 00033   996.85    23.70    94.05     5.21   265.57     0.08  9999.00  9999.00  9999.00  9999.00
 00034  1001.50    28.11    87.39     6.02   251.62    34.97  9999.00  9999.00  9999.00  9999.00
 00035   996.38    32.37    60.59     2.94   304.62    16.70  9999.00  9999.00  9999.00  9999.00
 00036   770.77    22.79    61.87     0.63   308.98    23.09  9999.00  9999.00  9999.00  9999.00
 00037   956.19    23.85    95.49     5.07    63.10     2.66  9999.00  9999.00  9999.00  9999.00
 00038   979.73    29.08    73.46     4.13    48.60    18.59  9999.00  9999.00  9999.00  9999.00
 00039   992.42    26.06    88.20    15.51    35.56    11.77  9999.00  9999.00  9999.00  9999.00
 00040   989.95    29.02    75.93     8.64    33.95    20.57  9999.00  9999.00  9999.00  9999.00
 00041   962.02    27.38    75.64     3.44   105.16    22.91  9999.00  9999.00  9999.00  9999.00
 00042  1002.70    29.59    75.71     4.73    89.12    25.59  9999.00  9999.00  9999.00  9999.00
 00043   990.10    30.69    72.98     4.40    56.60    29.40  9999.00  9999.00  9999.00  9999.00
 00044   973.61    29.55    68.69     4.04    75.37    27.48  9999.00  9999.00  9999.00  9999.00
 00045   989.95    29.02    75.93     8.64    33.95    20.57  9999.00  9999.00  9999.00  9999.00
 00046   929.61    27.46    73.41     3.67    47.41    27.83  9999.00  9999.00  9999.00  9999.00
 00047   993.94    23.59    98.47     5.88    70.66     0.84  9999.00  9999.00  9999.00  9999.00
 00048   604.41    14.92    62.18     1.17   220.96    18.33  9999.00  9999.00  9999.00  9999.00
 00049   579.28     7.84    82.94     2.94   206.37     7.38  9999.00  9999.00  9999.00  9999.00
 00050   985.97    26.12    86.98     9.77    33.24    17.23  9999.00  9999.00  9999.00  9999.00
