stn_id       p       t2      rh2      spd      dir      vis    rain6   rain24   tmax24   tmin24 
 00001   960.58    20.41    96.72     0.43   237.45    10.30  9999.00  9999.00  9999.00  9999.00
 00002   988.95    21.76    58.99     1.69   272.01    23.24  9999.00  9999.00  9999.00  9999.00
 00003   900.17    15.67    79.67     1.44    65.31    22.44  9999.00  9999.00  9999.00  9999.00
 00004   833.15    10.07    84.56     1.76   121.50    20.65  9999.00  9999.00  9999.00  9999.00
 00005   867.21    16.52    38.99     2.53   198.89    19.96  9999.00  9999.00  9999.00  9999.00
 00006   876.77    19.44    29.61     4.87   184.10    19.04  9999.00  9999.00  9999.00  9999.00
 00007   999.63    19.05    74.73     2.52   140.42    21.70  9999.00  9999.00  9999.00  9999.00
 00008   986.43    17.99    47.95     2.62    22.71    23.33  9999.00  9999.00  9999.00  9999.00
 00009   945.68     7.32    72.46     1.82   278.89    37.15  9999.00  9999.00  9999.00  9999.00
 00010   962.89    19.54    75.70     3.16   277.63    25.39  9999.00  9999.00  9999.00  9999.00
 00011   992.62    15.93    52.04     2.91   303.00    25.10  9999.00  9999.00  9999.00  9999.00
 00012  1003.58    24.49    44.57     1.30   239.32    20.84  9999.00  9999.00  9999.00  9999.00
 00013  1006.38    20.83    79.99     2.82   117.73    26.72  9999.00  9999.00  9999.00  9999.00
 00014  1004.21    21.35    84.49     2.59   204.09    12.18  9999.00  9999.00  9999.00  9999.00
 00015   990.05    22.52    59.12     1.54   160.05    21.99  9999.00  9999.00  9999.00  9999.00
 00016   945.70    20.00    78.89     2.31    70.72    24.18  9999.00  9999.00  9999.00  9999.00
 00017   990.31    21.09    75.56     1.18   280.38    25.00  9999.00  9999.00  9999.00  9999.00
 00018  1004.82    21.45    71.52     3.10   198.19    26.72  9999.00  9999.00  9999.00  9999.00
 00019   926.16    20.21    85.94     0.48   101.46    23.81  9999.00  9999.00  9999.00  9999.00
 00020  1010.30    20.36    97.44     2.89   126.37    21.79  9999.00  9999.00  9999.00  9999.00
 00021   883.47    13.16    39.48     2.62   156.69    25.46  9999.00  9999.00  9999.00  9999.00
 00022  1006.79    25.19    46.51     2.41   263.54    20.58  9999.00  9999.00  9999.00  9999.00
 00023   909.97    11.92    30.90     1.91   199.68    23.94  9999.00  9999.00  9999.00  9999.00
 00024   932.50    15.56    19.37     2.84   305.43    25.57  9999.00  9999.00  9999.00  9999.00
 00025   789.72    15.57    92.07     1.67   214.79    25.95  9999.00  9999.00  9999.00  9999.00
 00026  1001.40    20.44    94.21     3.23    58.72     0.59  9999.00  9999.00  9999.00  9999.00
 00027   994.97    22.52    95.07     2.24   129.26     6.84  9999.00  9999.00  9999.00  9999.00
 00028   964.04    20.97    99.12     1.70   349.73     4.72  9999.00  9999.00  9999.00  9999.00
 00029  1000.42    24.92    96.04     2.17   154.14     9.50  9999.00  9999.00  9999.00  9999.00
 00030   985.91    25.83    91.15     4.25   152.95    31.57  9999.00  9999.00  9999.00  9999.00
 00031   572.30     4.59    74.17     0.58   206.68    16.15  9999.00  9999.00  9999.00  9999.00
 00032   974.00    20.23    96.74     0.74    64.53    14.36  9999.00  9999.00  9999.00  9999.00
 00033  1001.47    23.73    91.57     4.82   175.04    31.33  9999.00  9999.00  9999.00  9999.00
 00034  1005.36    27.93    89.93     4.45   168.35    33.12  9999.00  9999.00  9999.00  9999.00
 00035  1001.35    26.86    92.14     3.86   183.60    31.01  9999.00  9999.00  9999.00  9999.00
 00036   769.06    15.34    92.03     1.07   132.00    22.60  9999.00  9999.00  9999.00  9999.00
 00037   964.40    20.40    97.17     0.58    56.10    12.67  9999.00  9999.00  9999.00  9999.00
 00038   991.26    23.07    98.54     1.09   107.73    17.41  9999.00  9999.00  9999.00  9999.00
 00039  1005.04    23.43    87.52     4.22    39.49    20.71  9999.00  9999.00  9999.00  9999.00
 00040  1002.55    24.28    97.29     1.60    64.52     6.57  9999.00  9999.00  9999.00  9999.00
 00041   965.98    17.84    87.00     2.86   132.34     1.73  9999.00  9999.00  9999.00  9999.00
 00042  1006.58    22.04    69.55     2.67   195.18    26.98  9999.00  9999.00  9999.00  9999.00
 00043   994.34    21.76    93.38     1.65    73.01     1.94  9999.00  9999.00  9999.00  9999.00
 00044   978.26    20.98    80.28     2.75    75.76    24.66  9999.00  9999.00  9999.00  9999.00
 00045  1002.55    24.28    97.29     1.60    64.52     6.57  9999.00  9999.00  9999.00  9999.00
 00046   937.20    20.73    97.67     1.87   143.51    13.95  9999.00  9999.00  9999.00  9999.00
 00047   998.43    21.42    96.43     2.12    23.64     1.75  9999.00  9999.00  9999.00  9999.00
 00048   603.77     2.73    94.60     1.22    30.86     2.87  9999.00  9999.00  9999.00  9999.00
 00049   574.70     1.39    97.96     0.81    56.08     1.90  9999.00  9999.00  9999.00  9999.00
 00050   997.38    22.31    89.03     1.88    28.18    22.95  9999.00  9999.00  9999.00  9999.00
