stn_id       p       t2      rh2      spd      dir      vis    rain6   rain24   tmax24   tmin24 
 00001   962.38    22.55    86.22     0.78   132.75    17.88  9999.00  9999.00  9999.00  9999.00
 00002   989.15    35.41    26.00     2.97   156.58    23.26  9999.00  9999.00  9999.00  9999.00
 00003   899.83    28.64    27.08     4.68   160.97    22.41  9999.00  9999.00  9999.00  9999.00
 00004   833.34    22.60    31.90     6.01   152.89    20.65  9999.00  9999.00  9999.00  9999.00
 00005   866.92    26.47    28.95     5.23   167.05    20.03  9999.00  9999.00  9999.00  9999.00
 00006   876.68    29.83    18.16     3.98   177.94    19.09  9999.00  9999.00  9999.00  9999.00
 00007  1000.09    28.58    53.46     1.17   229.16    21.77  9999.00  9999.00  9999.00  9999.00
 00008   986.55    26.32    28.56     2.93    30.45    23.34  9999.00  9999.00  9999.00  9999.00
 00009   945.62    19.63    37.85     2.38   317.40    37.12  9999.00  9999.00  9999.00  9999.00
 00010   962.01    27.18    49.63     5.47   292.86    25.38  9999.00  9999.00  9999.00  9999.00
 00011   992.51    25.50    22.41     6.18   312.43    25.08  9999.00  9999.00  9999.00  9999.00
 00012  1003.80    38.67    19.83     2.90   202.69    20.87  9999.00  9999.00  9999.00  9999.00
 00013  1006.20    27.10    58.77     2.73   139.66    26.73  9999.00  9999.00  9999.00  9999.00
 00014  1004.54    22.18    72.02     2.48   148.18    22.57  9999.00  9999.00  9999.00  9999.00
 00015   989.21    35.70    26.62     2.53    64.73    22.00  9999.00  9999.00  9999.00  9999.00
 00016   947.27    23.78    66.04     2.85    79.65    18.09  9999.00  9999.00  9999.00  9999.00
 00017   990.84    29.83    47.46     3.91   104.95    25.03  9999.00  9999.00  9999.00  9999.00
 00018  1004.10    27.27    52.73     4.34   114.42    26.72  9999.00  9999.00  9999.00  9999.00
 00019   927.62    23.27    71.18     0.92   106.32    27.10  9999.00  9999.00  9999.00  9999.00
 00020  1010.19    27.26    57.85     3.36   173.13    24.52  9999.00  9999.00  9999.00  9999.00
 00021   883.39    22.44    22.57     1.88   216.79    25.45  9999.00  9999.00  9999.00  9999.00
 00022  1006.79    38.50    21.05     0.87   132.60    20.61  9999.00  9999.00  9999.00  9999.00
 00023   909.73    21.96    18.32     1.07   337.10    23.90  9999.00  9999.00  9999.00  9999.00
 00024   932.52    22.90    19.69     5.39   298.57    25.56  9999.00  9999.00  9999.00  9999.00
 00025   790.78    22.55    61.26     5.95   259.38    25.96  9999.00  9999.00  9999.00  9999.00
 00026  1002.12    21.55    94.09     2.22    55.07     2.19  9999.00  9999.00  9999.00  9999.00
 00027   996.11    26.11    88.19     1.56   214.27    22.73  9999.00  9999.00  9999.00  9999.00
 00028   965.43    23.74    91.41     1.13   240.16    19.89  9999.00  9999.00  9999.00  9999.00
 00029  1001.43    29.54    78.76     4.39   164.49     9.68  9999.00  9999.00  9999.00  9999.00
 00030   987.46    30.70    72.33     5.34   172.12    32.01  9999.00  9999.00  9999.00  9999.00
 00031   573.69     6.91    60.92     0.78    36.47    19.05  9999.00  9999.00  9999.00  9999.00
 00032   975.01    22.51    88.26     1.33   104.08    18.89  9999.00  9999.00  9999.00  9999.00
 00033  1003.22    26.00    87.90     3.38   156.62    30.75  9999.00  9999.00  9999.00  9999.00
 00034  1007.15    27.86    88.39     5.13   144.96    33.17  9999.00  9999.00  9999.00  9999.00
 00035  1003.07    31.66    68.25     5.48   178.73    27.78  9999.00  9999.00  9999.00  9999.00
 00036   770.39    20.70    67.33     2.79   197.87    24.83  9999.00  9999.00  9999.00  9999.00
 00037   965.40    22.63    87.71     1.30   123.51    16.92  9999.00  9999.00  9999.00  9999.00
 00038   992.53    24.81    93.56     0.99   105.58    14.87  9999.00  9999.00  9999.00  9999.00
 00039  1006.14    24.54    90.33     1.82    84.08     8.21  9999.00  9999.00  9999.00  9999.00
 00040  1003.76    26.23    91.45     1.40   170.98     7.40  9999.00  9999.00  9999.00  9999.00
 00041   965.56    18.27    85.34     2.23   125.93     2.11  9999.00  9999.00  9999.00  9999.00
 00042  1005.84    25.90    59.58     4.03   126.94    26.98  9999.00  9999.00  9999.00  9999.00
 00043   995.15    23.14    94.58     1.29    29.42     0.16  9999.00  9999.00  9999.00  9999.00
 00044   978.97    20.80    93.40     2.30    75.17     0.36  9999.00  9999.00  9999.00  9999.00
 00045  1003.76    26.23    91.45     1.40   170.98     7.40  9999.00  9999.00  9999.00  9999.00
 00046   938.12    23.97    89.38     3.34   188.40     4.64  9999.00  9999.00  9999.00  9999.00
 00047   999.33    21.20    88.03     2.30    62.99     3.36  9999.00  9999.00  9999.00  9999.00
 00048   605.20     6.95    68.97     1.13    76.78    20.66  9999.00  9999.00  9999.00  9999.00
 00049   576.12     4.94    81.23     1.05    73.83    14.02  9999.00  9999.00  9999.00  9999.00
 00050   998.46    24.60    89.48     1.26    90.61    11.50  9999.00  9999.00  9999.00  9999.00
