stn_id       p       t2      rh2      spd      dir      vis    rain6   rain24   tmax24   tmin24 
 00001   977.76    18.29    75.17     0.73    83.86    22.52     0.35  9999.00  9999.00  9999.00
 00002   996.84    21.81    44.12     1.37    90.62    23.37     0.00  9999.00  9999.00  9999.00
 00003   904.48    19.83    39.36     3.12   199.45    22.15     0.00  9999.00  9999.00  9999.00
 00004   836.03    15.77    44.81     4.79   245.91    22.13     0.09  9999.00  9999.00  9999.00
 00005   870.20    15.90    37.34     3.41   206.47    24.56     0.00  9999.00  9999.00  9999.00
 00006   879.02    19.29    12.35     5.29   245.99    25.44     0.00  9999.00  9999.00  9999.00
 00007  1010.36    15.01    40.15     2.29    82.45    25.90     0.00  9999.00  9999.00  9999.00
 00008   996.22    11.39    31.30     2.25   157.10    28.36     0.00  9999.00  9999.00  9999.00
 00009   946.27     7.40    37.56     1.84   167.01    35.85     0.00  9999.00  9999.00  9999.00
 00010   973.78     7.89    33.91     1.58   319.26    28.50     0.00  9999.00  9999.00  9999.00
 00011  1003.87    10.16    38.59     2.39   207.95    30.53     0.00  9999.00  9999.00  9999.00
 00012  1013.48    19.76    55.69     1.41    99.90    23.41     0.00  9999.00  9999.00  9999.00
 00013  1015.13    23.49    45.87     3.29   122.82    20.81     0.00  9999.00  9999.00  9999.00
 00014  1011.91    23.25    51.76     2.90    89.50    20.75     0.00  9999.00  9999.00  9999.00
 00015   998.13    24.18    41.07     4.10   195.83    20.28     0.00  9999.00  9999.00  9999.00
 00016   957.51    20.49    53.55     1.11   141.32    21.08     0.00  9999.00  9999.00  9999.00
 00017   998.82    25.15    44.31     2.38   226.11    20.43     0.00  9999.00  9999.00  9999.00
 00018  1013.31    24.32    62.09     0.74   137.59    20.40     0.00  9999.00  9999.00  9999.00
 00019   941.23    18.10    70.73     1.32   169.11    25.38     0.19  9999.00  9999.00  9999.00
 00020  1019.07    21.91    46.91     2.55   101.24    20.40     0.00  9999.00  9999.00  9999.00
 00021   896.82     5.37    88.02     2.18   301.24    20.62     0.52  9999.00  9999.00  9999.00
 00022  1016.18    21.95    58.83     1.39   163.37    21.94     0.00  9999.00  9999.00  9999.00
 00023   923.77     6.16    61.96     2.21    66.16    24.18     0.00  9999.00  9999.00  9999.00
 00024   952.13     1.44    41.66     4.09   298.37    26.60     0.00  9999.00  9999.00  9999.00
 00025   796.30    21.52    47.95     4.72   250.11    22.44     0.17  9999.00  9999.00  9999.00
 00026  1012.59    21.97    72.86     0.50   208.36    20.70     0.00  9999.00  9999.00  9999.00
 00027  1009.22    19.18    89.57     2.07   332.89    18.98     3.03  9999.00  9999.00  9999.00
 00028   979.18    17.70    75.64     1.21   354.44    20.33     0.01  9999.00  9999.00  9999.00
 00029  1008.01    26.87    73.74     1.36   140.93    19.03     0.69  9999.00  9999.00  9999.00
 00030   997.59    25.57    72.48     2.81    16.51    19.53     0.11  9999.00  9999.00  9999.00
 00031   575.90     4.73    14.25     0.86    76.82    30.87     0.00  9999.00  9999.00  9999.00
 00032   981.73    19.87    70.50     2.87    50.69    19.85     0.76  9999.00  9999.00  9999.00
 00033  1009.74    21.45    98.37     4.99    84.36     0.93     3.27  9999.00  9999.00  9999.00
 00034  1011.09    28.17    81.40     4.92    84.59    17.93     0.31  9999.00  9999.00  9999.00
 00035  1009.21    26.36    85.54     1.78    88.72     2.71     6.93  9999.00  9999.00  9999.00
 00036   778.18    13.16    70.22     0.55   306.47    22.75     0.13  9999.00  9999.00  9999.00
 00037   972.09    19.60    73.70     1.89    56.94    19.77     0.73  9999.00  9999.00  9999.00
 00038   998.69    22.26    70.84     2.38    51.69    22.39     0.35  9999.00  9999.00  9999.00
 00039  1012.42    23.01    72.32    10.25    44.00    21.85     0.09  9999.00  9999.00  9999.00
 00040  1009.54    24.21    67.52     7.42    49.46    23.24     0.01  9999.00  9999.00  9999.00
 00041   973.38    22.09    62.14     0.76   203.77    19.73     0.14  9999.00  9999.00  9999.00
 00042  1014.54    24.30    61.25     1.60    91.81    20.64     0.00  9999.00  9999.00  9999.00
 00043  1005.81    22.02    66.97     2.30    39.07    21.06     0.00  9999.00  9999.00  9999.00
 00044   987.52    22.16    55.01     1.62   104.74    20.18     0.00  9999.00  9999.00  9999.00
 00045  1009.54    24.21    67.52     7.42    49.46    23.24     0.01  9999.00  9999.00  9999.00
 00046   944.64    18.68    89.99     1.50    53.89    15.71     2.04  9999.00  9999.00  9999.00
 00047  1006.48    21.81    65.92     2.52    88.33    20.46     0.01  9999.00  9999.00  9999.00
 00048   608.35     4.51    44.70     1.54    96.80    33.98     0.06  9999.00  9999.00  9999.00
 00049   578.88     5.22    30.00     2.30   292.81    28.43     0.01  9999.00  9999.00  9999.00
 00050  1004.97    22.76    66.42     6.36    44.22    21.28     0.01  9999.00  9999.00  9999.00
