stn_id       p       t2      rh2      spd      dir      vis    rain6   rain24   tmax24   tmin24 
 00001   989.19     1.07    91.43     1.65   202.27    22.22  9999.00  9999.00  9999.00  9999.00
 00002  1012.62   -13.00    60.96     3.88   300.85    26.38  9999.00  9999.00  9999.00  9999.00
 00003   914.03   -18.03    56.36     3.01   281.85    24.82  9999.00  9999.00  9999.00  9999.00
 00004   839.81   -23.77    92.73     2.68   281.67    24.83  9999.00  9999.00  9999.00  9999.00
 00005   878.80   -27.06    91.89     2.28   349.60    26.76  9999.00  9999.00  9999.00  9999.00
 00006   890.20   -24.04    93.51     3.95   281.74    29.18  9999.00  9999.00  9999.00  9999.00
 00007  1015.51   -12.79    81.84     3.59   336.55    36.47  9999.00  9999.00  9999.00  9999.00
 00008  1000.51   -22.12    81.36     3.36    22.12    41.63  9999.00  9999.00  9999.00  9999.00
 00009   956.59   -31.11    98.35     1.98   264.20    44.58  9999.00  9999.00  9999.00  9999.00
 00010   976.34   -20.81    66.30     0.64   246.74    28.96  9999.00  9999.00  9999.00  9999.00
 00011  1011.22   -28.41    99.74     3.46    40.45    45.63  9999.00  9999.00  9999.00  9999.00
 00012  1030.43   -11.22    61.46     6.12   316.64    28.48  9999.00  9999.00  9999.00  9999.00
 00013  1026.02    -2.05    91.20     4.41   304.26    14.76  9999.00  9999.00  9999.00  9999.00
 00014  1020.55     0.99    87.18     3.74   289.23    12.44  9999.00  9999.00  9999.00  9999.00
 00015  1011.34   -16.09    99.64     2.44   295.72    23.30  9999.00  9999.00  9999.00  9999.00
 00016   973.77    -7.74    58.66     0.79   220.28    23.31  9999.00  9999.00  9999.00  9999.00
 00017  1013.63    -6.74    63.90     6.41   302.00    22.35  9999.00  9999.00  9999.00  9999.00
 00018  1026.23    -2.59    77.13     3.20   302.37    20.78  9999.00  9999.00  9999.00  9999.00
 00019   950.92    -1.57    80.29     1.52   277.72    26.27  9999.00  9999.00  9999.00  9999.00
 00020  1022.74     3.32    95.51     6.99   289.43    10.19  9999.00  9999.00  9999.00  9999.00
 00021   900.42   -16.97    63.66     3.04   151.41    38.96  9999.00  9999.00  9999.00  9999.00
 00022  1031.51   -10.78    61.32     7.27   332.73    26.56  9999.00  9999.00  9999.00  9999.00
 00023   923.89   -15.00    75.29     2.01   121.57    34.59  9999.00  9999.00  9999.00  9999.00
 00024   959.83   -19.87    71.42     6.38   117.31    16.12  9999.00  9999.00  9999.00  9999.00
 00025   797.05     5.25    98.46     2.07   176.31    16.63  9999.00  9999.00  9999.00  9999.00
 00026  1026.66     1.08    75.31     2.44   349.61    19.81  9999.00  9999.00  9999.00  9999.00
 00027  1024.18    -1.32    83.12     2.32   330.42    19.60  9999.00  9999.00  9999.00  9999.00
 00028   991.03    -0.29    79.13     1.28    19.14    18.84  9999.00  9999.00  9999.00  9999.00
 00029  1016.64     7.34    78.72     6.05   333.71    19.43  9999.00  9999.00  9999.00  9999.00
 00030  1008.18     7.14    66.57     4.66   333.42    21.56  9999.00  9999.00  9999.00  9999.00
 00031   572.48   -11.90    23.98     1.98   241.24    34.81  9999.00  9999.00  9999.00  9999.00
 00032   983.86     8.09    91.79     3.75   294.83    12.12  9999.00  9999.00  9999.00  9999.00
 00033  1015.53    14.53    89.65     8.51   355.51     2.28  9999.00  9999.00  9999.00  9999.00
 00034  1012.19    27.52    85.37     7.49    65.71    23.02  9999.00  9999.00  9999.00  9999.00
 00035  1013.49    20.04    92.12     5.89     8.51    10.45  9999.00  9999.00  9999.00  9999.00
 00036   778.93    -0.70    71.22     1.75    24.08    18.26  9999.00  9999.00  9999.00  9999.00
 00037   974.35     7.38    95.27     3.18   293.68     9.29  9999.00  9999.00  9999.00  9999.00
 00038  1002.12    13.36    76.24     2.35   309.06    20.08  9999.00  9999.00  9999.00  9999.00
 00039  1015.01    16.46    79.71     5.15   324.82    19.75  9999.00  9999.00  9999.00  9999.00
 00040  1012.81    16.18    78.26     4.24   332.03    20.68  9999.00  9999.00  9999.00  9999.00
 00041   982.33    -2.43    89.38     1.77   324.47    17.70  9999.00  9999.00  9999.00  9999.00
 00042  1027.17    -1.85    90.35     3.82   284.74    16.72  9999.00  9999.00  9999.00  9999.00
 00043  1019.76     0.54    81.55     0.71    35.43    19.89  9999.00  9999.00  9999.00  9999.00
 00044   998.17    -0.52    88.86     2.98   262.60    12.68  9999.00  9999.00  9999.00  9999.00
 00045  1012.81    16.18    78.26     4.24   332.03    20.68  9999.00  9999.00  9999.00  9999.00
 00046   951.20     1.53    99.61     1.84    46.33     3.06  9999.00  9999.00  9999.00  9999.00
 00047  1008.34     8.32    91.79     6.80   320.28     6.94  9999.00  9999.00  9999.00  9999.00
 00048   605.23   -16.82    76.50     2.09   138.57    36.70  9999.00  9999.00  9999.00  9999.00
 00049   574.16   -14.96    84.57     1.06    29.56    25.54  9999.00  9999.00  9999.00  9999.00
 00050  1007.21    12.93    82.39     3.36   323.18    19.31  9999.00  9999.00  9999.00  9999.00
