stn_id       p       t2      rh2      spd      dir      vis    rain6   rain24   tmax24   tmin24 
 00001   959.74    23.70    76.29     1.40    41.99    25.07  9999.00  9999.00  9999.00  9999.00
 00002   986.39    33.33    30.93     2.41   157.82    23.24  9999.00  9999.00  9999.00  9999.00
 00003   898.05    25.13    36.06     3.41   194.36    22.41  9999.00  9999.00  9999.00  9999.00
 00004   831.65    20.76    43.11     4.74   156.22    20.66  9999.00  9999.00  9999.00  9999.00
 00005   864.90    26.49    28.70     6.30   179.05    20.01  9999.00  9999.00  9999.00  9999.00
 00006   874.25    31.39    17.35     7.52   175.44    19.07  9999.00  9999.00  9999.00  9999.00
 00007   999.02    31.84    49.63     5.00   224.86    21.81  9999.00  9999.00  9999.00  9999.00
 00008   983.93    30.31    50.73     1.31   270.07    23.43  9999.00  9999.00  9999.00  9999.00
 00009   945.75    22.03    35.85     1.48    67.47    37.10  9999.00  9999.00  9999.00  9999.00
 00010   962.06    28.77    61.34     2.36   165.05    25.44  9999.00  9999.00  9999.00  9999.00
 00011   992.34    26.28    35.54     2.63   347.16    25.11  9999.00  9999.00  9999.00  9999.00
 00012  1001.78    34.70    34.37     1.72   112.65    20.91  9999.00  9999.00  9999.00  9999.00
 00013  1003.75    22.54    95.32     3.52   100.93     2.46  9999.00  9999.00  9999.00  9999.00
 00014  1001.02    24.57    88.15     1.54    96.79    25.29  9999.00  9999.00  9999.00  9999.00
 00015   987.77    30.10    47.70     3.95   162.92    22.03  9999.00  9999.00  9999.00  9999.00
 00016   945.63    20.90    86.49     3.39    33.27    23.27  9999.00  9999.00  9999.00  9999.00
 00017   989.69    23.19    75.55     1.30    37.87    20.62  9999.00  9999.00  9999.00  9999.00
 00018  1001.01    23.43    93.13     4.07    98.07     9.72  9999.00  9999.00  9999.00  9999.00
 00019   924.61    24.79    59.81     1.13    78.99    27.19  9999.00  9999.00  9999.00  9999.00
 00020  1007.60    22.59    90.04     3.69    92.93    11.24  9999.00  9999.00  9999.00  9999.00
 00021   882.29    27.67    19.06     4.26   190.22    25.42  9999.00  9999.00  9999.00  9999.00
 00022  1004.66    34.40    37.47     5.94   123.71    20.66  9999.00  9999.00  9999.00  9999.00
 00023   909.10    27.47    15.13     2.02   322.64    23.86  9999.00  9999.00  9999.00  9999.00
 00024   933.21    27.79    12.08     5.09   308.44    25.53  9999.00  9999.00  9999.00  9999.00
 00025   789.15    24.54    53.03     6.00   244.46    25.91  9999.00  9999.00  9999.00  9999.00
 00026   999.80    29.25    75.65     4.76   187.73    26.42  9999.00  9999.00  9999.00  9999.00
 00027   993.84    30.16    76.72     5.16   172.88    27.07  9999.00  9999.00  9999.00  9999.00
 00028   962.97    28.51    79.58     3.10   171.27    16.23  9999.00  9999.00  9999.00  9999.00
 00029  1000.69    28.82    81.93     3.93   161.59    12.32  9999.00  9999.00  9999.00  9999.00
 00030   986.44    29.79    79.01     4.81   164.54    30.77  9999.00  9999.00  9999.00  9999.00
 00031   570.68    17.61    13.82     4.30   255.86    22.18  9999.00  9999.00  9999.00  9999.00
 00032   973.76    24.22    93.86     1.60   215.02     2.69  9999.00  9999.00  9999.00  9999.00
 00033  1001.77    24.53    90.86     5.34   151.00    30.38  9999.00  9999.00  9999.00  9999.00
 00034  1006.87    28.19    86.55     8.10   166.73    32.33  9999.00  9999.00  9999.00  9999.00
 00035  1001.89    29.77    78.18     6.48   171.98    30.94  9999.00  9999.00  9999.00  9999.00
 00036   767.33    23.92    56.09     4.07   188.15    24.76  9999.00  9999.00  9999.00  9999.00
 00037   964.31    24.63    95.61     1.12   209.70     3.58  9999.00  9999.00  9999.00  9999.00
 00038   992.02    26.22    93.88     1.07   134.17    19.79  9999.00  9999.00  9999.00  9999.00
 00039  1005.66    25.79    92.75     5.09   204.98    23.10  9999.00  9999.00  9999.00  9999.00
 00040  1003.36    26.90    90.25     3.51   182.80    23.22  9999.00  9999.00  9999.00  9999.00
 00041   962.55    25.08    82.93     1.71   147.77    20.37  9999.00  9999.00  9999.00  9999.00
 00042  1002.86    24.48    93.83     2.77    83.18     3.71  9999.00  9999.00  9999.00  9999.00
 00043   993.84    28.64    76.83     4.75   187.78    28.16  9999.00  9999.00  9999.00  9999.00
 00044   977.31    27.78    77.06     0.93   187.81    21.31  9999.00  9999.00  9999.00  9999.00
 00045  1003.36    26.90    90.25     3.51   182.80    23.22  9999.00  9999.00  9999.00  9999.00
 00046   938.47    24.31    86.62     2.59   177.17    24.30  9999.00  9999.00  9999.00  9999.00
 00047   996.00    25.94    86.49     4.13   175.67    14.91  9999.00  9999.00  9999.00  9999.00
 00048   601.63    14.56    46.59     1.32    38.09    20.87  9999.00  9999.00  9999.00  9999.00
 00049   576.33     5.55    81.35     2.58   190.44    11.64  9999.00  9999.00  9999.00  9999.00
 00050   997.88    25.64    94.67     3.78   210.13    12.07  9999.00  9999.00  9999.00  9999.00
