stn_id       p       t2      rh2      spd      dir      vis    rain6   rain24   tmax24   tmin24 
 00001   978.88    26.40  9999.00     2.00   200.00    12.00  9999.00  9999.00  9999.00  9999.00
 00002   994.68    36.60  9999.00     3.00    90.00    25.00  9999.00  9999.00  9999.00  9999.00
 00003   916.76    29.50  9999.00     2.00   220.00    25.00  9999.00  9999.00  9999.00  9999.00
 00004   849.99    26.40  9999.00     2.00   290.00    30.00  9999.00  9999.00  9999.00  9999.00
 00005   884.26    27.70  9999.00     5.00   160.00    17.00  9999.00  9999.00  9999.00  9999.00
 00006  9999.00    34.20  9999.00     6.00   250.00    30.00  9999.00  9999.00  9999.00  9999.00
 00007  1002.75    28.90  9999.00     1.00   160.00    30.00  9999.00  9999.00  9999.00  9999.00
 00008   980.05    28.50  9999.00     2.00   110.00    18.00  9999.00  9999.00  9999.00  9999.00
 00009   958.33    14.50  9999.00     2.00   250.00    30.00  9999.00  9999.00  9999.00  9999.00
 00010   979.76    23.60  9999.00     2.00   270.00    30.00  9999.00  9999.00  9999.00  9999.00
 00011   990.91    27.20  9999.00     0.00   140.00    23.00  9999.00  9999.00  9999.00  9999.00
 00012  1000.77    35.30  9999.00     2.00   180.00    15.00  9999.00  9999.00  9999.00  9999.00
 00013  1007.46    28.80  9999.00     4.00   140.00     6.00  9999.00  9999.00  9999.00  9999.00
 00014  1005.36    22.40  9999.00     5.00   160.00    23.00  9999.00  9999.00  9999.00  9999.00
 00015   986.96    36.80  9999.00     4.00   220.00    30.00  9999.00  9999.00  9999.00  9999.00
 00016   955.31    31.90  9999.00     3.00    20.00    24.00  9999.00  9999.00  9999.00  9999.00
 00017   993.61    34.10  9999.00     2.00   140.00    24.00  9999.00  9999.00  9999.00  9999.00
 00018  1004.67    27.40  9999.00     1.00   110.00     9.00  9999.00  9999.00  9999.00  9999.00
 00019   939.43    27.50  9999.00     3.00   140.00     7.00  9999.00  9999.00  9999.00  9999.00
 00020  1008.72    29.20  9999.00     4.00   250.00     8.00  9999.00  9999.00  9999.00  9999.00
 00021   901.78    24.00  9999.00     1.00   290.00    30.00  9999.00  9999.00  9999.00  9999.00
 00022  1004.90    37.80  9999.00     7.00   200.00    29.00  9999.00  9999.00  9999.00  9999.00
 00023   927.49    22.30  9999.00     2.00    20.00    30.00  9999.00  9999.00  9999.00  9999.00
 00024   953.59    23.80  9999.00     3.00   320.00    30.00  9999.00  9999.00  9999.00  9999.00
 00025   808.90    20.80    86.02     0.00     0.00    16.00  9999.00  9999.00  9999.00  9999.00
 00026  1000.94    21.90  9999.00     1.00    90.00     8.00  9999.00  9999.00  9999.00  9999.00
 00027   999.00    22.30  9999.00     1.00   270.00  9999.00  9999.00  9999.00  9999.00  9999.00
 00028   977.07    23.20  9999.00     1.00   320.00    30.00  9999.00  9999.00  9999.00  9999.00
 00029  1000.89    30.50  9999.00     3.00   160.00    30.00  9999.00  9999.00  9999.00  9999.00
 00030   990.55    25.00  9999.00     2.00    90.00     3.20  9999.00  9999.00  9999.00  9999.00
 00031   629.10    18.10    27.71     2.00   340.00    30.00  9999.00  9999.00  9999.00  9999.00
 00032   998.97    26.40  9999.00     1.00    70.00     9.00  9999.00  9999.00  9999.00  9999.00
 00033  1003.91    33.20  9999.00     3.00   160.00    30.00  9999.00  9999.00  9999.00  9999.00
 00034  1006.60    32.00  9999.00     3.00   200.00    21.00  9999.00  9999.00  9999.00  9999.00
 00035  1003.49    31.70  9999.00     2.00   160.00    26.00  9999.00  9999.00  9999.00  9999.00
 00036   837.40    22.20    62.64     1.00   200.00    30.00  9999.00  9999.00  9999.00  9999.00
 00037  1003.03    26.70  9999.00     1.00   160.00    11.00  9999.00  9999.00  9999.00  9999.00
 00038  1004.44    31.00  9999.00     3.00   160.00    28.00  9999.00  9999.00  9999.00  9999.00
 00039  1005.85    28.60  9999.00     3.00   160.00    15.00  9999.00  9999.00  9999.00  9999.00
 00040  1001.66    31.90  9999.00     1.00   180.00    17.00  9999.00  9999.00  9999.00  9999.00
 00041   813.60    13.40   100.00     7.00   110.00     0.10  9999.00  9999.00  9999.00  9999.00
 00042  1006.19    26.50  9999.00     2.00    90.00    27.00  9999.00  9999.00  9999.00  9999.00
 00043  1003.02    21.60  9999.00     2.00   360.00     2.60  9999.00  9999.00  9999.00  9999.00
 00044   999.22    20.90  9999.00     2.00    20.00    19.00  9999.00  9999.00  9999.00  9999.00
 00045  1001.66    31.90  9999.00     1.00   180.00    17.00  9999.00  9999.00  9999.00  9999.00
 00046   964.04    28.10  9999.00     5.00   180.00    30.00  9999.00  9999.00  9999.00  9999.00
 00047  1006.15    22.30  9999.00     2.00    20.00     1.50  9999.00  9999.00  9999.00  9999.00
 00048   657.90    16.70    35.83     2.00   140.00    17.00  9999.00  9999.00  9999.00  9999.00
 00049   604.10    14.30    30.75     3.00    90.00    30.00  9999.00  9999.00  9999.00  9999.00
 00050  1006.15    27.40  9999.00     2.00    70.00    14.00  9999.00  9999.00  9999.00  9999.00
