stn_id       p       t2      rh2      spd      dir      vis    rain6   rain24   tmax24   tmin24 
 00001   973.21    33.40  9999.00     1.00   110.00    24.00  9999.00  9999.00  9999.00  9999.00
 00002   995.37    32.60  9999.00     2.00   110.00    22.00  9999.00  9999.00  9999.00  9999.00
 00003   915.18    31.00  9999.00     2.00   140.00    24.00  9999.00  9999.00  9999.00  9999.00
 00004   848.51    28.40  9999.00     4.00   220.00    30.00  9999.00  9999.00  9999.00  9999.00
 00005   883.90    26.50  9999.00     3.00   180.00    30.00  9999.00  9999.00  9999.00  9999.00
 00006   874.49    24.60  9999.00     4.00   320.00    30.00  9999.00  9999.00  9999.00  9999.00
 00007  1000.46    28.30  9999.00     2.00   220.00    22.00  9999.00  9999.00  9999.00  9999.00
 00008   977.31    25.90  9999.00     4.00   250.00    16.00  9999.00  9999.00  9999.00  9999.00
 00009   953.53    25.30  9999.00     1.00   340.00    30.00  9999.00  9999.00  9999.00  9999.00
 00010   975.67    26.60  9999.00     3.00   290.00    30.00  9999.00  9999.00  9999.00  9999.00
 00011   985.09    21.30  9999.00     4.00   220.00    30.00  9999.00  9999.00  9999.00  9999.00
 00012  1000.97    31.30  9999.00     2.00   180.00  9999.00  9999.00  9999.00  9999.00  9999.00
 00013  1006.46    31.50  9999.00     1.00   270.00    17.00  9999.00  9999.00  9999.00  9999.00
 00014  1002.47    32.00  9999.00     2.00   160.00    19.00  9999.00  9999.00  9999.00  9999.00
 00015   985.98    32.50  9999.00     3.00   250.00    19.00  9999.00  9999.00  9999.00  9999.00
 00016   955.89    30.30  9999.00     2.00    40.00    29.00  9999.00  9999.00  9999.00  9999.00
 00017   991.92    33.60  9999.00     3.00   220.00    12.00  9999.00  9999.00  9999.00  9999.00
 00018  1003.48    33.10  9999.00     3.00   160.00    29.00  9999.00  9999.00  9999.00  9999.00
 00019   936.88    27.80  9999.00     2.00   180.00    14.00  9999.00  9999.00  9999.00  9999.00
 00020  1006.62    32.30  9999.00     3.00   200.00    29.00  9999.00  9999.00  9999.00  9999.00
 00021   897.95    27.00  9999.00     1.00   320.00    30.00  9999.00  9999.00  9999.00  9999.00
 00022  1004.50    31.90  9999.00     5.00   180.00    12.00  9999.00  9999.00  9999.00  9999.00
 00023   923.29    26.50  9999.00     5.00   360.00    30.00  9999.00  9999.00  9999.00  9999.00
 00024   951.40    23.90  9999.00     3.00   290.00    30.00  9999.00  9999.00  9999.00  9999.00
 00025   811.70    21.50    71.58     3.00   220.00    30.00  9999.00  9999.00  9999.00  9999.00
 00026  1001.83    31.40  9999.00     2.00   290.00    21.00  9999.00  9999.00  9999.00  9999.00
 00027   998.60    32.60  9999.00     3.00   220.00    15.00  9999.00  9999.00  9999.00  9999.00
 00028   975.71    32.80  9999.00     5.00   220.00    15.00  9999.00  9999.00  9999.00  9999.00
 00029  1003.88    32.70  9999.00     2.00   160.00    30.00  9999.00  9999.00  9999.00  9999.00
 00030   992.92    32.90  9999.00     2.00   110.00    30.00  9999.00  9999.00  9999.00  9999.00
 00031   628.60    10.90    75.65     1.00   200.00    30.00  9999.00  9999.00  9999.00  9999.00
 00032   998.57    33.10  9999.00     2.00    70.00    17.00  9999.00  9999.00  9999.00  9999.00
 00033  1007.01    31.60  9999.00     1.00    90.00    30.00  9999.00  9999.00  9999.00  9999.00
 00034  1007.40    32.10  9999.00     2.00    40.00    30.00  9999.00  9999.00  9999.00  9999.00
 00035  1006.09    31.10  9999.00     0.00   320.00    30.00  9999.00  9999.00  9999.00  9999.00
 00036   837.40    26.80    54.61     1.00   340.00    17.00  9999.00  9999.00  9999.00  9999.00
 00037  1002.73    32.20  9999.00     2.00   110.00    17.00  9999.00  9999.00  9999.00  9999.00
 00038  1005.33    32.80  9999.00     1.00   180.00    30.00  9999.00  9999.00  9999.00  9999.00
 00039  1006.15    29.20  9999.00     2.00   180.00    16.00  9999.00  9999.00  9999.00  9999.00
 00040  1002.75    32.00  9999.00     2.00   160.00    30.00  9999.00  9999.00  9999.00  9999.00
 00041   817.40    20.80    87.67     2.00   250.00     6.00  9999.00  9999.00  9999.00  9999.00
 00042  1005.59    31.40  9999.00     2.00   290.00    30.00  9999.00  9999.00  9999.00  9999.00
 00043  1003.72    31.90  9999.00     3.00   220.00    19.00  9999.00  9999.00  9999.00  9999.00
 00044   998.63    32.70  9999.00     1.00   250.00    17.00  9999.00  9999.00  9999.00  9999.00
 00045  1002.75    32.00  9999.00     2.00   160.00    30.00  9999.00  9999.00  9999.00  9999.00
 00046   965.58    30.70  9999.00     5.00   180.00    30.00  9999.00  9999.00  9999.00  9999.00
 00047  1004.76    31.50  9999.00     2.00   220.00    18.00  9999.00  9999.00  9999.00  9999.00
 00048   656.20    11.70    85.68     0.00     0.00     2.40  9999.00  9999.00  9999.00  9999.00
 00049   604.60     8.40    77.93     4.00   160.00    30.00  9999.00  9999.00  9999.00  9999.00
 00050  1005.95    33.20  9999.00     1.00    90.00    20.00  9999.00  9999.00  9999.00  9999.00
