stn_id       p       t2      rh2      spd      dir      vis    rain6   rain24   tmax24   tmin24 
 00001   982.05    11.98    80.87     0.40   153.96    21.07    -0.00  9999.00  9999.00  9999.00
 00002  1005.79     1.30    75.95     1.82   215.71    24.37     0.00  9999.00  9999.00  9999.00
 00003   909.89     0.15    38.01     0.77   286.10    22.77     0.00  9999.00  9999.00  9999.00
 00004   838.88    -4.83    51.85     1.50   180.78    22.46     0.00  9999.00  9999.00  9999.00
 00005   874.77    -3.72    41.53     0.66    67.85    24.30     0.00  9999.00  9999.00  9999.00
 00006   884.38    -3.90    43.13     2.90   223.81    24.90     0.00  9999.00  9999.00  9999.00
 00007  1015.67    -4.24    87.53     1.25    59.74    26.95     0.00  9999.00  9999.00  9999.00
 00008   997.83    -7.79    85.73     4.22   215.12    30.65     0.00  9999.00  9999.00  9999.00
 00009   949.59   -11.36    74.57     1.77   223.45    41.45     0.00  9999.00  9999.00  9999.00
 00010   976.11    -5.83    81.74     1.04   241.32    30.65     0.00  9999.00  9999.00  9999.00
 00011  1004.73    -9.38    90.16     5.78   202.18    34.06     0.00  9999.00  9999.00  9999.00
 00012  1021.77     0.62    71.66     1.92   198.85    23.99     0.00  9999.00  9999.00  9999.00
 00013  1025.26     7.12    65.68     1.09    32.94    19.22     0.00  9999.00  9999.00  9999.00
 00014  1021.90     6.53    81.26     2.05    36.34    18.43     0.00  9999.00  9999.00  9999.00
 00015  1006.73     2.54    71.46     2.15   174.09    20.71     0.00  9999.00  9999.00  9999.00
 00016   963.99     4.38    82.15     1.31    93.65    20.67     0.00  9999.00  9999.00  9999.00
 00017  1008.37     6.55    69.03     1.87   117.75    19.80     0.00  9999.00  9999.00  9999.00
 00018  1023.79     6.50    67.40     1.20    82.03    18.82     0.00  9999.00  9999.00  9999.00
 00019   945.53     9.05    81.34     0.81   281.06    17.84     0.21  9999.00  9999.00  9999.00
 00020  1027.81     6.16    83.54     2.34   350.26    19.08     0.00  9999.00  9999.00  9999.00
 00021   908.86    -4.86    78.20     1.99   126.75    35.98     0.33  9999.00  9999.00  9999.00
 00022  1025.13     1.06    83.22     2.65   222.20    22.82     0.00  9999.00  9999.00  9999.00
 00023   936.21    -3.01    85.10     1.97   135.05    30.30    -0.00  9999.00  9999.00  9999.00
 00024   962.81    -1.88    90.74     1.68   326.96    31.46     0.07  9999.00  9999.00  9999.00
 00025   798.61    13.63    82.92     1.92   220.50    19.79     0.00  9999.00  9999.00  9999.00
 00026  1022.89     8.25    72.64     1.91    45.61    18.51     0.00  9999.00  9999.00  9999.00
 00027  1018.30     9.62    77.94     1.50   324.09    18.80     0.00  9999.00  9999.00  9999.00
 00028   986.14     8.84    72.63     0.31    44.23    18.67     0.00  9999.00  9999.00  9999.00
 00029  1017.28    15.06    68.89     3.20     7.68    21.29     0.00  9999.00  9999.00  9999.00
 00030  1006.28    14.99    76.52     2.26    66.34    21.97     0.00  9999.00  9999.00  9999.00
 00031   573.37    -0.78    20.97     3.12   210.87    33.48    -0.00  9999.00  9999.00  9999.00
 00032   988.80    12.35    88.49     1.58    31.09    17.84     0.00  9999.00  9999.00  9999.00
 00033  1016.98    20.14    87.86     6.99    73.78    15.57     0.52  9999.00  9999.00  9999.00
 00034  1015.91    26.56    87.55    10.84    58.69    10.57     1.55  9999.00  9999.00  9999.00
 00035  1015.98    23.27    81.55     4.82    53.89    22.24     0.04  9999.00  9999.00  9999.00
 00036   776.90    10.58    72.88     2.61   169.83    21.01    -0.00  9999.00  9999.00  9999.00
 00037   978.85    11.92    89.55     1.12    60.77    17.74    -0.00  9999.00  9999.00  9999.00
 00038  1005.41    16.56    76.67     0.98   120.09    20.25     0.00  9999.00  9999.00  9999.00
 00039  1019.63    19.00    74.67     9.21    30.43    19.60     0.98  9999.00  9999.00  9999.00
 00040  1016.85    19.54    66.89     5.47    49.11    21.17     0.00  9999.00  9999.00  9999.00
 00041   981.97     5.51    79.83     1.74    27.91    17.56     0.00  9999.00  9999.00  9999.00
 00042  1025.36     6.97    68.83     1.58    65.55    18.74     0.00  9999.00  9999.00  9999.00
 00043  1016.10     8.51    78.93     1.77    56.84    18.80     0.00  9999.00  9999.00  9999.00
 00044   996.65     9.73    68.40     1.17    77.67    18.00     0.00  9999.00  9999.00  9999.00
 00045  1016.85    19.54    66.89     5.47    49.11    21.17     0.00  9999.00  9999.00  9999.00
 00046   951.34    13.01    82.69     1.29   345.43    18.62    -0.00  9999.00  9999.00  9999.00
 00047  1014.77    13.06    79.97     2.66   164.90    18.46    -0.00  9999.00  9999.00  9999.00
 00048   605.41    -3.48    71.33     2.07    79.03    31.36    -0.00  9999.00  9999.00  9999.00
 00049   578.70    -4.10    82.85     1.28   199.79    28.36     0.00  9999.00  9999.00  9999.00
 00050  1012.18    16.24    72.29     4.63    17.38    19.24     0.21  9999.00  9999.00  9999.00
