stn_id       p       t2      rh2      spd      dir      vis    rain6   rain24   tmax24   tmin24 
 00001   983.54    11.10    91.33     1.54   328.38    10.73     0.94     1.12    12.71    10.13
 00002  1006.30    -0.42    63.31     1.92   264.40    24.39     0.00     0.00    10.39    -3.53
 00003   912.06    -2.76    55.57     0.65   300.65    22.83     0.00     0.00     7.31    -6.39
 00004   840.91    -3.41    59.08     2.80   263.12    19.39     0.03     0.03     2.81    -8.78
 00005   875.83    -3.95    52.04     1.46   223.38    23.97     0.03     0.03     1.74   -10.05
 00006   884.08    -1.66    47.83     6.84   252.60    24.87     0.00     0.00     3.62    -7.32
 00007  1015.80    -1.95    84.36     3.15   161.59    26.99     0.00     0.00     3.97    -5.88
 00008   998.68    -8.10    81.59     4.23   205.91    30.73     0.00     0.00    -4.21    -9.99
 00009   949.90   -11.77    81.15     2.22   196.39    41.65     0.00     0.00    -4.57   -14.16
 00010   977.85    -3.53    62.02     0.98   229.29    30.74     0.00     0.00     3.18    -7.79
 00011  1006.37   -12.89    90.60     4.56   193.01    34.20     0.00     0.00    -7.74   -13.55
 00012  1023.02    -2.36    77.85     0.93   320.47    24.01     0.00     0.00     8.19    -4.21
 00013  1026.78     4.62    79.68     2.01   121.31    19.20     0.00     0.00    11.25     0.53
 00014  1023.72     6.30    82.04     0.11   244.47    18.40     0.00     0.00    13.48     2.84
 00015  1008.05     3.30    75.32     3.28   178.20    20.75     0.00     0.00     9.06     0.16
 00016   968.23     5.34    82.05     1.70   219.19    20.71     0.02     0.02    10.24    -0.93
 00017  1009.55     4.10    80.39     1.89   222.63    19.79     0.00     0.00    12.65     0.77
 00018  1025.13     4.67    79.53     2.37   126.73    18.80     0.00     0.00    11.38     0.99
 00019   948.69     8.51    88.50     1.02   279.43    21.56     1.34     1.87     9.96     7.77
 00020  1029.52     6.56    74.61     1.44   320.39    19.06     0.00     0.00    13.33     2.83
 00021   907.56    -6.90    60.90     4.56   150.38    36.17     0.00     2.18     0.24    -9.73
 00022  1026.28    -0.40    90.46     2.46   221.45    22.86     0.00     0.00     9.21    -2.45
 00023   931.25    -4.22    67.36     2.72   125.28    30.39     0.00     0.00     2.19    -5.88
 00024   964.26    -4.53    88.36     4.87   103.71    32.02     0.01     0.10    -0.23    -5.32
 00025   799.78    12.22    98.94     3.70   237.01     1.57     0.09     0.29    19.15    11.60
 00026  1023.75     8.26    76.59     2.35   105.58    18.45     0.00     0.00    13.52     5.74
 00027  1018.71    10.90    75.79     1.48    65.04    18.76     0.00     0.00    13.41     7.37
 00028   985.87     8.79    73.44     1.16   334.21    17.97     0.04     0.04     9.19     6.62
 00029  1018.43    14.28    75.36     2.55    15.85    21.26     0.00     0.00    19.08    12.71
 00030  1007.13    13.83    78.04     1.46     8.60    21.09     0.06     0.08    17.17    11.25
 00031   575.28    -6.54    71.18     1.84   213.55    31.91     0.00     0.00     6.03    -6.67
 00032   990.10    12.85    80.72     1.58   147.54    17.80     0.00     0.39    16.88    10.58
 00033  1018.38    19.96    89.12     9.55    51.89    18.51     0.06     1.40    20.65    18.35
 00034  1017.48    26.15    90.03    10.37    71.39     9.02     1.93     5.58    27.46    26.12
 00035  1017.27    22.74    86.76     6.21    41.87    14.45     0.05     0.32    23.68    21.71
 00036   778.12     7.45    88.66     1.34   125.16    20.22     0.00     0.04    16.40     7.36
 00037   980.17    12.16    84.94     0.95   185.18    14.52     0.00     0.38    17.14     9.58
 00038  1007.02    16.79    79.53     1.03   345.68    20.22     0.01     0.04    19.65    13.91
 00039  1020.85    18.78    77.35    10.01    21.00    18.88     0.05     1.34    19.69    16.58
 00040  1018.14    19.30    71.38     6.50    29.22    21.15     0.00     0.02    22.07    17.39
 00041   982.86     4.73    83.78     1.19   102.72    17.51     0.00     0.00    11.82     1.74
 00042  1026.67     5.32    79.45     2.13   102.19    18.71     0.00     0.00    12.06     1.33
 00043  1016.86     8.97    76.28     1.76    41.54    18.74     0.00     0.00    13.71     6.01
 00044   997.56     7.15    81.49     1.65    62.30    17.94     0.00     0.00    13.47     3.92
 00045  1018.14    19.30    71.38     6.50    29.22    21.15     0.00     0.02    22.07    17.39
 00046   952.46    11.96    86.86     1.00    58.48    18.57     0.03     0.62    15.23     8.70
 00047  1016.49    11.48    77.28     3.04   161.10    18.42     0.00     0.00    15.89     9.18
 00048   608.03    -9.45    91.67     1.39    28.04    17.31     0.03     0.03     2.34    -9.44
 00049   579.37    -8.45    62.32     0.56   127.84    28.27     0.00     0.00     0.53    -9.83
 00050  1013.43    17.04    69.51     5.55    12.64    19.21     0.00     0.26    18.16    14.19
