stn_id       p       t2      rh2      spd      dir      vis    rain6   rain24   tmax24   tmin24 
 00001   984.73    10.13    87.36     1.28    44.52    21.15  9999.00  9999.00  9999.00  9999.00
 00002  1007.69    -3.48    81.99     2.09   280.31    24.36  9999.00  9999.00  9999.00  9999.00
 00003   911.80    -6.39    55.12     1.13   292.51    22.79  9999.00  9999.00  9999.00  9999.00
 00004   839.81    -8.78    53.56     1.12   151.12    22.47  9999.00  9999.00  9999.00  9999.00
 00005   876.65   -10.05    65.54     1.54    53.00    24.34  9999.00  9999.00  9999.00  9999.00
 00006   886.89    -7.32    53.93     3.61   223.68    24.97  9999.00  9999.00  9999.00  9999.00
 00007  1017.30    -4.04    67.54     2.45   159.49    26.94  9999.00  9999.00  9999.00  9999.00
 00008   999.62    -9.35    88.18     4.47   195.70    30.61  9999.00  9999.00  9999.00  9999.00
 00009   949.29   -11.30    79.85     2.03   216.34    40.66  9999.00  9999.00  9999.00  9999.00
 00010   977.41    -4.99    60.45     2.59   283.21    30.60  9999.00  9999.00  9999.00  9999.00
 00011  1007.13   -13.06    91.21     5.32   183.67    33.98  9999.00  9999.00  9999.00  9999.00
 00012  1024.23    -3.92    71.47     2.03   329.31    24.00  9999.00  9999.00  9999.00  9999.00
 00013  1027.37     1.59    89.26     0.24    44.43    19.30  9999.00  9999.00  9999.00  9999.00
 00014  1023.58     6.47    76.20     1.13   225.29    18.51  9999.00  9999.00  9999.00  9999.00
 00015  1008.12     0.16    59.18     3.51   164.87    20.71  9999.00  9999.00  9999.00  9999.00
 00016   966.99    -0.93    94.28     1.22   105.04    14.88  9999.00  9999.00  9999.00  9999.00
 00017  1009.61     0.93    81.64     2.15   238.37    19.83  9999.00  9999.00  9999.00  9999.00
 00018  1026.05     1.09    89.14     0.60   318.86    18.89  9999.00  9999.00  9999.00  9999.00
 00019   947.87     7.78    88.63     0.45   223.07     8.42  9999.00  9999.00  9999.00  9999.00
 00020  1029.56     6.98    73.81     1.87   303.17    19.14  9999.00  9999.00  9999.00  9999.00
 00021   905.81    -2.07    94.94     1.83   329.06     6.96  9999.00  9999.00  9999.00  9999.00
 00022  1027.28    -1.45    75.76     2.56   246.94    22.82  9999.00  9999.00  9999.00  9999.00
 00023   935.39    -1.81    95.93     1.47   277.91    29.83  9999.00  9999.00  9999.00  9999.00
 00024   958.48    -2.47    89.13     5.74   293.59    30.18  9999.00  9999.00  9999.00  9999.00
 00025   799.94    12.41    94.59     1.86   221.44    10.65  9999.00  9999.00  9999.00  9999.00
 00026  1025.49     7.73    68.25     2.21    16.29    18.59  9999.00  9999.00  9999.00  9999.00
 00027  1021.62     7.37    83.14     2.17     1.16    18.90  9999.00  9999.00  9999.00  9999.00
 00028   989.39     6.62    80.86     1.04     8.77    18.76  9999.00  9999.00  9999.00  9999.00
 00029  1018.92    12.71    69.52     3.06    33.22    21.36  9999.00  9999.00  9999.00  9999.00
 00030  1008.98    11.25    75.04     3.05     7.58    22.90  9999.00  9999.00  9999.00  9999.00
 00031   575.17    -5.17    70.50     1.71   203.04    33.40  9999.00  9999.00  9999.00  9999.00
 00032   990.15    11.48    57.23     1.51   341.46    17.86  9999.00  9999.00  9999.00  9999.00
 00033  1018.39    18.48    92.59     7.86    34.54     6.96  9999.00  9999.00  9999.00  9999.00
 00034  1016.50    26.53    87.77    11.47    56.18    18.93  9999.00  9999.00  9999.00  9999.00
 00035  1016.98    21.82    85.70     5.67    32.64    20.78  9999.00  9999.00  9999.00  9999.00
 00036   780.26     8.24    92.99     0.44   227.22    17.91  9999.00  9999.00  9999.00  9999.00
 00037   980.15    11.15    59.74     1.18   337.28    17.76  9999.00  9999.00  9999.00  9999.00
 00038  1007.15    15.28    67.60     1.07     9.47    20.30  9999.00  9999.00  9999.00  9999.00
 00039  1021.57    16.61    67.52     8.52    16.12    19.67  9999.00  9999.00  9999.00  9999.00
 00040  1018.54    17.42    62.60     4.21    33.19    21.23  9999.00  9999.00  9999.00  9999.00
 00041   983.36     3.12    78.84     0.58   142.73    17.63  9999.00  9999.00  9999.00  9999.00
 00042  1027.28     2.47    85.02     0.89   244.48    18.81  9999.00  9999.00  9999.00  9999.00
 00043  1018.70     8.98    66.43     1.83    59.33    18.88  9999.00  9999.00  9999.00  9999.00
 00044   998.77     7.40    65.97     0.99    53.80    18.06  9999.00  9999.00  9999.00  9999.00
 00045  1018.54    17.42    62.60     4.21    33.19    21.23  9999.00  9999.00  9999.00  9999.00
 00046   952.61     8.70    89.81     1.59    46.10    15.55  9999.00  9999.00  9999.00  9999.00
 00047  1016.15    11.12    67.97     3.50   330.17    18.50  9999.00  9999.00  9999.00  9999.00
 00048   607.41    -8.08    63.09     1.20   184.29    35.11  9999.00  9999.00  9999.00  9999.00
 00049   579.75    -8.91    93.71     0.74   116.35    19.31  9999.00  9999.00  9999.00  9999.00
 00050  1013.90    14.20    61.17     4.12    28.84    19.29  9999.00  9999.00  9999.00  9999.00
