stn_id       p       t2      rh2      spd      dir      vis    rain6   rain24   tmax24   tmin24 
 00001   979.73    13.54    87.50     1.67    67.55    23.15     0.00     0.01    20.86    11.79
 00002  1000.83     8.32    66.75     2.33   265.73    23.11     0.00     0.00    20.82     5.32
 00003   909.20     3.20    78.13     1.11   294.82    22.02     0.00     0.00    15.74     0.33
 00004   839.33     2.08    72.93     1.43   162.73    22.05     0.00     0.00    10.31    -0.40
 00005   874.67     2.29    57.72     1.41    48.67    24.73     0.00     0.00    12.80     0.02
 00006   884.29     3.12    42.67     3.75   216.11    25.80     0.00     0.00    14.97     0.99
 00007  1009.62     9.26    79.94     1.74   277.80    25.58     0.00     0.00    10.82     4.08
 00008   992.03     6.68    64.24     3.70   308.14    27.57     0.00    -0.00     8.51     1.77
 00009   943.65    -3.99    67.78     2.54   255.72    34.13     0.00     1.62     2.15    -6.59
 00010   967.31     5.65    59.42     2.54   244.82    27.69     0.00     0.00     5.29    -0.90
 00011   996.37     4.53    78.26     5.18   312.45    29.30     0.00     0.19     6.25    -0.45
 00012  1016.63     7.58    70.20     1.72   110.07    23.24     0.00     0.00    19.64     4.96
 00013  1021.67    11.94    72.73     1.97   122.77    21.59     0.00     0.00    17.85     7.11
 00014  1018.81    13.24    79.03     0.51   189.90    21.91     0.00    -0.00    17.93     8.95
 00015  1002.32    12.66    71.19     3.65   179.50    20.22     0.00     0.00    19.82     9.90
 00016   962.34     7.91    91.49     0.69   159.00    21.31     0.00     0.00    18.53     6.11
 00017  1004.01    11.26    83.89     2.00   230.79    20.78     0.00     0.00    20.88     7.75
 00018  1020.17    11.43    75.90     1.49   117.92    21.12     0.00     0.00    18.39     6.88
 00019   943.96    13.39    87.02     0.74   107.08    26.16     0.02     0.39    18.28    11.76
 00020  1025.25    15.31    73.96     1.48    77.99    21.07     0.00    -0.00    18.30    10.24
 00021   891.66     4.71    57.07     1.83   175.78    27.13     0.00     0.00    16.42     3.19
 00022  1019.57    10.72    60.21     2.06   231.26    21.64     0.00     0.00    19.91     7.90
 00023   918.60     9.77    94.01     1.71   261.12     9.83     3.46     9.36    16.08     4.07
 00024   942.81     7.09    82.64     1.72   150.40    18.52     1.34     1.54    14.49     2.98
 00025   800.74    10.73    96.78     1.49   140.49    22.01     0.00     0.19    18.04     8.65
 00026  1019.64    13.00    74.11     1.85    12.23    21.72     0.00     0.00    19.32     9.26
 00027  1015.48    13.09    76.15     0.46   189.97    21.66     0.00     0.00    21.14    10.21
 00028   983.88    12.61    81.86     0.23   101.00    21.11     0.00     0.00    20.44    11.15
 00029  1015.13    18.31    77.05     3.01    10.42    24.71     0.00     5.45    18.26    16.09
 00030  1004.33    17.75    91.91     2.45    40.11    13.07     1.26     2.53    18.81    17.25
 00031   575.33    -7.32    76.41     1.80   199.86    27.62     0.00     0.00     5.73    -8.02
 00032   987.10    16.37    70.05     2.21    59.48    20.79     0.03     0.13    18.17    14.80
 00033  1014.60    21.04    92.08    10.38    48.97    11.76     1.80    18.39    21.28    20.66
 00034  1014.12    26.72    86.10     7.02    65.91    20.63     5.51    13.76    27.35    26.03
 00035  1013.32    23.69    95.16     3.86    58.64     1.20     4.32    41.54    25.98    23.12
 00036   780.27     9.75    88.76     0.79   134.24    22.58     0.28     0.39    15.40     7.57
 00037   977.31    16.29    71.70     1.45    24.61    20.71     0.01     0.04    18.64    14.59
 00038  1004.01    19.01    81.12     1.12    18.44    23.39     0.04     0.52    19.83    17.77
 00039  1017.76    20.18    75.40    10.02    24.12    20.62     0.76     2.93    20.75    18.09
 00040  1014.91    20.60    73.23     7.19    30.22    24.18     0.00     0.02    21.00    19.33
 00041   979.25    11.57    79.63     0.80   129.88    20.76     0.00    -0.00    16.91     7.92
 00042  1021.44    11.82    77.71     1.40   130.47    21.53     0.00    -0.00    18.11     7.60
 00043  1013.03    12.92    74.65     1.14    55.75    22.16     0.00     0.00    18.97     8.77
 00044   994.09    11.99    81.65     1.11    74.17    21.26     0.00     0.00    18.35     8.75
 00045  1014.91    20.60    73.23     7.19    30.22    24.18     0.00     0.02    21.00    19.33
 00046   949.90    14.62    86.13     0.98    64.14    22.11     0.00     0.90    15.41    11.44
 00047  1012.77    16.28    74.29     2.70   337.10    21.42     0.00     0.03    19.66    13.55
 00048   607.91    -5.38    74.11     0.92   182.69    33.53     0.00     0.12     5.37    -6.11
 00049   579.51   -10.39    85.27     0.88    40.87    16.68     0.00     0.01     1.09   -10.18
 00050  1010.28    19.23    67.01     5.73    17.37    22.16     0.03     1.72    19.12    15.86
