stn_id       p       t2      rh2      spd      dir      vis    rain6   rain24   tmax24   tmin24 
 00001   986.47     1.11    94.27     1.09   333.09    12.66  9999.00  9999.00  9999.00  9999.00
 00002  1005.48    -3.23    32.16     4.70   283.76    27.29  9999.00  9999.00  9999.00  9999.00
 00003   908.83   -10.71    36.46     1.92   279.06    25.08  9999.00  9999.00  9999.00  9999.00
 00004   835.07   -16.38    62.26     4.35   280.80    26.18  9999.00  9999.00  9999.00  9999.00
 00005   872.28   -18.12    67.82     1.65   295.71    32.03  9999.00  9999.00  9999.00  9999.00
 00006   881.76   -16.21    67.39     5.82   265.53    36.62  9999.00  9999.00  9999.00  9999.00
 00007  1011.75   -10.92    81.48     2.26   208.92    37.42  9999.00  9999.00  9999.00  9999.00
 00008   993.28   -13.03    74.64     3.93   225.26    42.39  9999.00  9999.00  9999.00  9999.00
 00009   942.54   -38.05   100.00     0.42   225.92    52.98  9999.00  9999.00  9999.00  9999.00
 00010   973.52   -16.85    49.50     1.61   212.47    41.25  9999.00  9999.00  9999.00  9999.00
 00011  1000.36   -14.90    65.58     2.95   189.10    46.08  9999.00  9999.00  9999.00  9999.00
 00012  1021.42    -6.13    30.17     2.59   315.08    29.75  9999.00  9999.00  9999.00  9999.00
 00013  1025.89    -3.64    31.28     1.35   266.71    21.11  9999.00  9999.00  9999.00  9999.00
 00014  1022.50    -1.60    44.26     1.37   285.23    21.48  9999.00  9999.00  9999.00  9999.00
 00015  1005.88    -5.49    49.14     3.32   204.64    22.52  9999.00  9999.00  9999.00  9999.00
 00016   969.84    -6.93    33.10     2.21   226.00    20.17  9999.00  9999.00  9999.00  9999.00
 00017  1008.66    -3.24    37.21     5.51   286.27    20.49  9999.00  9999.00  9999.00  9999.00
 00018  1024.92    -5.12    60.04     1.73   236.44    20.28  9999.00  9999.00  9999.00  9999.00
 00019   948.99    -0.68    72.24     1.30   296.85    22.53  9999.00  9999.00  9999.00  9999.00
 00020  1027.30    -1.61    39.93     4.84   304.70    20.87  9999.00  9999.00  9999.00  9999.00
 00021   900.27   -19.04    52.77     2.80   164.38    43.20  9999.00  9999.00  9999.00  9999.00
 00022  1024.38    -6.70    39.43     2.09   277.53    26.95  9999.00  9999.00  9999.00  9999.00
 00023   929.51   -12.98    36.52     1.41   206.23    40.18  9999.00  9999.00  9999.00  9999.00
 00024   959.34   -21.49    84.38     3.99   120.15    33.34  9999.00  9999.00  9999.00  9999.00
 00025   794.48     2.86    95.11     1.87   178.02    16.91  9999.00  9999.00  9999.00  9999.00
 00026  1025.11     0.36    54.28     2.43   105.49    19.73  9999.00  9999.00  9999.00  9999.00
 00027  1021.41     1.20    63.28     1.94   342.12    18.77  9999.00  9999.00  9999.00  9999.00
 00028   988.69     0.40    66.94     1.75     7.01    17.40  9999.00  9999.00  9999.00  9999.00
 00029  1017.88     6.25    53.92     4.30     7.27    21.00  9999.00  9999.00  9999.00  9999.00
 00030  1007.49     7.51    57.51     2.72    15.34    22.01  9999.00  9999.00  9999.00  9999.00
 00031   565.60   -12.80    35.65     2.16   219.73    37.77  9999.00  9999.00  9999.00  9999.00
 00032   986.54     5.23    81.91     2.10   296.96    19.33  9999.00  9999.00  9999.00  9999.00
 00033  1016.97    14.73    91.41     9.18    13.44    12.07  9999.00  9999.00  9999.00  9999.00
 00034  1013.56    25.19    88.33    11.47    46.01     8.78  9999.00  9999.00  9999.00  9999.00
 00035  1015.34    17.59    86.33     6.43    16.76    21.58  9999.00  9999.00  9999.00  9999.00
 00036   774.04    -4.15    78.32     1.44    55.10    18.89  9999.00  9999.00  9999.00  9999.00
 00037   976.58     4.60    83.57     1.89   291.43    18.83  9999.00  9999.00  9999.00  9999.00
 00038  1005.09     8.77    69.62     1.95   321.78    20.81  9999.00  9999.00  9999.00  9999.00
 00039  1018.78    11.93    77.59     6.83   254.55    20.58  9999.00  9999.00  9999.00  9999.00
 00040  1016.01    11.09    76.98     4.89    45.14    21.26  9999.00  9999.00  9999.00  9999.00
 00041   981.60    -3.71    32.77     0.53   147.12    19.69  9999.00  9999.00  9999.00  9999.00
 00042  1026.47    -3.51    35.31     1.33   212.86    20.82  9999.00  9999.00  9999.00  9999.00
 00043  1018.38     0.01    58.28     1.42    50.58    19.94  9999.00  9999.00  9999.00  9999.00
 00044   997.05    -0.55    82.26     0.64   261.29    19.88  9999.00  9999.00  9999.00  9999.00
 00045  1016.01    11.09    76.98     4.89    45.14    21.26  9999.00  9999.00  9999.00  9999.00
 00046   950.88     1.74    83.28     1.51   345.10    18.12  9999.00  9999.00  9999.00  9999.00
 00047  1012.81     5.11    60.68     4.48   323.32    18.39  9999.00  9999.00  9999.00  9999.00
 00048   596.28    -7.85    31.71     3.07   204.36    39.64  9999.00  9999.00  9999.00  9999.00
 00049   569.36   -14.38    66.42     0.49   209.76    23.66  9999.00  9999.00  9999.00  9999.00
 00050  1010.90     7.66    76.10     3.68   329.42    20.29  9999.00  9999.00  9999.00  9999.00
