stn_id       p       t2      rh2      spd      dir      vis    rain6   rain24   tmax24   tmin24 
 00001   989.84     2.24    83.11     0.52    86.31    18.98  9999.00  9999.00  9999.00  9999.00
 00002  1010.48    -5.76    38.46     2.17   257.04    27.37  9999.00  9999.00  9999.00  9999.00
 00003   912.27   -10.38    48.17     1.45   253.15    25.16  9999.00  9999.00  9999.00  9999.00
 00004   837.94   -15.37    65.42     2.42   247.40    26.25  9999.00  9999.00  9999.00  9999.00
 00005   874.02   -15.28    64.12     2.46   225.06    32.04  9999.00  9999.00  9999.00  9999.00
 00006   881.96   -13.90    57.81     6.48   227.75    36.54  9999.00  9999.00  9999.00  9999.00
 00007  1018.32   -13.26    54.85     2.90    16.13    37.38  9999.00  9999.00  9999.00  9999.00
 00008   999.30   -13.76    51.00     2.82   254.43    42.42  9999.00  9999.00  9999.00  9999.00
 00009   944.97   -41.46   100.00     1.37   199.71    53.58  9999.00  9999.00  9999.00  9999.00
 00010   973.75   -10.57    69.79     3.91   292.09    41.13  9999.00  9999.00  9999.00  9999.00
 00011  1004.42   -14.37    68.51     2.76   240.44    46.18  9999.00  9999.00  9999.00  9999.00
 00012  1026.44    -7.14    34.85     1.92   326.98    29.79  9999.00  9999.00  9999.00  9999.00
 00013  1027.28    -3.18    46.44     2.57   299.82    21.06  9999.00  9999.00  9999.00  9999.00
 00014  1023.87    -2.86    60.38     1.49   268.79    21.50  9999.00  9999.00  9999.00  9999.00
 00015  1010.46    -3.97    27.40     1.76   251.76    22.54  9999.00  9999.00  9999.00  9999.00
 00016   970.20    -6.58    46.08     1.61   164.69    20.14  9999.00  9999.00  9999.00  9999.00
 00017  1013.01    -1.17    40.94     4.38   297.12    20.52  9999.00  9999.00  9999.00  9999.00
 00018  1026.89    -3.29    52.83     2.57   299.33    20.25  9999.00  9999.00  9999.00  9999.00
 00019   951.76    -1.16    71.65     1.41   318.36    22.71  9999.00  9999.00  9999.00  9999.00
 00020  1028.75    -1.65    49.39     3.26   297.52    21.09  9999.00  9999.00  9999.00  9999.00
 00021   902.31   -13.29    49.53     1.08   177.51    43.29  9999.00  9999.00  9999.00  9999.00
 00022  1029.49    -4.92    29.00     2.26   329.65    26.99  9999.00  9999.00  9999.00  9999.00
 00023   931.98   -12.35    66.76     1.21   199.06    39.99  9999.00  9999.00  9999.00  9999.00
 00024   960.36   -21.68    97.56     2.07   287.10    41.91  9999.00  9999.00  9999.00  9999.00
 00025   797.17     7.14    96.55     3.16   168.29    14.48  9999.00  9999.00  9999.00  9999.00
 00026  1027.07     1.20    57.32     2.14   100.30    19.71  9999.00  9999.00  9999.00  9999.00
 00027  1023.94     1.53    63.16     1.62   349.11    18.76  9999.00  9999.00  9999.00  9999.00
 00028   991.30     2.68    71.10     1.36    11.89    17.42  9999.00  9999.00  9999.00  9999.00
 00029  1020.07     8.55    55.96     3.95     8.43    21.02  9999.00  9999.00  9999.00  9999.00
 00030  1011.04     6.55    63.28     2.59    11.29    22.06  9999.00  9999.00  9999.00  9999.00
 00031   564.55   -11.92    23.92     2.59   224.76    37.54  9999.00  9999.00  9999.00  9999.00
 00032   988.96     8.56    70.27     2.09   311.71    19.30  9999.00  9999.00  9999.00  9999.00
 00033  1020.24    14.20    89.29     7.70     0.12     6.59  9999.00  9999.00  9999.00  9999.00
 00034  1016.33    26.60    77.52    13.26    42.30    20.60  9999.00  9999.00  9999.00  9999.00
 00035  1018.56    18.03    81.41     5.06     8.72    19.52  9999.00  9999.00  9999.00  9999.00
 00036   777.89    -4.74    75.52     1.65    22.89    18.24  9999.00  9999.00  9999.00  9999.00
 00037   979.06     7.09    75.16     1.75   305.68    19.22  9999.00  9999.00  9999.00  9999.00
 00038  1006.02    12.87    67.76     2.07   330.36    20.79  9999.00  9999.00  9999.00  9999.00
 00039  1020.08    15.20    69.60     7.79   261.06    20.64  9999.00  9999.00  9999.00  9999.00
 00040  1016.89    17.50    73.22     4.86    27.80    21.27  9999.00  9999.00  9999.00  9999.00
 00041   984.03    -3.65    46.41     0.99   301.41    19.66  9999.00  9999.00  9999.00  9999.00
 00042  1028.13    -2.71    42.11     2.66   271.94    20.78  9999.00  9999.00  9999.00  9999.00
 00043  1020.26     1.16    71.25     1.66    65.85    19.93  9999.00  9999.00  9999.00  9999.00
 00044   999.46    -0.98    77.40     1.28   261.03    19.85  9999.00  9999.00  9999.00  9999.00
 00045  1016.89    17.50    73.22     4.86    27.80    21.27  9999.00  9999.00  9999.00  9999.00
 00046   953.06     0.32    70.82     1.84     8.84    19.79  9999.00  9999.00  9999.00  9999.00
 00047  1015.39     6.00    61.69     4.45   328.79    20.52  9999.00  9999.00  9999.00  9999.00
 00048   594.63    -7.59    33.53     2.84   166.02    39.43  9999.00  9999.00  9999.00  9999.00
 00049   569.41   -13.19    94.61     1.29   178.10    12.77  9999.00  9999.00  9999.00  9999.00
 00050  1012.55    10.07    70.67     4.36   339.94    20.26  9999.00  9999.00  9999.00  9999.00
