stn_id       p       t2      rh2      spd      dir      vis    rain6   rain24   tmax24   tmin24 
 00001   971.92    16.86    90.30     1.50    85.85    16.60  9999.00  9999.00  9999.00  9999.00
 00002   999.19    15.55    54.31     1.67   239.92    20.15  9999.00  9999.00  9999.00  9999.00
 00003   906.47    11.62    84.70     1.30   295.05    18.25  9999.00  9999.00  9999.00  9999.00
 00004   838.11     6.46    94.72     0.86   255.94    11.87  9999.00  9999.00  9999.00  9999.00
 00005   873.60     9.30    91.48     1.58   236.09    15.21  9999.00  9999.00  9999.00  9999.00
 00006   882.71    11.56    57.28     4.41   221.94    17.41  9999.00  9999.00  9999.00  9999.00
 00007  1007.41    10.90    48.82     3.72   189.34    19.65  9999.00  9999.00  9999.00  9999.00
 00008   992.60     9.84    41.02     5.83    42.12    21.73  9999.00  9999.00  9999.00  9999.00
 00009   951.95    -0.95    63.16     1.76   138.37    37.10  9999.00  9999.00  9999.00  9999.00
 00010   969.31     5.26    50.75     2.76   268.80    22.40  9999.00  9999.00  9999.00  9999.00
 00011   999.15     5.02    46.55     2.43   305.23    24.31  9999.00  9999.00  9999.00  9999.00
 00012  1014.58    16.71    48.44     2.58   169.07    18.85  9999.00  9999.00  9999.00  9999.00
 00013  1014.71    12.18    74.97     2.38    96.15    23.70  9999.00  9999.00  9999.00  9999.00
 00014  1011.67    11.80    81.49     2.10   107.60    24.75  9999.00  9999.00  9999.00  9999.00
 00015   999.13    15.72    50.59     1.60   183.03    19.08  9999.00  9999.00  9999.00  9999.00
 00016   957.96    13.24    93.01     1.40    71.79    15.76  9999.00  9999.00  9999.00  9999.00
 00017  1000.58    16.81    68.54     1.06   220.19    21.41  9999.00  9999.00  9999.00  9999.00
 00018  1013.32    13.08    72.43     2.31    90.32    23.64  9999.00  9999.00  9999.00  9999.00
 00019   938.51    13.98    91.89     1.00   304.82     3.75  9999.00  9999.00  9999.00  9999.00
 00020  1018.07    11.77    86.26     2.29    64.57    22.20  9999.00  9999.00  9999.00  9999.00
 00021   896.16    11.05    42.55     3.21   223.23    27.72  9999.00  9999.00  9999.00  9999.00
 00022  1017.78    16.28    53.39     2.40   158.51    18.38  9999.00  9999.00  9999.00  9999.00
 00023   923.30    13.28    44.13     2.07   241.47    25.81  9999.00  9999.00  9999.00  9999.00
 00024   946.38    16.14    42.26     3.35   277.01    27.76  9999.00  9999.00  9999.00  9999.00
 00025   793.56    18.43    75.07     4.01   207.96    26.09  9999.00  9999.00  9999.00  9999.00
 00026  1010.68    17.72    76.82     2.12    23.28    25.99  9999.00  9999.00  9999.00  9999.00
 00027  1005.85    21.30    68.59     2.46    75.92    25.63  9999.00  9999.00  9999.00  9999.00
 00028   974.71    17.62    92.19     1.17     5.66     4.14  9999.00  9999.00  9999.00  9999.00
 00029  1008.46    22.36    83.43     1.78    92.79    23.82  9999.00  9999.00  9999.00  9999.00
 00030   995.38    23.33    92.09     2.22   113.34    12.77  9999.00  9999.00  9999.00  9999.00
 00031   570.28    -2.24    34.12     2.90   222.64    25.23  9999.00  9999.00  9999.00  9999.00
 00032   981.39    12.83    87.94     1.77   255.82    23.16  9999.00  9999.00  9999.00  9999.00
 00033  1008.61    20.89    97.39     5.82   104.00     0.78  9999.00  9999.00  9999.00  9999.00
 00034  1009.94    27.48    88.80     7.06    92.08    21.67  9999.00  9999.00  9999.00  9999.00
 00035  1007.64    26.17    87.61     3.81   119.75    17.59  9999.00  9999.00  9999.00  9999.00
 00036   773.13    13.56    69.36     2.88    18.58    22.57  9999.00  9999.00  9999.00  9999.00
 00037   971.65    12.55    90.45     1.30   109.23    23.13  9999.00  9999.00  9999.00  9999.00
 00038   998.56    17.10    83.82     1.08   104.52    25.62  9999.00  9999.00  9999.00  9999.00
 00039  1012.04    20.13    72.99     8.26    25.90    24.95  9999.00  9999.00  9999.00  9999.00
 00040  1009.62    20.06    77.03     6.23    40.90    26.15  9999.00  9999.00  9999.00  9999.00
 00041   972.44    12.44    75.47     1.76   109.04    24.34  9999.00  9999.00  9999.00  9999.00
 00042  1014.31    14.12    69.87     2.60   109.02    24.28  9999.00  9999.00  9999.00  9999.00
 00043  1004.20    19.17    76.87     1.98    40.51    26.53  9999.00  9999.00  9999.00  9999.00
 00044   986.16    14.88    77.12     1.77    29.37    24.66  9999.00  9999.00  9999.00  9999.00
 00045  1009.62    20.06    77.03     6.23    40.90    26.15  9999.00  9999.00  9999.00  9999.00
 00046   943.59    18.07    93.66     0.81   174.04    17.30  9999.00  9999.00  9999.00  9999.00
 00047  1006.24    15.84    80.78     2.72    46.88    23.65  9999.00  9999.00  9999.00  9999.00
 00048   599.89     3.62    41.37     2.47   157.15    27.60  9999.00  9999.00  9999.00  9999.00
 00049   575.00    -2.75    94.01     1.76   190.07    11.22  9999.00  9999.00  9999.00  9999.00
 00050  1004.65    16.78    77.76     4.40    12.75    24.48  9999.00  9999.00  9999.00  9999.00
