stn_id       p       t2      rh2      spd      dir      vis    rain6   rain24   tmax24   tmin24 
 00001   976.34    12.12    88.34     0.67   259.85    19.72     0.00  9999.00  9999.00  9999.00
 00002   995.88     1.13    87.82     1.92   311.17    24.55     0.00  9999.00  9999.00  9999.00
 00003   903.09    -2.54    89.20     0.66   306.64    23.01     0.00  9999.00  9999.00  9999.00
 00004   833.36    -1.42    91.75     1.91   216.33    22.75     0.00  9999.00  9999.00  9999.00
 00005   868.51    -4.03    81.30     0.96    68.53    24.62     0.00  9999.00  9999.00  9999.00
 00006   878.22    -2.32    44.82     3.00   238.89    25.40     0.00  9999.00  9999.00  9999.00
 00007  1005.36     8.48    93.24     4.06   214.22    23.12     0.12  9999.00  9999.00  9999.00
 00008   987.81     2.01    92.03     5.31   243.69    31.70     0.00  9999.00  9999.00  9999.00
 00009   943.13   -10.01    61.34     3.89   288.64    43.27     0.00  9999.00  9999.00  9999.00
 00010   967.39    -1.00    69.52     1.86   215.71    31.88     0.00  9999.00  9999.00  9999.00
 00011   993.33    -1.80    91.21     5.22   250.15    35.64     0.00  9999.00  9999.00  9999.00
 00012  1012.75    -0.46    88.46     2.28   114.81    24.48     0.00  9999.00  9999.00  9999.00
 00013  1017.25     8.28    85.44     2.59   145.94    19.40     0.00  9999.00  9999.00  9999.00
 00014  1014.97     7.54    85.53     2.09   205.60    18.62     0.00  9999.00  9999.00  9999.00
 00015   996.74     9.91    89.89     4.88   190.04    21.01     0.00  9999.00  9999.00  9999.00
 00016   958.04     2.98    96.56     1.26   181.51    13.25     0.00  9999.00  9999.00  9999.00
 00017   998.88     6.08    97.81     2.31   227.86     1.07     0.00  9999.00  9999.00  9999.00
 00018  1015.38     8.58    90.10     2.57   152.58    18.97     0.00  9999.00  9999.00  9999.00
 00019   940.45    11.32    89.91     0.30   224.40    22.17     0.19  9999.00  9999.00  9999.00
 00020  1020.88    11.88    82.40     2.46   177.52    19.33     0.00  9999.00  9999.00  9999.00
 00021   901.27    -7.52    79.04     2.21   155.89    36.84     0.00  9999.00  9999.00  9999.00
 00022  1015.19     3.34    99.46     1.37   222.69     0.81     0.00  9999.00  9999.00  9999.00
 00023   928.74    -5.58    77.78     1.54   158.71    31.30     0.00  9999.00  9999.00  9999.00
 00024   956.99    -5.89    95.27     1.07   102.31    22.21     0.05  9999.00  9999.00  9999.00
 00025   797.53     5.58    96.05     1.52   241.90     7.61     0.00  9999.00  9999.00  9999.00
 00026  1016.16     8.39    91.43     0.77   185.92     7.54     0.00  9999.00  9999.00  9999.00
 00027  1011.43     9.21    89.13     2.67   151.68    17.15     0.00  9999.00  9999.00  9999.00
 00028   979.71     7.07    97.05     0.97   194.01     7.62     0.00  9999.00  9999.00  9999.00
 00029  1013.73    15.19    82.25     1.84    39.67    21.06     0.00  9999.00  9999.00  9999.00
 00030  1002.56    12.07    95.03     1.00   330.57    22.47     0.00  9999.00  9999.00  9999.00
 00031   576.02    -7.39    61.04     1.98   226.45    31.79     0.00  9999.00  9999.00  9999.00
 00032   984.72    12.22    75.23     2.08   313.57    17.71     0.00  9999.00  9999.00  9999.00
 00033  1014.35    19.31    85.49     5.82     6.92    23.89     0.00  9999.00  9999.00  9999.00
 00034  1014.04    26.13    83.19     7.99    43.60    14.14     1.04  9999.00  9999.00  9999.00
 00035  1013.43    21.34    82.94     3.17   195.75    23.09     0.01  9999.00  9999.00  9999.00
 00036   777.63     2.13    98.40     1.07   104.41     0.29     0.00  9999.00  9999.00  9999.00
 00037   974.97    11.54    79.02     1.50   312.94    17.62     0.00  9999.00  9999.00  9999.00
 00038  1002.65    13.57    75.84     1.74   313.89    20.04     0.00  9999.00  9999.00  9999.00
 00039  1015.53    19.11    70.88     8.18   117.36    19.64     0.00  9999.00  9999.00  9999.00
 00040  1013.68    17.76    67.61     4.67    43.15    20.93     0.00  9999.00  9999.00  9999.00
 00041   975.88     5.99    91.17     1.29   154.28    17.68     0.00  9999.00  9999.00  9999.00
 00042  1017.35     7.50    85.22     2.09   169.15    18.88     0.00  9999.00  9999.00  9999.00
 00043  1009.80     8.00    95.19     1.15   206.93     4.24     0.00  9999.00  9999.00  9999.00
 00044   991.36     7.31    90.10     1.42    94.04    18.02     0.00  9999.00  9999.00  9999.00
 00045  1013.68    17.76    67.61     4.67    43.15    20.93     0.00  9999.00  9999.00  9999.00
 00046   948.25     9.36    87.27     1.20   102.46    18.48     0.00  9999.00  9999.00  9999.00
 00047  1009.69    12.82    79.65     3.21   309.84    18.47     0.00  9999.00  9999.00  9999.00
 00048   608.68   -10.59    81.25     1.71    18.72    34.49     0.04  9999.00  9999.00  9999.00
 00049   578.63    -7.24    45.99     0.36   148.82    28.21     0.00  9999.00  9999.00  9999.00
 00050  1008.02    17.08    66.01     4.68   324.93    19.08     0.00  9999.00  9999.00  9999.00
