stn_id       p       t2      rh2      spd      dir      vis    rain6   rain24   tmax24   tmin24 
 00001   976.34    11.68    87.95     1.61    25.37    21.09     0.00  9999.00  9999.00  9999.00
 00002   995.83     0.94    89.16     1.51   277.68    24.54     0.00  9999.00  9999.00  9999.00
 00003   903.65    -1.66    86.04     0.82   294.66    23.01     0.00  9999.00  9999.00  9999.00
 00004   833.96    -0.95    83.37     2.59   214.86    22.75     0.00  9999.00  9999.00  9999.00
 00005   868.67    -2.56    77.54     1.17    73.72    24.61     0.00  9999.00  9999.00  9999.00
 00006   877.83    -0.02    37.04     4.74   247.45    25.36     0.00  9999.00  9999.00  9999.00
 00007  1005.42     7.11    80.17     6.61   196.13    28.04     0.00  9999.00  9999.00  9999.00
 00008   985.89     3.74    90.17     8.58   217.10    31.96     0.00  9999.00  9999.00  9999.00
 00009   936.90    -4.28    67.76     4.78   288.68    43.06     0.00  9999.00  9999.00  9999.00
 00010   968.32    -5.18    72.87     1.87   214.30    31.97     0.00  9999.00  9999.00  9999.00
 00011   990.73     2.13    91.13     9.16   222.18    35.52     0.00  9999.00  9999.00  9999.00
 00012  1012.63    -0.85    94.49     1.56   100.44    24.45     0.00  9999.00  9999.00  9999.00
 00013  1017.77     7.69    87.90     2.44   142.33    19.40     0.00  9999.00  9999.00  9999.00
 00014  1015.26     5.09    94.10     1.69   220.13    18.61     0.00  9999.00  9999.00  9999.00
 00015   997.97     9.30    88.63     5.27   191.15    21.01     0.00  9999.00  9999.00  9999.00
 00016   958.59     3.27    96.19     1.39   180.03    17.69     0.00  9999.00  9999.00  9999.00
 00017  1000.10     6.15    96.62     1.68   220.95    20.01     0.00  9999.00  9999.00  9999.00
 00018  1015.92     7.90    91.21     2.14   139.99    18.96     0.00  9999.00  9999.00  9999.00
 00019   940.76    11.38    90.99     0.88   239.62    19.52     0.28  9999.00  9999.00  9999.00
 00020  1021.49     8.56    82.27     2.71   152.66    19.30     0.00  9999.00  9999.00  9999.00
 00021   902.99    -4.07    87.26     1.42   149.28    36.88     0.18  9999.00  9999.00  9999.00
 00022  1015.66     4.51    93.88     2.54   209.02    23.25     0.00  9999.00  9999.00  9999.00
 00023   930.09    -4.45    84.32     1.25   172.08    31.31     0.00  9999.00  9999.00  9999.00
 00024   956.80    -2.13    93.95     1.18   206.35    30.21     0.02  9999.00  9999.00  9999.00
 00025   798.15     6.77    89.76     1.88   224.75    19.45     0.00  9999.00  9999.00  9999.00
 00026  1015.90     9.95    79.63     0.50   255.35    18.47     0.00  9999.00  9999.00  9999.00
 00027  1010.87     9.09    85.20     2.23   130.17    18.71     0.00  9999.00  9999.00  9999.00
 00028   979.57     8.56    94.00     1.07   163.79    18.54     0.00  9999.00  9999.00  9999.00
 00029  1012.97    13.09    92.40     1.66    24.33    21.04     0.00  9999.00  9999.00  9999.00
 00030  1002.41    14.29    85.02     0.75   315.20    22.48     0.00  9999.00  9999.00  9999.00
 00031   576.40    -3.59    41.04     2.25   218.14    34.00     0.00  9999.00  9999.00  9999.00
 00032   984.61    10.02    83.42     2.05   323.48    17.71     0.00  9999.00  9999.00  9999.00
 00033  1014.77    21.43    79.46     2.05     2.16    23.93     0.00  9999.00  9999.00  9999.00
 00034  1014.08    26.68    75.94     7.43    42.73    22.81     0.19  9999.00  9999.00  9999.00
 00035  1013.54    20.54    76.47     2.48   347.81    24.05     0.00  9999.00  9999.00  9999.00
 00036   778.20     6.12    83.31     1.13   102.71    20.91     0.00  9999.00  9999.00  9999.00
 00037   974.87     8.59    88.79     1.47   324.75    17.61     0.00  9999.00  9999.00  9999.00
 00038  1002.33    11.43    86.48     1.62   320.61    20.03     0.00  9999.00  9999.00  9999.00
 00039  1015.40    18.35    73.52     7.94   117.78    19.64     0.00  9999.00  9999.00  9999.00
 00040  1013.40    16.52    73.51     4.66    51.40    20.92     0.00  9999.00  9999.00  9999.00
 00041   975.98     5.39    85.78     1.59   138.08    17.66     0.00  9999.00  9999.00  9999.00
 00042  1017.57     6.31    91.33     1.93   144.60    18.87     0.00  9999.00  9999.00  9999.00
 00043  1009.39     9.07    89.72     0.87   135.97    18.73     0.00  9999.00  9999.00  9999.00
 00044   990.99     6.13    91.96     1.81    90.49    18.01     0.00  9999.00  9999.00  9999.00
 00045  1013.40    16.52    73.51     4.66    51.40    20.92     0.00  9999.00  9999.00  9999.00
 00046   947.53     6.32    92.06     1.08   105.09    18.46     0.00  9999.00  9999.00  9999.00
 00047  1009.84    10.59    84.26     3.12   314.58    18.45     0.00  9999.00  9999.00  9999.00
 00048   608.49    -7.64    92.71     1.41    26.33    10.74     0.01  9999.00  9999.00  9999.00
 00049   580.02    -7.28    76.92     0.76    94.81    18.57     0.00  9999.00  9999.00  9999.00
 00050  1007.93    14.80    75.86     4.36   321.81    19.07     0.00  9999.00  9999.00  9999.00
