stn_id       p       t2      rh2      spd      dir      vis    rain6   rain24   tmax24   tmin24 
 00001   993.92    15.10    86.06     1.00   250.00     3.70  9999.00  9999.00  9999.00  9999.00
 00002  1006.09    12.30    51.74     1.00   320.00  9999.00  9999.00  9999.00  9999.00  9999.00
 00003   928.07    12.80    21.84     3.00   220.00     9.00  9999.00  9999.00  9999.00  9999.00
 00004   863.34     0.80    33.75     3.00   220.00    13.00  9999.00  9999.00  9999.00  9999.00
 00005   897.15     4.30    19.80     4.00   290.00    30.00  9999.00  9999.00  9999.00  9999.00
 00006   882.36     5.90    21.08     6.00   220.00    30.00  9999.00  9999.00  9999.00  9999.00
 00007  1007.53     1.50    59.97     0.00     0.00    18.00  9999.00  9999.00  9999.00  9999.00
 00008   985.13     1.90    51.93     2.00   140.00     8.00  9999.00  9999.00  9999.00  9999.00
 00009   956.60    -4.70    85.16     2.00    90.00    27.00  9999.00  9999.00  9999.00  9999.00
 00010   987.57     1.30    66.64     4.00   110.00    28.00  9999.00  9999.00  9999.00  9999.00
 00011   997.23    -3.00   100.00     1.00    70.00     4.20  9999.00  9999.00  9999.00  9999.00
 00012  1011.83     9.40    35.90     1.00   180.00    20.00  9999.00  9999.00  9999.00  9999.00
 00013  1017.76    16.50    74.10     1.00   270.00  9999.00  9999.00  9999.00  9999.00  9999.00
 00014  1013.92    16.80    77.66     1.00   220.00    12.00  9999.00  9999.00  9999.00  9999.00
 00015   996.80    11.60    43.96     2.00   140.00     6.00  9999.00  9999.00  9999.00  9999.00
 00016   969.52    19.70    17.82     2.00   220.00    19.00  9999.00  9999.00  9999.00  9999.00
 00017  1004.39    15.90    36.74     0.00     0.00     9.00  9999.00  9999.00  9999.00  9999.00
 00018  1015.15    15.90    89.00     3.00   180.00    10.00  9999.00  9999.00  9999.00  9999.00
 00019   953.61    15.40    75.91     1.00   340.00     7.00  9999.00  9999.00  9999.00  9999.00
 00020  1016.72    17.80    65.98     1.00   250.00    11.00  9999.00  9999.00  9999.00  9999.00
 00021   903.70     7.10    62.71     2.00   360.00     3.40  9999.00  9999.00  9999.00  9999.00
 00022  1015.90     7.10    43.95     2.00   160.00    24.00  9999.00  9999.00  9999.00  9999.00
 00023   933.27     7.00    68.86     7.00   290.00    18.00  9999.00  9999.00  9999.00  9999.00
 00024   957.51     4.00    75.06     2.00   110.00    30.00  9999.00  9999.00  9999.00  9999.00
 00025   816.70    17.10    56.71     4.00    70.00    11.00  9999.00  9999.00  9999.00  9999.00
 00026  1015.37    15.80    93.74     1.00   320.00     3.20  9999.00  9999.00  9999.00  9999.00
 00027  1013.50    16.60    96.85     1.00   140.00     0.50  9999.00  9999.00  9999.00  9999.00
 00028   991.21    13.30    98.05     0.00   360.00     2.50  9999.00  9999.00  9999.00  9999.00
 00029  1014.54    18.50    84.74     2.00   360.00    19.00  9999.00  9999.00  9999.00  9999.00
 00030  1004.78    20.00    85.97     4.00   110.00     8.00  9999.00  9999.00  9999.00  9999.00
 00031   625.80     4.30    26.74     3.00   320.00    30.00  9999.00  9999.00  9999.00  9999.00
 00032  1009.18    18.30    57.82     1.00   200.00    17.00  9999.00  9999.00  9999.00  9999.00
 00033  1017.79    21.60    82.94     2.00    90.00    26.00  9999.00  9999.00  9999.00  9999.00
 00034  1017.20    23.20    71.02     3.00    40.00    22.00  9999.00  9999.00  9999.00  9999.00
 00035  1016.87    20.60    88.79     1.00    70.00    20.00  9999.00  9999.00  9999.00  9999.00
 00036   845.30    16.80    49.70     2.00   340.00    30.00  9999.00  9999.00  9999.00  9999.00
 00037  1013.28    18.30    64.78     1.00   110.00    14.00  9999.00  9999.00  9999.00  9999.00
 00038  1016.00    17.20    58.74     1.00    70.00    11.00  9999.00  9999.00  9999.00  9999.00
 00039  1016.73    16.40    76.08     1.00   290.00     7.00  9999.00  9999.00  9999.00  9999.00
 00040  1013.00    15.50    82.77     1.00   180.00  9999.00  9999.00  9999.00  9999.00  9999.00
 00041   820.00     7.20    75.06     4.00   250.00    12.00  9999.00  9999.00  9999.00  9999.00
 00042  1017.17    15.40    87.23     3.00   250.00     6.00  9999.00  9999.00  9999.00  9999.00
 00043  1017.38    15.50   100.00     0.00     0.00    12.00  9999.00  9999.00  9999.00  9999.00
 00044  1011.83    15.70    86.12     1.00    20.00    10.00  9999.00  9999.00  9999.00  9999.00
 00045  1013.00    15.50    82.77     1.00   180.00  9999.00  9999.00  9999.00  9999.00  9999.00
 00046   977.65    16.70    59.01     3.00   360.00    16.00  9999.00  9999.00  9999.00  9999.00
 00047  1015.22    17.00    65.82     1.00    90.00    10.00  9999.00  9999.00  9999.00  9999.00
 00048   653.30     9.50    19.53     2.00   160.00    25.00  9999.00  9999.00  9999.00  9999.00
 00049   603.90    -1.60    69.07     3.00   180.00     4.70  9999.00  9999.00  9999.00  9999.00
 00050  1016.63    16.00    76.01     0.00   320.00  9999.00  9999.00  9999.00  9999.00  9999.00
