stn_id       p       t2      rh2      spd      dir      vis    rain6   rain24   tmax24   tmin24 
 00001   972.73     7.12    99.64     0.88   308.14     0.63     0.00  9999.00  9999.00  9999.00
 00002   984.14     9.27    31.80     4.17   271.08    25.26     0.00  9999.00  9999.00  9999.00
 00003   895.71    -0.92    54.43     2.84   233.84    23.87     0.00  9999.00  9999.00  9999.00
 00004   826.37    -0.07    39.42     3.42   249.28    23.76     0.00  9999.00  9999.00  9999.00
 00005   859.51    -2.21    49.73     2.45   224.14    26.09     0.00  9999.00  9999.00  9999.00
 00006   865.26     1.82    44.26     8.92   249.19    27.73     0.00  9999.00  9999.00  9999.00
 00007   990.86     5.01    86.93     5.43   179.74    32.74     0.00  9999.00  9999.00  9999.00
 00008   974.12     1.01    77.13     4.79   184.24    37.36     0.13  9999.00  9999.00  9999.00
 00009   933.60   -27.64    93.77     1.09    38.85    36.17     0.28  9999.00  9999.00  9999.00
 00010   960.06    -8.34    55.23     0.97   106.44    37.47     0.00  9999.00  9999.00  9999.00
 00011   984.23   -11.68    71.82     5.44    93.67    40.88     0.02  9999.00  9999.00  9999.00
 00012   999.45    -2.90    82.34     0.98   324.21    26.46     0.00  9999.00  9999.00  9999.00
 00013  1010.79     9.55    73.34     4.28   217.60    20.80     0.00  9999.00  9999.00  9999.00
 00014  1009.66     6.92    86.73     3.14   214.88    20.26     0.00  9999.00  9999.00  9999.00
 00015   986.58     8.68    64.97     5.12   195.01    22.19     0.00  9999.00  9999.00  9999.00
 00016   951.83     1.56    91.61     1.97   189.39    22.37     0.00  9999.00  9999.00  9999.00
 00017   990.75     7.92    71.39     3.08   245.59    21.34     0.00  9999.00  9999.00  9999.00
 00018  1009.13     9.42    90.64     3.98   199.51    20.23     0.00  9999.00  9999.00  9999.00
 00019   936.75     9.10    92.68     0.60   290.20     5.72     0.08  9999.00  9999.00  9999.00
 00020  1015.09     9.48    74.56     3.86   205.13    20.81     0.00  9999.00  9999.00  9999.00
 00021   893.41    -7.13    82.98     1.15   229.27    37.07     0.08  9999.00  9999.00  9999.00
 00022  1002.27    -0.15    82.02     1.26   217.64    24.89     0.00  9999.00  9999.00  9999.00
 00023   922.57    -7.13    79.83     0.88   231.76    29.86     0.12  9999.00  9999.00  9999.00
 00024   949.02   -14.11    81.11     2.33   297.11    33.68     0.00  9999.00  9999.00  9999.00
 00025   796.74     6.43    91.16     1.33   268.56    19.05     0.00  9999.00  9999.00  9999.00
 00026  1012.14     7.10    93.28     2.44   211.07    19.22     0.00  9999.00  9999.00  9999.00
 00027  1007.19     8.45    92.14     2.39   163.41    19.20     0.00  9999.00  9999.00  9999.00
 00028   975.45     8.36    84.52     2.18   174.36    18.67     0.00  9999.00  9999.00  9999.00
 00029  1011.20    11.12    87.67     1.61    23.51    20.81     0.00  9999.00  9999.00  9999.00
 00030  1000.02    13.70    82.42     1.52   186.77    22.12     0.00  9999.00  9999.00  9999.00
 00031   573.21    -4.95    76.11     1.04   238.03    13.65     0.94  9999.00  9999.00  9999.00
 00032   982.07     5.70    89.23     1.62   309.10    17.97     0.00  9999.00  9999.00  9999.00
 00033  1012.54    21.17    82.47     0.55   313.18    23.48     0.00  9999.00  9999.00  9999.00
 00034  1012.86    26.35    78.80     6.62    43.02    22.32     0.30  9999.00  9999.00  9999.00
 00035  1011.47    20.59    82.33     1.44   327.28    23.59     0.00  9999.00  9999.00  9999.00
 00036   776.36     4.26    94.09     1.53   136.07    15.83     0.00  9999.00  9999.00  9999.00
 00037   972.27     5.26    89.32     1.03   312.52    17.89     0.00  9999.00  9999.00  9999.00
 00038  1000.17     8.41    84.46     1.18   320.87    20.00     0.00  9999.00  9999.00  9999.00
 00039  1013.53    16.57    68.05     6.17   259.05    19.65     0.00  9999.00  9999.00  9999.00
 00040  1011.48    14.83    70.13     3.89    61.37    20.71     0.00  9999.00  9999.00  9999.00
 00041   971.45     3.60    91.43     2.06   184.11    18.96     0.00  9999.00  9999.00  9999.00
 00042  1011.46     8.91    63.55     3.35   209.37    20.25     0.00  9999.00  9999.00  9999.00
 00043  1005.77     6.43    93.35     1.78   180.91    19.36     0.00  9999.00  9999.00  9999.00
 00044   987.50     4.77    92.06     1.11   147.47    18.90     0.00  9999.00  9999.00  9999.00
 00045  1011.48    14.83    70.13     3.89    61.37    20.71     0.00  9999.00  9999.00  9999.00
 00046   945.31     4.07    85.72     1.07   116.91    18.71     0.00  9999.00  9999.00  9999.00
 00047  1006.37     9.29    86.32     2.37   292.86    19.25     0.00  9999.00  9999.00  9999.00
 00048   605.45    -5.51    75.77     0.83   126.82    20.15     0.22  9999.00  9999.00  9999.00
 00049   576.72    -5.05    92.39     1.05   185.99     8.92     1.40  9999.00  9999.00  9999.00
 00050  1005.94    10.29    74.97     3.45   334.63    19.15     0.00  9999.00  9999.00  9999.00
