stn_id       p       t2      rh2      spd      dir      vis    rain6   rain24   tmax24   tmin24 
 00001   964.77    18.71    89.35     1.81   263.47    14.60     5.46     9.80    27.18    18.21
 00002   997.62    14.11    63.99     1.77   350.29    19.98     0.09     2.87    20.43    13.58
 00003   902.77    10.74    82.46     3.07    42.55    18.08     1.02     6.48    21.49    10.49
 00004   833.34     5.35    88.72     3.44   100.37    14.45     0.01     2.52    12.36     3.32
 00005   871.58     7.02    67.04     4.39    38.55    17.17     0.00     0.00    13.97     2.76
 00006   885.94     3.64    74.29     4.16    63.91    17.16     0.00     0.01     9.57     2.89
 00007  1000.52    14.27    53.60     8.51    19.07    19.57     0.00     4.38    18.46    11.60
 00008   987.55    13.44    51.16     5.67    17.33    21.64     0.00     0.00    17.12     9.84
 00009   949.30     8.29    39.21     1.93   307.47    36.92     0.00     0.00    11.67    -2.75
 00010   961.72     7.44    92.34     3.48   323.72    13.20     2.56    31.46    13.68     6.84
 00011   995.31    11.98    53.34     3.21   349.77    24.13     0.00     0.00    15.31     7.79
 00012  1013.40    15.05    48.01     4.59   354.81    18.78     0.00     0.76    18.89    13.82
 00013  1003.64    18.97    75.55     5.04   215.17    23.37     0.00     0.30    25.60    17.91
 00014   999.17    22.25    83.44     3.68   344.25    23.98     0.04     8.21    27.62    20.12
 00015   993.43    14.90    47.37     6.47    26.57    19.03     0.00     2.65    18.07    12.53
 00016   949.47    17.21    82.51     0.86    94.48    17.56     0.18     0.23    24.72    14.71
 00017   995.00    16.88    81.00     4.84    37.72    18.72     0.18     2.20    26.15    16.39
 00018  1003.37    19.00    72.20     5.36    15.71    23.29     0.00     0.26    25.37    17.20
 00019   930.30    19.21    73.29     1.38   284.48    25.07     0.00     0.18    25.60    16.27
 00020  1004.17    21.96    82.15     4.47   313.69    21.90     0.01    10.35    25.08    19.35
 00021   896.95     1.51    58.90     1.94   131.90    27.73     0.01     0.83     6.82     0.14
 00022  1014.91    14.96    46.10     6.20   356.46    18.36     0.00     0.70    21.84    12.28
 00023   924.96     2.26    60.41     2.32   221.90    25.86     0.00     0.10    10.43    -0.90
 00024   949.19     1.40    54.08     2.51   321.91    27.95     0.00     0.05    13.62    -0.07
 00025   790.65    17.82    62.58     3.05   251.87    25.78     0.00     0.00    27.22    15.24
 00026  1000.30    20.57    90.28     4.12    24.36     2.08    26.43    32.77    27.56    20.41
 00027   995.76    22.78    89.17     2.61    17.84    20.39     2.27     6.81    27.04    21.58
 00028   964.79    22.07    93.51     2.35    30.43    14.15     2.75    10.35    24.47    21.27
 00029   999.09    27.20    86.67     4.49   180.30    23.92     0.23     1.05    31.21    25.75
 00030   984.70    28.25    82.37     3.22   161.26    29.84     0.00     0.00    35.80    25.97
 00031   571.52    -5.40    63.35     1.76   223.46    25.41     0.00     0.00     9.52    -6.14
 00032   969.35    22.65    93.82     2.07   225.14     2.83     6.35    14.75    28.81    20.18
 00033  1000.28    23.41    92.89     7.45   169.07    24.44     0.00     0.00    30.33    23.04
 00034  1005.51    27.82    87.07     6.76   186.45    29.27     0.00     0.04    28.37    27.68
 00035  1000.57    29.68    74.85     7.84   189.60    28.32     0.00     0.00    36.27    27.14
 00036   772.04    12.79    69.94     1.56   317.37    23.42     0.09     0.18    24.98    12.15
 00037   959.86    23.28    93.37     1.94   235.60     4.08     9.67    20.03    29.55    20.55
 00038   989.10    23.70    97.92     0.35   237.33     1.58     2.80     2.96    32.03    22.46
 00039  1002.13    25.18    91.92     5.96   218.91    13.45     1.01     1.17    27.96    24.68
 00040  1000.67    26.16    89.83     4.23   233.71    23.65     0.05     0.43    28.84    25.01
 00041   962.32    19.44    83.55     2.47    17.14    22.71     0.62     4.77    23.75    16.90
 00042  1003.68    19.77    81.27     3.92   116.75    23.88     0.00     1.75    24.30    17.37
 00043   993.45    21.69    91.96     3.23    23.28     5.00    22.90    42.26    27.02    21.33
 00044   975.50    22.07    97.41     0.99    77.82     6.85     1.61    29.53    24.92    21.30
 00045  1000.67    26.16    89.83     4.23   233.71    23.65     0.05     0.43    28.84    25.01
 00046   935.53    20.90    99.72     3.10   203.38     1.59    10.29    17.86    26.18    20.50
 00047   992.61    22.99    97.20     4.08   169.16     0.61    12.96    15.95    27.58    21.93
 00048   602.08    -2.36    83.24     0.90   179.93    24.91     0.00     0.62    10.67    -3.49
 00049   574.77    -4.10    94.58     0.37    87.32     9.80     0.25     1.29     2.91    -6.19
 00050   994.03    24.47    94.11     4.08   218.33     4.23     1.51     1.67    30.17    23.70
