stn_id       p       t2      rh2      spd      dir      vis    rain6   rain24   tmax24   tmin24 
 00001   996.17    12.10  9999.00     1.00    40.00     6.00  9999.00  9999.00  9999.00  9999.00
 00002  1017.70     2.80  9999.00     1.00   340.00     2.70  9999.00  9999.00  9999.00  9999.00
 00003   938.46    -2.20  9999.00     1.00   110.00    11.00  9999.00  9999.00  9999.00  9999.00
 00004   870.67    -4.40  9999.00     3.00   200.00    28.00  9999.00  9999.00  9999.00  9999.00
 00005   907.79    -4.20  9999.00     4.00   320.00    26.00  9999.00  9999.00  9999.00  9999.00
 00006   895.77    -2.70  9999.00     5.00   220.00    29.00  9999.00  9999.00  9999.00  9999.00
 00007  1019.97    -3.20  9999.00     1.00    70.00     9.00  9999.00  9999.00  9999.00  9999.00
 00008   996.37    -1.40  9999.00     3.00   220.00     8.00  9999.00  9999.00  9999.00  9999.00
 00009   974.15   -19.00  9999.00     1.00   180.00    12.00  9999.00  9999.00  9999.00  9999.00
 00010   995.47    -4.60  9999.00     0.00   360.00    14.00  9999.00  9999.00  9999.00  9999.00
 00011  1005.71    -4.80  9999.00     2.00   200.00  9999.00  9999.00  9999.00  9999.00  9999.00
 00012  1022.20     1.60  9999.00     1.00   180.00  9999.00  9999.00  9999.00  9999.00  9999.00
 00013  1028.45     4.70  9999.00     1.00    20.00  9999.00  9999.00  9999.00  9999.00  9999.00
 00014  1023.68     9.10  9999.00     2.00   320.00     6.00  9999.00  9999.00  9999.00  9999.00
 00015  1008.32     4.50  9999.00     1.00   110.00    10.00  9999.00  9999.00  9999.00  9999.00
 00016   976.04     4.60  9999.00     1.00   200.00    10.00  9999.00  9999.00  9999.00  9999.00
 00017  1014.48     3.70  9999.00     0.00   140.00     3.30  9999.00  9999.00  9999.00  9999.00
 00018  1025.52     4.70  9999.00     1.00    40.00  9999.00  9999.00  9999.00  9999.00  9999.00
 00019   957.68     9.70  9999.00     1.00    40.00  9999.00  9999.00  9999.00  9999.00  9999.00
 00020  1027.71     5.80  9999.00     0.00     0.00    10.00  9999.00  9999.00  9999.00  9999.00
 00021   935.03    -0.20  9999.00     1.00   180.00    30.00  9999.00  9999.00  9999.00  9999.00
 00022  1026.69    -0.80  9999.00     1.00   200.00     3.40  9999.00  9999.00  9999.00  9999.00
 00023   956.70    -0.30  9999.00     2.00   160.00    30.00  9999.00  9999.00  9999.00  9999.00
 00024   986.74     1.90  9999.00     1.00   270.00    30.00  9999.00  9999.00  9999.00  9999.00
 00025   815.50    14.40    76.75     1.00   250.00    28.00  9999.00  9999.00  9999.00  9999.00
 00026  1021.54     8.80  9999.00     1.00   360.00     7.00  9999.00  9999.00  9999.00  9999.00
 00027  1019.07    11.50  9999.00     1.00   290.00     6.00  9999.00  9999.00  9999.00  9999.00
 00028   996.58     9.00  9999.00     0.00   360.00    15.00  9999.00  9999.00  9999.00  9999.00
 00029  1019.12    15.30  9999.00     3.00   340.00    30.00  9999.00  9999.00  9999.00  9999.00
 00030  1008.73    13.50  9999.00     2.00    90.00    19.00  9999.00  9999.00  9999.00  9999.00
 00031   627.30     9.10     7.14     4.00   220.00    30.00  9999.00  9999.00  9999.00  9999.00
 00032  1015.73    16.70  9999.00     2.00   340.00    16.00  9999.00  9999.00  9999.00  9999.00
 00033  1018.49    22.90  9999.00     3.00    70.00     6.00  9999.00  9999.00  9999.00  9999.00
 00034  1015.90    27.20  9999.00     6.00    70.00    15.00  9999.00  9999.00  9999.00  9999.00
 00035  1017.47    23.60  9999.00     2.00    40.00    11.00  9999.00  9999.00  9999.00  9999.00
 00036   840.30    14.70    49.84     1.00   340.00    30.00  9999.00  9999.00  9999.00  9999.00
 00037  1020.15    15.20  9999.00     2.00   320.00    17.00  9999.00  9999.00  9999.00  9999.00
 00038  1020.79    17.80  9999.00     2.00    70.00    12.00  9999.00  9999.00  9999.00  9999.00
 00039  1021.72    18.40  9999.00     6.00    40.00    23.00  9999.00  9999.00  9999.00  9999.00
 00040  1017.08    19.90  9999.00     8.00    40.00    21.00  9999.00  9999.00  9999.00  9999.00
 00041   822.50     3.70    65.68     6.00   220.00    30.00  9999.00  9999.00  9999.00  9999.00
 00042  1027.05     5.70  9999.00     1.00   110.00     6.00  9999.00  9999.00  9999.00  9999.00
 00043  1023.96     8.40  9999.00     2.00    90.00    10.00  9999.00  9999.00  9999.00  9999.00
 00044  1019.07     8.70  9999.00     1.00    20.00     9.00  9999.00  9999.00  9999.00  9999.00
 00045  1017.08    19.90  9999.00     8.00    40.00    21.00  9999.00  9999.00  9999.00  9999.00
 00046   982.96    13.10  9999.00     2.00    40.00     8.00  9999.00  9999.00  9999.00  9999.00
 00047  1022.99    12.60  9999.00     2.00   270.00  9999.00  9999.00  9999.00  9999.00  9999.00
 00048   654.40     2.60    34.21     1.00   140.00     9.00  9999.00  9999.00  9999.00  9999.00
 00049   605.40    -1.60    69.07     2.00   180.00    30.00  9999.00  9999.00  9999.00  9999.00
 00050  1021.91    17.40  9999.00     4.00    40.00    26.00  9999.00  9999.00  9999.00  9999.00
