stn_id       p       t2      rh2      spd      dir      vis    rain6   rain24   tmax24   tmin24 
 00001   966.19    18.29    91.22     1.63   225.37     7.49  9999.00  9999.00  9999.00  9999.00
 00002  1007.73     7.35    88.84     1.21   270.58     3.87  9999.00  9999.00  9999.00  9999.00
 00003   910.41     2.37    94.51     1.55    59.57     3.92  9999.00  9999.00  9999.00  9999.00
 00004   838.51    -1.14    97.29     0.96   123.31     9.50  9999.00  9999.00  9999.00  9999.00
 00005   874.90     2.12    88.82     1.79   240.75    16.35  9999.00  9999.00  9999.00  9999.00
 00006   883.20     5.50    43.35     4.27   209.41    16.08  9999.00  9999.00  9999.00  9999.00
 00007  1014.58     1.76    52.73     2.03   176.08    19.80  9999.00  9999.00  9999.00  9999.00
 00008   996.82     2.21    21.19     4.13   295.43    21.58  9999.00  9999.00  9999.00  9999.00
 00009   952.40    -5.34    62.30     2.66   313.49    36.51  9999.00  9999.00  9999.00  9999.00
 00010   971.27     0.45    37.64     4.24   279.58    22.09  9999.00  9999.00  9999.00  9999.00
 00011  1000.92     2.80    20.47     5.37   292.80    23.62  9999.00  9999.00  9999.00  9999.00
 00012  1022.00     9.53    66.78     4.17   209.09    18.71  9999.00  9999.00  9999.00  9999.00
 00013  1015.99    14.34    58.10     3.72    57.64    22.97  9999.00  9999.00  9999.00  9999.00
 00014  1011.05    12.71    76.62     2.06   227.39    23.63  9999.00  9999.00  9999.00  9999.00
 00015  1005.43    10.67    48.13     3.47    32.88    19.46  9999.00  9999.00  9999.00  9999.00
 00016   958.99     8.12    92.01     2.66   154.01     3.21  9999.00  9999.00  9999.00  9999.00
 00017  1005.45    13.26    30.89     5.03    46.72    20.73  9999.00  9999.00  9999.00  9999.00
 00018  1014.51    15.74    51.49     5.86    72.16    22.66  9999.00  9999.00  9999.00  9999.00
 00019   932.27    15.49    85.91     0.50   189.22    16.70  9999.00  9999.00  9999.00  9999.00
 00020  1016.41    15.34    68.46     4.57    30.46    21.59  9999.00  9999.00  9999.00  9999.00
 00021   893.79     3.99    49.38     0.91   107.74    28.80  9999.00  9999.00  9999.00  9999.00
 00022  1026.01     9.86    60.40     3.49   254.92    18.54  9999.00  9999.00  9999.00  9999.00
 00023   920.67     3.75    62.67     1.38   128.01    26.04  9999.00  9999.00  9999.00  9999.00
 00024   948.60     1.52    60.80     2.32   299.71    28.65  9999.00  9999.00  9999.00  9999.00
 00025   791.42    21.29    27.02     2.79   239.68    24.94  9999.00  9999.00  9999.00  9999.00
 00026  1006.98    21.64    70.38     5.04    54.59    20.44  9999.00  9999.00  9999.00  9999.00
 00027  1002.13    19.91    89.91     4.28   323.77    22.16  9999.00  9999.00  9999.00  9999.00
 00028   970.93    17.38    85.21     5.44    26.57    11.64  9999.00  9999.00  9999.00  9999.00
 00029  1003.27    23.71    94.59     3.50   116.31    24.20  9999.00  9999.00  9999.00  9999.00
 00030   987.76    25.66    92.32     3.94   120.52    28.23  9999.00  9999.00  9999.00  9999.00
 00031   569.98    -2.34    39.24     2.62   229.23    25.87  9999.00  9999.00  9999.00  9999.00
 00032   977.59    18.05    97.54     2.40    69.97    13.12  9999.00  9999.00  9999.00  9999.00
 00033  1002.02    23.46    96.29     6.62   158.57     6.25  9999.00  9999.00  9999.00  9999.00
 00034  1006.99    28.20    92.02     6.69   162.91    29.31  9999.00  9999.00  9999.00  9999.00
 00035  1001.92    28.07    90.34     4.66   181.66    27.34  9999.00  9999.00  9999.00  9999.00
 00036   769.21    19.34    33.85     1.43   162.20    23.57  9999.00  9999.00  9999.00  9999.00
 00037   967.90    18.23    96.83     1.47    77.17    16.90  9999.00  9999.00  9999.00  9999.00
 00038   994.83    20.02    88.29     1.16   115.13    23.81  9999.00  9999.00  9999.00  9999.00
 00039  1008.28    22.63    83.89     8.37    44.51    21.53  9999.00  9999.00  9999.00  9999.00
 00040  1005.74    22.87    85.27     6.38    49.34    22.92  9999.00  9999.00  9999.00  9999.00
 00041   971.59    14.54    67.33     3.24    57.68    22.80  9999.00  9999.00  9999.00  9999.00
 00042  1015.50    14.82    59.70     4.44    66.22    23.22  9999.00  9999.00  9999.00  9999.00
 00043   999.81    21.68    77.75     3.46    52.56     7.99  9999.00  9999.00  9999.00  9999.00
 00044   983.55    17.95    78.23     5.15    57.18    22.93  9999.00  9999.00  9999.00  9999.00
 00045  1005.74    22.87    85.27     6.38    49.34    22.92  9999.00  9999.00  9999.00  9999.00
 00046   939.90    18.97    93.96     1.62   114.40    23.21  9999.00  9999.00  9999.00  9999.00
 00047  1002.78    17.83    78.36     4.30    40.36    22.25  9999.00  9999.00  9999.00  9999.00
 00048   600.24     3.86    45.55     2.20   173.55    29.04  9999.00  9999.00  9999.00  9999.00
 00049   575.18    -2.83    92.37     1.78   176.39    16.43  9999.00  9999.00  9999.00  9999.00
 00050  1000.94    20.55    90.12     4.45    33.75    21.74  9999.00  9999.00  9999.00  9999.00
