stn_id       p       t2      rh2      spd      dir      vis    rain6   rain24   tmax24   tmin24 
 00001   973.57    14.54    90.21     1.46    70.53    17.50     0.49  9999.00  9999.00  9999.00
 00002   991.71    13.62    25.96     4.12   258.33    22.48     0.00  9999.00  9999.00  9999.00
 00003   903.16     1.51    60.32     2.89   219.84    20.81     0.00  9999.00  9999.00  9999.00
 00004   833.74     4.33    50.65     4.19   221.34    21.06     0.00  9999.00  9999.00  9999.00
 00005   866.59     2.90    45.94     2.26   188.14    24.23     0.00  9999.00  9999.00  9999.00
 00006   873.33     7.10    15.82     7.53   234.18    27.05     0.00  9999.00  9999.00  9999.00
 00007  1002.46     7.19    91.22     4.44   156.10    27.73     0.00  9999.00  9999.00  9999.00
 00008   988.06    -0.05    82.26     3.07   146.22    33.55     0.00  9999.00  9999.00  9999.00
 00009   943.06   -17.41    94.84     2.32   180.69    55.63     0.00  9999.00  9999.00  9999.00
 00010   968.72    -4.68    92.60     1.45   247.66    34.15     0.00  9999.00  9999.00  9999.00
 00011   997.49    -2.13    67.26     2.37   102.65    39.88     0.00  9999.00  9999.00  9999.00
 00012  1005.98     3.65    89.51     1.65   108.30    23.24     0.00  9999.00  9999.00  9999.00
 00013  1015.38    13.13    92.41     3.60   230.63    18.41     0.00  9999.00  9999.00  9999.00
 00014  1012.99     9.96    93.13     1.86   233.67    18.35     0.00  9999.00  9999.00  9999.00
 00015   994.41    12.38    39.42     4.30   197.04    18.47     0.00  9999.00  9999.00  9999.00
 00016   955.71     8.41    88.36     1.31   157.23    17.71     0.00  9999.00  9999.00  9999.00
 00017   997.50     8.04    69.77     1.82   227.69    18.21     0.00  9999.00  9999.00  9999.00
 00018  1014.39    12.54    95.65     2.61   222.88    18.16     0.00  9999.00  9999.00  9999.00
 00019   938.56    13.42    92.71     1.10   232.44    11.10     1.66  9999.00  9999.00  9999.00
 00020  1018.48     9.89    94.03     2.26   201.19    18.23     0.00  9999.00  9999.00  9999.00
 00021   900.43    -4.14    54.33     1.54   135.02    38.19     0.03  9999.00  9999.00  9999.00
 00022  1008.85     7.18    67.93     3.04   242.27    20.99     0.00  9999.00  9999.00  9999.00
 00023   928.04    -4.15    79.54     1.72   151.85    34.04     0.00  9999.00  9999.00  9999.00
 00024   956.41    -9.83    91.98     1.43   270.43    28.54     0.00  9999.00  9999.00  9999.00
 00025   798.08    10.34    94.08     1.97   194.62    21.16     0.00  9999.00  9999.00  9999.00
 00026  1015.41     9.79    99.73     1.37   136.32     0.14     0.00  9999.00  9999.00  9999.00
 00027  1010.47    12.28    97.68     1.73   142.71    14.70     0.00  9999.00  9999.00  9999.00
 00028   978.34    10.54    99.07     0.85   145.94     5.47     0.00  9999.00  9999.00  9999.00
 00029  1011.99    17.51    82.15     1.90    45.35    20.25     0.00  9999.00  9999.00  9999.00
 00030  1001.13    15.90    89.84     2.23    92.10    22.29     0.00  9999.00  9999.00  9999.00
 00031   573.98    -6.97    49.19     2.16   212.16    30.18     0.00  9999.00  9999.00  9999.00
 00032   983.25    10.34    96.62     1.38   316.89    11.87     0.00  9999.00  9999.00  9999.00
 00033  1014.40    19.51    96.28     2.45   181.96     0.10     0.02  9999.00  9999.00  9999.00
 00034  1015.48    25.62    73.73     7.82    42.88    21.35     0.50  9999.00  9999.00  9999.00
 00035  1013.61    19.79    95.22     0.89   322.82     6.31     0.00  9999.00  9999.00  9999.00
 00036   776.35     4.87    98.53     1.12   103.39     4.96     0.00  9999.00  9999.00  9999.00
 00037   973.52    10.02    97.94     1.00   325.74    10.47     0.00  9999.00  9999.00  9999.00
 00038  1001.01    14.00    90.36     1.05   326.66    19.27     0.00  9999.00  9999.00  9999.00
 00039  1014.40    19.97    78.25     6.19    24.13    18.72     0.00  9999.00  9999.00  9999.00
 00040  1012.09    19.62    80.76     4.36    64.80    19.87     0.00  9999.00  9999.00  9999.00
 00041   975.41     8.33    98.51     1.96   224.65     6.83     0.00  9999.00  9999.00  9999.00
 00042  1016.13    12.14    94.11     2.59   224.85    18.30     0.00  9999.00  9999.00  9999.00
 00043  1008.96    10.16    99.95     1.03   128.07     0.15     0.00  9999.00  9999.00  9999.00
 00044   990.23    11.24    99.22     0.45   191.24     4.44     0.00  9999.00  9999.00  9999.00
 00045  1012.09    19.62    80.76     4.36    64.80    19.87     0.00  9999.00  9999.00  9999.00
 00046   946.81     9.21    88.55     1.18    99.00    18.42     0.00  9999.00  9999.00  9999.00
 00047  1007.76    13.52    96.92     2.49   315.29     6.74     0.00  9999.00  9999.00  9999.00
 00048   604.80    -1.48    28.21     1.52   199.10    33.20     0.00  9999.00  9999.00  9999.00
 00049   577.74   -11.40    96.88     0.70   124.48     0.76     0.14  9999.00  9999.00  9999.00
 00050  1006.84    15.62    83.06     2.97   326.84    18.26     0.00  9999.00  9999.00  9999.00
