stn_id       p       t2      rh2      spd      dir      vis    rain6   rain24   tmax24   tmin24 
 00001   992.00    18.70    47.89     2.00   320.00    13.00     0.00  9999.00  9999.00  9999.00
 00002  1004.30    17.10    25.94     3.00   320.00    30.00     0.00  9999.00  9999.00  9999.00
 00003   927.60    10.00    34.99     4.00   270.00    30.00     0.00  9999.00  9999.00  9999.00
 00004   861.10     3.20    60.84     5.00   320.00    30.00     0.20  9999.00  9999.00  9999.00
 00005   887.40     4.90    43.95    10.00   320.00    30.00     0.00  9999.00  9999.00  9999.00
 00006   886.10     4.50    36.93     9.00   340.00    30.00     0.00  9999.00  9999.00  9999.00
 00007  1003.90    11.00    28.97     3.00   220.00    30.00     0.00  9999.00  9999.00  9999.00
 00008   978.90    10.40    14.81     5.00   250.00    12.00     0.00  9999.00  9999.00  9999.00
 00009   956.00    -6.20    76.12     8.00   360.00     3.00     1.00  9999.00  9999.00  9999.00
 00010   975.10     9.00    69.77     7.00   320.00    20.00     0.00  9999.00  9999.00  9999.00
 00011   991.00    10.00    18.75     3.00   250.00    12.00     0.00  9999.00  9999.00  9999.00
 00012  1008.90    16.30    24.96     3.00   340.00    20.00     0.00  9999.00  9999.00  9999.00
 00013  1011.90    11.80    85.15     2.00   270.00     3.70     0.10  9999.00  9999.00  9999.00
 00014  1010.10    11.50    89.85     1.00   320.00     3.60     4.00  9999.00  9999.00  9999.00
 00015   994.60     8.90    90.89     2.00   290.00     8.00     2.00  9999.00  9999.00  9999.00
 00016   970.50    15.20    25.79     4.00   270.00     9.00     0.00  9999.00  9999.00  9999.00
 00017  1002.90    17.20    26.95     6.00   270.00    17.00     0.00  9999.00  9999.00  9999.00
 00018  1013.50    12.90    84.70     3.00   270.00    17.00     0.20  9999.00  9999.00  9999.00
 00019   952.80    18.40    29.77     4.00   220.00    15.00     0.00  9999.00  9999.00  9999.00
 00020  1014.70    12.70    71.96     1.00   290.00     6.00     0.00  9999.00  9999.00  9999.00
 00021   909.70    12.20    12.09     2.00   360.00    15.00     0.00  9999.00  9999.00  9999.00
 00022  1012.90    15.90    30.84     4.00   360.00    18.00     0.00  9999.00  9999.00  9999.00
 00023   929.10    14.80    11.28     2.00   340.00    26.00     0.00  9999.00  9999.00  9999.00
 00024   964.40    13.60    12.20     4.00   110.00    25.00     0.00  9999.00  9999.00  9999.00
 00025   810.50    23.80    25.82     7.00   220.00    30.00     0.00  9999.00  9999.00  9999.00
 00026  1012.00    12.20    96.10     1.00   360.00     6.00     9.00  9999.00  9999.00  9999.00
 00027  1004.90    14.90    69.96     4.00   360.00    22.00     7.00  9999.00  9999.00  9999.00
 00028   985.60    17.70    62.94     4.00   140.00    30.00     0.00  9999.00  9999.00  9999.00
 00029  1001.10    28.10    70.54     4.00   180.00    30.00     0.00  9999.00  9999.00  9999.00
 00030   995.20    20.90    67.92     6.00    40.00    23.00     0.00  9999.00  9999.00  9999.00
 00031   624.10    10.60     5.45     2.00   250.00    30.00     0.00  9999.00  9999.00  9999.00
 00032  1002.10    17.40    90.85     1.00   180.00  9999.00     0.20  9999.00  9999.00  9999.00
 00033  1000.60    29.80    67.87     2.00   360.00    18.00     0.00  9999.00  9999.00  9999.00
 00034  1009.70    31.20    70.63     3.00   200.00    13.00     0.00  9999.00  9999.00  9999.00
 00035  1005.70    29.80    75.69     3.00   160.00    30.00     0.00  9999.00  9999.00  9999.00
 00036   837.90    22.30    33.76     5.00   160.00    30.00     0.00  9999.00  9999.00  9999.00
 00037  1004.90    18.40    85.82     2.00   110.00    11.00     0.60  9999.00  9999.00  9999.00
 00038  1004.10    20.80    98.15     2.00   140.00     1.00     0.50  9999.00  9999.00  9999.00
 00039  1009.30    16.60    93.18     2.00    70.00     7.00     1.00  9999.00  9999.00  9999.00
 00040  1004.90    17.80   100.00     4.00    40.00     1.30     0.20  9999.00  9999.00  9999.00
 00041   812.50     6.00   100.00     4.00   290.00     0.10     4.00  9999.00  9999.00  9999.00
 00042  1011.20    11.60    92.30     3.00   250.00     2.40     0.90  9999.00  9999.00  9999.00
 00043  1009.40    12.20   100.00     2.00    40.00     3.30     5.00  9999.00  9999.00  9999.00
 00044  1000.60    12.40    96.11     4.00   220.00     7.00     2.00  9999.00  9999.00  9999.00
 00045  1004.90    17.80   100.00     4.00    40.00     1.30     0.20  9999.00  9999.00  9999.00
 00046   964.10    18.90    98.75     6.00    20.00    17.00     0.30  9999.00  9999.00  9999.00
 00047  1008.70    13.70    96.14     1.00    70.00     1.10     3.00  9999.00  9999.00  9999.00
 00048   651.20    13.30     8.32     1.00   180.00    21.00     0.00  9999.00  9999.00  9999.00
 00049   600.20     2.30    61.98     8.00   220.00    30.00     0.00  9999.00  9999.00  9999.00
 00050  1004.10    16.20    93.16     5.00    70.00     5.00     0.20  9999.00  9999.00  9999.00
