stn_id       p       t2      rh2      spd      dir      vis    rain6   rain24   tmax24   tmin24 
 00001  1003.21     8.10    92.73     1.00    40.00     3.10  9999.00  9999.00  9999.00  9999.00
 00002  1028.61     0.00    33.58     2.00   360.00     7.00  9999.00  9999.00  9999.00  9999.00
 00003   946.53    -5.40    37.77     1.00    90.00    13.00  9999.00  9999.00  9999.00  9999.00
 00004   880.53   -10.60    49.16     1.00   250.00    29.00  9999.00  9999.00  9999.00  9999.00
 00005   918.89    -9.20    39.33     9.00   360.00    30.00  9999.00  9999.00  9999.00  9999.00
 00006   912.58   -16.20    63.90     3.00   250.00    29.00  9999.00  9999.00  9999.00  9999.00
 00007  1031.61   -14.90    56.63     1.00   140.00    11.00  9999.00  9999.00  9999.00  9999.00
 00008  1005.95   -15.00    52.36     2.00   270.00     7.00  9999.00  9999.00  9999.00  9999.00
 00009   977.99   -27.80    73.95     0.00   140.00    24.00  9999.00  9999.00  9999.00  9999.00
 00010   999.86   -11.10    40.83     5.00   270.00    30.00  9999.00  9999.00  9999.00  9999.00
 00011  1013.90   -18.50    58.53     3.00   270.00    11.00  9999.00  9999.00  9999.00  9999.00
 00012  1034.46    -5.30    54.58     1.00   360.00    11.00  9999.00  9999.00  9999.00  9999.00
 00013  1033.94     7.10    53.78     2.00   140.00  9999.00  9999.00  9999.00  9999.00  9999.00
 00014  1027.86     7.60    68.01     2.00   360.00  9999.00  9999.00  9999.00  9999.00  9999.00
 00015  1016.19     1.00    29.84     2.00   110.00     7.00  9999.00  9999.00  9999.00  9999.00
 00016   986.51     0.80    79.07     1.00   140.00     2.90  9999.00  9999.00  9999.00  9999.00
 00017  1022.79     3.90    39.77     1.00   360.00     4.60  9999.00  9999.00  9999.00  9999.00
 00018  1030.41     6.40    56.86     1.00   160.00    11.00  9999.00  9999.00  9999.00  9999.00
 00019   965.15     5.40    95.89     0.00     0.00     1.70  9999.00  9999.00  9999.00  9999.00
 00020  1032.30     7.50    44.74     2.00    40.00  9999.00  9999.00  9999.00  9999.00  9999.00
 00021   933.39   -10.00    67.41     3.00   200.00     2.90  9999.00  9999.00  9999.00  9999.00
 00022  1037.39    -3.70    68.11     1.00    40.00     9.00  9999.00  9999.00  9999.00  9999.00
 00023   955.30    -8.80    93.15     1.00   220.00     4.40  9999.00  9999.00  9999.00  9999.00
 00024   985.97   -11.50    76.78     2.00   140.00     4.70  9999.00  9999.00  9999.00  9999.00
 00025  9999.00  9999.00  9999.00  9999.00  9999.00  9999.00  9999.00  9999.00  9999.00  9999.00
 00026  1025.62     8.90    51.94     2.00    20.00    10.00  9999.00  9999.00  9999.00  9999.00
 00027  1025.33     6.50    82.22     4.00   320.00     3.50  9999.00  9999.00  9999.00  9999.00
 00028  1002.23     5.00    95.21     0.00    70.00     4.10  9999.00  9999.00  9999.00  9999.00
 00029  1020.02    14.70    63.57     2.00   360.00    30.00  9999.00  9999.00  9999.00  9999.00
 00030  1010.01    15.40    52.93     1.00    40.00    10.00  9999.00  9999.00  9999.00  9999.00
 00031   621.40     3.90     6.87     6.00   220.00    30.00  9999.00  9999.00  9999.00  9999.00
 00032  1018.21    13.30    70.13     1.00   320.00    16.00  9999.00  9999.00  9999.00  9999.00
 00033  1021.98    14.90    93.70     3.00    20.00     2.60  9999.00  9999.00  9999.00  9999.00
 00034  1017.40    24.20    90.71     4.00    70.00    11.00  9999.00  9999.00  9999.00  9999.00
 00035  1020.16    16.50    96.84     2.00    20.00     3.50  9999.00  9999.00  9999.00  9999.00
 00036   843.20     7.70    69.99     1.00   340.00    15.00  9999.00  9999.00  9999.00  9999.00
 00037  1022.53    13.00    76.05     1.00   250.00    14.00  9999.00  9999.00  9999.00  9999.00
 00038  1021.79    16.40    74.09     2.00    70.00    20.00  9999.00  9999.00  9999.00  9999.00
 00039  1023.21    14.80    72.83     5.00    40.00    21.00  9999.00  9999.00  9999.00  9999.00
 00040  1018.07    16.40    80.73     7.00    70.00    12.00  9999.00  9999.00  9999.00  9999.00
 00041   822.90    -0.50   100.00     3.00   220.00     0.00  9999.00  9999.00  9999.00  9999.00
 00042  1032.05     6.70    56.94     2.00    20.00     8.00  9999.00  9999.00  9999.00  9999.00
 00043  1027.75     8.50    81.90     2.00    70.00    17.00  9999.00  9999.00  9999.00  9999.00
 00044  1021.26    10.20    59.09     1.00   360.00    12.00  9999.00  9999.00  9999.00  9999.00
 00045  1018.07    16.40    80.73     7.00    70.00    12.00  9999.00  9999.00  9999.00  9999.00
 00046   983.73    10.90    82.20     3.00    20.00    11.00  9999.00  9999.00  9999.00  9999.00
 00047  1025.98    11.90    64.72     1.00   360.00    17.00  9999.00  9999.00  9999.00  9999.00
 00048   648.00     2.30    11.14     2.00    90.00    15.00  9999.00  9999.00  9999.00  9999.00
 00049   598.90    -9.00    69.45     2.00   180.00    28.00  9999.00  9999.00  9999.00  9999.00
 00050  1023.71    14.40    70.82     6.00    20.00    30.00  9999.00  9999.00  9999.00  9999.00
