stn_id       p       t2      rh2      spd      dir      vis    rain6   rain24   tmax24   tmin24 
 00001  1000.80     8.40    90.85     1.00    40.00     3.90     0.00  9999.00  9999.00  9999.00
 00002  1025.80     1.30    30.01     3.00   340.00     7.00     0.00  9999.00  9999.00  9999.00
 00003   940.40    -2.60    29.74     1.00   160.00    14.00     0.00  9999.00  9999.00  9999.00
 00004   871.10    -8.90    42.23     1.00   220.00     7.00     0.00  9999.00  9999.00  9999.00
 00005   899.80    -6.90    33.50     6.00   340.00    30.00     0.00  9999.00  9999.00  9999.00
 00006   901.00   -14.60    59.51     1.00   200.00    30.00     0.00  9999.00  9999.00  9999.00
 00007  1029.90    -9.00    28.17     1.00    20.00    30.00     0.00  9999.00  9999.00  9999.00
 00008  1002.30   -13.10    50.87     3.00   270.00     7.00     0.00  9999.00  9999.00  9999.00
 00009   971.10   -25.50    69.18     1.00   110.00    23.00     0.00  9999.00  9999.00  9999.00
 00010   996.80   -11.10    40.83     5.00   270.00    30.00     0.00  9999.00  9999.00  9999.00
 00011  1015.70   -17.40    57.66     2.00   250.00     7.00     0.00  9999.00  9999.00  9999.00
 00012  1033.20    -4.30    47.92     0.00     0.00    12.00     0.00  9999.00  9999.00  9999.00
 00013  1029.10     8.00    42.91     1.00   360.00     4.60     0.00  9999.00  9999.00  9999.00
 00014  1026.90     8.20    63.89     2.00    40.00  9999.00     0.00  9999.00  9999.00  9999.00
 00015  1014.80     2.90    26.28     1.00    90.00     6.00     0.00  9999.00  9999.00  9999.00
 00016   983.40     3.60    61.87     1.00   250.00     3.70     0.00  9999.00  9999.00  9999.00
 00017  1021.20     5.70    37.90     1.00    40.00     4.20     0.00  9999.00  9999.00  9999.00
 00018  1030.70     8.00    48.00     3.00   360.00    11.00     0.00  9999.00  9999.00  9999.00
 00019   961.30     6.30    93.28     1.00    20.00     2.00     0.00  9999.00  9999.00  9999.00
 00020  1032.70     7.00    53.75     1.00   110.00     2.50     0.00  9999.00  9999.00  9999.00
 00021   924.80   -10.30    76.97     1.00   180.00     1.60     0.00  9999.00  9999.00  9999.00
 00022  1037.10    -2.90    49.37     1.00   180.00    11.00     0.00  9999.00  9999.00  9999.00
 00023   949.70    -7.00    89.68     2.00   220.00     7.00     0.10  9999.00  9999.00  9999.00
 00024   980.60   -10.60    81.25     2.00   140.00     2.20     0.90  9999.00  9999.00  9999.00
 00025   815.10     9.60    89.69     1.00   200.00    30.00     0.30  9999.00  9999.00  9999.00
 00026  1024.80     9.40    54.79     1.00    40.00     9.00     0.00  9999.00  9999.00  9999.00
 00027  1016.90     6.40    83.96     4.00   320.00     3.60     0.00  9999.00  9999.00  9999.00
 00028   996.20     5.40    91.93     1.00   360.00  9999.00     0.00  9999.00  9999.00  9999.00
 00029  1015.50    14.80    74.81     2.00   340.00    30.00     0.00  9999.00  9999.00  9999.00
 00030  1005.10    15.80    49.81     3.00    70.00    12.00     0.00  9999.00  9999.00  9999.00
 00031   619.50     6.40     6.19     4.00   200.00    24.00     0.00  9999.00  9999.00  9999.00
 00032  1018.00    13.40    66.86     1.00   270.00    15.00     0.00  9999.00  9999.00  9999.00
 00033  1015.10    14.60    94.92     2.00    40.00     2.00     0.60  9999.00  9999.00  9999.00
 00034  1016.40    24.20    90.71     4.00    40.00     9.00     0.30  9999.00  9999.00  9999.00
 00035  1019.40    16.10    94.98     1.00   340.00     6.00     0.20  9999.00  9999.00  9999.00
 00036   841.20    10.20    59.91     3.00   360.00    11.00     0.00  9999.00  9999.00  9999.00
 00037  1021.10    13.10    74.02     1.00   360.00    16.00     0.00  9999.00  9999.00  9999.00
 00038  1017.80    17.50    69.06     2.00   140.00    27.00     0.00  9999.00  9999.00  9999.00
 00039  1022.80    14.70    72.81     5.00    20.00    18.00     0.00  9999.00  9999.00  9999.00
 00040  1017.50    16.20    80.70     9.00    40.00    14.00     0.00  9999.00  9999.00  9999.00
 00041   822.30     1.10   100.00     3.00   220.00     0.20     0.00  9999.00  9999.00  9999.00
 00042  1026.80     7.00    54.95     2.00    40.00     8.00     0.00  9999.00  9999.00  9999.00
 00043  1021.80     9.00    79.72     2.00   110.00    20.00     0.00  9999.00  9999.00  9999.00
 00044  1014.70    10.80    66.78     1.00   360.00    10.00     0.00  9999.00  9999.00  9999.00
 00045  1017.50    16.20    80.70     9.00    40.00    14.00     0.00  9999.00  9999.00  9999.00
 00046   977.60    13.00    75.01     2.00    40.00    13.00     0.00  9999.00  9999.00  9999.00
 00047  1025.60    12.40    61.75     2.00    70.00    13.00     0.00  9999.00  9999.00  9999.00
 00048   646.50     3.50     8.64     2.00    90.00     8.00     0.00  9999.00  9999.00  9999.00
 00049   598.00    -8.30    70.66     4.00   200.00    11.00     0.00  9999.00  9999.00  9999.00
 00050  1018.10    13.90    70.72     6.00    40.00    25.00     0.00  9999.00  9999.00  9999.00
