stn_id       p       t2      rh2      spd      dir      vis    rain6   rain24   tmax24   tmin24 
 00001   978.01    13.33    82.38     1.98   103.49    21.28     0.01     0.40    18.58    12.66
 00002  1015.79    -4.98    36.90     2.10   132.36    25.03     0.00     0.00     3.76    -6.07
 00003   913.17    -7.13    26.80     1.63    28.05    23.34     0.00     0.00    -0.65    -7.98
 00004   838.76   -11.60    11.21     1.35   162.98    23.01    -0.00    -0.00    -9.81   -14.26
 00005   877.15   -14.09    26.08     1.30    67.33    25.05     0.00     0.00    -9.50   -15.28
 00006   888.25   -16.64    38.39     2.24   190.99    26.03    -0.00    -0.00   -12.90   -17.07
 00007  1021.54    -9.94    55.57     3.79   315.90    29.15    -0.00     0.13    -3.81   -10.47
 00008  1000.87   -17.25    89.65     4.48   255.77    33.17    -0.00     0.23    -9.61   -19.63
 00009   950.71   -24.49    72.88     2.06   288.16    44.35     0.01     0.01   -17.54   -24.93
 00010   973.75   -11.96    45.43     5.41   284.39    33.04     0.00     0.16    -0.52   -13.17
 00011  1005.20   -19.67    90.14     4.98   279.18    36.81     0.00     0.48   -10.04   -20.80
 00012  1032.80    -5.60    24.18     2.36    79.14    25.17     0.00     0.00     1.63    -7.22
 00013  1029.81     0.54    46.31     3.14   158.07    19.79     0.00     0.00    15.80    -0.69
 00014  1024.94     4.07    58.37     2.75   324.46    19.02     0.00     0.00    19.15     2.46
 00015  1015.56    -5.61    32.20     2.23    30.18    21.47     0.00     0.00     4.84    -6.59
 00016   965.46     0.34    47.55     1.63   159.81    21.29     0.00     0.00     7.97     0.01
 00017  1016.69    -1.06    41.27     1.77    63.01    20.48     0.00     0.00     8.90    -2.67
 00018  1029.10     0.48    45.45     3.13    29.15    19.34     0.00     0.00    13.98    -0.73
 00019   941.98    11.34    82.21     1.06    29.91    19.66     0.30     0.51    15.54    11.27
 00020  1029.72     4.21    60.35     5.03   320.65    19.67     0.00     0.00    19.07     2.86
 00021   896.22    -0.34    89.26     1.06   182.10    10.63     2.05     2.09    -0.29   -10.34
 00022  1035.98    -6.04    31.48     2.81   120.89    23.87     0.00     0.00     2.56    -7.25
 00023   922.58    -1.25    87.90     0.73   171.57    31.51     0.08     2.22     3.40    -5.06
 00024   948.89    -5.74    76.70     3.05   116.92    29.37     0.89     0.99    -1.85    -7.51
 00025   799.78     8.84    96.11     1.46   150.57    17.53     0.41     0.54    15.49     7.78
 00026  1024.49     5.66    59.91     5.05    16.02    18.71     0.00     0.00    20.45     5.17
 00027  1019.73     6.14    66.83     3.02   337.04    18.89     0.00     0.00    19.00     5.50
 00028   986.34     8.60    55.21     3.32    13.64    18.62     0.00     0.03    16.38     8.64
 00029  1015.09    17.20    83.29     3.53    18.39    21.05     0.00     0.00    26.17    15.91
 00030  1003.87    16.34    82.18     2.59    18.33    22.44     0.01     0.29    24.84    15.78
 00031   572.54    -9.48    73.80     1.81   206.38    23.61     0.00     0.00     1.56    -9.49
 00032   987.86    13.55    68.15     2.71    57.08    17.81     0.00     0.02    23.83    11.03
 00033  1014.83    21.02    88.96     4.52    53.30     9.49     0.67     0.78    22.69    20.29
 00034  1013.88    26.41    68.84    11.39    43.76    27.46     0.00     0.24    27.61    26.01
 00035  1013.70    22.98    79.86     3.55    33.96    22.15     0.19     0.24    26.86    21.45
 00036   779.52     2.90    99.09     0.61    96.96     0.31    -0.00     0.22    13.39     2.32
 00037   977.79    13.47    75.66     1.67    73.25    17.72     0.00     0.02    23.69    10.95
 00038  1004.11    17.42    75.65     2.17    69.46    20.08     0.00     0.00    26.75    14.13
 00039  1018.24    19.10    69.67    13.75    36.47    16.83     0.12     0.15    24.42    18.79
 00040  1014.87    20.04    68.82     9.75    39.62    20.92     0.00     0.00    26.31    18.51
 00041   984.43     0.92    64.42     2.10    30.68    18.00     0.00     0.00    15.95    -0.73
 00042  1029.79     1.48    49.50     2.69    21.36    19.27     0.00     0.00    16.94     0.18
 00043  1017.03     6.12    60.78     4.19    28.55    18.92    -0.00     0.04    20.80     5.65
 00044   997.37     6.31    66.31     3.44    45.78    18.25     0.00     0.22    19.82     5.25
 00045  1014.87    20.04    68.82     9.75    39.62    20.92     0.00     0.00    26.31    18.51
 00046   950.06    12.53    94.71     2.20    39.55     6.36     0.00     0.00    20.87    10.97
 00047  1015.55     9.65    62.53     4.40    42.52    18.66     0.00     0.00    22.14     8.55
 00048   605.56   -12.84    39.39     1.07   131.35    35.51     0.00     0.00    -1.30   -14.30
 00049   576.79   -12.42    84.58     0.68   120.56    26.77     0.00     0.01     0.07   -12.65
 00050  1011.09    16.96    59.71     7.89    31.74    18.94     0.02     0.03    27.11    16.31
