stn_id       p       t2      rh2      spd      dir      vis    rain6   rain24   tmax24   tmin24 
 00001   975.46    24.70  9999.00     1.00   290.00    12.00  9999.00  9999.00  9999.00  9999.00
 00002   999.34    25.30  9999.00     2.00   360.00    30.00  9999.00  9999.00  9999.00  9999.00
 00003   919.54    19.30  9999.00     2.00    40.00    30.00  9999.00  9999.00  9999.00  9999.00
 00004   853.13    11.70  9999.00     2.00   220.00    30.00  9999.00  9999.00  9999.00  9999.00
 00005   887.41    16.80  9999.00     4.00   340.00    30.00  9999.00  9999.00  9999.00  9999.00
 00006   876.46    19.40  9999.00     3.00   200.00    30.00  9999.00  9999.00  9999.00  9999.00
 00007  1003.55    19.50  9999.00     1.00   160.00    12.00  9999.00  9999.00  9999.00  9999.00
 00008   980.64    19.10  9999.00     1.00   270.00  9999.00  9999.00  9999.00  9999.00  9999.00
 00009   957.85    11.10  9999.00     1.00   250.00    24.00  9999.00  9999.00  9999.00  9999.00
 00010   979.18    17.10  9999.00     2.00    90.00    23.00  9999.00  9999.00  9999.00  9999.00
 00011   990.52    18.30  9999.00     2.00   360.00    30.00  9999.00  9999.00  9999.00  9999.00
 00012  1005.35    24.10  9999.00     1.00    40.00    13.00  9999.00  9999.00  9999.00  9999.00
 00013  1006.16    23.60  9999.00     2.00   320.00     0.70  9999.00  9999.00  9999.00  9999.00
 00014  1000.48    26.20  9999.00     1.00   320.00     4.20  9999.00  9999.00  9999.00  9999.00
 00015   989.03    23.20  9999.00     2.00   110.00    30.00  9999.00  9999.00  9999.00  9999.00
 00016   956.75    21.80  9999.00     2.00   180.00    13.00  9999.00  9999.00  9999.00  9999.00
 00017   995.09    22.80  9999.00     1.00   180.00    19.00  9999.00  9999.00  9999.00  9999.00
 00018  1002.98    24.20  9999.00     2.00    70.00     7.00  9999.00  9999.00  9999.00  9999.00
 00019   936.88    21.80  9999.00     1.00   290.00    23.00  9999.00  9999.00  9999.00  9999.00
 00020  1005.92    26.60  9999.00     1.00   140.00    30.00  9999.00  9999.00  9999.00  9999.00
 00021   896.40    25.70  9999.00     1.00    90.00    30.00  9999.00  9999.00  9999.00  9999.00
 00022  1009.10    23.00  9999.00     1.00   220.00     8.00  9999.00  9999.00  9999.00  9999.00
 00023   923.94    20.90  9999.00     4.00   220.00    30.00  9999.00  9999.00  9999.00  9999.00
 00024   951.01    17.80  9999.00     1.00   320.00    30.00  9999.00  9999.00  9999.00  9999.00
 00025   809.70    19.50    51.78     3.00   360.00    30.00  9999.00  9999.00  9999.00  9999.00
 00026   998.15    26.20  9999.00     2.00    20.00    16.00  9999.00  9999.00  9999.00  9999.00
 00027   995.92    25.20  9999.00     1.00   290.00    12.00  9999.00  9999.00  9999.00  9999.00
 00028   974.44    22.90  9999.00     2.00    90.00    25.00  9999.00  9999.00  9999.00  9999.00
 00029  9999.00    27.00  9999.00     4.00    20.00    30.00  9999.00  9999.00  9999.00  9999.00
 00030  9999.00    29.90  9999.00     2.00    40.00    30.00  9999.00  9999.00  9999.00  9999.00
 00031   627.20    11.00    81.61     1.00   290.00    30.00  9999.00  9999.00  9999.00  9999.00
 00032   993.21    26.10  9999.00     1.00   340.00     1.50  9999.00  9999.00  9999.00  9999.00
 00033  9999.00    27.00  9999.00     2.00   340.00    23.00  9999.00  9999.00  9999.00  9999.00
 00034  9999.00    29.60  9999.00    12.00   250.00    17.00  9999.00  9999.00  9999.00  9999.00
 00035  9999.00    26.00  9999.00     2.00   290.00    12.00  9999.00  9999.00  9999.00  9999.00
 00036   838.30    18.80    50.92     1.00    20.00    30.00  9999.00  9999.00  9999.00  9999.00
 00037   997.46    25.80  9999.00     3.00   220.00     2.00  9999.00  9999.00  9999.00  9999.00
 00038   999.15    26.40  9999.00     3.00    40.00    30.00  9999.00  9999.00  9999.00  9999.00
 00039   999.76    27.90  9999.00     1.00   320.00    10.00  9999.00  9999.00  9999.00  9999.00
 00040   995.19    27.00  9999.00     6.00    40.00    14.00  9999.00  9999.00  9999.00  9999.00
 00041   814.00    16.80   100.00     6.00   160.00     0.00  9999.00  9999.00  9999.00  9999.00
 00042  1004.09    25.10  9999.00     3.00    40.00     3.70  9999.00  9999.00  9999.00  9999.00
 00043  1000.23    25.00  9999.00     2.00   110.00    30.00  9999.00  9999.00  9999.00  9999.00
 00044   994.36    26.10  9999.00     1.00   110.00     9.00  9999.00  9999.00  9999.00  9999.00
 00045   995.19    27.00  9999.00     6.00    40.00    14.00  9999.00  9999.00  9999.00  9999.00
 00046   959.79    24.00  9999.00     2.00    20.00     1.10  9999.00  9999.00  9999.00  9999.00
 00047   999.98    27.30  9999.00     1.00   360.00    17.00  9999.00  9999.00  9999.00  9999.00
 00048   654.20    13.50    69.62     3.00    90.00    30.00  9999.00  9999.00  9999.00  9999.00
 00049   603.00     7.10    92.02     2.00   200.00     6.00  9999.00  9999.00  9999.00  9999.00
 00050   999.96    28.20  9999.00     2.00   340.00    30.00  9999.00  9999.00  9999.00  9999.00
