stn_id       p       t2      rh2      spd      dir      vis    rain6   rain24   tmax24   tmin24 
 00001   974.67    19.71    87.60     0.76   291.08     9.45  9999.00  9999.00  9999.00  9999.00
 00002   996.78    21.07    79.69     1.19   150.73    23.64  9999.00  9999.00  9999.00  9999.00
 00003   905.86    18.87    66.68     0.62   196.14    23.17  9999.00  9999.00  9999.00  9999.00
 00004   838.42    16.16    53.71     1.60   320.64    23.36  9999.00  9999.00  9999.00  9999.00
 00005   872.63    17.45    43.91     1.41   230.44    25.91  9999.00  9999.00  9999.00  9999.00
 00006   881.93    18.07    31.58     7.23   255.61    26.67  9999.00  9999.00  9999.00  9999.00
 00007  1005.48    22.45    66.95     2.74   206.60    25.71  9999.00  9999.00  9999.00  9999.00
 00008   989.49    21.71    64.07     5.54   206.01    26.79  9999.00  9999.00  9999.00  9999.00
 00009   944.08     9.12    90.79     1.64    43.30    19.84  9999.00  9999.00  9999.00  9999.00
 00010   969.85    20.45    63.91     0.48    91.46    29.25  9999.00  9999.00  9999.00  9999.00
 00011   996.22    19.66    72.59     5.65   197.65    27.70  9999.00  9999.00  9999.00  9999.00
 00012  1011.91    21.56    73.92     1.43   217.40    23.24  9999.00  9999.00  9999.00  9999.00
 00013  1013.22    24.46    79.11     1.10    40.73    23.27  9999.00  9999.00  9999.00  9999.00
 00014  1009.29    27.14    77.41     1.61    96.96    24.57  9999.00  9999.00  9999.00  9999.00
 00015   997.20    19.95    75.97     1.75   203.49    20.00  9999.00  9999.00  9999.00  9999.00
 00016   959.17    16.37    91.10     1.49   211.76     1.41  9999.00  9999.00  9999.00  9999.00
 00017   999.86    19.57    86.29     1.38   215.23     4.65  9999.00  9999.00  9999.00  9999.00
 00018  1012.15    23.44    82.19     0.72    62.91    22.57  9999.00  9999.00  9999.00  9999.00
 00019   939.87    19.05    86.44     1.17   207.14    19.13  9999.00  9999.00  9999.00  9999.00
 00020  1015.81    24.92    83.26     2.91    52.83    22.78  9999.00  9999.00  9999.00  9999.00
 00021   893.21    13.22    43.74     1.33   171.25    26.27  9999.00  9999.00  9999.00  9999.00
 00022  1015.22    21.32    71.01     2.51   237.86    21.19  9999.00  9999.00  9999.00  9999.00
 00023   920.81    11.15    65.36     3.40   278.47    22.01  9999.00  9999.00  9999.00  9999.00
 00024   943.19     4.23    91.53     5.18   112.53     6.34  9999.00  9999.00  9999.00  9999.00
 00025   798.27    19.60    71.23     2.60   142.91    24.89  9999.00  9999.00  9999.00  9999.00
 00026  1009.99    27.54    77.79     2.74    23.40    21.16  9999.00  9999.00  9999.00  9999.00
 00027  1007.41    23.88    82.86     3.34   341.17    23.94  9999.00  9999.00  9999.00  9999.00
 00028   977.08    21.15    87.22     2.12    12.84    23.35  9999.00  9999.00  9999.00  9999.00
 00029  1006.29    30.83    65.81     3.28    80.89    24.91  9999.00  9999.00  9999.00  9999.00
 00030   995.33    28.85    75.73     4.76    58.53    21.40  9999.00  9999.00  9999.00  9999.00
 00031   576.42     5.30    59.01     1.66   233.60    25.89  9999.00  9999.00  9999.00  9999.00
 00032   978.88    26.26    72.89     3.83    70.89     7.37  9999.00  9999.00  9999.00  9999.00
 00033  1006.44    21.98    97.74     8.14    86.31     0.58  9999.00  9999.00  9999.00  9999.00
 00034  1007.93    27.74    85.79     6.11   136.15    19.69  9999.00  9999.00  9999.00  9999.00
 00035  1005.89    27.14    88.44     5.60    95.11     8.83  9999.00  9999.00  9999.00  9999.00
 00036   778.42    17.28    90.24     1.23   234.60     8.53  9999.00  9999.00  9999.00  9999.00
 00037   969.21    27.59    69.16     2.92    76.33    17.24  9999.00  9999.00  9999.00  9999.00
 00038   995.28    30.03    64.86     3.45    63.54    25.00  9999.00  9999.00  9999.00  9999.00
 00039  1009.21    26.57    82.06     9.52    43.93    24.08  9999.00  9999.00  9999.00  9999.00
 00040  1006.46    29.10    69.29     6.81    58.37    25.53  9999.00  9999.00  9999.00  9999.00
 00041   971.64    25.93    77.69     1.89   124.59    23.06  9999.00  9999.00  9999.00  9999.00
 00042  1012.83    25.80    77.40     2.47    51.80    23.54  9999.00  9999.00  9999.00  9999.00
 00043  1003.69    26.46    81.93     2.41    42.25    24.33  9999.00  9999.00  9999.00  9999.00
 00044   984.82    29.09    72.76     1.51    85.56    23.50  9999.00  9999.00  9999.00  9999.00
 00045  1006.46    29.10    69.29     6.81    58.37    25.53  9999.00  9999.00  9999.00  9999.00
 00046   943.23    27.36    70.47     2.42    61.33    24.25  9999.00  9999.00  9999.00  9999.00
 00047  1003.55    25.81    81.69     1.89    78.54    23.55  9999.00  9999.00  9999.00  9999.00
 00048   607.59     7.81    62.98     2.14   193.65    30.32  9999.00  9999.00  9999.00  9999.00
 00049   580.69     4.29    78.29     2.45   203.68    21.67  9999.00  9999.00  9999.00  9999.00
 00050  1001.62    29.08    66.28     7.15    48.84    23.92  9999.00  9999.00  9999.00  9999.00
