stn_id       p       t2      rh2      spd      dir      vis    rain6   rain24   tmax24   tmin24 
 00001   974.39    21.90  9999.00     1.00   270.00     0.60  9999.00  9999.00  9999.00  9999.00
 00002   998.05    23.00  9999.00     2.00   340.00    30.00  9999.00  9999.00  9999.00  9999.00
 00003   920.56    11.20  9999.00     1.00   160.00    24.00  9999.00  9999.00  9999.00  9999.00
 00004   854.44     6.80  9999.00     2.00   180.00    30.00  9999.00  9999.00  9999.00  9999.00
 00005   890.93    11.30  9999.00     2.00   340.00    30.00  9999.00  9999.00  9999.00  9999.00
 00006   881.91     9.60  9999.00     3.00   220.00    30.00  9999.00  9999.00  9999.00  9999.00
 00007   998.47    15.50  9999.00     2.00   270.00    30.00  9999.00  9999.00  9999.00  9999.00
 00008   975.56    12.60  9999.00     0.00     0.00  9999.00  9999.00  9999.00  9999.00  9999.00
 00009   959.57     6.00  9999.00     3.00   220.00    30.00  9999.00  9999.00  9999.00  9999.00
 00010   971.67    11.60  9999.00     1.00   250.00     6.00  9999.00  9999.00  9999.00  9999.00
 00011   986.18    12.30  9999.00     1.00    40.00     0.10  9999.00  9999.00  9999.00  9999.00
 00012  1003.66    20.60  9999.00     4.00    20.00    30.00  9999.00  9999.00  9999.00  9999.00
 00013  1003.37    20.10  9999.00     0.00    20.00    11.00  9999.00  9999.00  9999.00  9999.00
 00014   998.49    22.80  9999.00     1.00   320.00     2.80  9999.00  9999.00  9999.00  9999.00
 00015   985.39    22.10  9999.00     4.00    20.00    10.00  9999.00  9999.00  9999.00  9999.00
 00016   959.73    19.40  9999.00     0.00   320.00    13.00  9999.00  9999.00  9999.00  9999.00
 00017   992.72    25.80  9999.00     1.00   270.00    26.00  9999.00  9999.00  9999.00  9999.00
 00018  1000.98    20.90  9999.00     0.00     0.00    11.00  9999.00  9999.00  9999.00  9999.00
 00019   937.07    19.40  9999.00     1.00   200.00     8.00  9999.00  9999.00  9999.00  9999.00
 00020  1002.53    21.10  9999.00     1.00   320.00    13.00  9999.00  9999.00  9999.00  9999.00
 00021   907.08    13.50  9999.00     0.00   320.00    30.00  9999.00  9999.00  9999.00  9999.00
 00022  1006.40    19.00  9999.00     3.00   360.00    30.00  9999.00  9999.00  9999.00  9999.00
 00023   930.66     9.80  9999.00     1.00   200.00    30.00  9999.00  9999.00  9999.00  9999.00
 00024   959.80    13.40  9999.00     1.00   270.00    30.00  9999.00  9999.00  9999.00  9999.00
 00025   806.10    22.50    65.59     3.00   180.00    28.00  9999.00  9999.00  9999.00  9999.00
 00026   998.85    26.30  9999.00     1.00   360.00    12.00  9999.00  9999.00  9999.00  9999.00
 00027   997.31    24.00  9999.00     2.00   250.00    11.00  9999.00  9999.00  9999.00  9999.00
 00028   974.54    21.60  9999.00     1.00    40.00  9999.00  9999.00  9999.00  9999.00  9999.00
 00029   999.00    25.80  9999.00     1.00   340.00     8.00  9999.00  9999.00  9999.00  9999.00
 00030   987.78    26.30  9999.00     2.00    70.00     8.00  9999.00  9999.00  9999.00  9999.00
 00031   624.90     8.60    26.91     2.00   160.00    30.00  9999.00  9999.00  9999.00  9999.00
 00032   993.11    26.60  9999.00     2.00   200.00    16.00  9999.00  9999.00  9999.00  9999.00
 00033  1001.01    28.20  9999.00     1.00   140.00    19.00  9999.00  9999.00  9999.00  9999.00
 00034  1003.10    29.50  9999.00     4.00   200.00    18.00  9999.00  9999.00  9999.00  9999.00
 00035  1000.20    28.60  9999.00     1.00   180.00    18.00  9999.00  9999.00  9999.00  9999.00
 00036   830.10    23.90    43.65     1.00    40.00    30.00  9999.00  9999.00  9999.00  9999.00
 00037   997.26    25.80  9999.00     1.00   290.00    18.00  9999.00  9999.00  9999.00  9999.00
 00038  1000.05    26.00  9999.00     1.00   290.00    11.00  9999.00  9999.00  9999.00  9999.00
 00039  1000.86    26.60  9999.00     2.00   200.00    14.00  9999.00  9999.00  9999.00  9999.00
 00040   996.88    27.50  9999.00     2.00   180.00     7.00  9999.00  9999.00  9999.00  9999.00
 00041   812.00    15.50    31.84     6.00    40.00    28.00  9999.00  9999.00  9999.00  9999.00
 00042  1002.69    21.30  9999.00     2.00   250.00     1.50  9999.00  9999.00  9999.00  9999.00
 00043  1001.43    23.70  9999.00     1.00   200.00     2.70  9999.00  9999.00  9999.00  9999.00
 00044   994.75    23.00  9999.00     1.00   140.00     6.00  9999.00  9999.00  9999.00  9999.00
 00045   996.88    27.50  9999.00     2.00   180.00     7.00  9999.00  9999.00  9999.00  9999.00
 00046   961.43    23.30  9999.00     1.00   180.00     6.00  9999.00  9999.00  9999.00  9999.00
 00047   997.88    24.60  9999.00     0.00     0.00  9999.00  9999.00  9999.00  9999.00  9999.00
 00048   651.20    14.80    30.68     2.00   270.00    21.00  9999.00  9999.00  9999.00  9999.00
 00049   601.90     4.20    84.89     4.00   250.00    27.00  9999.00  9999.00  9999.00  9999.00
 00050  1000.86    26.70  9999.00     2.00   220.00    30.00  9999.00  9999.00  9999.00  9999.00
