stn_id       p       t2      rh2      spd      dir      vis    rain6   rain24   tmax24   tmin24 
 00001   975.90    13.47    84.82     1.31   116.97    21.37     0.00     0.29    19.27    10.27
 00002   991.95    12.79    58.09     2.43   215.82    20.37     0.00     0.00    19.88     5.70
 00003   900.55     6.93    68.25     2.02   210.79    18.62     0.00     0.00    14.40     0.08
 00004   830.79     3.67    87.21     4.34   225.99    17.12     0.00     0.00     7.28    -3.97
 00005   864.88    -0.63    94.73     0.62   142.55    11.55     0.00     2.17     4.10    -8.71
 00006   871.94     4.36    62.87     5.97   221.64    17.09     0.00     0.00     7.84    -0.93
 00007  1001.57    12.16    63.32     6.09   200.25    20.94     0.00     0.00    11.77     2.95
 00008   982.77     8.66    50.44     7.22   214.90    23.11     0.00     0.00    10.05     2.34
 00009   937.87    -2.95    60.14     4.41   324.12    39.05     0.00     0.00     8.47    -4.29
 00010   965.44     5.95    37.66     0.85   157.42    23.77     0.00     0.36     6.37    -4.24
 00011   988.21     6.18    49.31     7.12   190.01    25.49     0.00     0.00     9.44    -0.30
 00012  1007.91     9.78    47.17     0.88   206.31    19.17     0.00     0.00    20.11     4.39
 00013  1019.36    11.91    61.47     2.80   144.38    21.63     0.00     0.00    17.75     4.21
 00014  1017.40    11.31    67.51     1.24   166.89    22.04     0.00     0.00    16.57     2.65
 00015   996.54    12.36    53.87     6.28   187.89    19.09     0.00     0.00    18.13     8.45
 00016   955.51     8.98    85.04     1.39   193.94    18.98     0.00     0.25    21.17     5.01
 00017   998.78    13.93    56.37     3.64   197.70    19.86     0.00     0.01    20.88     9.32
 00018  1017.54    12.17    58.56     2.83   152.51    21.30     0.00     0.00    18.32     5.95
 00019   939.69    11.30    80.04     1.39   106.06    23.35     0.00     0.00    18.30     8.84
 00020  1023.35    13.43    65.96     0.81   241.21    20.68     0.00     0.00    16.89     4.43
 00021   889.44     3.95    73.45     1.11   105.99    12.23     0.08     0.09    13.93     2.81
 00022  1010.74    13.20    46.68     4.46   213.48    18.84     0.00     0.00    19.70     8.10
 00023   917.89     2.31    93.07     2.06   286.59    10.99     1.33     8.05     9.58     2.33
 00024   943.63    -2.10    86.51     6.37   294.11    19.00     0.31     7.04     5.50    -2.11
 00025   798.08    12.75    91.12     2.48   213.06    19.40     0.22     0.64    20.96    10.49
 00026  1017.28    11.59    72.25     1.34    29.68    22.13     0.00     0.00    19.07     6.12
 00027  1012.53    12.78    67.72     2.08   155.46    21.61     0.00     0.00    20.96     7.88
 00028   980.73    12.31    84.65     0.90   184.48    20.45     0.00     0.00    19.54    10.22
 00029  1014.43    17.09    73.56     1.88    19.88    23.34     0.00     0.00    23.07    14.29
 00030  1003.32    17.95    75.00     1.22    28.87    26.36     0.00     0.00    19.67    17.25
 00031   575.05    -7.44    52.81     1.98   231.29    26.13     0.00     0.00     6.77    -8.16
 00032   985.65    14.03    68.59     2.08   354.76    20.02     0.00     0.00    18.35     9.36
 00033  1014.78    20.97    85.79     6.34    66.09    24.62     0.02     0.02    22.34    20.08
 00034  1015.06    26.85    78.77     9.04    43.89    26.75     0.20     1.75    27.67    26.49
 00035  1013.80    24.70    76.51     4.31    63.29    24.15     0.04     0.04    25.52    23.06
 00036   778.40     7.35    81.85     0.28   320.92    21.97     0.01     0.02    19.76     6.26
 00037   975.84    13.76    69.61     1.34   269.21    19.98     0.00     0.00    19.17     8.32
 00038  1003.06    15.81    71.15     1.85   330.62    22.32     0.00     0.00    22.56    10.38
 00039  1016.23    18.50    69.22     9.97    10.94    21.71     0.02     0.03    20.89    17.37
 00040  1013.89    18.62    62.09     6.24    52.85    22.83     0.00     0.00    22.69    15.68
 00041   977.18     9.55    65.84     1.31   132.08    21.16     0.00     0.00    15.71     2.03
 00042  1019.42    11.57    64.16     2.51   131.33    21.73     0.00     0.00    17.77     3.16
 00043  1010.63    11.30    75.68     0.76    56.34    22.50     0.00     0.00    19.10     6.02
 00044   992.13     9.91    71.92     1.62    73.75    21.31     0.00     0.00    18.08     4.27
 00045  1013.89    18.62    62.09     6.24    52.85    22.83     0.00     0.00    22.69    15.68
 00046   948.57    13.24    73.28     0.93   104.35    21.63     0.00     0.00    19.17     5.67
 00047  1011.45    14.06    64.94     2.74   325.54    20.87     0.00     0.00    19.89     9.81
 00048   606.48    -3.66    68.64     1.05   178.74    29.44     0.04     0.22    10.01    -4.50
 00049   577.92    -9.93    95.46     0.95    46.29    10.90     0.07     0.50    -0.05   -10.04
 00050  1008.83    16.97    64.89     5.71    29.82    21.25     0.00     0.00    20.29    13.79
