stn_id       p       t2      rh2      spd      dir      vis    rain6   rain24   tmax24   tmin24 
 00001   978.06    11.26    73.08     2.06   173.88    20.91  9999.00  9999.00  9999.00  9999.00
 00002  1001.00     7.22    45.36     2.91   325.08    20.61  9999.00  9999.00  9999.00  9999.00
 00003   906.96    -0.17    64.95     1.88   268.80    18.82  9999.00  9999.00  9999.00  9999.00
 00004   836.66    -6.72    82.65     2.06   128.45    17.43  9999.00  9999.00  9999.00  9999.00
 00005   873.84   -10.95    77.20     2.43   169.27    17.65  9999.00  9999.00  9999.00  9999.00
 00006   884.78    -9.19    42.65     3.58   297.45    17.86  9999.00  9999.00  9999.00  9999.00
 00007  1003.16     5.14    33.87     7.25   340.61    21.38  9999.00  9999.00  9999.00  9999.00
 00008   983.30     3.56    31.78     6.74   307.42    23.77  9999.00  9999.00  9999.00  9999.00
 00009   942.65    -8.14    75.06     4.52     2.03    23.06  9999.00  9999.00  9999.00  9999.00
 00010   960.15     1.84    85.71     2.96   269.05    24.42  9999.00  9999.00  9999.00  9999.00
 00011   986.17     3.23    42.58     3.66   210.14    26.32  9999.00  9999.00  9999.00  9999.00
 00012  1015.53     8.89    34.18     5.46   324.49    19.56  9999.00  9999.00  9999.00  9999.00
 00013  1015.10     9.53    94.38     2.54   232.19    21.21  9999.00  9999.00  9999.00  9999.00
 00014  1012.17    10.81    89.67     1.73   262.18    21.53  9999.00  9999.00  9999.00  9999.00
 00015   998.31     4.96    88.79     2.05   204.13    19.01  9999.00  9999.00  9999.00  9999.00
 00016   960.55     4.58    76.35     1.40   146.39    18.88  9999.00  9999.00  9999.00  9999.00
 00017  1001.47    10.94    43.07     3.50   299.05    19.68  9999.00  9999.00  9999.00  9999.00
 00018  1014.60     9.04    73.41     2.83   289.38    20.89  9999.00  9999.00  9999.00  9999.00
 00019   941.39     9.88    58.78     1.60   287.06    23.08  9999.00  9999.00  9999.00  9999.00
 00020  1017.13    10.50    90.83     3.45   300.79    20.31  9999.00  9999.00  9999.00  9999.00
 00021   889.81     2.28    28.64     4.95   147.49    30.97  9999.00  9999.00  9999.00  9999.00
 00022  1017.23     9.90    34.01     6.67   333.33    19.05  9999.00  9999.00  9999.00  9999.00
 00023   915.36     2.10    50.07     3.15   165.77    27.86  9999.00  9999.00  9999.00  9999.00
 00024   943.40     3.19    52.35     2.74   112.29    30.65  9999.00  9999.00  9999.00  9999.00
 00025   796.31    15.85    54.47     1.92   239.57    23.65  9999.00  9999.00  9999.00  9999.00
 00026  1015.94     9.22    93.44     1.63   250.29    21.74  9999.00  9999.00  9999.00  9999.00
 00027  1012.69    10.49    89.47     0.87   239.01    21.24  9999.00  9999.00  9999.00  9999.00
 00028   980.59    11.58    79.37     0.58   118.68    20.04  9999.00  9999.00  9999.00  9999.00
 00029  1010.42    16.28    73.40     4.72     5.57    22.92  9999.00  9999.00  9999.00  9999.00
 00030  1000.23    16.35    68.68     3.81    20.29    25.84  9999.00  9999.00  9999.00  9999.00
 00031   571.65    -4.66    24.35     3.26   222.02    27.10  9999.00  9999.00  9999.00  9999.00
 00032   978.46    16.49    90.56     2.72   309.94     6.14  9999.00  9999.00  9999.00  9999.00
 00033  1010.04    21.03    84.42     7.35    12.80    19.20  9999.00  9999.00  9999.00  9999.00
 00034  1011.19    27.87    83.45     4.16   162.70    26.36  9999.00  9999.00  9999.00  9999.00
 00035  1009.05    24.37    90.24     4.27   354.58    15.85  9999.00  9999.00  9999.00  9999.00
 00036   776.16     8.81    68.94     0.94    40.87    22.62  9999.00  9999.00  9999.00  9999.00
 00037   969.09    15.53    94.01     2.58   302.57     8.52  9999.00  9999.00  9999.00  9999.00
 00038   995.33    21.14    96.92     2.41   319.80    11.87  9999.00  9999.00  9999.00  9999.00
 00039  1008.75    22.36    92.26     4.82    86.06     0.62  9999.00  9999.00  9999.00  9999.00
 00040  1006.20    23.01    87.38     3.61   305.02    10.53  9999.00  9999.00  9999.00  9999.00
 00041   974.46     6.73    97.09     1.05   254.46    20.72  9999.00  9999.00  9999.00  9999.00
 00042  1016.01     9.78    94.13     2.86   231.19    21.30  9999.00  9999.00  9999.00  9999.00
 00043  1009.69     9.41    95.77     1.28   198.68    22.12  9999.00  9999.00  9999.00  9999.00
 00044   989.70     9.58    96.20     1.61   253.79    20.68  9999.00  9999.00  9999.00  9999.00
 00045  1006.20    23.01    87.38     3.61   305.02    10.53  9999.00  9999.00  9999.00  9999.00
 00046   945.54     9.60    89.25     2.63     9.69    21.03  9999.00  9999.00  9999.00  9999.00
 00047  1004.21    13.92    85.13     5.90   337.38    17.78  9999.00  9999.00  9999.00  9999.00
 00048   601.30     1.93    29.29     2.42   168.69    30.43  9999.00  9999.00  9999.00  9999.00
 00049   576.36    -5.90    98.77     1.19   207.64     6.19  9999.00  9999.00  9999.00  9999.00
 00050  1001.28    20.41    96.54     2.36    38.77     3.57  9999.00  9999.00  9999.00  9999.00
