stn_id       p       t2      rh2      spd      dir      vis    rain6   rain24   tmax24   tmin24 
 00001   982.73    11.89    65.14     0.91    89.75    21.07  9999.00  9999.00  9999.00  9999.00
 00002  1006.44     6.80    52.78     2.20   146.54    24.37  9999.00  9999.00  9999.00  9999.00
 00003   910.62     4.40    41.85     1.81   184.57    22.79  9999.00  9999.00  9999.00  9999.00
 00004   839.98    -1.70    48.46     2.02   271.16    22.49  9999.00  9999.00  9999.00  9999.00
 00005   876.06    -1.23    32.59     2.20   198.98    24.32  9999.00  9999.00  9999.00  9999.00
 00006   885.89    -2.69    32.27     3.27   257.71    24.93  9999.00  9999.00  9999.00  9999.00
 00007  1016.87    -5.36    88.61     2.14   329.21    26.97  9999.00  9999.00  9999.00  9999.00
 00008  1000.29   -10.30    95.01     2.76   192.59    30.68  9999.00  9999.00  9999.00  9999.00
 00009   949.84    -7.30    61.95     1.43   302.95    41.42  9999.00  9999.00  9999.00  9999.00
 00010   977.24    -1.45    51.65     1.25    60.93    30.65  9999.00  9999.00  9999.00  9999.00
 00011  1008.67   -14.90    95.17     3.15   181.61    34.11  9999.00  9999.00  9999.00  9999.00
 00012  1022.56     3.93    64.27     2.81   188.38    24.00  9999.00  9999.00  9999.00  9999.00
 00013  1025.93     7.64    65.85     1.94   297.65    19.24  9999.00  9999.00  9999.00  9999.00
 00014  1021.84     9.46    78.52     1.98    40.25    18.46  9999.00  9999.00  9999.00  9999.00
 00015  1007.56     4.56    68.02     2.44   221.98    20.73  9999.00  9999.00  9999.00  9999.00
 00016   964.63     8.61    71.22     1.07    27.11    20.69  9999.00  9999.00  9999.00  9999.00
 00017  1008.98    11.26    46.23     0.92   107.91    19.81  9999.00  9999.00  9999.00  9999.00
 00018  1024.64     9.69    48.62     0.32   222.41    18.83  9999.00  9999.00  9999.00  9999.00
 00019   946.10     8.65    78.07     0.37   186.29    14.96  9999.00  9999.00  9999.00  9999.00
 00020  1027.99     9.81    74.13     1.90   334.73    19.10  9999.00  9999.00  9999.00  9999.00
 00021   907.45     0.03    80.36     1.58   159.28    26.91  9999.00  9999.00  9999.00  9999.00
 00022  1025.89     4.79    61.55     2.63   218.88    22.82  9999.00  9999.00  9999.00  9999.00
 00023   935.43     1.82    67.06     1.65    80.33    30.23  9999.00  9999.00  9999.00  9999.00
 00024   960.92    -0.54    90.39     4.11   314.81    32.18  9999.00  9999.00  9999.00  9999.00
 00025   798.58    16.63    62.90     4.60   231.04    19.79  9999.00  9999.00  9999.00  9999.00
 00026  1023.47    10.33    64.76     1.46    49.41    18.52  9999.00  9999.00  9999.00  9999.00
 00027  1019.45    11.37    61.85     0.95   333.84    18.82  9999.00  9999.00  9999.00  9999.00
 00028   986.82     9.16    65.76     1.21    26.12    18.25  9999.00  9999.00  9999.00  9999.00
 00029  1017.60    15.30    60.86     3.72   291.87    21.30  9999.00  9999.00  9999.00  9999.00
 00030  1007.03    13.17    73.08     2.87     4.39    22.82  9999.00  9999.00  9999.00  9999.00
 00031   572.46     4.55     6.56     4.46   243.98    33.42  9999.00  9999.00  9999.00  9999.00
 00032   988.40    14.55    72.33     1.79    95.94    17.84  9999.00  9999.00  9999.00  9999.00
 00033  1017.41    19.52    83.66     8.20    47.19    15.80  9999.00  9999.00  9999.00  9999.00
 00034  1015.12    27.09    84.53    11.35    57.38    13.61  9999.00  9999.00  9999.00  9999.00
 00035  1016.11    22.34    81.66     4.81    30.78    22.30  9999.00  9999.00  9999.00  9999.00
 00036   777.06    14.46    55.27     2.79   183.44    21.02  9999.00  9999.00  9999.00  9999.00
 00037   978.34    14.94    69.13     1.08   117.96    17.73  9999.00  9999.00  9999.00  9999.00
 00038  1005.80    14.80    84.05     0.87   265.05    20.26  9999.00  9999.00  9999.00  9999.00
 00039  1019.65    19.34    71.49     9.73    36.27    16.92  9999.00  9999.00  9999.00  9999.00
 00040  1016.88    19.10    58.69     5.56    46.74    21.16  9999.00  9999.00  9999.00  9999.00
 00041   982.17     8.71    66.35     1.36   142.77    17.57  9999.00  9999.00  9999.00  9999.00
 00042  1025.99     7.99    68.16     1.95   333.78    18.76  9999.00  9999.00  9999.00  9999.00
 00043  1016.56    10.92    64.95     1.21    28.10    18.81  9999.00  9999.00  9999.00  9999.00
 00044   996.67    12.35    60.64     0.53   211.53    18.01  9999.00  9999.00  9999.00  9999.00
 00045  1016.88    19.10    58.69     5.56    46.74    21.16  9999.00  9999.00  9999.00  9999.00
 00046   951.45    12.68    65.59     1.86    51.29    18.61  9999.00  9999.00  9999.00  9999.00
 00047  1014.26    15.10    72.52     2.07    86.39    18.46  9999.00  9999.00  9999.00  9999.00
 00048   604.76    -0.69    49.32     1.60    83.76    35.06  9999.00  9999.00  9999.00  9999.00
 00049   577.88    -1.08    55.99     3.25   207.58    27.61  9999.00  9999.00  9999.00  9999.00
 00050  1012.14    17.88    63.35     5.36    39.14    19.25  9999.00  9999.00  9999.00  9999.00
