stn_id       p       t2      rh2      spd      dir      vis    rain6   rain24   tmax24   tmin24 
 00001   986.72    10.43    76.66     1.21   196.50    21.23  9999.00  9999.00  9999.00  9999.00
 00002  1009.89     5.99    49.96     1.86   132.05    24.38  9999.00  9999.00  9999.00  9999.00
 00003   912.91     2.76    39.85     1.60   191.38    22.79  9999.00  9999.00  9999.00  9999.00
 00004   841.55    -2.81    26.29     0.92   281.32    22.48  9999.00  9999.00  9999.00  9999.00
 00005   878.49    -3.05    29.04     1.85   191.91    24.39  9999.00  9999.00  9999.00  9999.00
 00006   888.64    -2.74    32.88     2.52   260.72    25.03  9999.00  9999.00  9999.00  9999.00
 00007  1018.49    -5.52    61.43     3.05   205.87    26.92  9999.00  9999.00  9999.00  9999.00
 00008  1000.07   -10.31    86.93     4.90   216.67    30.53  9999.00  9999.00  9999.00  9999.00
 00009   951.91    -7.08    51.03     1.56   302.34    41.09  9999.00  9999.00  9999.00  9999.00
 00010   975.25    -3.85    46.83     3.23   282.86    30.47  9999.00  9999.00  9999.00  9999.00
 00011  1006.56   -13.40    91.99     5.54   201.41    33.83  9999.00  9999.00  9999.00  9999.00
 00012  1026.71     2.29    53.84     2.40   196.18    24.03  9999.00  9999.00  9999.00  9999.00
 00013  1029.67     8.42    63.31     0.96   328.47    19.38  9999.00  9999.00  9999.00  9999.00
 00014  1025.55     8.85    64.88     1.79   227.26    18.62  9999.00  9999.00  9999.00  9999.00
 00015  1012.38     3.75    39.96     1.69   202.95    20.76  9999.00  9999.00  9999.00  9999.00
 00016   968.61     7.84    57.35     0.64   330.38    20.75  9999.00  9999.00  9999.00  9999.00
 00017  1014.45     5.53    49.49     2.33   193.87    19.92  9999.00  9999.00  9999.00  9999.00
 00018  1029.15     6.49    50.44     0.66   283.02    18.98  9999.00  9999.00  9999.00  9999.00
 00019   949.28     8.42    71.71     0.83   290.60    20.86  9999.00  9999.00  9999.00  9999.00
 00020  1031.16     9.68    67.73     3.37   333.77    19.21  9999.00  9999.00  9999.00  9999.00
 00021   900.01     0.99    72.53     1.57   322.65    20.62  9999.00  9999.00  9999.00  9999.00
 00022  1030.19     3.75    47.43     2.08   230.19    22.83  9999.00  9999.00  9999.00  9999.00
 00023   929.53     2.27    80.60     4.08   282.81    23.82  9999.00  9999.00  9999.00  9999.00
 00024   953.92    -0.53    84.81     1.31   311.01    12.04  9999.00  9999.00  9999.00  9999.00
 00025   800.48    11.25    92.46     2.55   129.21    15.44  9999.00  9999.00  9999.00  9999.00
 00026  1027.54     8.36    51.03     3.84   247.69    18.68  9999.00  9999.00  9999.00  9999.00
 00027  1023.58     9.12    66.68     2.92   346.05    18.98  9999.00  9999.00  9999.00  9999.00
 00028   991.23     7.01    66.01     2.09    29.54    18.83  9999.00  9999.00  9999.00  9999.00
 00029  1018.63    16.88    62.91     4.53     1.50    21.46  9999.00  9999.00  9999.00  9999.00
 00030  1009.98    11.78    74.98     4.12   358.69    22.91  9999.00  9999.00  9999.00  9999.00
 00031   573.57     4.92     7.73     3.97   257.50    33.30  9999.00  9999.00  9999.00  9999.00
 00032   990.79    11.97    44.67     2.71    81.00    17.94  9999.00  9999.00  9999.00  9999.00
 00033  1018.32    19.78    85.09     9.62    44.45    10.96  9999.00  9999.00  9999.00  9999.00
 00034  1015.49    26.52    89.39    10.96    50.70    12.73  9999.00  9999.00  9999.00  9999.00
 00035  1016.97    22.03    81.60     6.46    35.92    20.79  9999.00  9999.00  9999.00  9999.00
 00036   780.06    11.51    72.29     2.21   182.06    21.19  9999.00  9999.00  9999.00  9999.00
 00037   980.55    12.26    43.09     1.92    97.18    17.83  9999.00  9999.00  9999.00  9999.00
 00038  1006.48    18.93    54.83     1.87    58.49    20.37  9999.00  9999.00  9999.00  9999.00
 00039  1021.94    16.52    59.68    12.75    36.58    19.01  9999.00  9999.00  9999.00  9999.00
 00040  1018.09    19.67    47.33     8.19    60.09    21.28  9999.00  9999.00  9999.00  9999.00
 00041   985.81     5.22    48.76     1.47    25.64    17.71  9999.00  9999.00  9999.00  9999.00
 00042  1029.98     7.19    67.88     1.16   323.69    18.91  9999.00  9999.00  9999.00  9999.00
 00043  1020.54     8.49    51.33     3.14    24.70    18.96  9999.00  9999.00  9999.00  9999.00
 00044  1000.22     9.33    47.92     1.97    50.91    18.15  9999.00  9999.00  9999.00  9999.00
 00045  1018.09    19.67    47.33     8.19    60.09    21.28  9999.00  9999.00  9999.00  9999.00
 00046   953.09    10.87    68.43     2.62   357.59    18.75  9999.00  9999.00  9999.00  9999.00
 00047  1017.50    12.51    52.82     3.48    27.79    18.58  9999.00  9999.00  9999.00  9999.00
 00048   607.01    -4.28    49.06     1.44    81.51    35.06  9999.00  9999.00  9999.00  9999.00
 00049   578.79    -0.17    46.50     2.85   220.03    28.21  9999.00  9999.00  9999.00  9999.00
 00050  1014.58    14.37    44.84     7.29    39.27    19.36  9999.00  9999.00  9999.00  9999.00
