stn_id       p       t2      rh2      spd      dir      vis    rain6   rain24   tmax24   tmin24 
 00001   978.14    19.30    74.80     1.26    88.01    24.16  9999.00  9999.00  9999.00  9999.00
 00002  1001.25    20.75    46.54     2.92   217.72    23.19  9999.00  9999.00  9999.00  9999.00
 00003   908.66    16.42    51.91     1.82   345.34    22.39  9999.00  9999.00  9999.00  9999.00
 00004   840.29     8.77    38.98     2.95   179.26    22.51  9999.00  9999.00  9999.00  9999.00
 00005   876.55     9.59    40.09     2.49   316.25    25.30  9999.00  9999.00  9999.00  9999.00
 00006   886.26     9.25    42.89     7.28   303.67    26.35  9999.00  9999.00  9999.00  9999.00
 00007  1011.28    18.75    55.31     5.96   182.02    25.51  9999.00  9999.00  9999.00  9999.00
 00008   995.94    18.00    44.50     4.52   198.81    26.96  9999.00  9999.00  9999.00  9999.00
 00009   951.11    10.66    59.77     1.99   259.35    32.95  9999.00  9999.00  9999.00  9999.00
 00010   977.68    14.52    61.22     1.97   118.09    28.15  9999.00  9999.00  9999.00  9999.00
 00011  1004.28    15.61    48.26     2.59   144.96    28.24  9999.00  9999.00  9999.00  9999.00
 00012  1016.64    19.40    45.92     4.10   324.92    23.17  9999.00  9999.00  9999.00  9999.00
 00013  1019.27    19.28    62.67     2.66    55.10    22.66  9999.00  9999.00  9999.00  9999.00
 00014  1015.46    15.49    86.67     3.02   235.25    23.21  9999.00  9999.00  9999.00  9999.00
 00015  1001.65    20.09    51.29     4.44   206.35    20.08  9999.00  9999.00  9999.00  9999.00
 00016   962.12    17.22    72.39     0.76   289.04    22.32  9999.00  9999.00  9999.00  9999.00
 00017  1003.71    21.04    55.60     2.59   222.82    21.46  9999.00  9999.00  9999.00  9999.00
 00018  1018.18    19.28    58.98     1.84    80.54    22.16  9999.00  9999.00  9999.00  9999.00
 00019   942.36    17.72    81.21     1.00   107.87    13.72  9999.00  9999.00  9999.00  9999.00
 00020  1020.78    18.68    75.81     4.45    20.95    22.03  9999.00  9999.00  9999.00  9999.00
 00021   894.41    13.50    49.44     0.66    48.03    25.99  9999.00  9999.00  9999.00  9999.00
 00022  1019.82    16.97    67.47     2.02   251.48    21.30  9999.00  9999.00  9999.00  9999.00
 00023   921.40    10.63    88.81     1.40    89.39    12.27  9999.00  9999.00  9999.00  9999.00
 00024   947.49    10.22    70.80     0.64   110.66    24.12  9999.00  9999.00  9999.00  9999.00
 00025   799.51    12.98    89.15     2.17   102.57    23.30  9999.00  9999.00  9999.00  9999.00
 00026  1016.11    18.63    72.56     4.25    13.63    23.15  9999.00  9999.00  9999.00  9999.00
 00027  1012.61    20.32    61.21     3.64     4.71    23.05  9999.00  9999.00  9999.00  9999.00
 00028   982.07    17.69    69.67     2.83    22.04    22.39  9999.00  9999.00  9999.00  9999.00
 00029  1009.90    22.41    66.06     4.35    17.13    25.71  9999.00  9999.00  9999.00  9999.00
 00030  1001.48    22.09    60.63     3.22     6.96    28.54  9999.00  9999.00  9999.00  9999.00
 00031   576.39     3.28    56.14     1.82   252.18    28.08  9999.00  9999.00  9999.00  9999.00
 00032   981.17    20.35    76.07     3.05    40.96    17.01  9999.00  9999.00  9999.00  9999.00
 00033  1012.66    23.22    77.68     3.83    65.15    28.62  9999.00  9999.00  9999.00  9999.00
 00034  1012.90    27.00    79.88     4.57    16.58    23.62  9999.00  9999.00  9999.00  9999.00
 00035  1011.77    25.88    71.63     4.63    20.45    28.52  9999.00  9999.00  9999.00  9999.00
 00036   779.83    11.70    91.34     1.07   201.61    12.15  9999.00  9999.00  9999.00  9999.00
 00037   971.50    20.73    75.75     2.40    48.69    20.38  9999.00  9999.00  9999.00  9999.00
 00038   997.89    23.82    71.45     2.36    49.87    24.50  9999.00  9999.00  9999.00  9999.00
 00039  1011.85    22.68    77.54    10.09    37.22    23.15  9999.00  9999.00  9999.00  9999.00
 00040  1008.79    24.45    72.38     8.47    49.84    25.17  9999.00  9999.00  9999.00  9999.00
 00041   976.96    13.93    86.31     1.95    43.14    18.32  9999.00  9999.00  9999.00  9999.00
 00042  1019.50    17.06    73.36     2.50    85.79    22.82  9999.00  9999.00  9999.00  9999.00
 00043  1009.38    18.95    73.33     3.67    22.28    23.61  9999.00  9999.00  9999.00  9999.00
 00044   990.11    15.64    86.56     3.92    50.34    22.28  9999.00  9999.00  9999.00  9999.00
 00045  1008.79    24.45    72.38     8.47    49.84    25.17  9999.00  9999.00  9999.00  9999.00
 00046   945.56    16.67    90.88     2.57    25.50    23.38  9999.00  9999.00  9999.00  9999.00
 00047  1006.27    19.80    79.93     4.74   353.45    17.69  9999.00  9999.00  9999.00  9999.00
 00048   607.13     6.33    63.72     1.52   181.68    31.47  9999.00  9999.00  9999.00  9999.00
 00049   579.33     3.63    80.62     1.63   211.80    22.35  9999.00  9999.00  9999.00  9999.00
 00050  1004.41    22.11    74.23     5.87    33.13    22.65  9999.00  9999.00  9999.00  9999.00
