stn_id       p       t2      rh2      spd      dir      vis    rain6   rain24   tmax24   tmin24 
 00001   977.60    17.36    89.26     1.06    61.00    23.01     0.02  9999.00  9999.00  9999.00
 00002  1000.79    12.65    79.29     1.65   291.94    23.19     0.00  9999.00  9999.00  9999.00
 00003   908.65     8.66    79.32     0.83    81.14    22.39     0.00  9999.00  9999.00  9999.00
 00004   839.91     5.11    84.51     1.70   112.98    18.53     0.28  9999.00  9999.00  9999.00
 00005   876.28     2.26    76.58     1.95   168.99    25.32     0.00  9999.00  9999.00  9999.00
 00006   885.98     4.20    63.76     4.42   280.86    26.35     0.00  9999.00  9999.00  9999.00
 00007  1011.95    14.61    70.44     4.81   160.12    25.53     0.00  9999.00  9999.00  9999.00
 00008   996.63    12.51    60.90     3.60   172.75    26.97     0.00  9999.00  9999.00  9999.00
 00009   951.50     2.10    85.98     1.56   208.41    32.94     0.00  9999.00  9999.00  9999.00
 00010   978.65     7.97    76.92     0.76   131.58    28.16     0.00  9999.00  9999.00  9999.00
 00011  1005.19     8.70    67.24     1.86   124.30    28.25     0.00  9999.00  9999.00  9999.00
 00012  1016.37    13.76    83.76     1.01   290.36    23.19     1.03  9999.00  9999.00  9999.00
 00013  1019.48    14.57    80.58     1.71    47.01    22.66     0.00  9999.00  9999.00  9999.00
 00014  1015.30    14.28    89.49     2.89   247.60    17.74     1.49  9999.00  9999.00  9999.00
 00015  1001.95    15.34    65.16     3.43   184.33    20.08     0.00  9999.00  9999.00  9999.00
 00016   961.72    10.37    91.46     0.87   166.52    18.87     0.00  9999.00  9999.00  9999.00
 00017  1003.52    13.51    80.53     1.76   213.15    21.46     0.00  9999.00  9999.00  9999.00
 00018  1018.50    13.95    84.27     0.91    56.92    22.18     0.00  9999.00  9999.00  9999.00
 00019   941.73    16.56    88.16     0.82    23.43    19.03     0.41  9999.00  9999.00  9999.00
 00020  1020.74    15.83    87.18     3.92    19.18    20.86     3.73  9999.00  9999.00  9999.00
 00021   894.21     7.41    69.03     1.53   146.72    25.98     0.16  9999.00  9999.00  9999.00
 00022  1019.56    14.47    67.67     2.50   239.42    20.34     0.23  9999.00  9999.00  9999.00
 00023   921.38     7.53    95.43     1.13   126.15    13.42     0.00  9999.00  9999.00  9999.00
 00024   946.85     6.88    76.91     0.76   117.18    24.10     0.00  9999.00  9999.00  9999.00
 00025   798.48    11.91    97.16     1.88   100.20     8.21     1.28  9999.00  9999.00  9999.00
 00026  1015.96    16.06    79.98     4.20   145.63    23.14     0.07  9999.00  9999.00  9999.00
 00027  1013.06    15.14    80.32     2.73   345.76    23.06     0.00  9999.00  9999.00  9999.00
 00028   982.16    12.25    89.27     1.40    21.59    22.39     0.00  9999.00  9999.00  9999.00
 00029  1009.65    19.89    68.61     4.87     7.92    25.69     0.00  9999.00  9999.00  9999.00
 00030  1000.91    19.11    66.68     3.34     8.89    28.52     0.00  9999.00  9999.00  9999.00
 00031   574.94    -2.47    89.88     2.24   226.27    25.85     0.00  9999.00  9999.00  9999.00
 00032   980.99    19.17    80.71     1.36    59.23    21.05     0.03  9999.00  9999.00  9999.00
 00033  1011.66    22.07    86.86     4.77    12.96    26.74     0.10  9999.00  9999.00  9999.00
 00034  1012.31    26.95    80.50     5.59    28.08    28.41     0.04  9999.00  9999.00  9999.00
 00035  1010.61    24.40    78.44     3.60    26.67    28.35     0.10  9999.00  9999.00  9999.00
 00036   779.04    11.03    96.97     0.36   217.12    16.85     1.39  9999.00  9999.00  9999.00
 00037   971.33    19.05    86.42     0.95   138.80    21.86     0.02  9999.00  9999.00  9999.00
 00038   997.66    21.30    83.12     1.43   145.57    24.46     0.18  9999.00  9999.00  9999.00
 00039  1011.64    21.87    80.68     9.10    28.65    10.73     1.87  9999.00  9999.00  9999.00
 00040  1008.25    22.72    77.98     6.81    37.79    24.49     0.27  9999.00  9999.00  9999.00
 00041   976.53    12.69    91.59     1.87    40.61    15.66     0.48  9999.00  9999.00  9999.00
 00042  1019.39    14.72    84.64     1.83    61.13    22.82     0.00  9999.00  9999.00  9999.00
 00043  1009.30    15.94    80.34     3.43    13.47    23.60     0.01  9999.00  9999.00  9999.00
 00044   989.71    15.27    88.80     3.87    45.65    18.54     0.36  9999.00  9999.00  9999.00
 00045  1008.25    22.72    77.98     6.81    37.79    24.49     0.27  9999.00  9999.00  9999.00
 00046   945.27    15.04    95.84     2.38    34.00    20.51     0.14  9999.00  9999.00  9999.00
 00047  1006.20    18.86    83.54     4.26   334.55    13.60     0.59  9999.00  9999.00  9999.00
 00048   605.75     2.10    85.08     1.12   194.22    32.02     0.00  9999.00  9999.00  9999.00
 00049   578.32     0.71    97.29     0.93   154.98     1.77     1.07  9999.00  9999.00  9999.00
 00050  1004.16    21.02    77.63     4.84    25.75    18.43     0.66  9999.00  9999.00  9999.00
