stn_id       p       t2      rh2      spd      dir      vis    rain6   rain24   tmax24   tmin24 
 00001   976.04    22.08    64.46     0.50   147.79    22.99     0.01  9999.00  9999.00  9999.00
 00002   995.02    23.52    40.11     2.71   157.51    23.09     0.00  9999.00  9999.00  9999.00
 00003   903.73    19.29    39.48     4.19   231.20    21.98     0.00  9999.00  9999.00  9999.00
 00004   835.42    12.96    36.56     5.81   263.57    21.99     0.00  9999.00  9999.00  9999.00
 00005   869.06    14.44    30.80     4.86   234.14    24.60     0.00  9999.00  9999.00  9999.00
 00006   877.67    15.92    17.83     6.93   269.19    25.61     0.00  9999.00  9999.00  9999.00
 00007  1006.46    19.64    52.19     6.66   203.75    25.61     0.00  9999.00  9999.00  9999.00
 00008   989.42    17.44    51.70     6.90   205.70    27.70     0.00  9999.00  9999.00  9999.00
 00009   937.71     6.17    57.71     1.36   295.36    34.33     0.00  9999.00  9999.00  9999.00
 00010   971.35    15.54    46.76     1.44   216.09    27.93     0.00  9999.00  9999.00  9999.00
 00011   995.60    15.76    46.56     6.71   194.94    29.51     0.00  9999.00  9999.00  9999.00
 00012  1011.16    20.01    48.70     2.01   182.48    23.20     0.00  9999.00  9999.00  9999.00
 00013  1017.00    22.58    56.04     1.58   203.61    21.42     0.00  9999.00  9999.00  9999.00
 00014  1013.85    23.77    53.99     1.36   167.36    21.63     0.00  9999.00  9999.00  9999.00
 00015   997.99    22.24    43.30     5.77   203.20    20.18     0.00  9999.00  9999.00  9999.00
 00016   957.43    20.03    62.32     0.73   272.70    21.23     0.00  9999.00  9999.00  9999.00
 00017   999.66    23.03    56.44     2.00   205.82    20.68     0.00  9999.00  9999.00  9999.00
 00018  1015.65    22.10    48.19     1.86   187.80    20.93     0.00  9999.00  9999.00  9999.00
 00019   940.67    18.92    69.14     1.51   164.52    25.90     0.11  9999.00  9999.00  9999.00
 00020  1020.51    22.06    61.50     3.80   148.63    20.90     0.29  9999.00  9999.00  9999.00
 00021   889.30    14.73    37.14     3.34   302.09    27.44     0.00  9999.00  9999.00  9999.00
 00022  1014.15    22.62    46.79     3.72   197.27    21.64     0.00  9999.00  9999.00  9999.00
 00023   917.22     8.71    87.46     7.52   281.93     7.59     3.13  9999.00  9999.00  9999.00
 00024   937.60    10.41    76.83     2.61   150.48    21.29     1.54  9999.00  9999.00  9999.00
 00025   798.80    19.44    63.97     3.60   239.94    23.44     1.15  9999.00  9999.00  9999.00
 00026  1014.98    23.55    61.39     0.38   164.08    21.49     0.00  9999.00  9999.00  9999.00
 00027  1010.58    23.79    46.73     0.88   124.00    21.41     0.00  9999.00  9999.00  9999.00
 00028   979.22    22.53    56.30     0.90   263.86    20.89     0.00  9999.00  9999.00  9999.00
 00029  1011.08    27.33    65.06     1.99    58.09    24.51     0.00  9999.00  9999.00  9999.00
 00030  1000.25    26.38    67.57     2.41    60.78    26.92     0.00  9999.00  9999.00  9999.00
 00031   574.28     4.37    20.75     3.88   224.60    30.12     0.04  9999.00  9999.00  9999.00
 00032   984.16    20.76    76.29     2.95    60.57    18.90     0.03  9999.00  9999.00  9999.00
 00033  1012.12    21.96    93.06     8.62    68.03     0.87     2.99  9999.00  9999.00  9999.00
 00034  1012.04    26.84    88.85     5.01    81.49    12.19     2.69  9999.00  9999.00  9999.00
 00035  1011.10    25.31    91.88     5.25    61.89     5.64     7.00  9999.00  9999.00  9999.00
 00036   778.47    17.18    55.07     2.83   207.97    23.51     0.04  9999.00  9999.00  9999.00
 00037   974.36    21.47    74.47     2.23    75.92    20.29     0.00  9999.00  9999.00  9999.00
 00038  1000.18    27.42    62.23     2.03    86.59    23.18     0.02  9999.00  9999.00  9999.00
 00039  1014.58    24.56    73.36     9.65    41.02    22.58     0.00  9999.00  9999.00  9999.00
 00040  1011.69    26.28    68.15     5.72    62.18    24.00     0.06  9999.00  9999.00  9999.00
 00041   975.52    21.90    58.89     1.34   193.06    20.52     0.00  9999.00  9999.00  9999.00
 00042  1016.92    23.21    53.88     1.41   208.00    21.31     0.00  9999.00  9999.00  9999.00
 00043  1008.43    23.47    64.06     0.66    46.28    21.93     0.00  9999.00  9999.00  9999.00
 00044   989.89    23.55    59.77     0.38    99.40    21.03     0.00  9999.00  9999.00  9999.00
 00045  1011.69    26.28    68.15     5.72    62.18    24.00     0.06  9999.00  9999.00  9999.00
 00046   946.79    24.65    63.36     0.68   270.60    21.88     0.02  9999.00  9999.00  9999.00
 00047  1009.02    21.57    74.01     1.53    95.39    21.21     0.01  9999.00  9999.00  9999.00
 00048   606.22     5.76    35.70     2.42   206.05    33.53     0.01  9999.00  9999.00  9999.00
 00049   579.39     1.73    33.36     3.31   204.82    28.47     0.00  9999.00  9999.00  9999.00
 00050  1006.97    26.05    63.08     6.20    46.41    22.03     0.00  9999.00  9999.00  9999.00
