stn_id       p       t2      rh2      spd      dir      vis    rain6   rain24   tmax24   tmin24 
 00001   983.69     8.59    91.32     1.37    60.27    21.60     0.00  9999.00  9999.00  9999.00
 00002  1003.51    -4.98    39.27     1.58   281.89    25.25     0.00  9999.00  9999.00  9999.00
 00003   909.00    -8.31    27.59     0.88   299.03    23.74     0.00  9999.00  9999.00  9999.00
 00004   837.44   -10.81    32.13     2.07   235.86    23.54     0.00  9999.00  9999.00  9999.00
 00005   873.99   -11.43    36.22     0.90   127.05    25.76     0.00  9999.00  9999.00  9999.00
 00006   883.83   -11.53    59.47     4.16   262.12    27.13     0.00  9999.00  9999.00  9999.00
 00007  1009.44    -5.09    42.00     3.89   166.04    30.83     0.00  9999.00  9999.00  9999.00
 00008   992.19   -12.18    72.49     3.77   186.61    35.50     0.00  9999.00  9999.00  9999.00
 00009   944.07   -18.52    84.21     1.24   235.33    46.66     0.00  9999.00  9999.00  9999.00
 00010   971.18   -12.69    67.67     1.65   251.31    35.50     0.00  9999.00  9999.00  9999.00
 00011  1000.61   -18.74    90.51     4.89   182.61    39.37     0.00  9999.00  9999.00  9999.00
 00012  1019.81    -5.45    40.26     1.53   255.46    25.97     0.00  9999.00  9999.00  9999.00
 00013  1025.73    -2.80    84.65     2.25   281.15    20.43     0.00  9999.00  9999.00  9999.00
 00014  1022.41    -1.54    78.87     1.54   267.32    19.76     0.00  9999.00  9999.00  9999.00
 00015  1005.18    -1.54    36.92     3.80   192.00    21.94     0.00  9999.00  9999.00  9999.00
 00016   965.82    -3.32    69.05     0.81   194.17    22.01     0.00  9999.00  9999.00  9999.00
 00017  1007.65    -1.51    41.59     3.03   244.54    21.02     0.00  9999.00  9999.00  9999.00
 00018  1024.67    -2.59    80.18     1.98   272.98    19.91     0.00  9999.00  9999.00  9999.00
 00019   946.51     7.91    76.96     0.43   107.66    25.18     0.03  9999.00  9999.00  9999.00
 00020  1028.08    -0.28    66.07     2.33   293.41    20.37     0.00  9999.00  9999.00  9999.00
 00021   896.50    -3.89    74.13     0.70   174.64    37.48     0.01  9999.00  9999.00  9999.00
 00022  1023.21    -4.04    44.03     2.96   231.58    24.53     0.00  9999.00  9999.00  9999.00
 00023   926.63    -0.40    93.43     4.25   275.45    17.38     1.15  9999.00  9999.00  9999.00
 00024   949.89    -6.42    81.30     3.28   125.81    29.13     0.06  9999.00  9999.00  9999.00
 00025   799.21     9.43    99.29     2.25   178.88     1.66     0.01  9999.00  9999.00  9999.00
 00026  1023.90     1.90    72.85     2.04   284.96    19.06     0.00  9999.00  9999.00  9999.00
 00027  1019.96     3.13    68.74     1.77   352.82    19.13     0.00  9999.00  9999.00  9999.00
 00028   987.59     6.28    67.84     0.93   101.04    18.74     0.00  9999.00  9999.00  9999.00
 00029  1017.03    11.30    47.37     4.16     5.29    20.89     0.00  9999.00  9999.00  9999.00
 00030  1007.26    12.16    62.05     2.39   311.45    22.29     0.00  9999.00  9999.00  9999.00
 00031   572.73    -7.97    61.80     2.13   195.47    32.41     0.00  9999.00  9999.00  9999.00
 00032   987.97     8.48    57.21     1.68    41.71    17.90     0.00  9999.00  9999.00  9999.00
 00033  1016.31    18.88    82.15     8.10    49.79    11.10     0.64  9999.00  9999.00  9999.00
 00034  1013.33    26.75    82.97    12.39    53.29     5.38     6.02  9999.00  9999.00  9999.00
 00035  1014.91    21.12    79.69     5.12    26.86    20.70     0.02  9999.00  9999.00  9999.00
 00036   778.55     6.82    94.09     0.81   149.40     1.30     0.13  9999.00  9999.00  9999.00
 00037   977.81     8.51    63.77     0.96    57.40    17.82     0.00  9999.00  9999.00  9999.00
 00038  1004.89    12.53    68.94     1.20    48.18    20.04     0.00  9999.00  9999.00  9999.00
 00039  1018.89    15.85    65.60    11.12    27.04    19.67     0.00  9999.00  9999.00  9999.00
 00040  1016.08    15.11    65.02     7.64    31.20    20.80     0.00  9999.00  9999.00  9999.00
 00041   982.00    -1.07    69.95     0.97   202.33    18.58     0.00  9999.00  9999.00  9999.00
 00042  1026.18    -1.94    81.52     1.87   255.37    19.90     0.00  9999.00  9999.00  9999.00
 00043  1017.08     2.96    71.86     1.54    32.19    19.23     0.00  9999.00  9999.00  9999.00
 00044   996.67     2.51    71.61     1.25    47.58    18.66     0.00  9999.00  9999.00  9999.00
 00045  1016.08    15.11    65.02     7.64    31.20    20.80     0.00  9999.00  9999.00  9999.00
 00046   950.62     4.78    80.18     1.84    23.65    18.66     0.00  9999.00  9999.00  9999.00
 00047  1014.86     5.80    62.87     3.74   160.75    19.01     0.00  9999.00  9999.00  9999.00
 00048   605.20    -8.61    77.17     1.08   130.63    29.35     0.00  9999.00  9999.00  9999.00
 00049   577.98    -8.55    81.68     0.90   202.19    27.44     0.01  9999.00  9999.00  9999.00
 00050  1011.57    12.37    52.43     6.16    16.92    19.15     0.02  9999.00  9999.00  9999.00
