stn_id       p       t2      rh2      spd      dir      vis    rain6   rain24   tmax24   tmin24 
 00001   983.03     8.10    93.40     0.92    79.89    21.72     0.00  9999.00  9999.00  9999.00
 00002  1004.61    -4.04    23.18     2.40   285.33    25.28     0.00  9999.00  9999.00  9999.00
 00003   909.45    -9.14    28.07     0.99    64.06    23.76     0.00  9999.00  9999.00  9999.00
 00004   837.54   -11.19    34.20     1.34   233.70    23.56     0.00  9999.00  9999.00  9999.00
 00005   874.80   -12.27    42.11     1.32   120.42    25.80     0.00  9999.00  9999.00  9999.00
 00006   884.57   -12.36    60.14     4.21   251.77    27.19     0.00  9999.00  9999.00  9999.00
 00007  1010.18    -5.51    65.07     3.35   243.71    31.25     0.00  9999.00  9999.00  9999.00
 00008   990.87   -10.63    73.60     2.88   205.26    35.57     0.00  9999.00  9999.00  9999.00
 00009   942.84   -22.62    98.01     2.47   202.73    46.71     0.00  9999.00  9999.00  9999.00
 00010   970.73   -11.01    49.67     1.09   210.33    35.58     0.00  9999.00  9999.00  9999.00
 00011   999.88   -16.73    84.66     4.07   177.06    39.45     0.00  9999.00  9999.00  9999.00
 00012  1021.27    -4.40    25.67     2.46   110.07    26.02     0.00  9999.00  9999.00  9999.00
 00013  1025.37    -1.58    81.32     1.73   205.61    20.45     0.00  9999.00  9999.00  9999.00
 00014  1022.46     0.40    75.39     1.66   233.82    19.80     0.00  9999.00  9999.00  9999.00
 00015  1004.65    -1.31    43.32     3.08   188.05    21.96     0.00  9999.00  9999.00  9999.00
 00016   965.81    -4.02    80.40     0.91   196.60    22.03     0.00  9999.00  9999.00  9999.00
 00017  1005.94    -0.45    39.46     3.84   253.21    21.01     0.00  9999.00  9999.00  9999.00
 00018  1023.99    -1.50    78.84     2.19   188.45    19.92     0.00  9999.00  9999.00  9999.00
 00019   946.18     6.77    87.97     0.43    99.04    25.21     0.03  9999.00  9999.00  9999.00
 00020  1028.20     1.27    68.31     2.13   295.33    20.40     0.00  9999.00  9999.00  9999.00
 00021   898.18    -4.48    62.12     1.21   128.38    37.53     0.00  9999.00  9999.00  9999.00
 00022  1024.18    -4.25    46.06     1.78   282.44    24.58     0.00  9999.00  9999.00  9999.00
 00023   927.17    -3.93    86.73     1.77   250.28    32.12     0.16  9999.00  9999.00  9999.00
 00024   952.40    -5.76    90.58     0.77   182.07    13.08     2.83  9999.00  9999.00  9999.00
 00025   799.19    10.44    98.60     2.67   211.42     4.93     0.05  9999.00  9999.00  9999.00
 00026  1023.89     3.21    67.95     2.27   151.07    19.06     0.00  9999.00  9999.00  9999.00
 00027  1019.64     2.85    79.28     0.96   313.90    19.14     0.00  9999.00  9999.00  9999.00
 00028   987.19     6.00    74.78     0.60   344.65    18.75     0.00  9999.00  9999.00  9999.00
 00029  1017.44    11.22    48.91     3.66     9.28    20.90     0.00  9999.00  9999.00  9999.00
 00030  1006.88    11.68    68.58     2.69   164.75    22.29     0.00  9999.00  9999.00  9999.00
 00031   572.65    -9.74    80.32     1.57   216.37    31.07     0.00  9999.00  9999.00  9999.00
 00032   988.85     8.90    50.88     1.52    72.48    17.92     0.00  9999.00  9999.00  9999.00
 00033  1016.93    18.63    81.53     9.33    46.67    23.33     0.60  9999.00  9999.00  9999.00
 00034  1013.93    26.18    87.76    12.11    53.61     8.41     8.99  9999.00  9999.00  9999.00
 00035  1015.54    20.16    79.11     6.25    28.63    23.78     0.05  9999.00  9999.00  9999.00
 00036   778.42     6.77    94.96     1.13   181.56     1.61     0.20  9999.00  9999.00  9999.00
 00037   978.65     8.72    55.71     0.86    62.34    17.84     0.00  9999.00  9999.00  9999.00
 00038  1005.72    12.82    66.24     1.48   147.19    20.06     0.00  9999.00  9999.00  9999.00
 00039  1019.82    15.00    63.24    11.25    20.32    19.62     0.00  9999.00  9999.00  9999.00
 00040  1016.58    15.32    61.33     7.97    29.24    20.81     0.00  9999.00  9999.00  9999.00
 00041   981.75    -1.02    76.28     0.81   132.19    18.60     0.00  9999.00  9999.00  9999.00
 00042  1025.77    -0.52    78.63     1.71   192.71    19.92     0.00  9999.00  9999.00  9999.00
 00043  1017.08     3.58    69.88     1.83    45.18    19.24     0.00  9999.00  9999.00  9999.00
 00044   997.13     2.06    75.26     1.02    72.56    18.68     0.00  9999.00  9999.00  9999.00
 00045  1016.58    15.32    61.33     7.97    29.24    20.81     0.00  9999.00  9999.00  9999.00
 00046   951.08     5.41    76.04     1.52    44.52    18.67     0.00  9999.00  9999.00  9999.00
 00047  1015.47     5.65    63.37     3.35   338.81    19.04     0.00  9999.00  9999.00  9999.00
 00048   605.46   -12.17    81.05     1.68    21.50    27.04     0.01  9999.00  9999.00  9999.00
 00049   577.22    -9.55    89.57     0.81   145.54    17.97     0.02  9999.00  9999.00  9999.00
 00050  1012.54    12.23    42.55     6.17    10.41    19.16     0.00  9999.00  9999.00  9999.00
