stn_id       p       t2      rh2      spd      dir      vis    rain6   rain24   tmax24   tmin24 
 00001   984.83     9.97    84.83     2.92    88.26     6.87     1.47  9999.00  9999.00  9999.00
 00002  1012.28     5.45    16.53     3.85   296.96    25.32     0.00  9999.00  9999.00  9999.00
 00003   914.86     0.36    17.45     4.77   299.28    23.76     0.00  9999.00  9999.00  9999.00
 00004   841.89    -7.39    32.10     6.12   294.38    23.53     0.00  9999.00  9999.00  9999.00
 00005   878.92    -4.85    25.47     4.90   302.21    25.72     0.00  9999.00  9999.00  9999.00
 00006   890.17   -11.07    51.75     6.90   293.82    27.03     0.00  9999.00  9999.00  9999.00
 00007  1019.15    -5.86    32.41     3.44   273.74    30.88     0.00  9999.00  9999.00  9999.00
 00008   999.79   -12.77    82.60     4.67   244.09    35.16     0.00  9999.00  9999.00  9999.00
 00009   947.54   -11.07    63.28     3.03   292.62    45.99     0.41  9999.00  9999.00  9999.00
 00010   972.94    -9.30    42.97     5.86   276.48    35.02     0.00  9999.00  9999.00  9999.00
 00011  1004.28   -15.14    84.64     5.76   235.16    38.91     0.00  9999.00  9999.00  9999.00
 00012  1028.69     2.29    21.39     3.51   304.37    25.92     0.00  9999.00  9999.00  9999.00
 00013  1029.29     6.77    41.13     3.84   344.26    20.34     0.00  9999.00  9999.00  9999.00
 00014  1023.65    10.12    54.05     4.16   342.18    19.63    -0.00  9999.00  9999.00  9999.00
 00015  1013.47     2.29    25.64     3.16   310.20    21.95     0.00  9999.00  9999.00  9999.00
 00016   974.37     2.28    29.52     1.09   267.34    22.00     0.00  9999.00  9999.00  9999.00
 00017  1015.94     6.22    26.69     3.03   286.89    21.01     0.00  9999.00  9999.00  9999.00
 00018  1029.10     6.59    31.90     3.72   356.91    19.83     0.00  9999.00  9999.00  9999.00
 00019   949.17    10.58    66.44     3.08    78.97    25.40     0.00  9999.00  9999.00  9999.00
 00020  1028.93    11.31    50.01     4.82   342.13    20.25    -0.00  9999.00  9999.00  9999.00
 00021   899.16    -0.57    73.80     1.50   231.19    35.81     0.01  9999.00  9999.00  9999.00
 00022  1032.42     1.11    21.76     4.42   295.06    24.51     0.00  9999.00  9999.00  9999.00
 00023   926.48     4.42    41.20     0.82   260.14    32.28     0.00  9999.00  9999.00  9999.00
 00024   954.57    -2.67    55.36     5.96   116.62    33.48     0.00  9999.00  9999.00  9999.00
 00025   800.24    15.44    63.09     2.92   215.93    19.29     0.08  9999.00  9999.00  9999.00
 00026  1024.89     9.60    53.57     6.16     8.72    18.98     0.00  9999.00  9999.00  9999.00
 00027  1022.20     7.93    52.73     5.63   344.55    19.10     0.00  9999.00  9999.00  9999.00
 00028   990.51     5.28    61.86     4.97    20.60    17.94     0.38  9999.00  9999.00  9999.00
 00029  1013.78    24.17    62.48     4.08    11.44    20.96    -0.01  9999.00  9999.00  9999.00
 00030  1004.08    18.42    83.11     3.63    28.84    11.63     1.33  9999.00  9999.00  9999.00
 00031   574.05    -0.57    18.87     2.21   203.04    34.17     0.00  9999.00  9999.00  9999.00
 00032   987.50    16.66    54.58     3.76    53.55    17.89     0.02  9999.00  9999.00  9999.00
 00033  1013.72    22.17    90.88     9.38    60.42    10.37     0.48  9999.00  9999.00  9999.00
 00034  1013.27    27.36    86.03     8.65    46.12    26.05     1.94  9999.00  9999.00  9999.00
 00035  1012.60    26.48    83.61     6.24    53.57     7.82     0.65  9999.00  9999.00  9999.00
 00036   780.38     8.62    80.30     0.49   101.73    19.83     0.25  9999.00  9999.00  9999.00
 00037   977.56    16.63    57.08     2.72    59.33    17.81     0.08  9999.00  9999.00  9999.00
 00038  1002.13    25.54    50.79     3.72    67.16    20.05     0.00  9999.00  9999.00  9999.00
 00039  1017.74    20.72    69.45    13.54    39.62    19.69     0.01  9999.00  9999.00  9999.00
 00040  1013.47    24.43    60.41     9.61    53.96    20.84     0.01  9999.00  9999.00  9999.00
 00041   984.41     6.63    61.61     3.16     9.01    18.49    -0.00  9999.00  9999.00  9999.00
 00042  1029.39     7.71    43.08     2.89   342.23    19.80     0.00  9999.00  9999.00  9999.00
 00043  1017.42    10.79    61.24     5.32    22.30    19.17     0.00  9999.00  9999.00  9999.00
 00044   997.01    11.70    70.97     4.31    43.03    18.59     0.00  9999.00  9999.00  9999.00
 00045  1013.47    24.43    60.41     9.61    53.96    20.84     0.01  9999.00  9999.00  9999.00
 00046   949.73    15.10    85.51     2.68    37.44    18.53     0.06  9999.00  9999.00  9999.00
 00047  1014.05    15.34    61.90     4.96   169.48    18.95     0.00  9999.00  9999.00  9999.00
 00048   606.59    -0.70    44.47     1.64    99.26    35.83     0.01  9999.00  9999.00  9999.00
 00049   578.63    -1.57    23.62     3.25   206.11    28.03     0.00  9999.00  9999.00  9999.00
 00050  1010.40    20.84    52.79     8.33    40.79    19.16     0.00  9999.00  9999.00  9999.00
