stn_id       p       t2      rh2      spd      dir      vis    rain6   rain24   tmax24   tmin24 
 00001   976.53    15.99    83.21     1.23    47.25    20.64  9999.00  9999.00  9999.00  9999.00
 00002  1004.17     2.91    35.20     2.83   135.50    25.06  9999.00  9999.00  9999.00  9999.00
 00003   905.43     0.85    25.86     1.79   194.28    23.45  9999.00  9999.00  9999.00  9999.00
 00004   832.92    -2.11    29.06     3.76   252.33    23.19  9999.00  9999.00  9999.00  9999.00
 00005   869.01    -6.69    46.57     3.14   228.05    23.91  9999.00  9999.00  9999.00  9999.00
 00006   878.40    -7.14    70.07     4.36   305.86    11.78  9999.00  9999.00  9999.00  9999.00
 00007  1014.54    -7.79    42.50     2.98   249.19    30.16  9999.00  9999.00  9999.00  9999.00
 00008   994.71   -16.26    86.99     3.85   235.00    34.35  9999.00  9999.00  9999.00  9999.00
 00009   944.48   -18.49    59.58     4.64   333.57    40.48  9999.00  9999.00  9999.00  9999.00
 00010   966.83   -10.16    41.73     6.10   289.97    33.13  9999.00  9999.00  9999.00  9999.00
 00011  1000.11   -19.43    94.99     4.24   246.24    38.01  9999.00  9999.00  9999.00  9999.00
 00012  1022.03     0.94    30.39     3.82   209.63    25.52  9999.00  9999.00  9999.00  9999.00
 00013  1022.62    12.91    64.86     1.90    75.55    20.10  9999.00  9999.00  9999.00  9999.00
 00014  1018.92    16.49    48.89     1.01   319.02    19.37  9999.00  9999.00  9999.00  9999.00
 00015  1006.04     4.45    31.80     2.44    91.35    21.66  9999.00  9999.00  9999.00  9999.00
 00016   959.48     6.21    49.30     1.52   150.16    21.57  9999.00  9999.00  9999.00  9999.00
 00017  1005.93     8.60    49.07     2.21   132.64    20.69  9999.00  9999.00  9999.00  9999.00
 00018  1021.04    12.93    56.84     2.17    98.16    19.59  9999.00  9999.00  9999.00  9999.00
 00019   939.98    13.48    68.76     1.15    92.99    25.27  9999.00  9999.00  9999.00  9999.00
 00020  1024.50    14.48    64.60     3.79   340.19    20.02  9999.00  9999.00  9999.00  9999.00
 00021   893.11    -2.26    61.15     1.42   129.43    35.50  9999.00  9999.00  9999.00  9999.00
 00022  1025.44     2.31    20.50     1.44   204.34    24.14  9999.00  9999.00  9999.00  9999.00
 00023   918.59     1.12    49.68     1.41   147.71    31.86  9999.00  9999.00  9999.00  9999.00
 00024   948.62    -7.37    92.52     0.90    76.91    14.11  9999.00  9999.00  9999.00  9999.00
 00025   800.23    14.98    70.56     3.07   213.47    19.32  9999.00  9999.00  9999.00  9999.00
 00026  1019.53    13.89    82.92     0.96   303.88    18.83  9999.00  9999.00  9999.00  9999.00
 00027  1014.66    13.65    91.99     0.77   147.34    17.06  9999.00  9999.00  9999.00  9999.00
 00028   983.53    12.32    91.06     0.61   181.26    16.98  9999.00  9999.00  9999.00  9999.00
 00029  1015.14    21.55    52.71     2.68    41.06    20.99  9999.00  9999.00  9999.00  9999.00
 00030  1004.53    21.38    67.94     2.09    22.17    22.41  9999.00  9999.00  9999.00  9999.00
 00031   574.11    -2.70    45.87     2.48   197.33    34.03  9999.00  9999.00  9999.00  9999.00
 00032   987.08    19.77    50.88     3.88    64.18    17.89  9999.00  9999.00  9999.00  9999.00
 00033  1015.92    22.10    83.67     2.60    93.93    23.78  9999.00  9999.00  9999.00  9999.00
 00034  1014.71    27.09    72.01    11.03    40.29    27.25  9999.00  9999.00  9999.00  9999.00
 00035  1014.85    25.06    67.81     5.38    61.16    23.91  9999.00  9999.00  9999.00  9999.00
 00036   779.29    10.90    74.33     1.57   214.35    21.00  9999.00  9999.00  9999.00  9999.00
 00037   977.18    19.87    52.51     3.04    74.50    17.80  9999.00  9999.00  9999.00  9999.00
 00038  1003.92    22.43    48.84     3.34    47.12    20.08  9999.00  9999.00  9999.00  9999.00
 00039  1017.69    22.36    71.28    11.17    37.51    19.73  9999.00  9999.00  9999.00  9999.00
 00040  1014.66    23.40    56.17     9.09    42.32    20.89  9999.00  9999.00  9999.00  9999.00
 00041   979.74    13.46    57.87     1.15   111.82    18.29  9999.00  9999.00  9999.00  9999.00
 00042  1022.47    14.08    60.09     1.34    53.68    19.56  9999.00  9999.00  9999.00  9999.00
 00043  1012.67    14.21    84.02     0.93   268.04    18.79  9999.00  9999.00  9999.00  9999.00
 00044   993.74    14.73    70.10     2.22    71.90    18.47  9999.00  9999.00  9999.00  9999.00
 00045  1014.66    23.40    56.17     9.09    42.32    20.89  9999.00  9999.00  9999.00  9999.00
 00046   949.43    18.65    49.02     1.55    69.46    18.63  9999.00  9999.00  9999.00  9999.00
 00047  1012.82    18.23    48.88     2.52    12.08    18.85  9999.00  9999.00  9999.00  9999.00
 00048   605.89     1.64    40.86     1.45   164.40    35.73  9999.00  9999.00  9999.00  9999.00
 00049   579.32    -1.70    31.82     2.26   210.73    28.10  9999.00  9999.00  9999.00  9999.00
 00050  1010.24    23.20    57.72     7.71    43.96    19.20  9999.00  9999.00  9999.00  9999.00
