stn_id       p       t2      rh2      spd      dir      vis    rain6   rain24   tmax24   tmin24 
 00001   971.54    15.22    82.86     2.59    50.59    21.29  9999.00  9999.00  9999.00  9999.00
 00002  1004.71    -3.82    66.07     2.01   316.53    25.11  9999.00  9999.00  9999.00  9999.00
 00003   907.15    -3.59    40.28     2.15   308.18    23.51  9999.00  9999.00  9999.00  9999.00
 00004   837.02    -9.83    69.11     2.58   338.08    23.33  9999.00  9999.00  9999.00  9999.00
 00005   876.55   -13.58    54.03     4.15   353.49    25.51  9999.00  9999.00  9999.00  9999.00
 00006   888.03   -16.53    69.07     5.02   294.86    26.75  9999.00  9999.00  9999.00  9999.00
 00007  1015.92   -10.15    61.84     1.31   272.70    30.34  9999.00  9999.00  9999.00  9999.00
 00008   995.79   -18.88    94.35     3.55   235.73    34.53  9999.00  9999.00  9999.00  9999.00
 00009   945.38   -19.93    83.91     2.96   309.00    44.60  9999.00  9999.00  9999.00  9999.00
 00010   970.23   -13.42    64.93     3.44   277.51    34.38  9999.00  9999.00  9999.00  9999.00
 00011  1001.68   -23.53    96.95     4.20   236.01    37.95  9999.00  9999.00  9999.00  9999.00
 00012  1022.80    -2.64    46.67     3.82   329.94    25.61  9999.00  9999.00  9999.00  9999.00
 00013  1018.32     8.47    65.16     3.62   131.18    20.05  9999.00  9999.00  9999.00  9999.00
 00014  1016.22     8.20    72.07     2.32   122.93    19.38  9999.00  9999.00  9999.00  9999.00
 00015  1002.19     2.73    59.89     1.79   125.22    21.64  9999.00  9999.00  9999.00  9999.00
 00016   959.51     6.23    72.07     0.76   122.03    21.64  9999.00  9999.00  9999.00  9999.00
 00017  1002.72     4.06    77.56     1.48   327.42    20.68  9999.00  9999.00  9999.00  9999.00
 00018  1016.17     8.21    68.37     3.17   119.85    19.54  9999.00  9999.00  9999.00  9999.00
 00019   937.93    11.46    84.38     1.18   109.60    24.06  9999.00  9999.00  9999.00  9999.00
 00020  1022.94     8.54    80.87     2.06   103.88    20.03  9999.00  9999.00  9999.00  9999.00
 00021   896.30    -2.48    67.98     1.27    94.92    27.41  9999.00  9999.00  9999.00  9999.00
 00022  1024.57    -2.67    41.14     1.84   300.60    24.19  9999.00  9999.00  9999.00  9999.00
 00023   920.08    -0.47    70.38     1.54   138.31    31.97  9999.00  9999.00  9999.00  9999.00
 00024   952.25    -5.97    71.29     4.20   113.31    33.37  9999.00  9999.00  9999.00  9999.00
 00025   797.43     9.24    87.45     1.80   214.91    19.29  9999.00  9999.00  9999.00  9999.00
 00026  1015.68     9.46    90.51     1.25   127.60    18.84  9999.00  9999.00  9999.00  9999.00
 00027  1010.66     9.37    98.46     2.10   144.03    12.13  9999.00  9999.00  9999.00  9999.00
 00028   978.11     8.77    97.60     1.52    93.35    18.62  9999.00  9999.00  9999.00  9999.00
 00029  1012.85    15.55    90.45     1.73    10.23    20.98  9999.00  9999.00  9999.00  9999.00
 00030  1001.60    17.83    85.34     1.59    89.38    22.36  9999.00  9999.00  9999.00  9999.00
 00031   573.43    -5.33    60.04     1.91   189.58    34.12  9999.00  9999.00  9999.00  9999.00
 00032   985.83    12.74    66.04     2.06    34.41    17.85  9999.00  9999.00  9999.00  9999.00
 00033  1014.08    20.72    90.64     4.96    81.28    23.07  9999.00  9999.00  9999.00  9999.00
 00034  1013.28    26.44    88.88     8.21    60.95     8.73  9999.00  9999.00  9999.00  9999.00
 00035  1012.94    23.27    85.22     2.66    50.57    21.76  9999.00  9999.00  9999.00  9999.00
 00036   775.57     8.85    80.11     2.44   178.02    20.92  9999.00  9999.00  9999.00  9999.00
 00037   976.03    11.00    71.73     1.58    28.34    17.77  9999.00  9999.00  9999.00  9999.00
 00038  1002.81    15.37    77.90     1.87    20.94    20.07  9999.00  9999.00  9999.00  9999.00
 00039  1015.74    20.84    66.31    10.52    30.24    19.68  9999.00  9999.00  9999.00  9999.00
 00040  1013.53    19.18    71.96     7.58    29.82    20.86  9999.00  9999.00  9999.00  9999.00
 00041   976.04     5.71    84.21     1.82   136.09    18.27  9999.00  9999.00  9999.00  9999.00
 00042  1017.88     8.47    68.19     2.88   115.59    19.52  9999.00  9999.00  9999.00  9999.00
 00043  1009.06     9.03    95.35     1.95    65.72    19.05  9999.00  9999.00  9999.00  9999.00
 00044   990.84     7.78    86.81     1.75    80.79    18.43  9999.00  9999.00  9999.00  9999.00
 00045  1013.53    19.18    71.96     7.58    29.82    20.86  9999.00  9999.00  9999.00  9999.00
 00046   947.57     8.66    87.85     1.14   102.68    18.61  9999.00  9999.00  9999.00  9999.00
 00047  1011.84    12.40    69.52     2.40   159.64    18.85  9999.00  9999.00  9999.00  9999.00
 00048   604.68    -0.37    45.93     1.69   188.75    35.70  9999.00  9999.00  9999.00  9999.00
 00049   578.46    -6.17    95.40     0.74   169.05    19.50  9999.00  9999.00  9999.00  9999.00
 00050  1008.59    17.49    62.62     5.84    17.83    19.14  9999.00  9999.00  9999.00  9999.00
