stn_id       p       t2      rh2      spd      dir      vis    rain6   rain24   tmax24   tmin24 
 00001   982.37    13.61    94.86     0.74   179.56     8.03  9999.00  9999.00  9999.00  9999.00
 00002  1014.80    -5.03    40.42     2.31   272.87    25.34  9999.00  9999.00  9999.00  9999.00
 00003   916.61    -8.03    29.80     1.82   298.33    23.75  9999.00  9999.00  9999.00  9999.00
 00004   843.24   -14.33    50.55     2.03   298.22    23.52  9999.00  9999.00  9999.00  9999.00
 00005   880.99   -12.85    58.81     2.62   295.25    25.71  9999.00  9999.00  9999.00  9999.00
 00006   891.70   -15.10    71.05     4.57   294.81    26.97  9999.00  9999.00  9999.00  9999.00
 00007  1019.53    -9.87    58.13     3.58   306.70    30.70  9999.00  9999.00  9999.00  9999.00
 00008   999.28   -18.35    90.10     2.98   270.83    34.89  9999.00  9999.00  9999.00  9999.00
 00009   949.94   -18.10    76.96     2.85   291.36    44.94  9999.00  9999.00  9999.00  9999.00
 00010   972.56   -15.67    63.25     5.27   288.81    34.63  9999.00  9999.00  9999.00  9999.00
 00011  1004.51   -21.06    93.42     4.59   253.19    37.95  9999.00  9999.00  9999.00  9999.00
 00012  1031.51    -5.00    33.32     2.06   325.11    25.89  9999.00  9999.00  9999.00  9999.00
 00013  1027.06     6.05    48.64     4.96   357.22    20.24  9999.00  9999.00  9999.00  9999.00
 00014  1020.63    10.17    81.44     3.44   337.71    19.56  9999.00  9999.00  9999.00  9999.00
 00015  1014.41    -4.96    38.93     1.27   105.93    21.91  9999.00  9999.00  9999.00  9999.00
 00016   974.51     0.19    31.68     2.19    39.66    21.95  9999.00  9999.00  9999.00  9999.00
 00017  1017.99    -1.37    48.54     1.63    51.47    20.99  9999.00  9999.00  9999.00  9999.00
 00018  1027.11     5.48    48.85     4.28   206.25    19.76  9999.00  9999.00  9999.00  9999.00
 00019   947.56    10.00    73.57     1.37    14.94    25.48  9999.00  9999.00  9999.00  9999.00
 00020  1025.12    12.27    78.08     5.01   347.09    20.16  9999.00  9999.00  9999.00  9999.00
 00021   900.10    -5.87    86.73     2.19   179.85    23.72  9999.00  9999.00  9999.00  9999.00
 00022  1034.42    -3.26    28.05     4.19   334.84    24.48  9999.00  9999.00  9999.00  9999.00
 00023   923.85    -0.67    57.58     3.57   124.56    32.15  9999.00  9999.00  9999.00  9999.00
 00024   956.05    -4.52    59.51     5.50   111.65    33.50  9999.00  9999.00  9999.00  9999.00
 00025   799.66     9.78    89.67     1.90   154.76    19.25  9999.00  9999.00  9999.00  9999.00
 00026  1022.26    10.37    70.10     6.04    11.92    18.95  9999.00  9999.00  9999.00  9999.00
 00027  1019.76    10.28    56.12     6.38   353.49    19.07  9999.00  9999.00  9999.00  9999.00
 00028   987.99     8.19    85.52     4.85    22.75     4.88  9999.00  9999.00  9999.00  9999.00
 00029  1013.76    18.40    90.80     3.32   289.77    12.74  9999.00  9999.00  9999.00  9999.00
 00030  1002.95    19.28    78.98     2.54    62.30    22.31  9999.00  9999.00  9999.00  9999.00
 00031   574.61    -5.60    27.23     2.11   218.58    34.17  9999.00  9999.00  9999.00  9999.00
 00032   985.06    16.78    92.29     1.20   247.49    17.10  9999.00  9999.00  9999.00  9999.00
 00033  1013.65    21.78    92.10     7.92    39.66     3.65  9999.00  9999.00  9999.00  9999.00
 00034  1013.53    27.63    87.69     4.22    78.58    26.13  9999.00  9999.00  9999.00  9999.00
 00035  1012.44    24.21    93.86     3.70    39.78    18.16  9999.00  9999.00  9999.00  9999.00
 00036   779.78     8.52    82.90     1.29    38.78    16.81  9999.00  9999.00  9999.00  9999.00
 00037   975.35    16.47    90.22     0.78   218.08    17.79  9999.00  9999.00  9999.00  9999.00
 00038  1002.41    19.49    68.66     1.47   311.36    20.05  9999.00  9999.00  9999.00  9999.00
 00039  1015.84    22.12    78.75     6.69    12.21    19.70  9999.00  9999.00  9999.00  9999.00
 00040  1013.13    23.23    78.91     3.84    30.00    20.88  9999.00  9999.00  9999.00  9999.00
 00041   982.30     6.48    78.75     3.04     4.89    18.43  9999.00  9999.00  9999.00  9999.00
 00042  1026.88     7.13    64.99     3.84   355.87    19.72  9999.00  9999.00  9999.00  9999.00
 00043  1014.86    11.95    77.55     5.17    25.57    19.15  9999.00  9999.00  9999.00  9999.00
 00044   993.99    10.18    86.61     2.11    28.66    18.54  9999.00  9999.00  9999.00  9999.00
 00045  1013.13    23.23    78.91     3.84    30.00    20.88  9999.00  9999.00  9999.00  9999.00
 00046   949.50    14.77    83.81     1.03   308.88    18.66  9999.00  9999.00  9999.00  9999.00
 00047  1010.54    15.77    87.60     3.60   162.38    18.91  9999.00  9999.00  9999.00  9999.00
 00048   606.45    -4.43    74.95     1.44   128.71    35.82  9999.00  9999.00  9999.00  9999.00
 00049   578.57    -6.33    98.78     0.72   205.36     4.67  9999.00  9999.00  9999.00  9999.00
 00050  1008.37    20.41    74.77     3.49    31.08    19.17  9999.00  9999.00  9999.00  9999.00
