stn_id       p       t2      rh2      spd      dir      vis    rain6   rain24   tmax24   tmin24 
 00001   979.37    14.38    83.91     1.52   280.84    12.43  9999.00  9999.00  9999.00  9999.00
 00002  1014.87     1.01    21.57     1.26   154.05    25.31  9999.00  9999.00  9999.00  9999.00
 00003   915.45    -1.66    15.66     3.78   317.68    23.70  9999.00  9999.00  9999.00  9999.00
 00004   843.18   -12.15    35.10     3.02   319.05    23.47  9999.00  9999.00  9999.00  9999.00
 00005   881.84   -11.04    40.73     4.26   307.52    25.67  9999.00  9999.00  9999.00  9999.00
 00006   892.12   -14.03    61.79     7.01   285.96    26.90  9999.00  9999.00  9999.00  9999.00
 00007  1018.50    -7.55    35.26     6.59   304.84    30.51  9999.00  9999.00  9999.00  9999.00
 00008   997.82   -16.89    86.06     4.80   262.71    34.74  9999.00  9999.00  9999.00  9999.00
 00009   948.06   -14.34    62.14     5.08   342.50    39.22  9999.00  9999.00  9999.00  9999.00
 00010   969.27   -10.00    42.96     6.80   284.09    29.56  9999.00  9999.00  9999.00  9999.00
 00011  1002.61   -22.02    89.93     4.13   246.99    38.48  9999.00  9999.00  9999.00  9999.00
 00012  1031.69    -1.27    20.07     5.70   330.85    25.82  9999.00  9999.00  9999.00  9999.00
 00013  1019.97    13.89    60.02     3.24   317.06    20.14  9999.00  9999.00  9999.00  9999.00
 00014  1015.86    16.68    57.22     2.15   234.54    19.44  9999.00  9999.00  9999.00  9999.00
 00015  1012.84    -0.40    26.68     6.08    13.58    21.84  9999.00  9999.00  9999.00  9999.00
 00016   972.75     4.27    35.00     2.78    22.97    21.87  9999.00  9999.00  9999.00  9999.00
 00017  1014.98     3.53    33.51     6.46    39.92    20.89  9999.00  9999.00  9999.00  9999.00
 00018  1019.72    13.80    59.08     4.36   340.71    19.65  9999.00  9999.00  9999.00  9999.00
 00019   944.59    14.21    73.70     1.20    91.24    25.43  9999.00  9999.00  9999.00  9999.00
 00020  1021.14    17.83    49.04     3.99   225.77    20.05  9999.00  9999.00  9999.00  9999.00
 00021   900.08    -5.16    80.74     1.73   117.06    25.03  9999.00  9999.00  9999.00  9999.00
 00022  1034.37    -1.08    19.19     6.24   338.81    24.42  9999.00  9999.00  9999.00  9999.00
 00023   923.38     0.44    60.72     3.58   128.73    32.09  9999.00  9999.00  9999.00  9999.00
 00024   956.71    -6.33    61.67     5.43   116.22    33.48  9999.00  9999.00  9999.00  9999.00
 00025   798.90    12.14    83.44     2.45   256.77    13.09  9999.00  9999.00  9999.00  9999.00
 00026  1017.62    16.36    79.25     0.36   257.18    18.91  9999.00  9999.00  9999.00  9999.00
 00027  1015.16    12.21    92.70     3.02   341.36    10.97  9999.00  9999.00  9999.00  9999.00
 00028   982.99    10.35    95.91     1.72     6.37    11.01  9999.00  9999.00  9999.00  9999.00
 00029  1014.10    20.28    74.63     2.54    17.35     7.68  9999.00  9999.00  9999.00  9999.00
 00030  1002.75    22.48    64.40     1.19    72.32    22.35  9999.00  9999.00  9999.00  9999.00
 00031   575.72    -4.24    43.73     1.78   219.64    34.20  9999.00  9999.00  9999.00  9999.00
 00032   985.28    20.85    61.73     1.96    50.77    17.90  9999.00  9999.00  9999.00  9999.00
 00033  1014.06    23.93    90.39     4.14    53.94     2.34  9999.00  9999.00  9999.00  9999.00
 00034  1013.80    27.64    85.03     5.59    72.99    20.76  9999.00  9999.00  9999.00  9999.00
 00035  1012.62    27.02    78.32     3.25    56.26    15.59  9999.00  9999.00  9999.00  9999.00
 00036   779.14    10.80    79.40     1.19   221.52    20.84  9999.00  9999.00  9999.00  9999.00
 00037   975.64    20.66    63.45     1.24    26.26    17.82  9999.00  9999.00  9999.00  9999.00
 00038  1002.55    22.94    53.32     1.18     5.46    20.05  9999.00  9999.00  9999.00  9999.00
 00039  1016.03    23.12    63.26     8.00    26.20    19.65  9999.00  9999.00  9999.00  9999.00
 00040  1013.61    24.11    54.76     6.17    38.97    20.84  9999.00  9999.00  9999.00  9999.00
 00041   977.83    15.66    62.07     0.86   321.31    18.35  9999.00  9999.00  9999.00  9999.00
 00042  1020.01    15.33    61.79     2.66   282.64    19.62  9999.00  9999.00  9999.00  9999.00
 00043  1011.24    14.81    89.35     0.66   285.07    18.84  9999.00  9999.00  9999.00  9999.00
 00044   992.29    16.28    64.24     0.97   100.76    18.50  9999.00  9999.00  9999.00  9999.00
 00045  1013.61    24.11    54.76     6.17    38.97    20.84  9999.00  9999.00  9999.00  9999.00
 00046   949.92    16.29    68.32     0.91   146.23    15.61  9999.00  9999.00  9999.00  9999.00
 00047  1010.12    19.81    62.64     1.78   288.13    18.88  9999.00  9999.00  9999.00  9999.00
 00048   607.39    -1.52    55.55     0.91    41.73    34.98  9999.00  9999.00  9999.00  9999.00
 00049   579.22    -3.60    59.48     1.42   219.34    28.09  9999.00  9999.00  9999.00  9999.00
 00050  1008.29    23.92    52.66     5.03    22.11    19.15  9999.00  9999.00  9999.00  9999.00
