stn_id       p       t2      rh2      spd      dir      vis    rain6   rain24   tmax24   tmin24 
 00001   965.95    18.71    99.81     0.75   109.21     0.45     0.01  9999.00  9999.00  9999.00
 00002   984.27    25.05    50.51     2.15   197.68    23.96     0.00  9999.00  9999.00  9999.00
 00003   897.20    19.89    50.91     2.05   182.60    23.05     0.00  9999.00  9999.00  9999.00
 00004   832.02    15.93    57.41     2.11   193.14    21.37     0.00  9999.00  9999.00  9999.00
 00005   864.53    19.36    45.17     2.58   210.69    20.87     0.00  9999.00  9999.00  9999.00
 00006   873.22    20.12    28.27     4.13   191.20    19.91     0.00  9999.00  9999.00  9999.00
 00007   995.97    18.88    80.83     2.57   112.27    22.27     0.00  9999.00  9999.00  9999.00
 00008   981.76    18.83    83.29     2.12    98.02    23.71     0.01  9999.00  9999.00  9999.00
 00009   942.10     7.38    86.16     1.87   227.08    36.33     0.00  9999.00  9999.00  9999.00
 00010   960.98    12.65    93.58     1.40   289.02    25.42    -0.00  9999.00  9999.00  9999.00
 00011   989.76    15.12    65.30     2.26    66.26    25.27    -0.01  9999.00  9999.00  9999.00
 00012   998.03    27.86    29.14     4.01   214.97    21.56    -0.00  9999.00  9999.00  9999.00
 00013  1002.81    22.38    84.24     1.92   146.98    27.19     0.00  9999.00  9999.00  9999.00
 00014  1000.65    21.79    87.37     1.67   195.76    27.46     0.00  9999.00  9999.00  9999.00
 00015   986.84    24.90    56.83     2.54   211.89    22.54     0.00  9999.00  9999.00  9999.00
 00016   946.44    19.49    85.83     2.20   121.69    24.79     0.00  9999.00  9999.00  9999.00
 00017   988.57    23.10    79.76     2.04   194.72    25.48     0.00  9999.00  9999.00  9999.00
 00018  1001.07    22.99    90.45     1.84    93.38    21.91     0.00  9999.00  9999.00  9999.00
 00019   930.47    21.27    81.67     0.63   251.70    27.60     0.01  9999.00  9999.00  9999.00
 00020  1006.34    22.45    89.41     2.18   230.01    25.09     0.00  9999.00  9999.00  9999.00
 00021   886.39    19.75    39.80     1.48   166.29    25.42    -0.00  9999.00  9999.00  9999.00
 00022  1002.13    28.34    36.97     4.55   232.55    21.24     0.00  9999.00  9999.00  9999.00
 00023   913.25    18.68    35.16     1.96   223.74    23.26     0.01  9999.00  9999.00  9999.00
 00024   936.05    19.54    50.62     2.40   283.85    25.02    -0.00  9999.00  9999.00  9999.00
 00025   792.11    16.79    95.41     0.90   220.40     6.61     3.65  9999.00  9999.00  9999.00
 00026   998.55    19.02    93.99     3.81   101.05     0.33    54.63  9999.00  9999.00  9999.00
 00027   996.06    20.56    95.21     2.69   315.20    11.01     4.24  9999.00  9999.00  9999.00
 00028   967.95    20.45    91.49     0.52   305.86    17.00     0.19  9999.00  9999.00  9999.00
 00029  1000.72    25.91    95.05     2.74   187.45    27.64     0.21  9999.00  9999.00  9999.00
 00030   988.76    24.53    99.21     1.45   318.90     5.60    12.40  9999.00  9999.00  9999.00
 00031   575.96     6.59    75.57     1.73   191.25    22.37     0.02  9999.00  9999.00  9999.00
 00032   972.77    20.22    94.42     0.92   131.10    21.26     0.80  9999.00  9999.00  9999.00
 00033  1002.37    22.96    95.78     6.32   169.64     7.13     0.02  9999.00  9999.00  9999.00
 00034  1007.61    27.95    91.42     6.00   194.94    25.24     0.04  9999.00  9999.00  9999.00
 00035  1002.48    26.97    93.46     4.78   186.42    31.36     0.00  9999.00  9999.00  9999.00
 00036   773.93    12.80    92.44     0.70   104.95    18.22     0.87  9999.00  9999.00  9999.00
 00037   963.16    20.07    96.68     1.01   113.28    17.67     1.22  9999.00  9999.00  9999.00
 00038   989.76    24.59    98.51     1.21   156.29    24.82     0.02  9999.00  9999.00  9999.00
 00039  1003.72    23.53    92.14     3.64    48.12    10.57     1.85  9999.00  9999.00  9999.00
 00040  1001.37    25.75    96.32     4.09   221.21    21.43     0.10  9999.00  9999.00  9999.00
 00041   963.89    19.87    81.64     2.15   129.14     0.94     4.22  9999.00  9999.00  9999.00
 00042  1002.55    22.90    86.87     1.63   138.13    27.50     0.00  9999.00  9999.00  9999.00
 00043   992.46    20.37    96.71     2.27   343.65     0.26    37.76  9999.00  9999.00  9999.00
 00044   975.91    19.86    93.26     3.03    65.65     4.07    10.28  9999.00  9999.00  9999.00
 00045  1001.37    25.75    96.32     4.09   221.21    21.43     0.10  9999.00  9999.00  9999.00
 00046   936.00    22.33    92.68     3.05   176.56    21.46     0.30  9999.00  9999.00  9999.00
 00047   996.08    20.49    84.35     1.94   288.33    24.39     0.14  9999.00  9999.00  9999.00
 00048   606.58     8.31    56.52     1.08   183.39    26.32     0.02  9999.00  9999.00  9999.00
 00049   579.87     3.33    98.73     0.76    59.88     1.48     0.07  9999.00  9999.00  9999.00
 00050   996.23    22.26    89.41     2.50    38.41    18.26     0.95  9999.00  9999.00  9999.00
