stn_id       p       t2      rh2      spd      dir      vis    rain6   rain24   tmax24   tmin24 
 00001   979.03     9.01    82.29     2.05   327.99    19.80     0.00  9999.00  9999.00  9999.00
 00002  1000.19    -1.40    50.27     1.87   309.63    26.87     0.00  9999.00  9999.00  9999.00
 00003   902.92     2.67    32.15     1.84   244.74    24.86     0.00  9999.00  9999.00  9999.00
 00004   833.28    -3.20    34.16     2.69   229.53    25.66     0.00  9999.00  9999.00  9999.00
 00005   868.35    -4.88    45.27     1.30   352.24    30.43     0.00  9999.00  9999.00  9999.00
 00006   876.63    -2.32    39.43     4.64   249.73    34.19     0.00  9999.00  9999.00  9999.00
 00007  1012.90    -9.84    76.90     2.36   120.92    37.27     0.00  9999.00  9999.00  9999.00
 00008   996.34   -11.24    62.96     2.37   196.11    42.26    -0.00  9999.00  9999.00  9999.00
 00009   943.37   -23.19    98.09     2.15   220.72    52.92     0.00  9999.00  9999.00  9999.00
 00010   971.74    -8.02    82.66     3.14   280.55    40.97     0.11  9999.00  9999.00  9999.00
 00011  1004.60   -17.73    97.81     2.15   178.36    45.55     0.02  9999.00  9999.00  9999.00
 00012  1017.22    -1.32    40.69     1.26    56.26    29.22     0.00  9999.00  9999.00  9999.00
 00013  1019.64     7.08    79.77     2.71   156.58    21.32     0.00  9999.00  9999.00  9999.00
 00014  1018.12     5.98    82.04     2.40   162.64    21.56     0.00  9999.00  9999.00  9999.00
 00015   999.68     1.36    63.36     2.78   162.88    22.66     0.00  9999.00  9999.00  9999.00
 00016   958.18     3.44    73.04     0.69   138.79    20.91     0.00  9999.00  9999.00  9999.00
 00017  1000.59     3.46    67.22     1.47   266.50    20.93     0.00  9999.00  9999.00  9999.00
 00018  1017.48     8.66    79.10     3.63   173.12    20.51     0.00  9999.00  9999.00  9999.00
 00019   942.64     8.06    90.65     0.83   281.09    23.01     0.25  9999.00  9999.00  9999.00
 00020  1024.42     4.78    69.71     2.62   162.22    21.38     0.00  9999.00  9999.00  9999.00
 00021   893.79    -4.21    67.39     1.65   176.07    41.62     0.00  9999.00  9999.00  9999.00
 00022  1019.86    -1.26    54.50     2.69   146.41    26.73     0.00  9999.00  9999.00  9999.00
 00023   921.41    -2.14    84.06     1.80   154.10    37.12     0.20  9999.00  9999.00  9999.00
 00024   949.22   -10.81    93.47     4.11   119.02    31.36     0.14  9999.00  9999.00  9999.00
 00025   797.19     8.17    56.03     1.88   226.85    18.95     0.00  9999.00  9999.00  9999.00
 00026  1018.79     7.59    86.47     2.46    73.41    19.74     0.00  9999.00  9999.00  9999.00
 00027  1013.21     9.14    78.33     2.64   149.52    18.95     0.00  9999.00  9999.00  9999.00
 00028   981.19    11.12    75.25     0.24   164.43    17.78     0.00  9999.00  9999.00  9999.00
 00029  1013.98    14.46    74.97     2.27    61.42    20.95     0.00  9999.00  9999.00  9999.00
 00030  1002.54    16.68    64.73     1.77    37.67    21.99     0.02  9999.00  9999.00  9999.00
 00031   573.11    -4.64     2.31     1.05    93.85    37.04     0.00  9999.00  9999.00  9999.00
 00032   987.10     8.44    78.28     2.37    24.71    19.04     0.00  9999.00  9999.00  9999.00
 00033  1014.66    19.14    77.48     6.26    25.04    22.77     1.41  9999.00  9999.00  9999.00
 00034  1013.20    25.66    90.40     9.14    60.65     4.48     8.99  9999.00  9999.00  9999.00
 00035  1013.33    20.76    83.40     4.36    12.59    18.82     0.28  9999.00  9999.00  9999.00
 00036   777.34     6.76    69.82     1.10    88.40    20.35     0.00  9999.00  9999.00  9999.00
 00037   977.13     8.48    75.27     1.73    43.28    18.95     0.00  9999.00  9999.00  9999.00
 00038  1003.93    12.44    73.00     2.05    85.54    20.62     0.00  9999.00  9999.00  9999.00
 00039  1017.97    17.80    67.85     9.82    25.99    20.43     0.00  9999.00  9999.00  9999.00
 00040  1015.00    17.59    64.13     7.26    39.71    21.12     0.00  9999.00  9999.00  9999.00
 00041   978.17     6.24    77.51     1.77   161.74    19.78     0.00  9999.00  9999.00  9999.00
 00042  1019.87     6.44    82.60     2.37   159.52    20.95     0.00  9999.00  9999.00  9999.00
 00043  1011.90     7.72    85.66     2.55    83.79    19.90     0.00  9999.00  9999.00  9999.00
 00044   993.42     7.54    76.96     2.14    69.64    19.80     0.00  9999.00  9999.00  9999.00
 00045  1015.00    17.59    64.13     7.26    39.71    21.12     0.00  9999.00  9999.00  9999.00
 00046   948.92     6.76    82.99     1.83    68.97    19.58     0.00  9999.00  9999.00  9999.00
 00047  1012.87    12.89    63.00     1.11   169.17    20.40     0.00  9999.00  9999.00  9999.00
 00048   605.36    -4.98     9.02     0.90   157.43    38.94     0.00  9999.00  9999.00  9999.00
 00049   575.60    -6.94    15.97     0.32   245.39    29.32     0.00  9999.00  9999.00  9999.00
 00050  1010.64    13.87    69.65     5.08    12.49    20.04     0.00  9999.00  9999.00  9999.00
