stn_id       p       t2      rh2      spd      dir      vis    rain6   rain24   tmax24   tmin24 
 00001   983.84    11.64    66.11     0.83   186.56    19.68     0.06  9999.00  9999.00  9999.00
 00002  1013.02     6.07    26.73     1.22    45.01    27.18     0.00  9999.00  9999.00  9999.00
 00003   912.49     5.74    24.21     2.01    79.36    25.07     0.00  9999.00  9999.00  9999.00
 00004   840.05     4.27    27.11     1.49   262.13    25.91     0.00  9999.00  9999.00  9999.00
 00005   877.15     1.71    32.33     1.65   172.69    30.93     0.00  9999.00  9999.00  9999.00
 00006   888.22     1.75    33.66     1.75   219.26    34.91     0.00  9999.00  9999.00  9999.00
 00007  1022.19    -2.68    39.25     2.97    29.50    37.52     0.00  9999.00  9999.00  9999.00
 00008  1004.50    -6.90    58.75     2.22   294.43    42.50     0.00  9999.00  9999.00  9999.00
 00009   946.55   -11.77    69.36     2.48   214.29    48.34     0.05  9999.00  9999.00  9999.00
 00010   975.99    -7.87    60.39     5.04   301.27    41.45     0.00  9999.00  9999.00  9999.00
 00011  1011.35   -13.62    83.81     2.29   242.05    46.23     0.00  9999.00  9999.00  9999.00
 00012  1029.57     5.92    20.52     1.93   208.42    29.55     0.00  9999.00  9999.00  9999.00
 00013  1021.63    15.41    60.91     4.11    22.43    21.32     0.00  9999.00  9999.00  9999.00
 00014  1016.83    16.09    63.65     3.12   229.43    21.58     0.00  9999.00  9999.00  9999.00
 00015  1011.31     8.51    51.00     3.49    47.20    22.83     0.00  9999.00  9999.00  9999.00
 00016   965.98     8.00    69.65     1.64   159.40    20.88     0.00  9999.00  9999.00  9999.00
 00017  1011.89     9.72    43.75     4.54    42.55    21.01     0.00  9999.00  9999.00  9999.00
 00018  1021.00    14.83    62.67     4.20    24.46    20.52     0.00  9999.00  9999.00  9999.00
 00019   946.63     9.09    79.54     1.05   166.98    17.78     0.47  9999.00  9999.00  9999.00
 00020  1022.68    16.77    61.03     4.01     3.87    21.36     0.00  9999.00  9999.00  9999.00
 00021   890.89    -4.04    68.53     1.75   204.19    41.81     0.00  9999.00  9999.00  9999.00
 00022  1032.72     6.45    10.40     2.02    94.98    26.99     0.00  9999.00  9999.00  9999.00
 00023   919.15    -0.87    63.37     1.80   281.64    38.42     0.00  9999.00  9999.00  9999.00
 00024   946.30   -10.46    96.70     5.82   122.96     9.48     0.08  9999.00  9999.00  9999.00
 00025   799.50    13.68    45.38     1.07    72.28    19.00     0.00  9999.00  9999.00  9999.00
 00026  1018.15    17.12    62.51     2.88    13.92    19.68     0.00  9999.00  9999.00  9999.00
 00027  1015.14    16.59    63.10     4.30   347.19    18.95     0.00  9999.00  9999.00  9999.00
 00028   984.78     9.74    91.00     2.76     6.68    10.96     0.05  9999.00  9999.00  9999.00
 00029  1012.01    16.07    92.31     2.59     8.62     0.60    30.08  9999.00  9999.00  9999.00
 00030  1002.44    18.69    65.68     1.94    13.66    22.00     0.02  9999.00  9999.00  9999.00
 00031   575.03     1.11     7.93     1.31   239.72    37.33     0.00  9999.00  9999.00  9999.00
 00032   983.07    16.31    91.79     1.31   315.28     3.76     0.49  9999.00  9999.00  9999.00
 00033  1012.97    19.98    85.86     8.11    34.56    20.77     0.54  9999.00  9999.00  9999.00
 00034  1013.04    26.25    85.55     4.41   144.45     9.66     1.23  9999.00  9999.00  9999.00
 00035  1011.73    22.17    88.12     5.05    12.62    12.65     0.12  9999.00  9999.00  9999.00
 00036   780.47     9.31    66.84     0.82   143.74    20.37    -0.00  9999.00  9999.00  9999.00
 00037   973.38    15.77    92.83     1.26   312.07     5.67     0.41  9999.00  9999.00  9999.00
 00038  1000.74    15.84    98.03     1.42   322.77     1.14    10.68  9999.00  9999.00  9999.00
 00039  1013.94    20.44    83.97     6.67    85.00     2.80     2.83  9999.00  9999.00  9999.00
 00040  1011.62    18.37    87.12     5.34    25.13     1.04    13.61  9999.00  9999.00  9999.00
 00041   977.87    15.15    56.94     2.30    17.92    19.77     0.00  9999.00  9999.00  9999.00
 00042  1021.34    15.60    59.88     2.81    17.71    20.96     0.00  9999.00  9999.00  9999.00
 00043  1011.38    17.31    65.97     2.37    18.83    19.92     0.00  9999.00  9999.00  9999.00
 00044   991.61    17.66    63.54     0.88    94.32    19.80     0.00  9999.00  9999.00  9999.00
 00045  1011.62    18.37    87.12     5.34    25.13     1.04    13.61  9999.00  9999.00  9999.00
 00046   947.25    12.50    98.69     1.78    44.32     2.97     2.49  9999.00  9999.00  9999.00
 00047  1008.56    17.46    81.45     3.23   341.65    19.03     0.25  9999.00  9999.00  9999.00
 00048   606.64     2.06     4.26     1.17   182.91    39.20     0.00  9999.00  9999.00  9999.00
 00049   577.94     0.03    14.19     0.85   258.72    29.54     0.00  9999.00  9999.00  9999.00
 00050  1006.41    18.27    90.27     3.04   333.01     2.13     1.89  9999.00  9999.00  9999.00
