stn_id       p       t2      rh2      spd      dir      vis    rain6   rain24   tmax24   tmin24 
 00001   959.99    25.10    95.71     1.08    77.99    26.33  9999.00  9999.00  9999.00  9999.00
 00002   982.28    25.21    96.08     1.22   155.59    26.57  9999.00  9999.00  9999.00  9999.00
 00003   894.22    21.79    97.18     0.77    65.25    23.42  9999.00  9999.00  9999.00  9999.00
 00004   829.18    15.98    99.54     0.99   130.14     0.37  9999.00  9999.00  9999.00  9999.00
 00005   862.56    19.70    86.93     1.01    49.97    26.95  9999.00  9999.00  9999.00  9999.00
 00006   873.02    16.41    65.45     1.33   108.07    27.26  9999.00  9999.00  9999.00  9999.00
 00007   992.52    22.97    93.80     5.17   189.85    24.61  9999.00  9999.00  9999.00  9999.00
 00008   976.30    22.02    99.15     3.89   230.88    12.70  9999.00  9999.00  9999.00  9999.00
 00009   943.72    13.65    69.59     1.70    96.35    38.03  9999.00  9999.00  9999.00  9999.00
 00010   958.68    13.81    99.74     4.30   105.83     0.55  9999.00  9999.00  9999.00  9999.00
 00011   984.85    18.27    85.80     5.77    84.39    24.58  9999.00  9999.00  9999.00  9999.00
 00012   996.82    26.09    98.04     0.70   177.68    23.39  9999.00  9999.00  9999.00  9999.00
 00013   998.68    23.90    95.85     2.45    56.18    24.69  9999.00  9999.00  9999.00  9999.00
 00014   993.99    24.52    95.50     2.95    12.73    18.59  9999.00  9999.00  9999.00  9999.00
 00015   983.05    26.15    84.31     3.86   181.84    22.04  9999.00  9999.00  9999.00  9999.00
 00016   941.71    25.44    88.07     1.47   163.83    25.91  9999.00  9999.00  9999.00  9999.00
 00017   983.45    26.79    87.89     1.68   148.01    25.21  9999.00  9999.00  9999.00  9999.00
 00018   997.11    24.19    96.62     2.29    80.99    24.59  9999.00  9999.00  9999.00  9999.00
 00019   925.56    22.79    91.23     1.41    23.58    27.54  9999.00  9999.00  9999.00  9999.00
 00020  1000.09    23.63    94.29     3.60    59.97    22.93  9999.00  9999.00  9999.00  9999.00
 00021   882.28    21.87    30.96     2.13   166.96    26.67  9999.00  9999.00  9999.00  9999.00
 00022   999.87    25.26    98.72     1.06   168.41    22.59  9999.00  9999.00  9999.00  9999.00
 00023   908.18    19.95    35.65     1.63   200.17    22.18  9999.00  9999.00  9999.00  9999.00
 00024   931.13    20.68    55.08     1.22   304.94    24.38  9999.00  9999.00  9999.00  9999.00
 00025   790.45    17.03    98.55     0.49   335.96     6.26  9999.00  9999.00  9999.00  9999.00
 00026   995.16    26.41    88.69     2.79   143.22    27.87  9999.00  9999.00  9999.00  9999.00
 00027   991.62    27.20    94.69     1.29   139.70    27.89  9999.00  9999.00  9999.00  9999.00
 00028   962.53    24.96    96.07     1.22   170.84    26.61  9999.00  9999.00  9999.00  9999.00
 00029   995.09    25.80    94.62     1.64   225.92    29.27  9999.00  9999.00  9999.00  9999.00
 00030   984.59    24.89    98.41     0.58   122.06    28.13  9999.00  9999.00  9999.00  9999.00
 00031   573.82     3.61    96.26     0.63   186.97     0.70  9999.00  9999.00  9999.00  9999.00
 00032   962.38    23.89    94.78     1.76   301.23    23.11  9999.00  9999.00  9999.00  9999.00
 00033   999.28    23.74    91.47     5.19   232.85    31.79  9999.00  9999.00  9999.00  9999.00
 00034  1004.20    28.63    84.13     9.76   230.34    34.74  9999.00  9999.00  9999.00  9999.00
 00035   998.96    25.79    85.73     2.17   218.43    31.63  9999.00  9999.00  9999.00  9999.00
 00036   771.96    15.91    97.75     0.57   134.01     8.32  9999.00  9999.00  9999.00  9999.00
 00037   953.30    23.73    94.81     1.71   299.53    24.45  9999.00  9999.00  9999.00  9999.00
 00038   980.75    26.35    86.85     1.99   275.53    27.43  9999.00  9999.00  9999.00  9999.00
 00039   992.63    25.98    96.43     2.72   276.67    26.42  9999.00  9999.00  9999.00  9999.00
 00040   992.32    27.17    90.34     5.02   249.31    28.05  9999.00  9999.00  9999.00  9999.00
 00041   957.90    22.01    98.90     1.07    19.56    20.27  9999.00  9999.00  9999.00  9999.00
 00042   998.23    24.75    94.53     2.42    70.74    25.82  9999.00  9999.00  9999.00  9999.00
 00043   989.16    25.70    95.47     1.18   341.09    28.48  9999.00  9999.00  9999.00  9999.00
 00044   971.32    23.51    96.67     1.19    94.21    25.93  9999.00  9999.00  9999.00  9999.00
 00045   992.32    27.17    90.34     5.02   249.31    28.05  9999.00  9999.00  9999.00  9999.00
 00046   930.57    22.52    95.83     1.15   291.45    27.11  9999.00  9999.00  9999.00  9999.00
 00047   985.19    25.67    84.14     5.48   327.20    16.63  9999.00  9999.00  9999.00  9999.00
 00048   603.92     8.92    91.86     0.96   181.04    20.30  9999.00  9999.00  9999.00  9999.00
 00049   577.34     4.43    98.95     0.51   180.31     1.79  9999.00  9999.00  9999.00  9999.00
 00050   985.07    25.84    98.17     2.12   300.05     4.84  9999.00  9999.00  9999.00  9999.00
