stn_id       p       t2      rh2      spd      dir      vis    rain6   rain24   tmax24   tmin24 
 00001   960.07    30.60    72.62     0.72   251.51    22.68     0.85  9999.00  9999.00  9999.00
 00002   979.76    32.49    73.13     1.10   222.19    25.92     1.02  9999.00  9999.00  9999.00
 00003   892.60    30.59    59.30     0.83   206.92    25.43     0.10  9999.00  9999.00  9999.00
 00004   828.73    23.76    74.39     1.89   311.34    24.14     1.47  9999.00  9999.00  9999.00
 00005   861.91    28.09    55.10     2.89   244.84    26.90     0.00  9999.00  9999.00  9999.00
 00006   870.65    31.29    31.30     4.14   304.91    27.13     0.01  9999.00  9999.00  9999.00
 00007   990.98    29.38    77.46     6.08   205.40    13.68     4.59  9999.00  9999.00  9999.00
 00008   976.13    26.23    79.24     1.76   136.47    18.47     0.58  9999.00  9999.00  9999.00
 00009   943.21    22.45    33.77     3.70    80.85    37.84     0.00  9999.00  9999.00  9999.00
 00010   956.95    24.41    86.98     1.93   154.75    11.95     2.52  9999.00  9999.00  9999.00
 00011   984.85    25.16    55.79     6.66    78.66    28.43     0.00  9999.00  9999.00  9999.00
 00012   995.62    29.91    79.18     2.46    13.77    23.87     3.33  9999.00  9999.00  9999.00
 00013   998.10    30.88    66.53     2.88    93.52    25.62     0.03  9999.00  9999.00  9999.00
 00014   994.00    29.45    75.83     5.15    47.12     6.94     1.43  9999.00  9999.00  9999.00
 00015   981.72    33.30    59.59     4.24   204.16    22.12     0.08  9999.00  9999.00  9999.00
 00016   941.30    34.39    52.71     0.56    19.75    25.92     0.02  9999.00  9999.00  9999.00
 00017   982.25    35.21    56.41     2.36   200.09    25.26     0.00  9999.00  9999.00  9999.00
 00018   996.72    32.08    64.94     2.23    96.39    25.75     0.00  9999.00  9999.00  9999.00
 00019   926.13    27.89    76.41     1.55    63.76    17.34     1.10  9999.00  9999.00  9999.00
 00020  1000.64    28.29    79.56     4.90    64.04    22.48     0.28  9999.00  9999.00  9999.00
 00021   882.33    31.97    20.65     2.98   324.95    26.63     0.00  9999.00  9999.00  9999.00
 00022   997.63    33.98    64.76     1.54   243.97    20.48     0.69  9999.00  9999.00  9999.00
 00023   908.08    32.49    13.24     3.94   292.51    22.10     0.01  9999.00  9999.00  9999.00
 00024   932.28    28.60    35.25     3.63   147.48    24.34     1.11  9999.00  9999.00  9999.00
 00025   790.44    21.30    85.17     1.58   256.92     5.48     6.12  9999.00  9999.00  9999.00
 00026   994.76    33.05    63.00     3.54    14.82    24.58     0.00  9999.00  9999.00  9999.00
 00027   991.37    33.89    63.09     1.91   344.57    27.89     0.43  9999.00  9999.00  9999.00
 00028   962.47    31.80    67.66     1.15     5.95    26.61     0.27  9999.00  9999.00  9999.00
 00029   993.82    33.06    69.61     1.51   220.34    26.83     0.24  9999.00  9999.00  9999.00
 00030   984.08    30.97    72.00     1.82    92.36    25.08     0.98  9999.00  9999.00  9999.00
 00031   574.16     9.17    72.23     1.80   169.05     5.79     5.80  9999.00  9999.00  9999.00
 00032   961.17    32.38    57.78     2.28   293.21    24.29     0.01  9999.00  9999.00  9999.00
 00033   999.17    22.92    96.08     5.81   252.26    22.06     0.31  9999.00  9999.00  9999.00
 00034  1005.10    28.51    87.33     8.75   225.35    34.79     0.00  9999.00  9999.00  9999.00
 00035   998.61    29.67    78.67     3.42   256.28     5.84     6.24  9999.00  9999.00  9999.00
 00036   771.80    22.19    73.96     1.82   199.61    23.95     0.47  9999.00  9999.00  9999.00
 00037   952.20    32.66    56.39     2.63   326.48    24.04     0.26  9999.00  9999.00  9999.00
 00038   979.12    36.06    48.28     2.11   317.45    27.40     0.00  9999.00  9999.00  9999.00
 00039   992.22    29.36    77.52     5.19   198.51    26.43     0.17  9999.00  9999.00  9999.00
 00040   991.14    32.75    65.66     3.86   253.05    27.14     0.06  9999.00  9999.00  9999.00
 00041   957.75    30.38    64.62     3.36    41.83    26.20     0.00  9999.00  9999.00  9999.00
 00042   997.89    30.50    68.23     3.55    72.44    26.20     0.12  9999.00  9999.00  9999.00
 00043   988.50    33.27    63.39     3.15    24.90    28.52     0.04  9999.00  9999.00  9999.00
 00044   970.69    30.87    65.14     2.25    53.16    26.20     0.15  9999.00  9999.00  9999.00
 00045   991.14    32.75    65.66     3.86   253.05    27.14     0.06  9999.00  9999.00  9999.00
 00046   929.48    30.79    62.27     3.41   322.69    27.02     0.84  9999.00  9999.00  9999.00
 00047   984.57    28.45    74.03     7.03    19.86    20.38     0.46  9999.00  9999.00  9999.00
 00048   603.76    14.83    58.91     1.99   186.48    27.36     0.70  9999.00  9999.00  9999.00
 00049   577.65    10.04    69.38     3.01   211.39    15.16     0.78  9999.00  9999.00  9999.00
 00050   984.37    32.60    63.23     3.52   196.73    25.90     0.01  9999.00  9999.00  9999.00
