stn_id       p       t2      rh2      spd      dir      vis    rain6   rain24   tmax24   tmin24 
 00001   960.65    26.09    91.99     0.20    47.78    24.83     1.52  9999.00  9999.00  9999.00
 00002   981.64    25.45    94.62     0.72   219.97    26.58     7.80  9999.00  9999.00  9999.00
 00003   893.71    22.11    95.70     0.71   267.08    25.43     6.38  9999.00  9999.00  9999.00
 00004   828.96    16.06    98.46     1.31   146.50     1.72     0.00  9999.00  9999.00  9999.00
 00005   862.31    20.61    83.90     0.95    54.41    26.94     0.00  9999.00  9999.00  9999.00
 00006   872.74    18.45    52.79     1.89   294.37    27.22     0.00  9999.00  9999.00  9999.00
 00007   991.85    23.25    93.21     5.47   188.66    14.16    10.89  9999.00  9999.00  9999.00
 00008   975.20    22.33    99.52     1.35   265.92     1.22    35.45  9999.00  9999.00  9999.00
 00009   943.73    14.32    66.44     1.92    98.99    38.00     0.00  9999.00  9999.00  9999.00
 00010   958.53    15.97    99.76     3.87   108.89     1.73     9.76  9999.00  9999.00  9999.00
 00011   984.69    18.58    83.82     5.17    81.28     6.31     3.73  9999.00  9999.00  9999.00
 00012   996.30    25.69    99.04     0.64   202.94    19.82     0.05  9999.00  9999.00  9999.00
 00013   997.95    23.79    97.53     1.97    76.45    25.52     0.00  9999.00  9999.00  9999.00
 00014   993.68    24.96    93.81     2.73   117.15    11.47     0.26  9999.00  9999.00  9999.00
 00015   982.25    27.09    79.72     3.87   181.24    22.04     0.00  9999.00  9999.00  9999.00
 00016   941.38    26.39    84.69     1.79   153.58    25.91     0.00  9999.00  9999.00  9999.00
 00017   982.92    27.98    81.88     2.43   176.90    25.22     0.00  9999.00  9999.00  9999.00
 00018   996.45    25.27    92.41     2.33    90.36    25.67     0.00  9999.00  9999.00  9999.00
 00019   926.32    23.35    92.64     0.86   296.82    27.38     0.70  9999.00  9999.00  9999.00
 00020   999.93    23.70    94.36     3.70    60.79    19.57     0.02  9999.00  9999.00  9999.00
 00021   882.61    22.88    30.98     2.29   213.89    26.67     0.00  9999.00  9999.00  9999.00
 00022   999.24    25.75    97.48     1.78   154.02    22.04     1.36  9999.00  9999.00  9999.00
 00023   908.43    22.72    29.36     1.61   212.83    22.16     0.00  9999.00  9999.00  9999.00
 00024   931.04    23.49    43.80     1.53   104.70    24.35     0.00  9999.00  9999.00  9999.00
 00025   790.92    17.19    98.06     0.56    43.02     4.07    12.23  9999.00  9999.00  9999.00
 00026   994.90    27.34    87.48     2.54   348.76    27.89     0.00  9999.00  9999.00  9999.00
 00027   991.51    27.68    92.87     1.44   307.16    27.90     0.00  9999.00  9999.00  9999.00
 00028   962.79    26.10    93.09     0.92   183.14    26.61     0.00  9999.00  9999.00  9999.00
 00029   995.19    26.61    91.03     2.28   226.27    29.28     0.01  9999.00  9999.00  9999.00
 00030   984.93    25.26    97.38     0.98   141.23    30.41     1.42  9999.00  9999.00  9999.00
 00031   574.07     6.21    87.85     1.65   221.87     1.00     5.50  9999.00  9999.00  9999.00
 00032   962.15    24.56    95.98     1.48   302.61    10.58     0.00  9999.00  9999.00  9999.00
 00033   999.53    23.50    91.78     5.03   225.91    31.46     0.00  9999.00  9999.00  9999.00
 00034  1004.12    28.82    83.84    10.51   221.84    34.74     0.00  9999.00  9999.00  9999.00
 00035   999.14    26.44    82.16     3.67   221.48    31.64     0.00  9999.00  9999.00  9999.00
 00036   772.60    16.80    97.70     0.45   170.23     7.14    10.49  9999.00  9999.00  9999.00
 00037   953.04    24.39    96.10     1.35   300.77    19.39     0.05  9999.00  9999.00  9999.00
 00038   980.39    26.69    91.81     1.71   278.65    27.46     0.00  9999.00  9999.00  9999.00
 00039   992.58    25.97    96.01     2.00   286.09    23.48     0.25  9999.00  9999.00  9999.00
 00040   991.96    27.31    90.30     5.52   250.40    28.05     0.05  9999.00  9999.00  9999.00
 00041   957.45    23.04    95.53     1.10   109.63    26.14     0.00  9999.00  9999.00  9999.00
 00042   997.51    24.95    94.51     2.38    73.27    26.04     0.00  9999.00  9999.00  9999.00
 00043   988.85    26.28    92.79     1.19   331.00    28.48     0.00  9999.00  9999.00  9999.00
 00044   970.65    24.37    93.49     1.41    38.06    26.38     0.00  9999.00  9999.00  9999.00
 00045   991.96    27.31    90.30     5.52   250.40    28.05     0.05  9999.00  9999.00  9999.00
 00046   930.24    23.31    94.32     1.16   286.73    27.12     0.00  9999.00  9999.00  9999.00
 00047   984.84    26.01    82.91     5.10   324.57    23.14     0.15  9999.00  9999.00  9999.00
 00048   604.29     9.40    88.80     0.84   219.09    16.69     1.31  9999.00  9999.00  9999.00
 00049   578.20     4.95    98.71     1.50   202.84     1.11     0.92  9999.00  9999.00  9999.00
 00050   985.01    25.95    98.98     1.65   306.40     5.89     0.27  9999.00  9999.00  9999.00
