stn_id       p       t2      rh2      spd      dir      vis    rain6   rain24   tmax24   tmin24 
 00001   973.66    11.63    76.66     1.89    82.54    23.79     0.00  9999.00  9999.00  9999.00
 00002   988.55    14.36    30.43     3.74   264.69    19.96     0.00  9999.00  9999.00  9999.00
 00003   899.26     1.88    69.10     1.62   276.33    18.52     0.00  9999.00  9999.00  9999.00
 00004   830.51     1.14    44.05     2.72   211.86    16.88     0.00  9999.00  9999.00  9999.00
 00005   864.90    -0.08    61.13     1.56   173.64    16.66     0.00  9999.00  9999.00  9999.00
 00006   875.19     2.05    41.21     1.25   206.69    16.52     0.04  9999.00  9999.00  9999.00
 00007   994.51     3.16    87.28     1.84   219.46    19.49     0.00  9999.00  9999.00  9999.00
 00008   975.89     6.50    94.19     4.39   309.63     3.16     5.73  9999.00  9999.00  9999.00
 00009   942.91    -4.27    92.37     1.51   203.77    36.57     0.00  9999.00  9999.00  9999.00
 00010   947.45     5.72    95.52     4.52   294.86    16.81     3.30  9999.00  9999.00  9999.00
 00011   981.06     5.63    94.15     4.10   329.28     8.26     0.78  9999.00  9999.00  9999.00
 00012  1004.17    11.18    34.78     2.49    30.46    18.54     0.00  9999.00  9999.00  9999.00
 00013  1011.54    10.30    66.33     2.42   263.07    23.22     0.00  9999.00  9999.00  9999.00
 00014  1008.89     8.36    87.08     1.73   253.62    24.06     0.00  9999.00  9999.00  9999.00
 00015   990.34    12.91    39.86     4.01   199.80    19.10     0.00  9999.00  9999.00  9999.00
 00016   953.92     7.51    73.73     1.27   166.40    20.25     0.00  9999.00  9999.00  9999.00
 00017   994.55    10.13    53.07     2.22   241.23    20.89     0.00  9999.00  9999.00  9999.00
 00018  1010.40    10.02    67.13     2.19   262.66    23.03     0.00  9999.00  9999.00  9999.00
 00019   937.67    14.51    66.35     1.12   256.87    24.95     0.00  9999.00  9999.00  9999.00
 00020  1013.89    10.26    73.47     2.28   284.41    21.78     0.00  9999.00  9999.00  9999.00
 00021   882.94    10.49    49.74     3.89   153.72    28.05     0.31  9999.00  9999.00  9999.00
 00022  1006.79    10.61    50.73     2.32   195.95    18.30     0.00  9999.00  9999.00  9999.00
 00023   908.57    12.58    52.04     3.06   216.99    25.68     0.00  9999.00  9999.00  9999.00
 00024   931.02    10.84    56.39     1.35   118.60    27.90     0.00  9999.00  9999.00  9999.00
 00025   797.01    10.71    66.46     1.46    98.60    25.51     0.05  9999.00  9999.00  9999.00
 00026  1011.04    10.44    73.60     2.72   198.67    24.73     0.00  9999.00  9999.00  9999.00
 00027  1007.44     9.42    83.59     2.21   131.78    24.36     0.00  9999.00  9999.00  9999.00
 00028   976.40    12.94    69.75     0.48   167.80    23.11     0.00  9999.00  9999.00  9999.00
 00029  1006.39    19.75    53.44     2.69     1.06    25.61     0.00  9999.00  9999.00  9999.00
 00030   997.46    16.64    71.46     2.04    36.94    29.14     0.00  9999.00  9999.00  9999.00
 00031   571.73    -2.45    60.07     2.39   209.57    25.65     0.00  9999.00  9999.00  9999.00
 00032   977.42    16.63    86.45     1.29    98.02    18.12     0.22  9999.00  9999.00  9999.00
 00033  1007.94    21.13    89.15     7.56    42.10    10.95     1.05  9999.00  9999.00  9999.00
 00034  1008.35    27.18    88.08     3.71    68.82    26.35     0.13  9999.00  9999.00  9999.00
 00035  1006.80    24.91    84.74     4.34    41.93    16.40     0.36  9999.00  9999.00  9999.00
 00036   777.57     9.91    58.93     0.77   195.44    24.00     0.00  9999.00  9999.00  9999.00
 00037   967.66    16.33    89.02     0.79   160.00    19.04     0.07  9999.00  9999.00  9999.00
 00038   994.11    19.93    78.46     0.98   143.75    24.57     0.00  9999.00  9999.00  9999.00
 00039  1008.20    21.44    76.11     9.68    42.48    23.91     0.21  9999.00  9999.00  9999.00
 00040  1004.88    22.90    72.54     4.45    33.07    25.05     0.04  9999.00  9999.00  9999.00
 00041   970.91     8.78    69.67     0.61   266.33    23.44     0.00  9999.00  9999.00  9999.00
 00042  1012.22     9.03    75.75     2.00   237.26    23.63     0.00  9999.00  9999.00  9999.00
 00043  1004.60    12.79    66.04     1.66    83.15    25.19     0.00  9999.00  9999.00  9999.00
 00044   985.49     9.86    84.35     0.55   177.74    23.68     0.00  9999.00  9999.00  9999.00
 00045  1004.88    22.90    72.54     4.45    33.07    25.05     0.04  9999.00  9999.00  9999.00
 00046   941.76    12.24    83.70     1.76    11.63    24.07     0.00  9999.00  9999.00  9999.00
 00047  1002.52    15.18    77.24     2.88   333.91    22.79     0.00  9999.00  9999.00  9999.00
 00048   603.02    -1.00    94.54     0.84   177.50    15.48     0.95  9999.00  9999.00  9999.00
 00049   575.91    -3.17    96.14     1.72   170.98     8.39     2.04  9999.00  9999.00  9999.00
 00050  1000.85    19.19    76.07     5.21    37.18    23.36     0.01  9999.00  9999.00  9999.00
