stn_id       p       t2      rh2      spd      dir      vis    rain6   rain24   tmax24   tmin24 
 00001   979.93    15.45    81.43     0.70   258.14    22.44    -0.01  9999.00  9999.00  9999.00
 00002   996.99    10.77    92.43     1.65   280.78    23.46     0.00  9999.00  9999.00  9999.00
 00003   906.41     5.01    87.58     0.59   300.05    22.23     0.00  9999.00  9999.00  9999.00
 00004   838.13     4.47    60.20     1.96   211.81    22.17     0.00  9999.00  9999.00  9999.00
 00005   872.99     1.78    66.61     2.06    39.51    24.56     0.00  9999.00  9999.00  9999.00
 00006   884.30     0.84    69.62     2.28   245.15    25.51     0.00  9999.00  9999.00  9999.00
 00007  1008.55    12.41    92.23     4.51   180.09    25.75     0.00  9999.00  9999.00  9999.00
 00008   991.15    11.46    85.30     5.22   205.60    27.76     0.01  9999.00  9999.00  9999.00
 00009   952.50    -7.09    68.81     3.11   303.52    36.41    -0.00  9999.00  9999.00  9999.00
 00010   973.20    -0.65    92.43     1.27   216.84    28.67     0.00  9999.00  9999.00  9999.00
 00011   997.22     9.78    79.61     3.81   200.40     5.88     0.15  9999.00  9999.00  9999.00
 00012  1013.11    10.79    96.46     1.77   348.87    19.68     0.00  9999.00  9999.00  9999.00
 00013  1016.95    13.82    89.95     2.01   126.23    20.70     0.00  9999.00  9999.00  9999.00
 00014  1013.97    14.49    89.68     1.07   202.00    20.57     0.00  9999.00  9999.00  9999.00
 00015   998.35    16.43    74.00     4.41   189.85    20.33     0.00  9999.00  9999.00  9999.00
 00016   959.29     9.38    96.05     1.44   186.31    21.06     0.00  9999.00  9999.00  9999.00
 00017  1000.18    13.22    86.52     1.96   213.81    20.39     0.00  9999.00  9999.00  9999.00
 00018  1015.32    14.03    92.57     1.94   118.74    20.26    -0.00  9999.00  9999.00  9999.00
 00019   943.81    15.34    89.56     0.58   229.53    23.99     0.10  9999.00  9999.00  9999.00
 00020  1020.55    13.79    90.98     2.49   130.52    20.32     0.00  9999.00  9999.00  9999.00
 00021   890.53     6.40    64.22     1.23   149.31    29.42     0.01  9999.00  9999.00  9999.00
 00022  1015.38    12.44    93.22     1.73    47.80    21.97     0.00  9999.00  9999.00  9999.00
 00023   917.18     7.72    92.52     1.88   223.66     3.61     3.74  9999.00  9999.00  9999.00
 00024   941.70     3.42    90.31     2.99   113.75    11.06     1.76  9999.00  9999.00  9999.00
 00025   800.72    12.40    95.70     1.65    95.97    21.65     0.10  9999.00  9999.00  9999.00
 00026  1014.56    16.42    91.54     1.97   342.09    20.50    -0.01  9999.00  9999.00  9999.00
 00027  1011.12    15.39    93.95     1.83   336.77    20.60     0.00  9999.00  9999.00  9999.00
 00028   980.70    16.18    84.87     0.47   128.75    20.23    -0.01  9999.00  9999.00  9999.00
 00029  1011.27    21.38    92.46     1.91    37.49    23.49     3.28  9999.00  9999.00  9999.00
 00030  1001.44    20.07    86.56     1.95   336.02    25.58     0.00  9999.00  9999.00  9999.00
 00031   575.07    -1.90    60.50     2.39   200.85    31.10     0.00  9999.00  9999.00  9999.00
 00032   983.39    13.83    94.06     1.61   337.44    19.68     0.00  9999.00  9999.00  9999.00
 00033  1011.98    22.86    94.50     3.47    38.44     7.68     0.64  9999.00  9999.00  9999.00
 00034  1012.02    27.39    85.20     5.70    59.02    27.66     0.15  9999.00  9999.00  9999.00
 00035  1010.99    23.47    95.97     2.53    14.94    10.22     0.32  9999.00  9999.00  9999.00
 00036   781.09     9.12    88.57     1.06    98.66    20.27     0.05  9999.00  9999.00  9999.00
 00037   973.72    13.26    96.02     1.15   261.62    19.59     0.00  9999.00  9999.00  9999.00
 00038  1000.63    18.55    87.14     1.00   332.57    22.22     1.47  9999.00  9999.00  9999.00
 00039  1013.99    21.19    78.04     7.89    12.34    21.67     0.13  9999.00  9999.00  9999.00
 00040  1011.69    20.82    72.75     5.02    20.56    23.05     0.04  9999.00  9999.00  9999.00
 00041   975.37    14.20    80.53     1.38   117.31    19.53     0.00  9999.00  9999.00  9999.00
 00042  1016.57    13.76    86.72     1.69   117.33    20.45    -0.01  9999.00  9999.00  9999.00
 00043  1008.26    17.05    94.64     1.13    84.10    20.90     0.00  9999.00  9999.00  9999.00
 00044   989.65    14.57    87.95     1.42    81.86    20.00     0.01  9999.00  9999.00  9999.00
 00045  1011.69    20.82    72.75     5.02    20.56    23.05     0.04  9999.00  9999.00  9999.00
 00046   946.78    16.45    99.11     0.30    71.89     3.72     0.07  9999.00  9999.00  9999.00
 00047  1008.34    16.03    90.19     2.70   330.80    20.29    -0.01  9999.00  9999.00  9999.00
 00048   607.77    -1.50    64.03     1.24   178.47    34.06     0.01  9999.00  9999.00  9999.00
 00049   580.06    -4.76    98.34     0.55    53.98     1.37     0.03  9999.00  9999.00  9999.00
 00050  1006.49    18.75    80.96     4.45    28.63    21.10     0.01  9999.00  9999.00  9999.00
