stn_id       p       t2      rh2      spd      dir      vis    rain6   rain24   tmax24   tmin24 
 00001   979.99    18.99    72.62     0.79   284.23    22.51  9999.00  9999.00  9999.00  9999.00
 00002   997.32    19.05    59.18     0.73    39.39    23.44  9999.00  9999.00  9999.00  9999.00
 00003   905.68    15.77    53.76     2.63   202.48    22.22  9999.00  9999.00  9999.00  9999.00
 00004   836.89    12.90    53.59     3.34   243.48    22.17  9999.00  9999.00  9999.00  9999.00
 00005   871.50    11.00    53.96     1.47   203.13    24.57  9999.00  9999.00  9999.00  9999.00
 00006   880.08    13.18    26.27     7.11   258.25    25.44  9999.00  9999.00  9999.00  9999.00
 00007  1008.32    16.67    50.59     5.47   187.19    25.93  9999.00  9999.00  9999.00  9999.00
 00008   991.54    14.98    43.50     5.91   201.42    28.41  9999.00  9999.00  9999.00  9999.00
 00009   944.60     2.71    50.51     3.93   289.82    36.06  9999.00  9999.00  9999.00  9999.00
 00010   973.52     9.43    47.18     0.81   114.41    28.61  9999.00  9999.00  9999.00  9999.00
 00011   999.06    11.57    44.48     5.16   177.74    30.61  9999.00  9999.00  9999.00  9999.00
 00012  1013.51    16.97    72.68     1.26    29.71    23.44  9999.00  9999.00  9999.00  9999.00
 00013  1017.13    20.97    61.34     2.70   138.96    20.77  9999.00  9999.00  9999.00  9999.00
 00014  1014.45    21.28    57.44     2.35   137.46    20.67  9999.00  9999.00  9999.00  9999.00
 00015   998.39    22.55    51.63     4.48   195.90    20.32  9999.00  9999.00  9999.00  9999.00
 00016   959.96    16.84    73.44     1.47   264.85    21.11  9999.00  9999.00  9999.00  9999.00
 00017  1000.51    22.79    52.27     1.59   247.80    20.43  9999.00  9999.00  9999.00  9999.00
 00018  1015.51    22.15    67.44     0.68   177.23    20.33  9999.00  9999.00  9999.00  9999.00
 00019   943.79    16.38    80.75     1.94   195.13    21.08  9999.00  9999.00  9999.00  9999.00
 00020  1020.72    21.92    55.69     3.23   139.02    20.37  9999.00  9999.00  9999.00  9999.00
 00021   890.95     8.17    58.48     2.32   164.83    29.23  9999.00  9999.00  9999.00  9999.00
 00022  1016.07    19.08    68.72     1.27   236.59    21.97  9999.00  9999.00  9999.00  9999.00
 00023   916.75     5.32    77.13     1.71   292.68     3.52  9999.00  9999.00  9999.00  9999.00
 00024   943.47     3.03    51.77     7.02   114.34    26.47  9999.00  9999.00  9999.00  9999.00
 00025   800.42    16.67    70.97     1.69   277.42    22.40  9999.00  9999.00  9999.00  9999.00
 00026  1014.88    22.05    79.78     1.14    23.04    20.57  9999.00  9999.00  9999.00  9999.00
 00027  1011.33    22.79    70.51     0.97   326.40    20.68  9999.00  9999.00  9999.00  9999.00
 00028   980.91    21.06    70.42     1.46    10.95    20.29  9999.00  9999.00  9999.00  9999.00
 00029  1011.60    23.50    83.30     1.83    53.23    18.36  9999.00  9999.00  9999.00  9999.00
 00030  1002.22    21.42    83.93     3.22   334.50    14.34  9999.00  9999.00  9999.00  9999.00
 00031   576.59     1.34    30.38     0.69   219.00    31.04  9999.00  9999.00  9999.00  9999.00
 00032   983.94    20.45    65.77     3.33    67.20    19.77  9999.00  9999.00  9999.00  9999.00
 00033  1012.82    22.52    98.10     1.95   101.26     1.19  9999.00  9999.00  9999.00  9999.00
 00034  1014.11    27.49    83.18     5.41    76.55    21.66  9999.00  9999.00  9999.00  9999.00
 00035  1011.94    27.83    81.69     2.89    93.70    15.03  9999.00  9999.00  9999.00  9999.00
 00036   781.86    11.73    74.62     1.12   320.87    22.88  9999.00  9999.00  9999.00  9999.00
 00037   974.12    20.83    63.16     2.53    76.86    19.67  9999.00  9999.00  9999.00  9999.00
 00038  1000.98    23.39    56.33     2.38    59.66    22.27  9999.00  9999.00  9999.00  9999.00
 00039  1014.69    23.19    66.07     9.75    39.61    21.75  9999.00  9999.00  9999.00  9999.00
 00040  1012.21    23.48    65.26     7.58    53.25    23.15  9999.00  9999.00  9999.00  9999.00
 00041   975.64    20.74    58.22     1.22   139.19    19.62  9999.00  9999.00  9999.00  9999.00
 00042  1016.84    22.86    53.76     1.34   126.55    20.54  9999.00  9999.00  9999.00  9999.00
 00043  1008.29    23.09    64.02     1.42    56.35    20.97  9999.00  9999.00  9999.00  9999.00
 00044   989.87    21.49    69.53     1.72    72.01    20.13  9999.00  9999.00  9999.00  9999.00
 00045  1012.21    23.48    65.26     7.58    53.25    23.15  9999.00  9999.00  9999.00  9999.00
 00046   946.96    20.09    78.63     0.95    65.21    19.86  9999.00  9999.00  9999.00  9999.00
 00047  1008.87    20.91    65.81     2.82    46.78    20.38  9999.00  9999.00  9999.00  9999.00
 00048   609.08     0.74    41.32     0.58    89.39    34.05  9999.00  9999.00  9999.00  9999.00
 00049   580.43    -0.62    59.41     0.92   215.29    27.79  9999.00  9999.00  9999.00  9999.00
 00050  1007.12    24.10    56.41     6.55    43.95    21.18  9999.00  9999.00  9999.00  9999.00
