stn_id       p       t2      rh2      spd      dir      vis    rain6   rain24   tmax24   tmin24 
 00001   971.42    14.46    73.88     0.42   174.04    17.42  9999.00  9999.00  9999.00  9999.00
 00002   985.86    16.10    46.40     1.32   152.36    21.80  9999.00  9999.00  9999.00  9999.00
 00003   895.52    10.93    52.74     1.15   199.45    20.06  9999.00  9999.00  9999.00  9999.00
 00004   828.47     6.13    46.61     4.69   320.94    20.19  9999.00  9999.00  9999.00  9999.00
 00005   865.70     1.95    41.80    10.21   350.58    23.27  9999.00  9999.00  9999.00  9999.00
 00006   878.34    -1.71    49.56     9.17   324.29    26.17  9999.00  9999.00  9999.00  9999.00
 00007   995.61    12.69    60.82     4.94   213.56    26.99  9999.00  9999.00  9999.00  9999.00
 00008   981.64     5.02    33.26     3.37   101.72    32.58  9999.00  9999.00  9999.00  9999.00
 00009   935.60    -6.24    58.16     2.59   308.43    51.41  9999.00  9999.00  9999.00  9999.00
 00010   963.83     3.41    35.12     2.27   116.66    33.61  9999.00  9999.00  9999.00  9999.00
 00011   992.18     1.81    12.77     2.49   139.52    38.69  9999.00  9999.00  9999.00  9999.00
 00012  1001.97    13.00    33.23     1.71    26.87    22.50  9999.00  9999.00  9999.00  9999.00
 00013  1012.80    15.94    36.89     4.61   198.91    18.31  9999.00  9999.00  9999.00  9999.00
 00014  1011.06    17.21    47.56     3.65   199.86    18.35  9999.00  9999.00  9999.00  9999.00
 00015   987.61    15.33    42.54     6.78   198.90    18.02  9999.00  9999.00  9999.00  9999.00
 00016   951.38    14.39    49.92     4.54   239.97    17.53  9999.00  9999.00  9999.00  9999.00
 00017   989.97    18.61    38.80     3.25   215.43    17.99  9999.00  9999.00  9999.00  9999.00
 00018  1010.36    15.89    38.13     6.70   188.93    18.09  9999.00  9999.00  9999.00  9999.00
 00019   935.90    11.11    77.57     1.10    97.33    17.87  9999.00  9999.00  9999.00  9999.00
 00020  1016.92    18.35    36.68     5.68   193.54    18.17  9999.00  9999.00  9999.00  9999.00
 00021   898.86     0.36    94.15     0.72   235.98    11.58  9999.00  9999.00  9999.00  9999.00
 00022  1004.52    14.66    37.26     1.85   260.47    20.33  9999.00  9999.00  9999.00  9999.00
 00023   925.99     1.15    84.74     1.25   115.33    33.60  9999.00  9999.00  9999.00  9999.00
 00024   955.43    -4.31    87.44     1.21    96.65    29.39  9999.00  9999.00  9999.00  9999.00
 00025   795.81    14.19    61.24     6.67   269.17    21.31  9999.00  9999.00  9999.00  9999.00
 00026  1012.99    15.42    53.76     3.40   207.96    18.72  9999.00  9999.00  9999.00  9999.00
 00027  1007.34    16.85    56.85     4.66   176.42    18.11  9999.00  9999.00  9999.00  9999.00
 00028   975.15    16.06    58.57     3.47   204.78    16.92  9999.00  9999.00  9999.00  9999.00
 00029  1011.51    21.22    49.74     0.84    92.82    20.24  9999.00  9999.00  9999.00  9999.00
 00030  1000.43    19.84    43.97     0.52   157.79    22.37  9999.00  9999.00  9999.00  9999.00
 00031   572.22    -2.73    40.09     1.39   206.25    29.81  9999.00  9999.00  9999.00  9999.00
 00032   981.87    18.81    58.43     1.90    70.49    17.07  9999.00  9999.00  9999.00  9999.00
 00033  1013.40    20.06    82.86     2.10   230.36    21.03  9999.00  9999.00  9999.00  9999.00
 00034  1013.53    25.66    84.98     6.11    55.06    13.74  9999.00  9999.00  9999.00  9999.00
 00035  1012.07    26.70    59.08     3.19    47.77    12.81  9999.00  9999.00  9999.00  9999.00
 00036   775.68    11.17    62.81     1.83   220.82    20.57  9999.00  9999.00  9999.00  9999.00
 00037   972.05    18.63    58.49     1.63    90.06    17.02  9999.00  9999.00  9999.00  9999.00
 00038   999.86    21.68    47.81     1.50    80.34    19.26  9999.00  9999.00  9999.00  9999.00
 00039  1013.44    21.00    62.19     6.92    36.81    18.69  9999.00  9999.00  9999.00  9999.00
 00040  1011.37    22.06    52.90     4.49    56.68    19.85  9999.00  9999.00  9999.00  9999.00
 00041   972.00    14.46    49.50     3.34   189.64    17.61  9999.00  9999.00  9999.00  9999.00
 00042  1013.19    16.32    42.52     3.22   202.56    18.26  9999.00  9999.00  9999.00  9999.00
 00043  1006.58    15.66    57.56     2.84   204.00    19.11  9999.00  9999.00  9999.00  9999.00
 00044   987.65    16.04    54.62     0.69   121.97    17.92  9999.00  9999.00  9999.00  9999.00
 00045  1011.37    22.06    52.90     4.49    56.68    19.85  9999.00  9999.00  9999.00  9999.00
 00046   945.11    17.81    45.27     1.48   181.73    18.47  9999.00  9999.00  9999.00  9999.00
 00047  1006.86    18.11    57.92     1.16    89.50    17.83  9999.00  9999.00  9999.00  9999.00
 00048   604.76    -2.01    46.83     1.28   180.56    32.96  9999.00  9999.00  9999.00  9999.00
 00049   576.41    -6.00    57.62     1.08   184.90    27.12  9999.00  9999.00  9999.00  9999.00
 00050  1005.57    22.12    49.73     4.41    45.18    18.23  9999.00  9999.00  9999.00  9999.00
