stn_id       p       t2      rh2      spd      dir      vis    rain6   rain24   tmax24   tmin24 
 00001   977.73     4.37    95.98     1.72    74.13    21.88  9999.00  9999.00  9999.00  9999.00
 00002   990.06    -1.58    62.77     1.81   299.10    25.31  9999.00  9999.00  9999.00  9999.00
 00003   897.21    -3.06    50.23     2.61   246.95    23.84  9999.00  9999.00  9999.00  9999.00
 00004   827.06    -2.05    38.73     4.20   246.80    23.71  9999.00  9999.00  9999.00  9999.00
 00005   860.36    -5.74    53.50     1.94   193.08    26.01  9999.00  9999.00  9999.00  9999.00
 00006   867.31    -3.49    53.56     5.91   227.24    27.61  9999.00  9999.00  9999.00  9999.00
 00007  1001.22    -5.43    44.69     2.23   168.35    32.66  9999.00  9999.00  9999.00  9999.00
 00008   984.72   -14.17    81.98     2.70   255.75    37.23  9999.00  9999.00  9999.00  9999.00
 00009   932.13   -31.17    96.54     2.56   266.72    48.19  9999.00  9999.00  9999.00  9999.00
 00010   959.84   -11.21    60.11     2.62   268.44    37.13  9999.00  9999.00  9999.00  9999.00
 00011   990.18   -19.30    89.71     4.13   247.57    41.12  9999.00  9999.00  9999.00  9999.00
 00012  1007.02    -4.20    72.40     1.00    21.84    26.46  9999.00  9999.00  9999.00  9999.00
 00013  1016.28     2.39    73.51     2.64   222.89    20.77  9999.00  9999.00  9999.00  9999.00
 00014  1014.17     0.74    85.02     1.92   237.50    20.20  9999.00  9999.00  9999.00  9999.00
 00015   992.88     2.53    51.71     4.52   181.89    22.19  9999.00  9999.00  9999.00  9999.00
 00016   954.92    -0.68    81.21     2.02   180.48    22.33  9999.00  9999.00  9999.00  9999.00
 00017   995.06     1.77    70.32     2.25   231.84    21.30  9999.00  9999.00  9999.00  9999.00
 00018  1014.52     3.73    69.28     3.29   188.39    20.19  9999.00  9999.00  9999.00  9999.00
 00019   941.44     5.89    86.49     1.55   110.12    25.84  9999.00  9999.00  9999.00  9999.00
 00020  1019.63     2.09    79.51     2.03   277.87    20.76  9999.00  9999.00  9999.00  9999.00
 00021   884.80    -2.29    66.95     3.11   157.31    37.56  9999.00  9999.00  9999.00  9999.00
 00022  1010.21    -2.33    71.74     2.21   208.12    24.91  9999.00  9999.00  9999.00  9999.00
 00023   915.55     0.36    94.04     6.97   274.53     8.42  9999.00  9999.00  9999.00  9999.00
 00024   936.77    -4.59    90.39     2.01   144.03     9.76  9999.00  9999.00  9999.00  9999.00
 00025   799.77     7.60    78.53     0.41    27.13    19.13  9999.00  9999.00  9999.00  9999.00
 00026  1016.88     2.88    87.75     2.01   195.26    19.22  9999.00  9999.00  9999.00  9999.00
 00027  1012.51     4.85    79.02     2.53   175.36    19.21  9999.00  9999.00  9999.00  9999.00
 00028   981.56     5.09    93.49     2.04   181.55    18.76  9999.00  9999.00  9999.00  9999.00
 00029  1013.48    12.05    77.63     2.99     1.37    20.86  9999.00  9999.00  9999.00  9999.00
 00030  1004.14    12.44    86.87     2.12   329.60    22.21  9999.00  9999.00  9999.00  9999.00
 00031   573.50    -9.09    49.82     1.94   229.49    31.04  9999.00  9999.00  9999.00  9999.00
 00032   983.40     6.42    98.14     2.50   303.03     4.51  9999.00  9999.00  9999.00  9999.00
 00033  1014.89    18.04    78.46     6.12    11.50    23.49  9999.00  9999.00  9999.00  9999.00
 00034  1013.37    26.40    82.79     9.48    32.43    14.94  9999.00  9999.00  9999.00  9999.00
 00035  1013.67    20.43    69.94     4.11    21.07    23.61  9999.00  9999.00  9999.00  9999.00
 00036   779.94     2.41    86.08     1.60   122.92    21.01  9999.00  9999.00  9999.00  9999.00
 00037   973.63     6.19    99.10     2.15   304.04     2.06  9999.00  9999.00  9999.00  9999.00
 00038  1001.04     7.75    90.86     1.78   312.24    20.02  9999.00  9999.00  9999.00  9999.00
 00039  1014.72    14.40    79.17     5.97   258.64    19.67  9999.00  9999.00  9999.00  9999.00
 00040  1011.66    13.71    66.70     4.05   356.92    20.71  9999.00  9999.00  9999.00  9999.00
 00041   975.05     1.21    73.33     1.73   213.76    18.91  9999.00  9999.00  9999.00  9999.00
 00042  1016.88     2.77    68.65     2.38   207.91    20.23  9999.00  9999.00  9999.00  9999.00
 00043  1010.35     3.46    89.81     1.89   167.66    19.37  9999.00  9999.00  9999.00  9999.00
 00044   991.16     2.13    94.46     1.40   217.66    18.20  9999.00  9999.00  9999.00  9999.00
 00045  1011.66    13.71    66.70     4.05   356.92    20.71  9999.00  9999.00  9999.00  9999.00
 00046   947.67     3.07    94.44     1.64    62.44     9.13  9999.00  9999.00  9999.00  9999.00
 00047  1008.34     8.30    85.08     2.94   325.88    19.22  9999.00  9999.00  9999.00  9999.00
 00048   606.04   -10.40    57.78     1.42   128.57    36.08  9999.00  9999.00  9999.00  9999.00
 00049   576.79   -13.27    97.27     0.80   106.66     2.39  9999.00  9999.00  9999.00  9999.00
 00050  1007.07     7.00    92.16     3.20   334.69    19.17  9999.00  9999.00  9999.00  9999.00
