stn_id       p       t2      rh2      spd      dir      vis    rain6   rain24   tmax24   tmin24 
 00001   986.10     6.89    99.49     1.41   203.42    12.03     0.00  9999.00  9999.00  9999.00
 00002  1000.86     2.65    37.84     3.91   262.28    25.46     0.00  9999.00  9999.00  9999.00
 00003   906.91    -4.94    52.13     2.30   240.85    23.97     0.00  9999.00  9999.00  9999.00
 00004   834.32   -10.20    74.76     3.05   256.36    23.80     0.00  9999.00  9999.00  9999.00
 00005   869.55   -11.10    66.47     0.86   232.74    26.11     0.00  9999.00  9999.00  9999.00
 00006   878.66   -11.39    52.02     4.72   234.58    27.71     0.00  9999.00  9999.00  9999.00
 00007  1002.29    -1.40    82.75     3.45   335.23    32.42     0.00  9999.00  9999.00  9999.00
 00008   983.99    -6.07    83.74     3.93   288.15    36.89     0.00  9999.00  9999.00  9999.00
 00009   929.13   -16.22    84.58     4.07   337.03    28.09     0.61  9999.00  9999.00  9999.00
 00010   959.06    -1.35    83.02     0.98   222.51    22.16     0.08  9999.00  9999.00  9999.00
 00011   988.95    -7.84    81.60     4.79   290.93    40.75     0.00  9999.00  9999.00  9999.00
 00012  1016.32    -0.65    36.53     2.94   323.20    26.50     0.00  9999.00  9999.00  9999.00
 00013  1015.49    10.30    80.35     4.35   270.70    20.71     0.00  9999.00  9999.00  9999.00
 00014  1013.01     5.41    93.79     3.00   226.70     3.38     0.00  9999.00  9999.00  9999.00
 00015  1000.53     0.46    66.88     2.19   344.15    22.24     0.00  9999.00  9999.00  9999.00
 00016   967.23    -0.10    59.81     1.47   190.37    22.44     0.00  9999.00  9999.00  9999.00
 00017  1005.94     6.20    35.90     5.06   291.03    21.38     0.00  9999.00  9999.00  9999.00
 00018  1016.12    11.02    54.47     5.86   294.65    20.15     0.00  9999.00  9999.00  9999.00
 00019   949.27     7.00    81.35     1.00   292.85    24.73     0.00  9999.00  9999.00  9999.00
 00020  1017.17     9.23    83.16     4.50   228.45    20.66     0.00  9999.00  9999.00  9999.00
 00021   890.79    -5.59    70.89     3.31   155.20    37.64     0.00  9999.00  9999.00  9999.00
 00022  1019.06     1.26    31.51     4.31   335.52    24.96     0.00  9999.00  9999.00  9999.00
 00023   915.33    -3.41    71.52     1.09   161.79    32.70     0.00  9999.00  9999.00  9999.00
 00024   945.16    -6.37    75.32     5.49   117.68    33.51     0.00  9999.00  9999.00  9999.00
 00025   801.38     7.39    83.50     3.96    82.72    16.03     0.87  9999.00  9999.00  9999.00
 00026  1018.02     7.81    97.83     1.63   221.09     0.56     0.00  9999.00  9999.00  9999.00
 00027  1015.83    11.43    88.89     3.15   324.81    19.27     0.00  9999.00  9999.00  9999.00
 00028   985.11    10.58    95.44     1.40    36.38    18.82     0.00  9999.00  9999.00  9999.00
 00029  1013.30    16.62    85.13     3.46   330.41    14.08     0.54  9999.00  9999.00  9999.00
 00030  1004.63    16.32    84.48     4.15   330.56    22.22     0.86  9999.00  9999.00  9999.00
 00031   573.22    -9.25    76.53     0.94   195.57    32.65     0.01  9999.00  9999.00  9999.00
 00032   982.67    11.01    85.39     1.95   314.28    17.95     0.00  9999.00  9999.00  9999.00
 00033  1013.96    22.10    95.68     1.70    23.34     0.32     0.34  9999.00  9999.00  9999.00
 00034  1014.36    27.07    82.89     8.14    44.24    24.62     0.26  9999.00  9999.00  9999.00
 00035  1013.17    23.15    90.98     1.76    15.67    15.41     0.01  9999.00  9999.00  9999.00
 00036   783.70     4.46    94.61     1.22    43.89    19.75     1.42  9999.00  9999.00  9999.00
 00037   972.90    10.95    88.58     1.48   319.32    17.59     0.00  9999.00  9999.00  9999.00
 00038  1000.43    17.67    85.26     0.74   329.89    19.13     0.05  9999.00  9999.00  9999.00
 00039  1014.16    19.22    69.47     5.60    82.95    19.64     0.00  9999.00  9999.00  9999.00
 00040  1011.75    19.53    70.77     3.83    20.39    20.72     0.03  9999.00  9999.00  9999.00
 00041   975.92     5.29    96.81     0.96   253.53     0.61     0.03  9999.00  9999.00  9999.00
 00042  1017.15    10.28    81.17     4.41   257.15    20.19     0.00  9999.00  9999.00  9999.00
 00043  1011.74     8.34    98.29     0.69   227.52     5.65     0.00  9999.00  9999.00  9999.00
 00044   991.68     6.56    96.01     1.20   207.35     4.13     0.00  9999.00  9999.00  9999.00
 00045  1011.75    19.53    70.77     3.83    20.39    20.72     0.03  9999.00  9999.00  9999.00
 00046   947.46    11.56    88.50     1.41   349.07    16.47     0.30  9999.00  9999.00  9999.00
 00047  1007.45    10.48    89.79     3.25   306.61     7.58     0.01  9999.00  9999.00  9999.00
 00048   607.24   -10.17    54.89     1.42   136.42    36.08     0.02  9999.00  9999.00  9999.00
 00049   577.12    -7.24    84.27     0.32    82.89    26.89     0.26  9999.00  9999.00  9999.00
 00050  1006.47    16.08    71.83     2.74   316.93    19.14     0.00  9999.00  9999.00  9999.00
