stn_id       p       t2      rh2      spd      dir      vis    rain6   rain24   tmax24   tmin24 
 00001   983.21     9.44    82.59     1.09   201.95    17.71     0.12  9999.00  9999.00  9999.00
 00002  1010.73     4.37    59.01     1.29   229.23    25.10     0.00  9999.00  9999.00  9999.00
 00003   912.68     0.14    61.30     1.85    68.04    23.44     0.00  9999.00  9999.00  9999.00
 00004   841.65    -3.90    55.98     1.92    77.59    24.22     0.00  9999.00  9999.00  9999.00
 00005   879.94    -4.31    51.77     2.77    16.29    28.16     0.00  9999.00  9999.00  9999.00
 00006   892.68    -6.02    40.35     2.71    10.51    31.26     0.00  9999.00  9999.00  9999.00
 00007  1020.41    -3.46    38.27     3.03   346.35    30.17     0.00  9999.00  9999.00  9999.00
 00008  1002.28    -7.41    71.32     2.30   295.06    36.78     0.01  9999.00  9999.00  9999.00
 00009   960.86   -16.71    83.35     3.37   307.39    57.88     0.00  9999.00  9999.00  9999.00
 00010   974.32    -4.51    67.48     3.55   291.31    32.48     0.07  9999.00  9999.00  9999.00
 00011  1008.43    -8.51    65.63     2.15   306.76    43.92     0.01  9999.00  9999.00  9999.00
 00012  1027.27     1.25    50.78     2.09   274.68    25.97     0.00  9999.00  9999.00  9999.00
 00013  1022.80     7.11    91.55     3.77    20.23     2.33     7.38  9999.00  9999.00  9999.00
 00014  1017.69    11.78    91.03     2.93     9.00     5.04     0.76  9999.00  9999.00  9999.00
 00015  1009.82     1.36    90.23     2.37    40.00    19.99     0.00  9999.00  9999.00  9999.00
 00016   967.78     4.89    87.36     0.90   209.83    16.56     0.30  9999.00  9999.00  9999.00
 00017  1011.04     6.62    73.87     1.61    77.07    18.77     0.00  9999.00  9999.00  9999.00
 00018  1022.35     6.46    91.57     3.00    18.08     2.10     7.50  9999.00  9999.00  9999.00
 00019   946.45     8.41    80.25     0.91   325.66     8.02     1.36  9999.00  9999.00  9999.00
 00020  1023.97    11.11    88.27     3.22    43.72     2.48     1.34  9999.00  9999.00  9999.00
 00021   899.40    -5.16    78.63     1.74   138.35    41.58     0.08  9999.00  9999.00  9999.00
 00022  1029.51     2.18    47.62     2.98    49.66    23.47     0.00  9999.00  9999.00  9999.00
 00023   922.94    -0.23    63.50     3.00   134.67    38.13     0.00  9999.00  9999.00  9999.00
 00024   954.14    -6.02    95.06     6.35   124.78    10.85     0.01  9999.00  9999.00  9999.00
 00025   795.07    13.80    53.34     2.02   194.16    20.34     0.00  9999.00  9999.00  9999.00
 00026  1019.17     9.55    79.24     4.59   353.12    16.98     0.01  9999.00  9999.00  9999.00
 00027  1017.18     6.63    90.47     4.51   345.07     7.95     0.60  9999.00  9999.00  9999.00
 00028   985.23     5.64    91.80     2.66    10.66    12.25     0.57  9999.00  9999.00  9999.00
 00029  1010.90    18.21    71.42     3.08   322.33    20.06     0.00  9999.00  9999.00  9999.00
 00030   999.81    20.23    74.28     2.83    52.77    21.79     0.00  9999.00  9999.00  9999.00
 00031   569.20    -3.87    15.32     3.03   224.98    31.10     0.00  9999.00  9999.00  9999.00
 00032   982.89    14.40    88.36     2.09    44.43    16.95     0.00  9999.00  9999.00  9999.00
 00033  1011.94    21.14    77.90     5.91    74.76    21.69     0.00  9999.00  9999.00  9999.00
 00034  1012.65    26.83    72.23     9.13    38.72    22.92     0.03  9999.00  9999.00  9999.00
 00035  1011.29    23.20    70.96     2.59    33.88    21.57     0.00  9999.00  9999.00  9999.00
 00036   774.00    11.73    57.99     1.43    81.90    20.56     0.14  9999.00  9999.00  9999.00
 00037   973.11    13.98    89.14     1.52    60.24    17.04     0.00  9999.00  9999.00  9999.00
 00038   998.81    19.88    72.55     2.43    88.90    19.09     0.00  9999.00  9999.00  9999.00
 00039  1013.29    20.81    75.95    10.81    27.86    18.59     0.06  9999.00  9999.00  9999.00
 00040  1010.09    22.39    71.46     6.85    62.83    19.72     0.00  9999.00  9999.00  9999.00
 00041   978.25     7.68    98.04     2.08    18.71     3.08     2.14  9999.00  9999.00  9999.00
 00042  1022.53     7.78    93.15     2.74    28.51     2.09     5.54  9999.00  9999.00  9999.00
 00043  1012.24    10.59    77.43     3.73    19.34    18.31     0.00  9999.00  9999.00  9999.00
 00044   991.05    13.49    80.49     1.33   120.29    17.55     0.00  9999.00  9999.00  9999.00
 00045  1010.09    22.39    71.46     6.85    62.83    19.72     0.00  9999.00  9999.00  9999.00
 00046   946.26    12.80    86.52     1.73   340.54    18.11     0.00  9999.00  9999.00  9999.00
 00047  1008.86    16.90    75.71     5.76    40.26    17.78     0.02  9999.00  9999.00  9999.00
 00048   600.41     2.80     8.47     0.66   226.73    33.92     0.00  9999.00  9999.00  9999.00
 00049   574.33    -7.23    90.06     1.95   201.34    24.63     0.04  9999.00  9999.00  9999.00
 00050  1005.97    18.59    76.79     5.47    22.19    18.21     0.00  9999.00  9999.00  9999.00
