stn_id       p       t2      rh2      spd      dir      vis    rain6   rain24   tmax24   tmin24 
 00001   964.29    24.06    91.39     2.01   329.35     1.50    11.56  9999.00  9999.00  9999.00
 00002   985.18    37.83    12.25     1.30    22.68    23.70     0.00  9999.00  9999.00  9999.00
 00003   897.88    31.45    16.69     1.01   161.46    22.84     0.00  9999.00  9999.00  9999.00
 00004   832.88    25.43    26.49     0.99   309.10    21.17     0.00  9999.00  9999.00  9999.00
 00005   866.11    28.97    17.79     2.65   210.88    20.62     0.00  9999.00  9999.00  9999.00
 00006   876.38    28.75    14.78     0.56    30.12    19.71     0.00  9999.00  9999.00  9999.00
 00007   990.63    22.78    69.10     3.78    20.37    21.76     0.84  9999.00  9999.00  9999.00
 00008   976.34    20.48    79.44     2.08    48.85     5.05     1.54  9999.00  9999.00  9999.00
 00009   940.68    18.85    34.95     3.41   317.50    36.47     0.03  9999.00  9999.00  9999.00
 00010   958.34    13.81    97.94     2.89   100.24     2.18     4.69  9999.00  9999.00  9999.00
 00011   984.03    23.54    64.19     2.08   141.20    24.65     0.10  9999.00  9999.00  9999.00
 00012   998.99    37.35    15.28     1.94   315.34    21.35     0.00  9999.00  9999.00  9999.00
 00013  1001.25    30.99    56.87     2.68   329.41    27.03     0.40  9999.00  9999.00  9999.00
 00014   998.32    30.38    58.05     1.50    43.71    27.29     0.01  9999.00  9999.00  9999.00
 00015   985.18    35.45    15.57     4.16   347.76    22.27     0.00  9999.00  9999.00  9999.00
 00016   946.56    31.45    54.84     0.80   149.71    24.72     0.39  9999.00  9999.00  9999.00
 00017   987.92    33.94    36.88     1.57   138.38    25.28     0.00  9999.00  9999.00  9999.00
 00018  1000.39    31.54    53.50     1.16    29.70    27.02     0.15  9999.00  9999.00  9999.00
 00019   930.17    29.55    42.53     3.49    83.77    27.51     0.00  9999.00  9999.00  9999.00
 00020  1002.90    31.01    55.36     4.03   340.38    24.85     0.00  9999.00  9999.00  9999.00
 00021   884.47    27.39    31.82     4.78    20.54    25.43     0.08  9999.00  9999.00  9999.00
 00022  1001.72    37.29    12.80     4.34   335.30    20.99     0.00  9999.00  9999.00  9999.00
 00023   909.81    27.38    31.96     0.62    70.55    23.43     0.01  9999.00  9999.00  9999.00
 00024   933.70    28.62    30.46     3.17   288.68    25.14     0.01  9999.00  9999.00  9999.00
 00025   791.65    23.57    66.68     4.17   233.93    25.87     0.48  9999.00  9999.00  9999.00
 00026   999.83    28.93    75.21     1.57    82.95    14.54     1.22  9999.00  9999.00  9999.00
 00027   996.03    27.72    83.14     2.22   152.98     9.06     2.24  9999.00  9999.00  9999.00
 00028   965.95    26.76    82.22     1.80   172.60    23.52     2.65  9999.00  9999.00  9999.00
 00029   999.20    32.22    64.55     3.41   199.52    28.16     0.60  9999.00  9999.00  9999.00
 00030   987.16    32.48    65.84     3.67   182.24    32.02     0.42  9999.00  9999.00  9999.00
 00031   574.77    13.74    33.04     1.89   342.12    22.31     0.98  9999.00  9999.00  9999.00
 00032   970.21    27.47    85.73     1.13   267.27     7.16     6.37  9999.00  9999.00  9999.00
 00033  1002.50    24.92    94.49     1.96   133.79     1.48     0.00  9999.00  9999.00  9999.00
 00034  1007.11    28.49    86.16     5.37   197.89    33.43     0.03  9999.00  9999.00  9999.00
 00035  1002.14    31.46    69.44     4.78   181.04    21.17     0.86  9999.00  9999.00  9999.00
 00036   773.31    18.16    72.09     1.63   317.88    22.84     0.45  9999.00  9999.00  9999.00
 00037   960.80    27.89    83.27     1.20   266.81     9.75     3.77  9999.00  9999.00  9999.00
 00038   987.51    31.93    65.78     2.87   249.90    25.40     0.37  9999.00  9999.00  9999.00
 00039  1000.63    28.00    82.79     7.69   199.99    19.86     0.13  9999.00  9999.00  9999.00
 00040   999.35    29.90    75.45     5.94   215.35    25.30     0.12  9999.00  9999.00  9999.00
 00041   961.46    30.10    51.60     2.16    28.26    26.94     0.17  9999.00  9999.00  9999.00
 00042  1001.33    31.45    55.04     1.71   216.45    27.33     0.00  9999.00  9999.00  9999.00
 00043   993.94    27.35    85.80     1.07   283.79     8.56     2.91  9999.00  9999.00  9999.00
 00044   975.90    25.81    88.16     0.80   263.06     3.59    11.05  9999.00  9999.00  9999.00
 00045   999.35    29.90    75.45     5.94   215.35    25.30     0.12  9999.00  9999.00  9999.00
 00046   935.72    27.24    78.22     2.95   239.71     7.39     3.56  9999.00  9999.00  9999.00
 00047   993.09    24.22    98.54     1.61   124.15     1.69    11.48  9999.00  9999.00  9999.00
 00048   605.57    10.57    69.79     1.13   304.97    11.75     1.08  9999.00  9999.00  9999.00
 00049   578.30     7.79    73.71     3.00   203.60    17.94     0.47  9999.00  9999.00  9999.00
 00050   992.61    31.78    67.93     4.77   204.66    22.88     0.20  9999.00  9999.00  9999.00
