stn_id       p       t2      rh2      spd      dir      vis    rain6   rain24   tmax24   tmin24 
 00001   963.27    20.47    83.63     2.96   260.05     4.16  9999.00  9999.00  9999.00  9999.00
 00002   977.66    24.52    79.55     5.00   331.94     8.57  9999.00  9999.00  9999.00  9999.00
 00003   892.01    15.51    78.23     1.26   287.38    24.44  9999.00  9999.00  9999.00  9999.00
 00004   826.98     9.70    93.09     1.68   260.67    22.91  9999.00  9999.00  9999.00  9999.00
 00005   860.32    10.88    99.81     1.70   194.99     2.98  9999.00  9999.00  9999.00  9999.00
 00006   868.57    12.19    85.61     3.08   213.19    21.94  9999.00  9999.00  9999.00  9999.00
 00007   989.75    22.04    90.25     1.78   122.92    23.46  9999.00  9999.00  9999.00  9999.00
 00008   975.53    21.90    84.04     3.55   210.72    24.38  9999.00  9999.00  9999.00  9999.00
 00009   939.80    14.96    94.65     2.08   118.32    35.03  9999.00  9999.00  9999.00  9999.00
 00010   958.63    16.41    95.71     1.56    89.37     8.73  9999.00  9999.00  9999.00  9999.00
 00011   983.26    21.04    88.10     3.71    95.45    25.66  9999.00  9999.00  9999.00  9999.00
 00012   992.71    22.11    92.27     2.62    62.18     0.89  9999.00  9999.00  9999.00  9999.00
 00013   994.98    28.54    76.89     5.32   221.93    28.05  9999.00  9999.00  9999.00  9999.00
 00014   994.60    26.47    86.67     2.27   205.47    28.63  9999.00  9999.00  9999.00  9999.00
 00015   972.92    23.68    98.18     5.91   288.38     6.16  9999.00  9999.00  9999.00  9999.00
 00016   946.58    16.29    71.64     1.64   197.06    25.57  9999.00  9999.00  9999.00  9999.00
 00017   979.11    24.64    61.01     6.95   283.56    26.05  9999.00  9999.00  9999.00  9999.00
 00018   993.20    27.38    84.58     6.05   201.94    25.53  9999.00  9999.00  9999.00  9999.00
 00019   929.43    22.08    84.88     2.50   248.02    26.92  9999.00  9999.00  9999.00  9999.00
 00020   999.39    26.86    88.47     3.31   207.60    26.21  9999.00  9999.00  9999.00  9999.00
 00021   883.99    17.34    34.52     2.38   151.77    25.13  9999.00  9999.00  9999.00  9999.00
 00022   993.90    22.84    82.20     4.32    26.90    20.52  9999.00  9999.00  9999.00  9999.00
 00023   909.33    18.22    30.52     2.22   204.11    21.88  9999.00  9999.00  9999.00  9999.00
 00024   932.83    19.27    32.70     1.71   285.62    23.71  9999.00  9999.00  9999.00  9999.00
 00025   791.61    17.11    97.85     1.34   189.01    24.87  9999.00  9999.00  9999.00  9999.00
 00026   997.68    27.26    80.27     4.73   204.30    29.15  9999.00  9999.00  9999.00  9999.00
 00027   993.36    27.83    77.33     5.02   194.71    28.72  9999.00  9999.00  9999.00  9999.00
 00028   963.78    26.07    83.82     4.10   197.24    26.85  9999.00  9999.00  9999.00  9999.00
 00029  1001.17    25.76    94.10     3.14   193.36    17.49  9999.00  9999.00  9999.00  9999.00
 00030   987.88    25.19    93.60     3.43   146.03    32.03  9999.00  9999.00  9999.00  9999.00
 00031   573.88     5.04    86.24     1.11   187.26    20.51  9999.00  9999.00  9999.00  9999.00
 00032   971.35    23.64    93.96     1.69   239.71    18.03  9999.00  9999.00  9999.00  9999.00
 00033  1003.26    22.85    96.67     4.88   168.00     0.53  9999.00  9999.00  9999.00  9999.00
 00034  1007.38    27.97    89.79     6.50   182.60    33.62  9999.00  9999.00  9999.00  9999.00
 00035  1003.06    26.88    93.05     4.23   180.29    31.89  9999.00  9999.00  9999.00  9999.00
 00036   773.03    16.24    93.47     1.98    13.84     2.13  9999.00  9999.00  9999.00  9999.00
 00037   961.99    23.89    95.64     1.30   246.08    22.53  9999.00  9999.00  9999.00  9999.00
 00038   990.50    24.96    95.31     0.84   179.82    26.69  9999.00  9999.00  9999.00  9999.00
 00039  1003.80    25.32    94.10     6.97   223.93    23.98  9999.00  9999.00  9999.00  9999.00
 00040  1002.20    25.53    95.64     4.43   228.37    17.69  9999.00  9999.00  9999.00  9999.00
 00041   958.44    25.36    85.35     3.90   217.95    28.02  9999.00  9999.00  9999.00  9999.00
 00042   996.11    28.38    76.27     4.18   216.92    28.37  9999.00  9999.00  9999.00  9999.00
 00043   992.18    26.85    81.79     4.84   197.53    29.59  9999.00  9999.00  9999.00  9999.00
 00044   974.70    24.30    91.71     1.63   212.62    27.56  9999.00  9999.00  9999.00  9999.00
 00045  1002.20    25.53    95.64     4.43   228.37    17.69  9999.00  9999.00  9999.00  9999.00
 00046   937.31    22.67    95.39     3.32   208.79    24.54  9999.00  9999.00  9999.00  9999.00
 00047   991.78    24.03    97.69     3.27   212.49    15.83  9999.00  9999.00  9999.00  9999.00
 00048   604.46     7.49    88.25     0.61    42.23    15.47  9999.00  9999.00  9999.00  9999.00
 00049   577.97     3.79    97.27     0.59   140.08     3.49  9999.00  9999.00  9999.00  9999.00
 00050   995.81    24.98    95.14     4.40   220.10    25.31  9999.00  9999.00  9999.00  9999.00
