stn_id       p       t2      rh2      spd      dir      vis    rain6   rain24   tmax24   tmin24 
 00001   958.26    24.33    97.61     1.37   211.78    25.95  9999.00  9999.00  9999.00  9999.00
 00002   982.28    26.53    59.34     1.10   185.93    25.48  9999.00  9999.00  9999.00  9999.00
 00003   894.31    22.14    72.91     0.54   184.39    24.37  9999.00  9999.00  9999.00  9999.00
 00004   828.98    16.99    80.47     1.35   134.69    22.80  9999.00  9999.00  9999.00  9999.00
 00005   862.24    19.36    80.09     1.79    52.55    22.71  9999.00  9999.00  9999.00  9999.00
 00006   872.82    18.68    54.98     1.74   129.71    21.79  9999.00  9999.00  9999.00  9999.00
 00007   996.23    19.92    87.82     3.40   185.19    22.85  9999.00  9999.00  9999.00  9999.00
 00008   980.13    21.47    89.81     3.13   166.87    24.38  9999.00  9999.00  9999.00  9999.00
 00009   941.38    14.28    98.52     0.22    51.72     1.03  9999.00  9999.00  9999.00  9999.00
 00010   962.36    16.76    98.65     1.38   165.02    12.12  9999.00  9999.00  9999.00  9999.00
 00011   988.17    19.90    87.94     2.25   131.89    25.69  9999.00  9999.00  9999.00  9999.00
 00012   999.40    23.72    65.74     2.50    69.05    23.24  9999.00  9999.00  9999.00  9999.00
 00013  1000.36    26.62    93.00     2.34   194.49    28.08  9999.00  9999.00  9999.00  9999.00
 00014   997.96    26.59    92.51     1.84   217.93    28.60  9999.00  9999.00  9999.00  9999.00
 00015   983.27    24.75    92.54     1.63   146.82    23.61  9999.00  9999.00  9999.00  9999.00
 00016   943.44    21.49    94.12     0.86   201.79    21.26  9999.00  9999.00  9999.00  9999.00
 00017   981.04    24.69    99.44     6.02    98.06     0.23  9999.00  9999.00  9999.00  9999.00
 00018   998.59    26.98    92.68     3.70   188.95    18.61  9999.00  9999.00  9999.00  9999.00
 00019   924.51    24.33    85.92     0.73   126.33    26.55  9999.00  9999.00  9999.00  9999.00
 00020  1003.10    26.01    96.47     2.65   184.55    17.59  9999.00  9999.00  9999.00  9999.00
 00021   888.25    12.61    46.41     2.58   154.94    25.25  9999.00  9999.00  9999.00  9999.00
 00022  1001.86    22.75    80.74     3.29    76.75    22.68  9999.00  9999.00  9999.00  9999.00
 00023   913.40    13.84    41.44     1.59   168.49    22.07  9999.00  9999.00  9999.00  9999.00
 00024   938.33    16.11    36.78     1.91   305.84    23.91  9999.00  9999.00  9999.00  9999.00
 00025   791.97    17.32    95.39     1.70   197.29    25.16  9999.00  9999.00  9999.00  9999.00
 00026  1000.34    27.31    82.30     3.47   202.46    29.10  9999.00  9999.00  9999.00  9999.00
 00027   995.19    27.93    79.39     4.89   185.61    28.72  9999.00  9999.00  9999.00  9999.00
 00028   965.26    26.31    83.60     4.37   196.65    27.12  9999.00  9999.00  9999.00  9999.00
 00029  1002.06    25.72    95.83     2.85   170.16    14.64  9999.00  9999.00  9999.00  9999.00
 00030   989.05    25.28    93.74     3.12   149.29    32.07  9999.00  9999.00  9999.00  9999.00
 00031   575.05     5.64    84.83     1.62   229.62     8.04  9999.00  9999.00  9999.00  9999.00
 00032   972.85    23.52    94.81     1.32   217.13    10.18  9999.00  9999.00  9999.00  9999.00
 00033  1003.98    23.24    96.86     4.49   174.00     0.34  9999.00  9999.00  9999.00  9999.00
 00034  1007.79    28.01    90.52     7.23   196.77    20.97  9999.00  9999.00  9999.00  9999.00
 00035  1003.59    26.92    92.43     3.54   192.56    31.88  9999.00  9999.00  9999.00  9999.00
 00036   770.82    18.00    87.84     1.13   163.16    24.90  9999.00  9999.00  9999.00  9999.00
 00037   963.40    23.82    96.43     0.93   215.55    13.15  9999.00  9999.00  9999.00  9999.00
 00038   991.71    24.94    96.85     1.41   204.13    19.39  9999.00  9999.00  9999.00  9999.00
 00039  1004.94    25.42    95.41     5.92   219.42    19.33  9999.00  9999.00  9999.00  9999.00
 00040  1003.31    25.47    94.39     4.39   230.58    18.34  9999.00  9999.00  9999.00  9999.00
 00041   962.47    24.28    95.25     1.63   206.33    28.03  9999.00  9999.00  9999.00  9999.00
 00042  1000.76    26.74    89.45     2.44   193.81    28.38  9999.00  9999.00  9999.00  9999.00
 00043   994.21    26.90    80.64     4.57   196.66    29.54  9999.00  9999.00  9999.00  9999.00
 00044   976.88    24.37    96.65     0.94   199.91    27.51  9999.00  9999.00  9999.00  9999.00
 00045  1003.31    25.47    94.39     4.39   230.58    18.34  9999.00  9999.00  9999.00  9999.00
 00046   938.45    22.70    95.57     2.85   201.21    26.60  9999.00  9999.00  9999.00  9999.00
 00047   995.00    23.72    97.75     3.83   196.66    19.61  9999.00  9999.00  9999.00  9999.00
 00048   605.08     8.96    83.21     1.10   195.42    17.66  9999.00  9999.00  9999.00  9999.00
 00049   578.58     4.78    97.22     0.97   202.84     4.71  9999.00  9999.00  9999.00  9999.00
 00050   997.05    25.13    95.89     3.96   218.34    23.38  9999.00  9999.00  9999.00  9999.00
