stn_id       p       t2      rh2      spd      dir      vis    rain6   rain24   tmax24   tmin24 
 00001   981.71    20.30  9999.00     1.00    40.00     9.00  9999.00  9999.00  9999.00  9999.00
 00002  1012.64    19.80  9999.00     1.00   320.00    18.00  9999.00  9999.00  9999.00  9999.00
 00003   929.65    17.00  9999.00     3.00    70.00    15.00  9999.00  9999.00  9999.00  9999.00
 00004   859.15    15.30  9999.00     4.00   180.00    15.00  9999.00  9999.00  9999.00  9999.00
 00005   896.34    11.80  9999.00     2.00   320.00    30.00  9999.00  9999.00  9999.00  9999.00
 00006   886.11    13.00  9999.00     5.00   180.00    30.00  9999.00  9999.00  9999.00  9999.00
 00007  1017.98    11.20  9999.00     2.00    20.00     0.80  9999.00  9999.00  9999.00  9999.00
 00008   997.25     4.00  9999.00     0.00     0.00     6.00  9999.00  9999.00  9999.00  9999.00
 00009   967.15    -4.10  9999.00     0.00   160.00    30.00  9999.00  9999.00  9999.00  9999.00
 00010   994.59     6.60  9999.00     2.00   270.00    10.00  9999.00  9999.00  9999.00  9999.00
 00011  1007.39     7.30  9999.00     1.00   250.00    30.00  9999.00  9999.00  9999.00  9999.00
 00012  1018.61    19.00  9999.00     2.00    40.00    23.00  9999.00  9999.00  9999.00  9999.00
 00013  1017.26    18.70  9999.00     2.00   140.00     7.00  9999.00  9999.00  9999.00  9999.00
 00014  1011.33    19.20  9999.00     2.00    20.00     1.10  9999.00  9999.00  9999.00  9999.00
 00015  9999.00  9999.00  9999.00  9999.00  9999.00  9999.00  9999.00  9999.00  9999.00  9999.00
 00016   966.16    17.50  9999.00     1.00   110.00    11.00  9999.00  9999.00  9999.00  9999.00
 00017  1005.58    21.80  9999.00     1.00    90.00    19.00  9999.00  9999.00  9999.00  9999.00
 00018  1013.85    18.90  9999.00     2.00    20.00     3.20  9999.00  9999.00  9999.00  9999.00
 00019   943.69    18.80  9999.00     0.00   110.00    21.00  9999.00  9999.00  9999.00  9999.00
 00020  1016.22    20.60  9999.00     0.00   270.00    13.00  9999.00  9999.00  9999.00  9999.00
 00021   913.84    12.00  9999.00     2.00   290.00    22.00  9999.00  9999.00  9999.00  9999.00
 00022  1022.19    18.30  9999.00     0.00    90.00    22.00  9999.00  9999.00  9999.00  9999.00
 00023   939.43    12.60  9999.00     6.00   270.00    30.00  9999.00  9999.00  9999.00  9999.00
 00024   964.67    12.40  9999.00     3.00   270.00    20.00  9999.00  9999.00  9999.00  9999.00
 00025  9999.00  9999.00  9999.00  9999.00  9999.00  9999.00  9999.00  9999.00  9999.00  9999.00
 00026  1008.50    21.60  9999.00     2.00    20.00     8.00  9999.00  9999.00  9999.00  9999.00
 00027  1006.45    18.00  9999.00     3.00   320.00     2.30  9999.00  9999.00  9999.00  9999.00
 00028   983.12    17.00  9999.00     1.00   290.00     7.00  9999.00  9999.00  9999.00  9999.00
 00029  1005.97    25.30  9999.00     1.00   340.00     4.40  9999.00  9999.00  9999.00  9999.00
 00030   994.90    25.20  9999.00     2.00   110.00     6.00  9999.00  9999.00  9999.00  9999.00
 00031   626.70    10.80    51.63     2.00   180.00    30.00  9999.00  9999.00  9999.00  9999.00
 00032  1002.14    27.10  9999.00     2.00   320.00    25.00  9999.00  9999.00  9999.00  9999.00
 00033  1007.70    25.30  9999.00     1.00   200.00     8.00  9999.00  9999.00  9999.00  9999.00
 00034  1006.60    28.80  9999.00     2.00    40.00    30.00  9999.00  9999.00  9999.00  9999.00
 00035  1006.69    25.20  9999.00     1.00   290.00    15.00  9999.00  9999.00  9999.00  9999.00
 00036   836.00    20.10    77.60     1.00   360.00    30.00  9999.00  9999.00  9999.00  9999.00
 00037  1006.71    25.00  9999.00     2.00   360.00    17.00  9999.00  9999.00  9999.00  9999.00
 00038  1007.63    25.50  9999.00     3.00    20.00    26.00  9999.00  9999.00  9999.00  9999.00
 00039  1007.95    27.90  9999.00     4.00    20.00    20.00  9999.00  9999.00  9999.00  9999.00
 00040  1004.24    26.50  9999.00     2.00    20.00    21.00  9999.00  9999.00  9999.00  9999.00
 00041   819.60    15.40    98.08     4.00   200.00     0.00  9999.00  9999.00  9999.00  9999.00
 00042  1014.47    19.00  9999.00     3.00    70.00  9999.00  9999.00  9999.00  9999.00  9999.00
 00043  1010.40    21.00  9999.00     2.00    70.00    30.00  9999.00  9999.00  9999.00  9999.00
 00044  1005.08    22.30  9999.00     1.00    40.00    13.00  9999.00  9999.00  9999.00  9999.00
 00045  1004.24    26.50  9999.00     2.00    20.00    21.00  9999.00  9999.00  9999.00  9999.00
 00046   969.06    23.50  9999.00     2.00    20.00     7.00  9999.00  9999.00  9999.00  9999.00
 00047  1009.24    25.00  9999.00     1.00   320.00    14.00  9999.00  9999.00  9999.00  9999.00
 00048   654.50    14.70    43.81     2.00   250.00    30.00  9999.00  9999.00  9999.00  9999.00
 00049   604.50     5.30    85.01     2.00   180.00    21.00  9999.00  9999.00  9999.00  9999.00
 00050  1008.34    26.70  9999.00     4.00    40.00    26.00  9999.00  9999.00  9999.00  9999.00
