stn_id       p       t2      rh2      spd      dir      vis    rain6   rain24   tmax24   tmin24 
 00001   967.71    20.64    88.47     1.50   119.08    25.11     0.41  9999.00  9999.00  9999.00
 00002   988.68    22.57    55.02     2.59   148.91    20.20     0.00  9999.00  9999.00  9999.00
 00003   897.00    19.39    47.44     2.34   192.77    19.04     0.00  9999.00  9999.00  9999.00
 00004   829.85    14.46    61.06     2.22   203.05    17.71     0.47  9999.00  9999.00  9999.00
 00005   861.39    16.91    54.35     3.08   228.79    16.21     0.53  9999.00  9999.00  9999.00
 00006   870.56    13.62    69.78     5.43   229.11     6.77     1.23  9999.00  9999.00  9999.00
 00007  1002.17    14.53    65.71     2.57    26.21    19.71     0.00  9999.00  9999.00  9999.00
 00008   987.82    13.19    62.39     2.29   138.69    21.87     0.00  9999.00  9999.00  9999.00
 00009   943.56     9.95    46.54     3.21    98.19    37.16     0.00  9999.00  9999.00  9999.00
 00010   967.37    12.30    70.20     1.03   241.56    22.73     0.00  9999.00  9999.00  9999.00
 00011   994.78    14.48    50.31     3.41   173.48    24.59    -0.00  9999.00  9999.00  9999.00
 00012  1004.66    22.19    35.97     4.72   140.89    18.91     0.00  9999.00  9999.00  9999.00
 00013  1005.87    22.06    75.07     2.85    22.00    24.07     0.02  9999.00  9999.00  9999.00
 00014  1001.83    21.44    77.92     2.96   343.52    25.18     0.04  9999.00  9999.00  9999.00
 00015   990.04    21.65    54.61     2.25    84.46    19.04     0.00  9999.00  9999.00  9999.00
 00016   946.77    24.09    53.74     2.40   140.25    21.49     0.00  9999.00  9999.00  9999.00
 00017   991.42    23.06    69.02     2.04   122.45    21.80     0.00  9999.00  9999.00  9999.00
 00018  1004.57    21.75    77.84     2.50    76.50    24.14     0.00  9999.00  9999.00  9999.00
 00019   932.09    22.11    78.63     1.70   226.46    25.61     0.13  9999.00  9999.00  9999.00
 00020  1006.15    19.40    87.08     6.11   343.37    22.36     0.11  9999.00  9999.00  9999.00
 00021   885.47    20.58    33.82     4.50   191.68    26.99     0.00  9999.00  9999.00  9999.00
 00022  1008.65    18.36    59.52     4.03   137.87    18.34     0.00  9999.00  9999.00  9999.00
 00023   912.33    20.59    21.59     4.38    60.42    25.36     0.00  9999.00  9999.00  9999.00
 00024   939.03    19.00    23.90     4.34   334.11    27.17     0.00  9999.00  9999.00  9999.00
 00025   791.89    20.22    59.78     2.04   228.35    26.37     0.00  9999.00  9999.00  9999.00
 00026  1002.91    24.03    81.33     1.97    10.87    26.92    -0.00  9999.00  9999.00  9999.00
 00027   998.99    25.54    76.91     2.56   347.45    26.65    -0.00  9999.00  9999.00  9999.00
 00028   968.57    24.81    77.46     2.34    22.44    25.24     0.02  9999.00  9999.00  9999.00
 00029  1000.06    25.16    96.36     2.44    63.23    12.18     9.71  9999.00  9999.00  9999.00
 00030   987.70    27.63    90.01     1.65    61.43    31.33     1.74  9999.00  9999.00  9999.00
 00031   570.73    10.73    10.90     3.15   274.53    24.78     0.41  9999.00  9999.00  9999.00
 00032   970.58    24.99    76.45     0.90   303.07    21.32     0.06  9999.00  9999.00  9999.00
 00033  1001.71    25.05    90.26     2.66   141.41    29.59     0.00  9999.00  9999.00  9999.00
 00034  1006.92    28.36    92.72     6.49   196.80    30.57     0.00  9999.00  9999.00  9999.00
 00035  1001.37    29.06    86.21     2.93   156.60    29.31     1.71  9999.00  9999.00  9999.00
 00036   773.78    15.90    85.01     1.35    46.50     7.95     7.42  9999.00  9999.00  9999.00
 00037   961.28    24.67    78.24     0.82   312.02    23.54     0.07  9999.00  9999.00  9999.00
 00038   988.86    24.14    99.02     0.78    97.33     2.58     8.11  9999.00  9999.00  9999.00
 00039  1001.58    24.75    96.44     3.22   217.90    16.85    28.76  9999.00  9999.00  9999.00
 00040  1000.02    26.48    89.57     2.09   211.27     8.01     0.71  9999.00  9999.00  9999.00
 00041   965.03    19.99    85.88     1.72    15.19    23.83     0.01  9999.00  9999.00  9999.00
 00042  1005.83    22.41    78.30     1.93   102.83    24.78     0.05  9999.00  9999.00  9999.00
 00043   996.66    25.47    72.36     1.18   109.66    27.50     0.06  9999.00  9999.00  9999.00
 00044   977.84    23.08    78.37     1.31   270.25    25.36     0.02  9999.00  9999.00  9999.00
 00045  1000.02    26.48    89.57     2.09   211.27     8.01     0.71  9999.00  9999.00  9999.00
 00046   936.41    21.95    83.28     1.64     3.81    26.09     0.09  9999.00  9999.00  9999.00
 00047   994.61    22.25    98.27     2.23    59.81     2.89     0.15  9999.00  9999.00  9999.00
 00048   603.10     8.32    50.55     1.04   194.24    17.73     0.39  9999.00  9999.00  9999.00
 00049   576.72     0.50    91.66     1.60   199.06    18.83     1.48  9999.00  9999.00  9999.00
 00050   993.74    24.50    97.89     1.17   173.30    22.93     3.33  9999.00  9999.00  9999.00
