stn_id       p       t2      rh2      spd      dir      vis    rain6   rain24   tmax24   tmin24 
 00001   963.58    26.76    70.73     0.65    97.79    25.12  9999.00  9999.00  9999.00  9999.00
 00002   981.07    30.03    53.20     1.30   212.91    20.22  9999.00  9999.00  9999.00  9999.00
 00003   893.53    25.17    52.40     2.05   180.50    19.12  9999.00  9999.00  9999.00  9999.00
 00004   829.50    17.65    30.48     5.44   320.97    17.74  9999.00  9999.00  9999.00  9999.00
 00005   864.21    15.70    14.31     6.18   319.83    17.87  9999.00  9999.00  9999.00  9999.00
 00006   873.76    12.41    12.24    11.49   287.03    17.87  9999.00  9999.00  9999.00  9999.00
 00007   994.26    22.54    57.09     5.48   191.87    19.66  9999.00  9999.00  9999.00  9999.00
 00008   978.73    20.87    51.68     4.46   179.08    21.77  9999.00  9999.00  9999.00  9999.00
 00009   942.76    15.23    40.96     4.10    82.12    37.14  9999.00  9999.00  9999.00  9999.00
 00010   963.77    16.89    53.83     4.26   133.31    22.73  9999.00  9999.00  9999.00  9999.00
 00011   987.03    22.15    36.87     5.26   139.71    24.46  9999.00  9999.00  9999.00  9999.00
 00012   995.59    30.02    42.47     1.37   219.19    18.89  9999.00  9999.00  9999.00  9999.00
 00013  1004.63    26.32    63.66     1.88   123.36    24.15  9999.00  9999.00  9999.00  9999.00
 00014  1002.04    25.16    65.83     1.96    53.70    25.25  9999.00  9999.00  9999.00  9999.00
 00015   983.59    30.82    37.06     7.19   200.04    19.03  9999.00  9999.00  9999.00  9999.00
 00016   943.35    30.73    43.79     0.76    31.47    21.53  9999.00  9999.00  9999.00  9999.00
 00017   985.48    31.71    46.72     5.83   194.68    21.80  9999.00  9999.00  9999.00  9999.00
 00018  1002.87    27.37    60.30     2.23   134.71    24.21  9999.00  9999.00  9999.00  9999.00
 00019   928.65    25.65    61.00     1.22   101.15    25.21  9999.00  9999.00  9999.00  9999.00
 00020  1008.06    23.66    68.49     3.22    40.21    22.50  9999.00  9999.00  9999.00  9999.00
 00021   889.79    14.48    42.29     2.48   184.46    27.02  9999.00  9999.00  9999.00  9999.00
 00022   998.03    32.81    38.04     5.05   226.09    18.28  9999.00  9999.00  9999.00  9999.00
 00023   915.94    20.45    28.20     3.21   304.30    25.41  9999.00  9999.00  9999.00  9999.00
 00024   941.84    19.57    14.46     3.20   132.29    27.15  9999.00  9999.00  9999.00  9999.00
 00025   790.71    24.63    39.11     4.48   235.21    26.30  9999.00  9999.00  9999.00  9999.00
 00026  1001.84    28.18    62.93     2.15    47.49    26.91  9999.00  9999.00  9999.00  9999.00
 00027   997.29    29.91    59.06     0.99   103.50    26.63  9999.00  9999.00  9999.00  9999.00
 00028   967.31    26.18    73.47     1.66   348.95    25.25  9999.00  9999.00  9999.00  9999.00
 00029   999.26    29.12    80.49     0.89   155.00    22.00  9999.00  9999.00  9999.00  9999.00
 00030   987.85    28.28    79.79     1.20   113.80    20.38  9999.00  9999.00  9999.00  9999.00
 00031   568.99    12.30     9.80     5.50   239.05    24.64  9999.00  9999.00  9999.00  9999.00
 00032   973.05    22.68    76.39     1.96    94.70    23.36  9999.00  9999.00  9999.00  9999.00
 00033  1001.37    24.96    90.73     3.94   228.19    26.54  9999.00  9999.00  9999.00  9999.00
 00034  1005.38    28.51    91.55     5.48   187.23    29.95  9999.00  9999.00  9999.00  9999.00
 00035  1000.58    31.34    76.57     4.35   187.67    23.78  9999.00  9999.00  9999.00  9999.00
 00036   770.99    19.32    67.48     1.60   174.52     9.50  9999.00  9999.00  9999.00  9999.00
 00037   963.36    23.27    75.67     2.03   110.74    22.67  9999.00  9999.00  9999.00  9999.00
 00038   989.43    24.93    95.94     1.36   118.39     6.81  9999.00  9999.00  9999.00  9999.00
 00039  1003.44    24.37    84.98     6.77    54.17    21.31  9999.00  9999.00  9999.00  9999.00
 00040  1000.33    26.54    89.27     2.18   185.66     6.75  9999.00  9999.00  9999.00  9999.00
 00041   963.84    26.72    59.61     1.32    52.31    25.04  9999.00  9999.00  9999.00  9999.00
 00042  1004.56    26.50    64.28     2.47    86.48    24.84  9999.00  9999.00  9999.00  9999.00
 00043   995.41    28.81    63.72     1.91    43.54    27.49  9999.00  9999.00  9999.00  9999.00
 00044   977.43    28.08    59.85     1.84    50.74    25.36  9999.00  9999.00  9999.00  9999.00
 00045  1000.33    26.54    89.27     2.18   185.66     6.75  9999.00  9999.00  9999.00  9999.00
 00046   936.32    26.17    71.03     0.56   120.03    22.64  9999.00  9999.00  9999.00  9999.00
 00047   996.31    22.99    83.02     4.09   129.94    24.05  9999.00  9999.00  9999.00  9999.00
 00048   601.07    10.01    51.39     2.19   140.86    26.84  9999.00  9999.00  9999.00  9999.00
 00049   576.03     2.99    73.94     3.49   198.46    17.12  9999.00  9999.00  9999.00  9999.00
 00050   996.00    24.36    78.45     4.31    66.62    21.04  9999.00  9999.00  9999.00  9999.00
