stn_id       p       t2      rh2      spd      dir      vis    rain6   rain24   tmax24   tmin24 
 00001   985.52     4.49    85.24     1.70    94.36    17.70     0.00     0.00    16.31     3.64
 00002  1011.06    -1.27    83.53     1.42   260.55    24.49     0.00     0.00    10.94    -3.63
 00003   914.77    -1.28    89.88     1.45   204.27    21.14     0.00     0.00     7.23    -3.39
 00004   841.81    -2.73    91.53     2.87   202.79    23.22     0.02     0.04     5.54    -5.17
 00005   877.86    -1.36    93.54     2.48   182.79    18.29     0.11     0.12     4.20    -6.55
 00006   885.47    -0.20    83.63     6.47   221.21    30.11     0.00     0.00     7.76    -7.23
 00007  1019.64     3.62    70.52     6.17   197.23    29.63     0.00     0.00     9.13    -2.35
 00008   998.47     2.41    48.90     7.93   210.85    35.93     0.00     0.00     6.62    -4.47
 00009   949.48    -9.81    84.30     2.32   339.18    57.17     0.03     0.28     2.62   -10.71
 00010   980.27    -5.17    44.10     1.75   211.44    35.43     0.00     0.00     5.76   -10.61
 00011  1002.82     0.63    51.72     7.98   212.49    42.81     0.00     0.00     5.09    -5.60
 00012  1028.25    -1.13    90.04     0.69   234.17    24.60     0.00     0.00    10.78    -4.18
 00013  1032.50     4.01    79.83     2.21    67.18    18.56     0.00     0.00    12.19     0.00
 00014  1028.63     6.12    88.16     0.92   297.29    18.40     0.00     0.00    13.08     2.42
 00015  1014.00     2.51    58.16     3.96   180.62    19.71     0.00     0.00     9.74    -0.30
 00016   968.42     1.66    93.10     1.75    93.50    18.11     0.00     0.01    12.13     0.65
 00017  1015.27     2.69    75.45     2.85   188.29    18.73     0.00     0.00    12.27     0.54
 00018  1031.07     3.21    79.07     2.33    92.56    18.20     0.00     0.00    11.61     0.22
 00019   948.16     9.14    88.27     1.18    40.21    14.44     0.48     0.83    13.77     7.89
 00020  1034.26     8.31    79.08     2.81   345.23    18.40     0.00     0.08    14.21     4.39
 00021   912.23    -6.59    69.09     1.45   124.58    41.39     0.05     4.28    -2.75    -7.15
 00022  1031.55     1.38    80.70     3.51   209.19    22.95     0.00     0.00    11.14    -1.55
 00023   940.00   -10.78    62.78     1.67   139.44    37.62     0.00     0.27    -4.84   -11.92
 00024   968.84   -12.51    94.39     2.67   291.14    35.00     0.00     0.00    -3.19   -12.59
 00025   802.26     6.04    90.71     1.24   126.68    20.65     0.02     0.18    12.66     4.91
 00026  1028.84     5.23    81.10     3.43   149.35    18.27     0.00     0.00    13.08     3.04
 00027  1024.47     2.92    90.22     1.25   113.31    17.74     0.00     0.00    14.38     0.44
 00028   991.46     2.87    90.84     1.40    36.06    16.68     0.00     0.00    12.78     0.98
 00029  1022.10    10.92    65.26     3.57     6.18    20.22     0.00     0.00    19.28     9.41
 00030  1012.28     8.45    80.31     2.66   338.11    22.04     0.00     0.00    17.89     7.43
 00031   573.01   -10.49    64.49     1.89   209.20    30.01     0.00     0.00     1.58   -10.52
 00032   993.39    10.52    74.85     2.34   142.81    17.21     0.00     0.00    14.04     8.52
 00033  1021.81    17.41    81.30     8.95    32.60    21.68     0.05     0.47    19.39    15.00
 00034  1017.85    25.52    87.96    12.64    43.87     5.40     1.94     5.15    26.62    24.96
 00035  1020.27    19.55    77.34     5.61    15.28    21.54     0.00     0.07    21.25    17.95
 00036   780.69     5.67    81.75     1.21   147.18    19.77     0.21     0.49    12.21     2.40
 00037   983.40     9.39    79.09     1.44   261.85    17.14     0.00     0.00    13.94     6.64
 00038  1010.46    11.18    72.38     2.12   328.61    19.24     0.00     0.00    20.24     8.59
 00039  1024.01    16.48    72.76    11.86    16.36    18.58     0.19     0.95    19.14    14.84
 00040  1020.90    16.23    62.94     7.89    20.59    19.84     0.00     0.00    21.75    14.87
 00041   988.10     3.95    85.50     1.27    76.47    17.43     0.00     0.00    10.47     0.86
 00042  1032.42     4.35    88.73     1.85    87.19    18.34     0.00     0.00    12.27     0.59
 00043  1021.83     4.90    86.02     2.24    32.80    18.62     0.00     0.00    13.11     2.35
 00044  1002.25     5.22    85.94     1.92    66.05    17.76     0.00     0.00    13.04     1.90
 00045  1020.90    16.23    62.94     7.89    20.59    19.84     0.00     0.00    21.75    14.87
 00046   955.86     6.74    81.31     1.67    70.62    18.29     0.00     0.01    11.41     3.23
 00047  1020.21    10.52    77.60     4.62   328.88    17.93     0.00     0.04    16.50     7.78
 00048   605.52    -7.07    70.33     0.84   146.31    33.91     0.00     0.26     2.23    -7.35
 00049   577.21   -15.83    99.60     1.26    41.21     3.05     0.17     1.42    -4.35   -15.66
 00050  1016.64    14.25    64.44     6.25     8.38    18.32     0.00     0.04    17.94    12.25
