stn_id       p       t2      rh2      spd      dir      vis    rain6   rain24   tmax24   tmin24 
 00001   986.33     5.88    80.00     2.32    96.39    17.72     0.00  9999.00  9999.00  9999.00
 00002  1011.60    -2.67    94.03     1.21   245.48    24.55     0.00  9999.00  9999.00  9999.00
 00003   914.87    -2.65    90.13     1.79   193.68    22.88     0.00  9999.00  9999.00  9999.00
 00004   842.16    -2.54    84.90     2.35   201.32    23.33     0.01  9999.00  9999.00  9999.00
 00005   878.02    -1.96    93.27     1.92   180.76    19.54     0.01  9999.00  9999.00  9999.00
 00006   886.04    -0.53    83.48     6.07   217.58    30.20     0.00  9999.00  9999.00  9999.00
 00007  1020.77     0.33    68.76     4.37   184.11    29.68     0.00  9999.00  9999.00  9999.00
 00008  1001.81    -1.20    36.16     5.85   214.37    36.04     0.00  9999.00  9999.00  9999.00
 00009   944.63    -5.97    89.37     2.04   336.50    38.29     0.25  9999.00  9999.00  9999.00
 00010   981.06    -8.06    67.64     2.13   226.31    35.48     0.00  9999.00  9999.00  9999.00
 00011  1006.04    -2.53    46.77     6.40   207.53    42.94     0.00  9999.00  9999.00  9999.00
 00012  1028.23    -0.61    90.94     1.92   179.00    25.42     0.00  9999.00  9999.00  9999.00
 00013  1032.08     1.76    89.27     1.99    47.05    18.55     0.00  9999.00  9999.00  9999.00
 00014  1027.78     4.24    90.72     1.71   326.15    18.38     0.00  9999.00  9999.00  9999.00
 00015  1014.30     0.95    65.51     3.15   176.43    19.74     0.00  9999.00  9999.00  9999.00
 00016   968.19     2.35    93.87     1.67    94.03    18.14     0.00  9999.00  9999.00  9999.00
 00017  1015.51     2.88    78.94     2.81   184.05    18.74     0.00  9999.00  9999.00  9999.00
 00018  1030.81     1.05    85.90     2.10    67.88    18.20     0.00  9999.00  9999.00  9999.00
 00019   948.73    10.17    83.23     1.19    39.73    18.60     0.16  9999.00  9999.00  9999.00
 00020  1033.72     4.76    88.23     2.00   317.56    18.34     0.00  9999.00  9999.00  9999.00
 00021   912.70    -5.49    79.32     1.15   235.13    33.98     0.22  9999.00  9999.00  9999.00
 00022  1031.99     0.46    82.94     3.39   195.32    22.99     0.00  9999.00  9999.00  9999.00
 00023   942.50   -11.11    83.27     1.97   147.00    37.75     0.00  9999.00  9999.00  9999.00
 00024   968.45   -10.32    87.93     5.72   299.40    39.98     0.00  9999.00  9999.00  9999.00
 00025   802.57     6.71    84.47     2.02   188.83    20.65     0.00  9999.00  9999.00  9999.00
 00026  1028.33     4.67    82.39     3.28   144.15    18.26     0.00  9999.00  9999.00  9999.00
 00027  1024.59     2.69    90.85     1.84    30.46    17.73     0.00  9999.00  9999.00  9999.00
 00028   992.02     4.77    85.09     1.82    47.60    16.69     0.00  9999.00  9999.00  9999.00
 00029  1021.38    10.19    65.37     3.87     6.49    20.20     0.00  9999.00  9999.00  9999.00
 00030  1011.72     9.74    75.83     2.52   336.72    22.03     0.00  9999.00  9999.00  9999.00
 00031   573.62    -7.53    50.04     2.32   207.83    31.02     0.00  9999.00  9999.00  9999.00
 00032   992.38     9.85    65.69     2.61    18.28    17.19     0.00  9999.00  9999.00  9999.00
 00033  1021.34    18.33    78.82     7.65    42.90    14.54     0.27  9999.00  9999.00  9999.00
 00034  1017.51    25.46    85.59    13.47    44.77     9.21     1.44  9999.00  9999.00  9999.00
 00035  1019.80    20.26    71.50     5.54    20.50    21.54     0.00  9999.00  9999.00  9999.00
 00036   781.72     5.56    79.98     1.73   140.52    20.70     0.01  9999.00  9999.00  9999.00
 00037   982.37     8.22    75.93     1.52    68.43    17.12     0.00  9999.00  9999.00  9999.00
 00038  1009.39     9.71    74.03     1.79   330.84    19.22     0.00  9999.00  9999.00  9999.00
 00039  1022.72    16.68    74.45    12.66    23.20    13.75     0.49  9999.00  9999.00  9999.00
 00040  1020.10    15.62    60.94     7.97    23.11    19.82     0.00  9999.00  9999.00  9999.00
 00041   987.47     3.28    82.96     1.37    45.53    17.41     0.00  9999.00  9999.00  9999.00
 00042  1031.83     3.20    89.53     1.90    67.45    18.32     0.00  9999.00  9999.00  9999.00
 00043  1021.34     3.87    81.37     2.08    16.03    18.59     0.00  9999.00  9999.00  9999.00
 00044  1001.36     4.39    88.34     1.93    69.98    17.75     0.00  9999.00  9999.00  9999.00
 00045  1020.10    15.62    60.94     7.97    23.11    19.82     0.00  9999.00  9999.00  9999.00
 00046   954.87     4.43    86.94     1.43    52.94    18.27     0.00  9999.00  9999.00  9999.00
 00047  1019.22     9.62    76.76     4.55   335.98    17.91     0.00  9999.00  9999.00  9999.00
 00048   605.67    -3.89    49.51     1.16   180.50    33.93     0.00  9999.00  9999.00  9999.00
 00049   578.16   -10.03    98.00     1.01   148.44     5.77     0.62  9999.00  9999.00  9999.00
 00050  1015.54    13.52    64.42     7.10    15.92    18.02     0.03  9999.00  9999.00  9999.00
