stn_id       p       t2      rh2      spd      dir      vis    rain6   rain24   tmax24   tmin24 
 00001   963.90    25.08    75.09     1.40   255.37    20.79     1.12  9999.00  9999.00  9999.00
 00002   985.69    32.88    31.56     3.46    89.64    23.34     0.00  9999.00  9999.00  9999.00
 00003   897.17    24.10    47.96     3.21   104.94    21.93     0.05  9999.00  9999.00  9999.00
 00004   831.13    19.94    52.24     3.68   164.66    19.45     0.11  9999.00  9999.00  9999.00
 00005   864.03    25.02    35.94     5.13   206.66    20.14     0.00  9999.00  9999.00  9999.00
 00006   872.88    29.12    23.09     6.77   202.13    19.19     0.00  9999.00  9999.00  9999.00
 00007   997.25    32.09    36.30     1.00   234.91    21.82     0.00  9999.00  9999.00  9999.00
 00008   983.26    31.11    36.37     3.00    78.90    23.42     0.00  9999.00  9999.00  9999.00
 00009   943.87    22.13    35.53     3.54   112.71    36.93     0.27  9999.00  9999.00  9999.00
 00010   963.40    27.04    39.07     1.85    33.89    25.38     0.00  9999.00  9999.00  9999.00
 00011   992.34    27.60    31.09     3.60    82.50    25.14     0.00  9999.00  9999.00  9999.00
 00012  1001.29    35.50    30.04     2.59   160.44    21.02     0.00  9999.00  9999.00  9999.00
 00013  1000.36    27.96    83.80     1.02   318.08    14.97     7.28  9999.00  9999.00  9999.00
 00014   997.16    32.47    66.71     3.42   226.04    24.85     1.23  9999.00  9999.00  9999.00
 00015   986.77    27.94    54.28     4.35   136.33    22.09     0.49  9999.00  9999.00  9999.00
 00016   948.19    20.42    78.64     0.95   301.77    24.43     0.78  9999.00  9999.00  9999.00
 00017   988.01    22.08    93.39     1.57    39.74     0.91    13.67  9999.00  9999.00  9999.00
 00018   998.46    29.21    79.25     2.73   269.16    11.86     7.15  9999.00  9999.00  9999.00
 00019   928.42    28.19    54.56     1.46   198.24    27.40     0.00  9999.00  9999.00  9999.00
 00020  1004.36    25.45    86.38     3.80    71.51    20.47     3.34  9999.00  9999.00  9999.00
 00021   883.73    29.18    14.08     3.10   199.37    25.42     0.00  9999.00  9999.00  9999.00
 00022  1004.55    34.85    25.05     4.88   140.07    20.71     0.00  9999.00  9999.00  9999.00
 00023   909.08    29.31    18.42     1.92    95.67    23.76     0.00  9999.00  9999.00  9999.00
 00024   934.59    28.37    13.21     0.93   252.98    25.46     0.00  9999.00  9999.00  9999.00
 00025   791.95    25.02    52.73     5.31   253.41    25.94     0.13  9999.00  9999.00  9999.00
 00026  1000.23    31.13    66.53     5.76   209.86    27.96     0.43  9999.00  9999.00  9999.00
 00027   994.75    31.85    65.81     6.72   198.03    27.96     0.68  9999.00  9999.00  9999.00
 00028   964.35    30.54    67.42     6.46   206.14    26.29     0.24  9999.00  9999.00  9999.00
 00029  1003.04    29.40    76.58     4.45   182.99    18.16     3.76  9999.00  9999.00  9999.00
 00030   988.91    31.53    66.51     6.77   175.80    31.23     0.27  9999.00  9999.00  9999.00
 00031   573.80    16.54    20.60     2.54   261.39    22.28     0.00  9999.00  9999.00  9999.00
 00032   973.01    27.58    80.57     2.80   221.14    11.80     3.95  9999.00  9999.00  9999.00
 00033  1003.86    26.73    88.07     3.32   132.99    24.86     0.06  9999.00  9999.00  9999.00
 00034  1008.57    28.41    85.04     7.50   183.96    33.27     0.02  9999.00  9999.00  9999.00
 00035  1003.80    31.02    70.86     6.36   179.94    29.66     0.87  9999.00  9999.00  9999.00
 00036   772.19    23.60    53.29     1.17   203.63    24.76     0.24  9999.00  9999.00  9999.00
 00037   963.58    28.29    81.66     2.10   230.47     8.70     6.52  9999.00  9999.00  9999.00
 00038   991.62    29.32    73.68     3.31   208.62    13.63     2.31  9999.00  9999.00  9999.00
 00039  1005.12    27.55    84.36     6.91   212.21    24.13     0.33  9999.00  9999.00  9999.00
 00040  1003.58    28.70    81.74     5.52   214.73    22.07     1.21  9999.00  9999.00  9999.00
 00041   962.11    25.86    86.88     3.09   221.13     7.03     7.39  9999.00  9999.00  9999.00
 00042  1000.54    29.08    80.34     2.62   229.02    10.88     9.21  9999.00  9999.00  9999.00
 00043   994.61    30.76    66.78     5.71   208.06    28.37     0.05  9999.00  9999.00  9999.00
 00044   977.14    29.50    70.52     3.25   231.86    25.98     7.07  9999.00  9999.00  9999.00
 00045  1003.58    28.70    81.74     5.52   214.73    22.07     1.21  9999.00  9999.00  9999.00
 00046   938.56    27.15    75.30     3.96   211.46    25.64     0.43  9999.00  9999.00  9999.00
 00047   994.94    25.45    95.78     4.50   200.42     2.69     6.31  9999.00  9999.00  9999.00
 00048   605.07    13.70    61.10     0.79   196.72    26.28     0.47  9999.00  9999.00  9999.00
 00049   578.73     3.62    91.51     1.19   168.09     3.97     6.61  9999.00  9999.00  9999.00
 00050   997.23    28.36    79.07     5.08   214.30    23.92     0.07  9999.00  9999.00  9999.00
