stn_id       p       t2      rh2      spd      dir      vis    rain6   rain24   tmax24   tmin24 
 00001   962.85    20.93    94.46     1.08    64.68    26.63     0.00  9999.00  9999.00  9999.00
 00002   984.70    22.19    88.52     1.61   337.79    21.92     2.04  9999.00  9999.00  9999.00
 00003   895.57    17.34    91.30     1.05   318.35    22.33     0.08  9999.00  9999.00  9999.00
 00004   829.82    12.23    99.25     0.65   169.72     1.86     0.00  9999.00  9999.00  9999.00
 00005   863.51    16.54    71.31     1.90   190.38    20.23     0.01  9999.00  9999.00  9999.00
 00006   872.85    19.34    64.35     2.58   172.62    15.71     0.33  9999.00  9999.00  9999.00
 00007   995.98    20.66    70.98     2.50   176.31    21.85     0.00  9999.00  9999.00  9999.00
 00008   981.08    19.25    60.37     1.96   106.73    23.39     0.00  9999.00  9999.00  9999.00
 00009   936.63    13.27    79.79     2.80   103.43    36.16     2.19  9999.00  9999.00  9999.00
 00010   964.06    13.40    77.08     1.74   118.77    25.40     0.00  9999.00  9999.00  9999.00
 00011   990.08    18.02    65.82     3.37   101.83    25.15     0.00  9999.00  9999.00  9999.00
 00012   999.96    25.53    54.49     1.83   173.90    21.06     0.30  9999.00  9999.00  9999.00
 00013   997.50    24.42    96.34     2.24   156.45    15.83     3.89  9999.00  9999.00  9999.00
 00014   995.82    25.19    91.20     2.16   208.19    26.99     0.35  9999.00  9999.00  9999.00
 00015   985.14    21.05    90.31     1.26    70.62    10.76     1.82  9999.00  9999.00  9999.00
 00016   946.90    16.38    94.81     0.79   141.86    21.08     0.00  9999.00  9999.00  9999.00
 00017   985.98    20.99    99.03     1.60   340.29     9.56     0.83  9999.00  9999.00  9999.00
 00018   995.50    25.04    93.72     4.02   208.35     2.31     4.01  9999.00  9999.00  9999.00
 00019   928.25    22.85    78.88     1.15   276.38    21.23     0.54  9999.00  9999.00  9999.00
 00020  1001.45    21.85    98.80     1.02   143.62    11.00     2.11  9999.00  9999.00  9999.00
 00021   882.02    19.44    25.15     1.68   168.27    25.38     0.00  9999.00  9999.00  9999.00
 00022  1002.94    25.49    57.68     1.91   177.73    20.77     0.08  9999.00  9999.00  9999.00
 00023   906.87    19.45    38.62     1.85   186.04    23.67     0.00  9999.00  9999.00  9999.00
 00024   932.40    23.13    18.38     0.77   107.26    25.35     0.00  9999.00  9999.00  9999.00
 00025   791.24    17.40    92.82     1.14   184.95    25.95     0.04  9999.00  9999.00  9999.00
 00026   998.16    27.52    77.66     4.55   203.25    27.96     0.00  9999.00  9999.00  9999.00
 00027   994.64    26.24    91.38     0.87   163.41    26.20     1.33  9999.00  9999.00  9999.00
 00028   965.10    24.10    94.28     1.87   215.38    14.90    14.77  9999.00  9999.00  9999.00
 00029  1001.55    25.55    96.02     2.79   174.83    26.92     0.07  9999.00  9999.00  9999.00
 00030   988.83    25.32    94.59     2.89   149.18    31.44     0.00  9999.00  9999.00  9999.00
 00031   573.95     6.28    64.19     1.82   208.45    22.32     0.58  9999.00  9999.00  9999.00
 00032   970.85    22.47    99.17     1.74   242.76     4.28     0.10  9999.00  9999.00  9999.00
 00033  1003.38    23.43    95.29     5.28   167.85     0.28     0.04  9999.00  9999.00  9999.00
 00034  1007.63    28.04    89.10     7.38   182.06    33.22     0.17  9999.00  9999.00  9999.00
 00035  1003.07    26.81    93.98     4.13   184.74    31.12     0.00  9999.00  9999.00  9999.00
 00036   772.56    16.04    95.85     0.85    75.14    17.88     1.52  9999.00  9999.00  9999.00
 00037   961.51    22.65    99.42     1.32   245.20     2.50     0.07  9999.00  9999.00  9999.00
 00038   990.25    23.72    98.71     1.07   219.67    24.60     0.00  9999.00  9999.00  9999.00
 00039  1003.16    25.30    96.34     6.35   220.40    23.34     0.00  9999.00  9999.00  9999.00
 00040  1002.07    25.58    97.54     3.70   226.64    21.41     0.01  9999.00  9999.00  9999.00
 00041   959.54    23.38    93.93     1.93   182.82    26.71     0.06  9999.00  9999.00  9999.00
 00042   997.59    25.57    89.70     2.97   192.51    27.06     1.88  9999.00  9999.00  9999.00
 00043   992.66    27.33    77.50     4.83   200.35    28.37     0.00  9999.00  9999.00  9999.00
 00044   975.14    23.18    97.05     1.33   169.79    26.00     0.00  9999.00  9999.00  9999.00
 00045  1002.07    25.58    97.54     3.70   226.64    21.41     0.01  9999.00  9999.00  9999.00
 00046   937.16    22.13    97.13     2.85   198.03    25.41     0.00  9999.00  9999.00  9999.00
 00047   992.46    23.56    98.77     3.16   214.62     8.00     0.00  9999.00  9999.00  9999.00
 00048   604.86     6.97    88.20     0.99   181.43    16.69     1.78  9999.00  9999.00  9999.00
 00049   578.11     2.83    99.70     1.12   177.08     0.58     0.54  9999.00  9999.00  9999.00
 00050   995.25    24.79    97.65     3.71   222.88    21.01     0.00  9999.00  9999.00  9999.00
