stn_id       p       t2      rh2      spd      dir      vis    rain6   rain24   tmax24   tmin24 
 00001   972.62    15.43    58.69     3.41   316.91    25.25     0.28  9999.00  9999.00  9999.00
 00002   994.64    13.72    50.06     2.75   265.97    20.54     0.00  9999.00  9999.00  9999.00
 00003   904.98     5.08    70.98     1.64   293.85    19.46     0.00  9999.00  9999.00  9999.00
 00004   837.08     2.90    40.99     2.33   144.98    18.06     0.00  9999.00  9999.00  9999.00
 00005   872.58     1.25    55.11     1.80   169.93    18.17     0.00  9999.00  9999.00  9999.00
 00006   882.82     5.13    41.80     2.69   297.18    18.11     0.00  9999.00  9999.00  9999.00
 00007  1002.26     9.13    87.35     2.32   194.85    19.90     0.00  9999.00  9999.00  9999.00
 00008   985.68     9.75    65.69     3.56   257.12    21.98     0.00  9999.00  9999.00  9999.00
 00009   944.71     4.39    79.30     2.28   226.39    37.20     0.00  9999.00  9999.00  9999.00
 00010   961.20     9.63    71.11     4.37   289.75    22.88     0.00  9999.00  9999.00  9999.00
 00011   990.94     8.75    63.20     3.11   302.12    24.56     0.00  9999.00  9999.00  9999.00
 00012  1009.03    15.57    49.62     2.17   253.76    19.16     0.00  9999.00  9999.00  9999.00
 00013  1004.71    20.49    87.03     4.35    38.48    12.10     0.32  9999.00  9999.00  9999.00
 00014   998.77    21.37    99.41     2.97    27.77     2.65     4.66  9999.00  9999.00  9999.00
 00015   995.38    16.00    51.58     1.56   323.59    19.35     0.01  9999.00  9999.00  9999.00
 00016   961.63     8.73    82.59     2.34   217.61    21.69     0.06  9999.00  9999.00  9999.00
 00017   999.49    12.77    87.91     3.70   315.03    11.29     4.72  9999.00  9999.00  9999.00
 00018  1003.86    21.06    83.94     4.78    34.64    12.01     1.07  9999.00  9999.00  9999.00
 00019   938.77    15.39    76.83     2.46   201.53    17.78     0.59  9999.00  9999.00  9999.00
 00020  1005.97    20.80    94.40     4.32    61.71    22.30     0.04  9999.00  9999.00  9999.00
 00021   889.02    11.57    58.87     1.44   206.30    26.89     0.00  9999.00  9999.00  9999.00
 00022  1012.60    15.40    65.06     1.64   225.52    18.61     0.00  9999.00  9999.00  9999.00
 00023   915.74     9.07    85.75     0.79   183.74    25.32     0.05  9999.00  9999.00  9999.00
 00024   939.63    12.31    86.90     2.33   108.13    26.73     0.09  9999.00  9999.00  9999.00
 00025   793.63    16.67    68.20     2.21   229.16    26.36     0.00  9999.00  9999.00  9999.00
 00026  1000.73    23.09    96.84     3.46   220.13     3.79    55.97  9999.00  9999.00  9999.00
 00027  1002.08    14.58    83.91     7.20   343.72    15.06     6.84  9999.00  9999.00  9999.00
 00028   970.98    15.82    84.54     6.34    36.87    11.94    16.03  9999.00  9999.00  9999.00
 00029  1001.99    26.05    95.89     2.90   189.44    24.83     0.24  9999.00  9999.00  9999.00
 00030   988.68    25.35    91.74     2.72   164.76    31.41     0.00  9999.00  9999.00  9999.00
 00031   576.82    -0.81    82.74     1.35   253.19    24.71     1.38  9999.00  9999.00  9999.00
 00032   971.33    22.27    96.85     1.34   248.27     2.24     0.08  9999.00  9999.00  9999.00
 00033  1003.79    22.99    96.68     6.00   171.06     6.75     0.00  9999.00  9999.00  9999.00
 00034  1008.80    27.99    91.56     8.04   192.65    28.18     0.02  9999.00  9999.00  9999.00
 00035  1003.82    26.81    94.11     5.00   188.36    29.42     0.00  9999.00  9999.00  9999.00
 00036   774.00    14.49    82.58     1.61    39.17    19.91     0.01  9999.00  9999.00  9999.00
 00037   961.94    21.99    97.68     1.13   251.15     5.61     0.11  9999.00  9999.00  9999.00
 00038   990.46    24.22    98.00     0.99   228.68    26.09     0.01  9999.00  9999.00  9999.00
 00039  1003.40    25.40    95.89     7.07   219.48    23.45     0.01  9999.00  9999.00  9999.00
 00040  1002.06    25.77    97.67     5.17   232.34    14.26     0.44  9999.00  9999.00  9999.00
 00041   962.02    20.79    99.14     1.13   172.76     0.91     4.61  9999.00  9999.00  9999.00
 00042  1003.56    21.57    94.71     4.28    39.58    19.61     0.92  9999.00  9999.00  9999.00
 00043   994.89    23.08    96.26     1.72   235.28    15.25    11.72  9999.00  9999.00  9999.00
 00044   976.56    22.04    99.15     1.59   211.78     1.03     8.03  9999.00  9999.00  9999.00
 00045  1002.06    25.77    97.67     5.17   232.34    14.26     0.44  9999.00  9999.00  9999.00
 00046   937.35    22.27    96.26     3.04   204.94    25.77     0.02  9999.00  9999.00  9999.00
 00047   992.41    23.12    99.27     1.89   226.50     0.83     0.88  9999.00  9999.00  9999.00
 00048   606.25     0.87    94.90     0.93   316.31     9.31     2.01  9999.00  9999.00  9999.00
 00049   578.09    -2.59    97.24     0.35   141.65     4.49     0.26  9999.00  9999.00  9999.00
 00050   995.47    24.94    97.57     4.21   221.83    21.34     0.00  9999.00  9999.00  9999.00
