stn_id       p       t2      rh2      spd      dir      vis    rain6   rain24   tmax24   tmin24 
 00001   964.72    22.48    93.20     2.12   312.72     7.16  9999.00  9999.00  9999.00  9999.00
 00002   996.23    22.06    20.78     5.50   347.17    20.48  9999.00  9999.00  9999.00  9999.00
 00003   904.67    15.92    22.15     5.76    11.87    19.36  9999.00  9999.00  9999.00  9999.00
 00004   837.62     9.68    27.33     5.77   103.16    18.01  9999.00  9999.00  9999.00  9999.00
 00005   873.97    12.16    25.76     6.07   350.38    18.15  9999.00  9999.00  9999.00  9999.00
 00006   884.65    11.72    39.75     4.18   320.14    18.14  9999.00  9999.00  9999.00  9999.00
 00007  1001.67    17.80    50.69     5.70   339.86    19.85  9999.00  9999.00  9999.00  9999.00
 00008   983.34    14.54    55.12     7.19   321.04    21.91  9999.00  9999.00  9999.00  9999.00
 00009   946.62    14.46    31.78     3.18   348.24    37.22  9999.00  9999.00  9999.00  9999.00
 00010   957.41    15.95    40.58     6.12   288.61    22.74  9999.00  9999.00  9999.00  9999.00
 00011   986.97    14.56    62.29     6.59   325.63    23.52  9999.00  9999.00  9999.00  9999.00
 00012  1010.72    24.14    25.85     4.80    21.86    19.14  9999.00  9999.00  9999.00  9999.00
 00013  1005.60    24.58    76.15     3.65    75.46    24.31  9999.00  9999.00  9999.00  9999.00
 00014  1001.78    26.94    74.65     0.67   205.25    25.21  9999.00  9999.00  9999.00  9999.00
 00015   994.91    20.11    24.39     3.16    24.12    19.25  9999.00  9999.00  9999.00  9999.00
 00016   959.10    11.11    87.78     3.85   308.10     1.31  9999.00  9999.00  9999.00  9999.00
 00017   998.04    15.50    52.04     5.94    29.71    11.56  9999.00  9999.00  9999.00  9999.00
 00018  1003.91    24.90    75.60     3.34    55.97    24.33  9999.00  9999.00  9999.00  9999.00
 00019   931.85    19.67    82.24     3.41    85.09    21.64  9999.00  9999.00  9999.00  9999.00
 00020  1008.81    24.80    77.99     5.14   122.76    20.86  9999.00  9999.00  9999.00  9999.00
 00021   889.30    15.25    56.84     2.86   319.92    26.95  9999.00  9999.00  9999.00  9999.00
 00022  1013.28    23.04    31.21     4.50    18.90    18.56  9999.00  9999.00  9999.00  9999.00
 00023   916.59    13.79    76.79     2.80   283.91     9.74  9999.00  9999.00  9999.00  9999.00
 00024   940.94    12.82    67.41     1.97    28.87    26.20  9999.00  9999.00  9999.00  9999.00
 00025   793.25    23.08    42.56     6.14   260.01    26.36  9999.00  9999.00  9999.00  9999.00
 00026  1002.53    25.02    93.31     2.46   245.90    11.28  9999.00  9999.00  9999.00  9999.00
 00027   997.77    26.70    86.18     3.73   209.49    25.66  9999.00  9999.00  9999.00  9999.00
 00028   966.90    26.28    82.23     3.52   199.32    20.10  9999.00  9999.00  9999.00  9999.00
 00029  1003.27    30.15    83.17     2.86   166.83    26.79  9999.00  9999.00  9999.00  9999.00
 00030   989.84    31.27    69.17     5.93   184.91    31.41  9999.00  9999.00  9999.00  9999.00
 00031   572.46     3.20    39.64     2.42   277.96    23.87  9999.00  9999.00  9999.00  9999.00
 00032   974.38    26.70    76.60     2.58   222.51    21.19  9999.00  9999.00  9999.00  9999.00
 00033  1005.09    25.76    89.08     4.29   164.33    29.82  9999.00  9999.00  9999.00  9999.00
 00034  1010.23    28.49    88.70     7.05   185.90    25.83  9999.00  9999.00  9999.00  9999.00
 00035  1004.97    32.42    70.99     5.79   183.27    29.52  9999.00  9999.00  9999.00  9999.00
 00036   773.06    20.21    57.32     2.03   210.46    24.38  9999.00  9999.00  9999.00  9999.00
 00037   964.92    26.77    77.01     2.02   223.83    22.19  9999.00  9999.00  9999.00  9999.00
 00038   992.81    29.56    75.73     1.82   194.06    26.31  9999.00  9999.00  9999.00  9999.00
 00039  1006.40    26.89    85.88     6.08   200.92    19.05  9999.00  9999.00  9999.00  9999.00
 00040  1004.73    27.91    87.57     3.63   201.97    24.02  9999.00  9999.00  9999.00  9999.00
 00041   964.70    23.99    83.70     1.43   176.46     1.53  9999.00  9999.00  9999.00  9999.00
 00042  1004.93    26.31    76.56     1.96    61.12    22.92  9999.00  9999.00  9999.00  9999.00
 00043   995.77    28.20    82.73     2.81   227.46     6.08  9999.00  9999.00  9999.00  9999.00
 00044   979.41    23.54    94.50     1.35    94.93     1.96  9999.00  9999.00  9999.00  9999.00
 00045  1004.73    27.91    87.57     3.63   201.97    24.02  9999.00  9999.00  9999.00  9999.00
 00046   939.49    26.77    76.37     3.70   211.11    24.85  9999.00  9999.00  9999.00  9999.00
 00047   997.13    24.47    89.43     1.18   132.65    10.45  9999.00  9999.00  9999.00  9999.00
 00048   603.80     4.33    72.69     0.77   132.20    24.66  9999.00  9999.00  9999.00  9999.00
 00049   576.96     0.83    51.67     2.59   187.30    23.63  9999.00  9999.00  9999.00  9999.00
 00050   998.35    28.40    80.71     5.03   203.96    24.08  9999.00  9999.00  9999.00  9999.00
