stn_id       p       t2      rh2      spd      dir      vis    rain6   rain24   tmax24   tmin24 
 00001   972.95    17.13    89.77     0.99   267.09    21.45  9999.00  9999.00  9999.00  9999.00
 00002   998.91     4.44    89.73     1.49   293.80    23.96  9999.00  9999.00  9999.00  9999.00
 00003   905.00     0.69    51.40     1.90   306.28    22.49  9999.00  9999.00  9999.00  9999.00
 00004   834.53    -3.86    51.87     5.33   289.55    22.26  9999.00  9999.00  9999.00  9999.00
 00005   871.53    -7.28    63.85     5.85   349.95    23.84  9999.00  9999.00  9999.00  9999.00
 00006   883.36    -8.33    44.04     5.67   316.16    24.01  9999.00  9999.00  9999.00  9999.00
 00007  1011.46    -2.96    84.71     2.07    31.48    26.51  9999.00  9999.00  9999.00  9999.00
 00008   993.35    -8.08    91.09     2.89   265.51    29.75  9999.00  9999.00  9999.00  9999.00
 00009   947.84   -14.62    87.20     2.50    39.36    38.63  9999.00  9999.00  9999.00  9999.00
 00010   967.67     0.27    94.62     1.42   302.58    26.70  9999.00  9999.00  9999.00  9999.00
 00011   999.00    -7.11    94.62     3.14   296.04    32.37  9999.00  9999.00  9999.00  9999.00
 00012  1015.13     1.77    89.05     1.34   274.67    23.71  9999.00  9999.00  9999.00  9999.00
 00013  1014.32    10.91    94.58     2.13   189.43    19.66  9999.00  9999.00  9999.00  9999.00
 00014  1011.05    15.83    87.59     0.83   159.54    19.08  9999.00  9999.00  9999.00  9999.00
 00015   997.34    11.52    80.24     1.48   282.07    20.49  9999.00  9999.00  9999.00  9999.00
 00016   958.62     8.74    85.57     0.86   157.71    20.77  9999.00  9999.00  9999.00  9999.00
 00017   998.88     9.62    90.57     1.45   256.78    19.93  9999.00  9999.00  9999.00  9999.00
 00018  1012.84    11.16    97.07     2.06   165.70    19.25  9999.00  9999.00  9999.00  9999.00
 00019   938.08    15.49    86.31     0.58   290.00    24.57  9999.00  9999.00  9999.00  9999.00
 00020  1016.89    16.62    85.28     1.34   152.97    19.43  9999.00  9999.00  9999.00  9999.00
 00021   892.44    -0.13    79.54     0.75   160.35    33.03  9999.00  9999.00  9999.00  9999.00
 00022  1017.76     4.41    74.31     2.08    23.62    22.41  9999.00  9999.00  9999.00  9999.00
 00023   918.29     2.01    75.34     1.18   143.64    27.67  9999.00  9999.00  9999.00  9999.00
 00024   947.48    -7.12    69.81     3.26   113.00    29.96  9999.00  9999.00  9999.00  9999.00
 00025   796.50    11.26    89.65     2.07   214.54    20.60  9999.00  9999.00  9999.00  9999.00
 00026  1011.71    16.01    92.92     1.75    26.03     8.17  9999.00  9999.00  9999.00  9999.00
 00027  1007.01    18.28    91.88     1.15    39.98     3.40  9999.00  9999.00  9999.00  9999.00
 00028   974.59    17.55    92.80     1.31    12.77    14.12  9999.00  9999.00  9999.00  9999.00
 00029  1009.56    22.78    96.29     1.16   153.17    10.50  9999.00  9999.00  9999.00  9999.00
 00030   997.22    22.82    93.12     1.93   106.69    23.74  9999.00  9999.00  9999.00  9999.00
 00031   572.82    -3.00    33.17     1.96   180.48    32.50  9999.00  9999.00  9999.00  9999.00
 00032   981.59    16.80    92.19     1.24   258.49    18.33  9999.00  9999.00  9999.00  9999.00
 00033  1010.85    22.86    98.05     2.40   136.20     0.21  9999.00  9999.00  9999.00  9999.00
 00034  1012.90    26.71    87.69     1.86   117.67    28.73  9999.00  9999.00  9999.00  9999.00
 00035  1009.93    24.85    95.77     1.34   113.51     6.24  9999.00  9999.00  9999.00  9999.00
 00036   776.66     9.96    69.36     1.06    72.85    21.59  9999.00  9999.00  9999.00  9999.00
 00037   971.91    17.04    91.73     0.83   109.99    16.86  9999.00  9999.00  9999.00  9999.00
 00038   999.24    19.64    91.16     1.03   158.11    20.90  9999.00  9999.00  9999.00  9999.00
 00039  1012.67    22.38    80.31     5.67    31.13    20.43  9999.00  9999.00  9999.00  9999.00
 00040  1010.45    23.12    86.33     3.75    53.69    21.84  9999.00  9999.00  9999.00  9999.00
 00041   972.75    11.92    95.28     1.05   163.90    18.16  9999.00  9999.00  9999.00  9999.00
 00042  1014.38    11.95    96.03     1.76   149.63    19.25  9999.00  9999.00  9999.00  9999.00
 00043  1004.79    16.99    95.99     1.99    37.35     9.26  9999.00  9999.00  9999.00  9999.00
 00044   987.41    15.55    88.44     1.51    95.01     9.39  9999.00  9999.00  9999.00  9999.00
 00045  1010.45    23.12    86.33     3.75    53.69    21.84  9999.00  9999.00  9999.00  9999.00
 00046   944.72    16.32    99.77     0.96   120.94    19.33  9999.00  9999.00  9999.00  9999.00
 00047  1006.23    17.45    96.72     1.58   331.68     5.37  9999.00  9999.00  9999.00  9999.00
 00048   606.84    -6.85    77.24     1.51   127.50    34.72  9999.00  9999.00  9999.00  9999.00
 00049   577.88    -4.42    92.46     0.40    70.53    24.25  9999.00  9999.00  9999.00  9999.00
 00050  1005.11    20.41    77.80     2.69    34.85    19.84  9999.00  9999.00  9999.00  9999.00
