stn_id       p       t2      rh2      spd      dir      vis    rain6   rain24   tmax24   tmin24 
 00001   977.69    17.47    90.76     0.84   278.93    12.39     0.97     1.17    20.07    17.09
 00002   996.09    14.61    62.39     2.08   241.45    23.17     0.00     0.00    26.19     8.23
 00003   906.36     9.96    52.59     1.88   292.62    22.05     0.00     0.00    21.23     3.24
 00004   838.15     6.35    67.20     3.00   218.82    22.09     0.00     0.00    13.71     1.62
 00005   871.56     8.35    37.13     2.80   272.09    24.62     0.00     0.00    16.29     0.97
 00006   880.01     9.54    27.72     3.72   238.63    25.61     0.00     0.00    17.90     4.21
 00007  1005.06    12.93    89.10     3.55   170.71    25.67     0.18     0.28    19.57    11.27
 00008   989.32     7.23    79.85     2.84   323.99    27.83     0.00     0.00    17.11     7.34
 00009   941.16    -2.20    70.48     3.02   169.86    34.71     0.00     0.00     6.73    -9.21
 00010   968.08     8.87    84.07     1.80   247.36    28.02     0.04     0.11    17.46     0.14
 00011   996.11     6.28    80.29     2.38   294.24    29.74     0.00     0.00    14.53     6.43
 00012  1010.56    13.06    81.28     2.21   196.85    23.25     0.00     0.00    21.17     6.19
 00013  1015.18    18.45    74.67     1.68   261.95    21.25     0.00     0.00    23.73    11.34
 00014  1011.75    18.88    86.86     1.77    29.01    21.41     0.00     0.00    25.81    12.85
 00015   997.00    16.59    64.74     2.24   190.63    20.20     0.00     0.00    24.72    13.51
 00016   959.11    16.89    78.65     0.42   108.93    21.24     0.00     0.00    21.21     7.59
 00017   999.87    15.32    82.34     1.98   233.17    20.63     0.00     0.00    24.81    12.91
 00018  1014.04    16.41    77.84     2.01   202.22    20.78     0.00     0.00    23.86    10.64
 00019   942.18    17.07    82.35     1.02   165.07    25.94     0.01     0.03    19.25    12.93
 00020  1017.65    19.12    91.48     2.35   186.07    20.78     0.01     0.22    24.86    16.51
 00021   899.82     5.56    79.13     1.65   214.70    28.04     0.00     0.61     9.60     4.53
 00022  1013.79    18.12    61.09     0.76   169.48    21.71     0.00     0.00    22.68     9.15
 00023   927.30     3.53    79.23     1.72    58.78    23.35     0.01     1.13     6.58     3.54
 00024   953.85     4.19    66.96     2.45   122.52    25.68     0.00     0.01     7.11    -0.02
 00025   799.83    15.44    87.95     1.50   242.73    20.60     0.58     0.81    20.12    11.45
 00026  1013.95    18.93    85.28     1.71    45.02    17.91     0.00     0.00    25.26    12.61
 00027  1009.41    20.77    75.00     2.02    43.38    21.25     0.00     0.00    26.70    13.87
 00028   978.62    20.87    81.78     1.38   120.36    20.78     0.00     0.00    24.06    16.00
 00029  1010.74    25.33    81.63     1.29   327.16    24.34     0.01     0.01    29.30    19.64
 00030  1000.01    24.05    86.17     1.70    72.03    26.70     0.09     0.12    28.29    17.94
 00031   574.63    -2.76    26.88     2.88   214.53    30.30     0.00     0.00     4.21    -8.66
 00032   983.05    19.26    94.11     0.96    54.93    20.25     0.06     1.21    21.79    18.30
 00033  1012.44    21.30    96.43     6.36    89.75     0.39     0.06     2.14    22.42    20.53
 00034  1012.68    27.06    87.60     8.03    71.18    26.50     2.80     8.92    27.78    26.42
 00035  1011.53    25.53    86.68     4.70    72.51    16.15     2.02     8.84    27.91    23.95
 00036   779.04    14.76    79.37     1.63   173.47    13.09     0.49     0.62    18.48     7.32
 00037   973.38    18.86    95.55     0.84    61.51    20.30     0.06     1.22    22.48    18.27
 00038  1000.13    23.00    86.97     1.88   133.74    23.02     0.00     0.00    29.07    17.37
 00039  1013.73    23.32    86.69     8.01    38.70    22.43     0.00     0.00    25.95    21.85
 00040  1011.42    23.77    90.13     4.60    54.67    23.87     0.00     0.00    27.74    20.59
 00041   974.46    18.16    73.15     1.22   234.50    20.31     0.00     0.00    23.56    11.38
 00042  1015.43    19.76    67.85     1.44   315.82    21.13     0.00     0.00    24.35    11.80
 00043  1007.58    19.09    90.73     1.92    43.20    21.73     0.00     0.00    25.29    13.38
 00044   988.79    20.31    81.12     0.81   249.96    20.84     0.00     0.00    24.94    13.00
 00045  1011.42    23.77    90.13     4.60    54.67    23.87     0.00     0.00    27.74    20.59
 00046   946.58    19.91    86.02     1.44   313.53    21.67     0.00     0.01    25.42    13.69
 00047  1006.92    20.22    95.09     0.76   285.53    20.33     0.02     0.34    23.04    19.46
 00048   605.84     4.33    23.50     1.72   138.85    33.60     0.01     0.01     7.08    -5.06
 00049   580.15    -3.52    72.87     1.84   205.81    28.44     0.00     0.00     2.20    -8.15
 00050  1006.24    21.89    86.62     4.42    35.66    21.86     0.00     0.04    27.48    20.22
