stn_id       p       t2      rh2      spd      dir      vis    rain6   rain24   tmax24   tmin24 
 00001   975.01    19.69    79.48     1.37    42.01    21.99  9999.00  9999.00  9999.00  9999.00
 00002  1000.39    15.24    56.05     1.68    96.76    23.31  9999.00  9999.00  9999.00  9999.00
 00003   906.14    15.46    24.25     2.29   300.46    22.09  9999.00  9999.00  9999.00  9999.00
 00004   838.22     7.80    37.97     2.32   279.11    22.10  9999.00  9999.00  9999.00  9999.00
 00005   872.46    11.29    30.15     2.82   203.73    24.60  9999.00  9999.00  9999.00  9999.00
 00006   882.38    10.68    21.59     3.49   284.74    25.58  9999.00  9999.00  9999.00  9999.00
 00007  1010.14     6.36    42.46     2.76    29.14    25.78  9999.00  9999.00  9999.00  9999.00
 00008   994.01     3.57    42.41     2.09   317.71    28.09  9999.00  9999.00  9999.00  9999.00
 00009   941.94    -1.75    37.35     2.21   213.71    35.21  9999.00  9999.00  9999.00  9999.00
 00010   969.49     5.19    44.92     2.94   297.25    28.21  9999.00  9999.00  9999.00  9999.00
 00011  1000.58     2.55    47.33     2.00   281.50    30.11  9999.00  9999.00  9999.00  9999.00
 00012  1016.56    13.44    48.54     2.06   177.89    23.34  9999.00  9999.00  9999.00  9999.00
 00013  1012.82    21.76    78.19     1.72   276.80    21.05  9999.00  9999.00  9999.00  9999.00
 00014  1009.48    23.73    56.54     0.68    64.38    21.05  9999.00  9999.00  9999.00  9999.00
 00015   999.95    17.34    45.75     2.47    34.13    20.25  9999.00  9999.00  9999.00  9999.00
 00016   958.73    19.06    72.20     1.10   156.00    21.17  9999.00  9999.00  9999.00  9999.00
 00017  1001.04    19.04    62.61     1.47    62.29    20.54  9999.00  9999.00  9999.00  9999.00
 00018  1012.15    21.87    74.59     2.04   301.11    20.60  9999.00  9999.00  9999.00  9999.00
 00019   939.81    17.48    89.93     0.69    89.78    14.83  9999.00  9999.00  9999.00  9999.00
 00020  1015.09    20.87    72.62     1.78   245.59    20.08  9999.00  9999.00  9999.00  9999.00
 00021   887.83    14.93    31.73     2.45   132.25    28.32  9999.00  9999.00  9999.00  9999.00
 00022  1019.68    16.22    23.94     0.99   170.64    21.81  9999.00  9999.00  9999.00  9999.00
 00023   913.30    16.51    41.52     1.22   243.61    23.57  9999.00  9999.00  9999.00  9999.00
 00024   939.24    12.27    34.30     7.63   121.64    25.86  9999.00  9999.00  9999.00  9999.00
 00025   796.03    15.82    86.85     2.79   118.79    11.84  9999.00  9999.00  9999.00  9999.00
 00026  1011.48    23.05    74.88     1.62   152.15    20.97  9999.00  9999.00  9999.00  9999.00
 00027  1008.08    22.40    74.76     1.92   331.62    19.01  9999.00  9999.00  9999.00  9999.00
 00028   977.45    18.72    88.25     2.40    13.94    20.42  9999.00  9999.00  9999.00  9999.00
 00029  1006.54    28.27    71.32     1.13   129.83    23.83  9999.00  9999.00  9999.00  9999.00
 00030   995.66    27.64    74.09     1.66    99.42    26.04  9999.00  9999.00  9999.00  9999.00
 00031   571.43     2.77    14.02     3.00   247.64    30.44  9999.00  9999.00  9999.00  9999.00
 00032   979.88    21.49    80.33     1.52    81.60    18.01  9999.00  9999.00  9999.00  9999.00
 00033  1008.86    20.79    98.65     4.76    85.18     0.64  9999.00  9999.00  9999.00  9999.00
 00034  1009.72    27.02    84.70     2.97   110.94    13.14  9999.00  9999.00  9999.00  9999.00
 00035  1008.05    24.54    95.93     2.15    96.40     5.81  9999.00  9999.00  9999.00  9999.00
 00036   776.77    13.10    84.87     0.81   240.29     9.98  9999.00  9999.00  9999.00  9999.00
 00037   970.17    21.51    81.57     1.35    90.34    19.77  9999.00  9999.00  9999.00  9999.00
 00038   996.26    25.60    73.96     1.15   178.29    22.42  9999.00  9999.00  9999.00  9999.00
 00039  1010.31    24.06    79.56     8.17    57.69    22.10  9999.00  9999.00  9999.00  9999.00
 00040  1007.88    25.03    74.63     5.08    74.77    23.51  9999.00  9999.00  9999.00  9999.00
 00041   972.48    20.92    62.95     1.40   331.74    19.99  9999.00  9999.00  9999.00  9999.00
 00042  1013.16    21.45    76.29     1.85   276.26    20.88  9999.00  9999.00  9999.00  9999.00
 00043  1005.18    23.38    73.17     1.15    16.00    21.37  9999.00  9999.00  9999.00  9999.00
 00044   986.13    22.87    77.58     1.20    90.65    20.51  9999.00  9999.00  9999.00  9999.00
 00045  1007.88    25.03    74.63     5.08    74.77    23.51  9999.00  9999.00  9999.00  9999.00
 00046   943.82    21.65    77.30     1.98    15.89    20.00  9999.00  9999.00  9999.00  9999.00
 00047  1004.27    21.58    90.06     2.18   108.81     8.10  9999.00  9999.00  9999.00  9999.00
 00048   602.25     6.48    16.86     2.68   231.65    33.60  9999.00  9999.00  9999.00  9999.00
 00049   576.25     0.26    46.26     3.12   215.06    28.22  9999.00  9999.00  9999.00  9999.00
 00050  1002.73    24.18    70.65     5.25    59.92    21.27  9999.00  9999.00  9999.00  9999.00
