stn_id       p       t2      rh2      spd      dir      vis    rain6   rain24   tmax24   tmin24 
 00001   976.73    16.75    94.24     0.64   265.97     4.65     3.60  9999.00  9999.00  9999.00
 00002   995.64    11.99    53.18     2.92   265.15    23.15     0.00  9999.00  9999.00  9999.00
 00003   906.39     7.59    71.40     1.05   286.83    22.07     0.00  9999.00  9999.00  9999.00
 00004   837.80     5.64    82.82     2.99   219.79    22.10     0.00  9999.00  9999.00  9999.00
 00005   871.63     6.21    39.03     1.00   142.87    24.61     0.00  9999.00  9999.00  9999.00
 00006   880.37     7.22    30.43     5.05   236.57    25.61     0.00  9999.00  9999.00  9999.00
 00007  1004.58    11.00    95.47     2.91   160.56    25.61     0.00  9999.00  9999.00  9999.00
 00008   989.06     4.24    92.17     2.04   112.40    23.76     0.00  9999.00  9999.00  9999.00
 00009   938.78     0.29    69.93     2.91   202.02    34.73     0.00  9999.00  9999.00  9999.00
 00010   967.80     4.83    93.62     1.55   240.36    28.03     0.00  9999.00  9999.00  9999.00
 00011   996.60     3.09    93.18     1.36   279.67    29.79     0.00  9999.00  9999.00  9999.00
 00012  1010.23     9.05    91.16     1.53   350.35    23.24     0.00  9999.00  9999.00  9999.00
 00013  1014.79    13.20    92.30     2.35   283.64    21.21     0.00  9999.00  9999.00  9999.00
 00014  1011.29    15.49    92.42     1.55   306.99    21.35     0.00  9999.00  9999.00  9999.00
 00015   996.53    14.90    75.71     3.05   197.06    20.20     0.00  9999.00  9999.00  9999.00
 00016   959.41    11.17    94.06     1.05   176.88    21.21     0.00  9999.00  9999.00  9999.00
 00017   999.52    14.84    77.55     2.75   272.05    20.60     0.00  9999.00  9999.00  9999.00
 00018  1013.62    13.01    86.83     2.22   248.72    20.74     0.00  9999.00  9999.00  9999.00
 00019   941.10    14.39    92.64     1.25   275.87    22.80     0.01  9999.00  9999.00  9999.00
 00020  1016.91    15.38    98.75     1.59   264.14    14.36     0.00  9999.00  9999.00  9999.00
 00021   899.62     2.62    87.79     1.33   155.19    28.10     0.00  9999.00  9999.00  9999.00
 00022  1012.95    11.40    82.47     2.48   210.31    21.69     0.00  9999.00  9999.00  9999.00
 00023   926.30     0.73    84.35     1.52   163.73    23.02     0.00  9999.00  9999.00  9999.00
 00024   953.91     2.01    75.55     3.17   103.31    25.75     0.00  9999.00  9999.00  9999.00
 00025   799.37    13.75    93.12     1.53   183.97    23.17     0.05  9999.00  9999.00  9999.00
 00026  1013.03    15.37    93.51     1.67   334.72    21.22     0.00  9999.00  9999.00  9999.00
 00027  1009.03    17.17    88.65     1.49   127.47    21.20     0.00  9999.00  9999.00  9999.00
 00028   977.74    19.73    89.62     1.21   210.51    20.74     0.02  9999.00  9999.00  9999.00
 00029  1009.78    22.99    91.78     1.20    50.63    24.28     0.01  9999.00  9999.00  9999.00
 00030   999.90    21.34    94.23     1.55    82.83    26.62     0.00  9999.00  9999.00  9999.00
 00031   575.63    -6.10    62.35     2.03   194.46    30.39     0.00  9999.00  9999.00  9999.00
 00032   981.51    17.51    97.02     1.48   329.60     4.61     0.01  9999.00  9999.00  9999.00
 00033  1011.64    21.99    95.09     5.26    62.84    21.41     0.27  9999.00  9999.00  9999.00
 00034  1011.17    26.45    90.12     5.76    77.67     8.58     3.19  9999.00  9999.00  9999.00
 00035  1010.62    24.93    89.27     3.79    45.91    11.50     0.37  9999.00  9999.00  9999.00
 00036   778.75    12.30    92.65     1.37   158.25    21.96     0.63  9999.00  9999.00  9999.00
 00037   971.92    17.84    98.04     0.95   329.60     6.21     0.01  9999.00  9999.00  9999.00
 00038   998.93    20.00    97.43     0.89   295.40    22.95     0.01  9999.00  9999.00  9999.00
 00039  1012.28    22.64    86.86     6.09    78.91    22.36     0.00  9999.00  9999.00  9999.00
 00040  1010.24    22.23    89.54     3.65    67.34    23.00     0.01  9999.00  9999.00  9999.00
 00041   973.83    14.39    85.34     0.66   293.40    20.26     0.00  9999.00  9999.00  9999.00
 00042  1015.02    13.00    93.77     1.83   230.13    21.08     0.00  9999.00  9999.00  9999.00
 00043  1006.68    17.21    93.54     1.43    43.33    21.65     0.00  9999.00  9999.00  9999.00
 00044   987.88    16.56    93.88     0.64   201.33    20.77     0.00  9999.00  9999.00  9999.00
 00045  1010.24    22.23    89.54     3.65    67.34    23.00     0.01  9999.00  9999.00  9999.00
 00046   945.44    18.65    89.94     1.00    57.08    21.60     0.01  9999.00  9999.00  9999.00
 00047  1005.80    18.16    99.18     1.64   308.38     0.50     0.00  9999.00  9999.00  9999.00
 00048   607.29    -0.79    46.22     1.51   174.39    33.69     0.00  9999.00  9999.00  9999.00
 00049   580.12    -7.16    88.41     0.38   145.54    19.82     0.00  9999.00  9999.00  9999.00
 00050  1004.76    20.85    89.03     3.20   325.66    21.79     0.00  9999.00  9999.00  9999.00
