stn_id       p       t2      rh2      spd      dir      vis    rain6   rain24   tmax24   tmin24 
 00001   969.65    19.99    94.99     1.26   317.89    17.61     3.09  9999.00  9999.00  9999.00
 00002   999.85    13.82    83.72     1.59   296.12    23.69     1.39  9999.00  9999.00  9999.00
 00003   905.38    12.42    94.66     1.75    55.27    15.14     1.48  9999.00  9999.00  9999.00
 00004   836.31     9.69    93.04     1.12   216.32    22.73     0.26  9999.00  9999.00  9999.00
 00005   871.04    11.20    92.95     2.37   210.29    25.92     0.85  9999.00  9999.00  9999.00
 00006   879.97    12.95    72.97     4.31   218.49    26.72     0.03  9999.00  9999.00  9999.00
 00007  1009.85    17.94    70.90     3.80   183.28    25.80     0.06  9999.00  9999.00  9999.00
 00008   993.54    17.54    66.72     3.91   174.02    26.82     0.00  9999.00  9999.00  9999.00
 00009   942.30     9.72    92.41     2.01   162.12    30.56     0.30  9999.00  9999.00  9999.00
 00010   975.30    11.86    88.16     1.84   119.39    29.52     0.00  9999.00  9999.00  9999.00
 00011  1000.45    16.12    72.20     4.35   179.12    27.70     0.00  9999.00  9999.00  9999.00
 00012  1014.91    15.84    69.46     1.18   201.03    23.24     0.00  9999.00  9999.00  9999.00
 00013  1012.27    21.40    80.67     2.70   100.46    23.30     0.00  9999.00  9999.00  9999.00
 00014  1009.31    21.18    85.50     2.67    82.47    24.63     0.03  9999.00  9999.00  9999.00
 00015   999.34    16.24    81.99     2.00   125.94     3.38     0.76  9999.00  9999.00  9999.00
 00016   957.37    13.73    88.05     0.22   219.15    23.65     0.65  9999.00  9999.00  9999.00
 00017   999.61    16.59    92.98     3.18    54.23    19.71     4.39  9999.00  9999.00  9999.00
 00018  1010.37    21.78    86.05     2.76    99.27    22.79     0.01  9999.00  9999.00  9999.00
 00019   935.62    18.13    88.20     0.80   244.69    21.48     0.22  9999.00  9999.00  9999.00
 00020  1015.76    20.30    91.48     3.20    67.70    22.85     0.00  9999.00  9999.00  9999.00
 00021   894.79     4.50    86.43     1.56    97.98     2.38     4.59  9999.00  9999.00  9999.00
 00022  1017.94    16.68    71.70     0.53   124.76    21.16     0.00  9999.00  9999.00  9999.00
 00023   921.62     8.58    46.93     5.19   290.38    22.65     0.00  9999.00  9999.00  9999.00
 00024   943.69     7.49    54.70     9.25   282.17    24.70     0.00  9999.00  9999.00  9999.00
 00025   793.86    19.34    78.52     1.57   196.96    24.81     0.05  9999.00  9999.00  9999.00
 00026  1008.45    23.34    88.26     1.54   245.53    23.88     0.00  9999.00  9999.00  9999.00
 00027  1004.03    23.20    87.30     3.31   340.18    23.94     0.02  9999.00  9999.00  9999.00
 00028   971.86    22.51    90.76     2.26   104.54    23.43     0.59  9999.00  9999.00  9999.00
 00029  1004.51    26.50    88.27     1.36    36.60    25.62     0.69  9999.00  9999.00  9999.00
 00030   992.67    26.02    84.36     1.64   151.00    28.70     0.03  9999.00  9999.00  9999.00
 00031   573.74     7.57    59.90     1.43   192.33    21.94     0.48  9999.00  9999.00  9999.00
 00032   978.61    21.14    93.17     1.48    68.90    21.01     0.02  9999.00  9999.00  9999.00
 00033  1006.44    21.79    97.74     4.73   101.11     0.35     0.05  9999.00  9999.00  9999.00
 00034  1007.72    27.36    88.36     7.03    51.30    22.42     4.27  9999.00  9999.00  9999.00
 00035  1005.72    26.35    89.50     2.86    69.50    18.13     1.23  9999.00  9999.00  9999.00
 00036   773.58    18.45    78.27     1.49   173.65    23.36     0.09  9999.00  9999.00  9999.00
 00037   968.98    21.70    92.43     1.19    93.70    22.56     0.03  9999.00  9999.00  9999.00
 00038   994.84    24.67    86.25     1.32   120.03    24.80     0.12  9999.00  9999.00  9999.00
 00039  1008.80    24.05    89.49     8.39    34.92    24.56     0.01  9999.00  9999.00  9999.00
 00040  1005.90    24.77    88.40     5.83    57.25    25.35     0.02  9999.00  9999.00  9999.00
 00041   970.50    22.06    88.58     1.29   116.22    23.17     0.03  9999.00  9999.00  9999.00
 00042  1011.62    21.97    83.04     3.73    82.46    23.61     0.00  9999.00  9999.00  9999.00
 00043  1001.92    24.31    86.94     2.08    33.98    24.38     0.07  9999.00  9999.00  9999.00
 00044   984.07    24.16    85.23     1.78    42.24    23.67     0.86  9999.00  9999.00  9999.00
 00045  1005.90    24.77    88.40     5.83    57.25    25.35     0.02  9999.00  9999.00  9999.00
 00046   941.74    23.46    85.01     1.09    57.06    24.32     0.14  9999.00  9999.00  9999.00
 00047  1003.15    22.12    88.04     1.83    55.96    23.55     0.03  9999.00  9999.00  9999.00
 00048   604.53     9.83    62.14     1.35   160.27    30.56     0.12  9999.00  9999.00  9999.00
 00049   579.00     2.86    96.49     1.74   190.47    19.08     0.92  9999.00  9999.00  9999.00
 00050  1001.53    23.38    87.39     4.77    33.15    23.86     0.03  9999.00  9999.00  9999.00
