stn_id       p       t2      rh2      spd      dir      vis    rain6   rain24   tmax24   tmin24 
 00001   962.69    24.43    97.46     1.24    54.10    14.64  9999.00  9999.00  9999.00  9999.00
 00002   989.90    24.61    88.45     0.43   255.24    27.41  9999.00  9999.00  9999.00  9999.00
 00003   900.60    20.55    86.17     1.35    53.71    25.44  9999.00  9999.00  9999.00  9999.00
 00004   834.35    15.38    93.74     1.74   137.30    25.16  9999.00  9999.00  9999.00  9999.00
 00005   868.05    18.33    79.37     0.82   118.56    25.62  9999.00  9999.00  9999.00  9999.00
 00006   877.26    18.93    73.94     2.82   212.26    26.11  9999.00  9999.00  9999.00  9999.00
 00007  1001.92    22.64    94.92     2.93   173.94    25.12  9999.00  9999.00  9999.00  9999.00
 00008   986.79    21.64    97.20     3.13   201.14    26.12  9999.00  9999.00  9999.00  9999.00
 00009   941.46    14.61    97.50     1.82   199.01    35.64  9999.00  9999.00  9999.00  9999.00
 00010   967.30    20.76    93.92     1.44   261.45    12.67  9999.00  9999.00  9999.00  9999.00
 00011   993.43    20.43    97.47     2.96   184.21    27.41  9999.00  9999.00  9999.00  9999.00
 00012  1005.36    24.52    90.80     1.49   156.81    25.37  9999.00  9999.00  9999.00  9999.00
 00013  1005.17    24.78    92.70     2.91    79.06     6.89  9999.00  9999.00  9999.00  9999.00
 00014  1002.84    24.48    91.99     1.72   105.21    28.35  9999.00  9999.00  9999.00  9999.00
 00015   990.72    23.95    91.23     1.63   161.15    23.65  9999.00  9999.00  9999.00  9999.00
 00016   947.38    22.45    85.82     1.58    91.45    26.35  9999.00  9999.00  9999.00  9999.00
 00017   991.29    23.78    96.96     1.09    62.78    25.80  9999.00  9999.00  9999.00  9999.00
 00018  1003.23    25.07    94.12     2.55    52.92    22.53  9999.00  9999.00  9999.00  9999.00
 00019   927.98    23.23    91.30     0.85   170.52    12.40  9999.00  9999.00  9999.00  9999.00
 00020  1010.11    23.35    95.42     3.94   140.66    12.63  9999.00  9999.00  9999.00  9999.00
 00021   885.03    21.13    34.05     1.60   153.50    25.77  9999.00  9999.00  9999.00  9999.00
 00022  1008.27    23.76    82.17     2.49   124.25    23.94  9999.00  9999.00  9999.00  9999.00
 00023   910.18    22.09    30.35     1.12   184.92    21.34  9999.00  9999.00  9999.00  9999.00
 00024   934.22    21.84    34.95     2.30   305.28    23.38  9999.00  9999.00  9999.00  9999.00
 00025   792.82    17.14    85.81     1.50   194.07    24.97  9999.00  9999.00  9999.00  9999.00
 00026  1001.71    25.16    97.32     2.06    35.87    20.08  9999.00  9999.00  9999.00  9999.00
 00027   997.00    25.28    95.19     1.36    55.37    28.72  9999.00  9999.00  9999.00  9999.00
 00028   966.31    24.79    98.31     0.45   167.31     5.90  9999.00  9999.00  9999.00  9999.00
 00029   997.91    25.44    86.11     1.87   324.98    29.89  9999.00  9999.00  9999.00  9999.00
 00030   988.72    24.76    92.17     1.54   245.31    31.68  9999.00  9999.00  9999.00  9999.00
 00031   575.42     5.02    93.52     0.76   137.91     4.90  9999.00  9999.00  9999.00  9999.00
 00032   971.55    22.84    94.82     4.19    46.75    12.16  9999.00  9999.00  9999.00  9999.00
 00033  1002.08    23.28    97.59     2.62   221.76     0.18  9999.00  9999.00  9999.00  9999.00
 00034  1004.52    27.58    86.01     4.97   235.45    32.07  9999.00  9999.00  9999.00  9999.00
 00035  1001.21    25.41    94.37     2.49   223.08    32.29  9999.00  9999.00  9999.00  9999.00
 00036   773.41    16.33    98.86     0.40   262.00     2.61  9999.00  9999.00  9999.00  9999.00
 00037   962.19    23.30    94.17     3.24    55.39    18.41  9999.00  9999.00  9999.00  9999.00
 00038   986.23    25.08    82.70     2.41   339.57    28.32  9999.00  9999.00  9999.00  9999.00
 00039   998.56    25.64    88.36    13.87    29.77    23.80  9999.00  9999.00  9999.00  9999.00
 00040   996.81    26.75    79.93     4.37     4.04    28.41  9999.00  9999.00  9999.00  9999.00
 00041   964.56    23.81    91.58     1.34   105.73    26.79  9999.00  9999.00  9999.00  9999.00
 00042  1004.46    26.42    84.93     2.03    84.39    18.58  9999.00  9999.00  9999.00  9999.00
 00043   995.22    25.08    97.91     1.15    13.34    29.66  9999.00  9999.00  9999.00  9999.00
 00044   977.98    24.40    96.80     1.80    80.79    27.80  9999.00  9999.00  9999.00  9999.00
 00045   996.81    26.75    79.93     4.37     4.04    28.41  9999.00  9999.00  9999.00  9999.00
 00046   935.79    22.03    97.41     2.52    64.26    22.81  9999.00  9999.00  9999.00  9999.00
 00047   997.73    23.32    98.32     2.58    56.41     4.81  9999.00  9999.00  9999.00  9999.00
 00048   605.69     8.40    87.93     0.96   154.88     5.53  9999.00  9999.00  9999.00  9999.00
 00049   579.25     3.85    97.16     1.13   175.79     2.88  9999.00  9999.00  9999.00  9999.00
 00050   991.91    25.46    87.41     8.98    28.84    26.26  9999.00  9999.00  9999.00  9999.00
