stn_id       p       t2      rh2      spd      dir      vis    rain6   rain24   tmax24   tmin24 
 00001   969.66    23.23    91.08     0.74   299.42    25.72  9999.00  9999.00  9999.00  9999.00
 00002   992.47    20.50    79.38     2.52   185.46    25.04  9999.00  9999.00  9999.00  9999.00
 00003   901.66    16.25    86.10     0.83   297.95    24.45  9999.00  9999.00  9999.00  9999.00
 00004   834.99    10.65    91.11     1.16   130.36    24.57  9999.00  9999.00  9999.00  9999.00
 00005   869.75    15.92    50.99     1.94    32.10    27.16  9999.00  9999.00  9999.00  9999.00
 00006   880.56    16.77    36.69     1.71    70.89    28.09  9999.00  9999.00  9999.00  9999.00
 00007   994.07    18.28    87.30     2.82   281.01    23.57  9999.00  9999.00  9999.00  9999.00
 00008   977.88    15.34    92.62     3.10    79.17    24.78  9999.00  9999.00  9999.00  9999.00
 00009   950.59    11.12    75.19     1.48   140.09    37.22  9999.00  9999.00  9999.00  9999.00
 00010   961.42    11.94    99.67     0.95   229.90     1.15  9999.00  9999.00  9999.00  9999.00
 00011   988.39    15.35    86.78     6.83    83.71    20.69  9999.00  9999.00  9999.00  9999.00
 00012  1006.17    20.07    66.80     2.43   251.14    23.87  9999.00  9999.00  9999.00  9999.00
 00013  1007.56    20.17    87.38     1.62     4.61    23.76  9999.00  9999.00  9999.00  9999.00
 00014  1004.15    20.62    94.79     1.06    52.88     9.67  9999.00  9999.00  9999.00  9999.00
 00015   992.53    19.16    69.37     0.94   155.24    20.28  9999.00  9999.00  9999.00  9999.00
 00016   953.07    19.51    79.45     1.40   187.81    25.23  9999.00  9999.00  9999.00  9999.00
 00017   994.01    21.85    74.01     2.07   185.61    23.45  9999.00  9999.00  9999.00  9999.00
 00018  1006.63    20.57    86.64     1.57    51.60    23.72  9999.00  9999.00  9999.00  9999.00
 00019   935.79    21.04    89.97     0.82   305.88    26.81  9999.00  9999.00  9999.00  9999.00
 00020  1010.19    19.55    93.44     1.46    16.95     3.64  9999.00  9999.00  9999.00  9999.00
 00021   889.61    17.54    55.30     1.91   306.13    27.37  9999.00  9999.00  9999.00  9999.00
 00022  1009.44    19.87    62.61     2.61   259.98    21.42  9999.00  9999.00  9999.00  9999.00
 00023   915.78    16.16    58.97     1.63   147.57    23.30  9999.00  9999.00  9999.00  9999.00
 00024   940.16    19.12    52.80     3.76   288.36    25.52  9999.00  9999.00  9999.00  9999.00
 00025   795.66    16.79    85.05     1.16    95.44     5.45  9999.00  9999.00  9999.00  9999.00
 00026  1004.39    22.36    86.01     3.23    19.77    18.38  9999.00  9999.00  9999.00  9999.00
 00027  1001.21    22.99    77.03     2.54    16.94    25.97  9999.00  9999.00  9999.00  9999.00
 00028   972.21    19.43    84.46     1.92    26.01    25.27  9999.00  9999.00  9999.00  9999.00
 00029   999.74    24.12    84.24     2.56   354.48    27.29  9999.00  9999.00  9999.00  9999.00
 00030   991.21    24.30    72.70     2.41   351.21    29.80  9999.00  9999.00  9999.00  9999.00
 00031   574.29     9.47    45.87     1.59   192.76    24.30  9999.00  9999.00  9999.00  9999.00
 00032   970.84    22.26    95.11     2.49    45.44    13.36  9999.00  9999.00  9999.00  9999.00
 00033  1001.96    22.96    97.38     3.54     3.12     6.30  9999.00  9999.00  9999.00  9999.00
 00034  1003.91    27.56    86.59     8.02   247.32    19.77  9999.00  9999.00  9999.00  9999.00
 00035  1001.10    24.91    94.15     2.43   270.57    15.47  9999.00  9999.00  9999.00  9999.00
 00036   777.25    15.47    81.42     0.43    90.45    24.38  9999.00  9999.00  9999.00  9999.00
 00037   961.39    22.94    95.41     1.63    48.44    18.20  9999.00  9999.00  9999.00  9999.00
 00038   986.77    24.38    98.39     1.47   314.63    24.67  9999.00  9999.00  9999.00  9999.00
 00039   999.63    24.83    91.70    10.48    20.17    13.70  9999.00  9999.00  9999.00  9999.00
 00040   997.58    25.32    93.56     3.29    74.74    25.99  9999.00  9999.00  9999.00  9999.00
 00041   966.43    20.19    85.90     1.92    25.81    23.00  9999.00  9999.00  9999.00  9999.00
 00042  1007.43    21.86    78.95     1.91    50.64    24.25  9999.00  9999.00  9999.00  9999.00
 00043   997.84    22.14    88.72     2.65    18.29    13.01  9999.00  9999.00  9999.00  9999.00
 00044   979.31    21.04    84.07     3.37    46.34    19.99  9999.00  9999.00  9999.00  9999.00
 00045   997.58    25.32    93.56     3.29    74.74    25.99  9999.00  9999.00  9999.00  9999.00
 00046   936.01    20.82    92.69     1.79   348.74    11.03  9999.00  9999.00  9999.00  9999.00
 00047   996.48    22.44    90.94     3.31    26.57    21.87  9999.00  9999.00  9999.00  9999.00
 00048   604.74    12.53    54.66     1.06   139.28    29.05  9999.00  9999.00  9999.00  9999.00
 00049   579.16     5.53    98.76     1.13   202.60     0.61  9999.00  9999.00  9999.00  9999.00
 00050   992.55    24.43    90.92     7.29    23.36    23.38  9999.00  9999.00  9999.00  9999.00
