stn_id       p       t2      rh2      spd      dir      vis    rain6   rain24   tmax24   tmin24 
 00001   963.06    23.71    88.90     1.09   136.37    25.15     0.04     1.51    29.26    20.88
 00002   992.93    20.73    14.51     3.84    29.16    20.31     0.00     0.66    33.03    16.71
 00003   900.76    13.94    19.23     5.34    22.34    19.17     0.00    -0.00    29.65    11.21
 00004   833.44     7.04    27.96     3.72    50.38    17.83     0.07     0.06    20.05     3.33
 00005   869.64     7.24    21.06     2.59   345.70    17.99     0.00     0.00    17.99     1.58
 00006   878.91     6.84    21.15     9.09   295.25    17.98     0.00     0.00    13.83     3.47
 00007   995.10    18.09    53.53     3.59   218.07    19.69     0.18     0.61    23.77    13.99
 00008   976.52    16.77    43.97     5.70   212.52    21.74     0.17     4.23    23.14    11.47
 00009   943.99    12.76    46.23     2.30    64.44    37.18     0.00     0.00    19.01     3.67
 00010   957.84    12.60    73.12     1.68   119.28    22.50     0.45     0.46    19.70     7.68
 00011   983.00    14.82    65.41     4.06   235.74    24.42     2.65     9.74    23.10    12.08
 00012  1007.99    19.60    11.13     4.16   335.69    19.00     0.00     0.01    29.68    15.56
 00013  1005.50    23.08    68.19     2.33   143.21    24.19     0.00    -0.00    28.61    16.77
 00014  1003.31    20.86    86.04     0.77   123.57    20.49     0.00     0.00    27.54    15.48
 00015   991.01    20.11    39.78     6.37    47.71    19.13     2.56     2.83    33.26    19.58
 00016   946.72    22.60    75.95     1.02    41.07    21.66     0.00     0.00    32.20    17.69
 00017   989.60    25.42    62.55     5.94    53.79    20.19     0.22     0.22    34.30    21.74
 00018  1003.70    23.58    76.30     1.61   142.66    24.28     0.00     0.01    29.01    17.61
 00019   928.69    21.76    85.20     1.27    72.54    18.45     0.16     0.25    27.84    19.63
 00020  1009.34    21.45    80.31     2.41   156.84    22.57     0.00     0.00    26.36    13.71
 00021   889.86    10.58    64.86     1.07   160.04    27.00     0.00     0.01    15.73     8.92
 00022  1010.86    20.40    11.14     6.21   348.59    18.39     0.00     0.00    32.68    17.73
 00023   915.01    10.80    68.59     1.23   175.25    25.39     0.00     0.04    20.25     9.27
 00024   942.01    11.00    35.84     3.40   118.40    27.14     0.00     0.00    18.78     7.92
 00025   792.44    16.79    78.56     1.61   215.79    26.40     0.00     0.10    25.07    13.24
 00026  1003.37    25.41    81.63     1.13   119.70    26.99     0.01     0.01    29.25    21.11
 00027   998.29    25.09    80.89     1.93   143.56    26.69     0.03     0.24    30.71    21.74
 00028   968.05    22.66    90.67     1.24   196.63    14.47     0.78     3.35    28.96    20.84
 00029  1003.22    24.93    92.27     1.16   131.25    26.06     2.84     7.21    29.23    23.58
 00030   990.50    26.73    90.02     3.69   163.79    31.17     0.26     1.36    31.02    24.24
 00031   571.65    -2.92    67.46     1.35   231.51    24.70     0.00     0.13    13.28    -3.87
 00032   975.40    21.27    86.84     0.48   277.80    22.44     0.00     0.46    25.86    18.59
 00033  1004.51    23.00    95.36     6.17   164.11     0.43     0.03     0.25    26.23    22.05
 00034  1008.46    28.06    91.09     5.65   201.31    27.20     0.17     0.27    28.73    27.83
 00035  1004.37    28.27    85.61     5.78   179.81    29.44     0.02     0.78    33.93    26.73
 00036   772.68    14.59    91.53     0.41   198.37    10.95     0.47     9.42    22.36    13.62
 00037   965.80    21.42    86.24     0.27   195.08    23.52     0.00     0.84    26.36    18.65
 00038   992.76    24.51    81.84     0.49   118.78    21.64     0.16     0.27    30.24    21.19
 00039  1006.38    23.65    87.64     4.92    39.13    23.50     0.11     0.25    26.04    22.98
 00040  1003.92    24.77    86.81     2.98    40.06    24.77     0.23     0.74    28.99    23.70
 00041   965.43    22.80    78.83     0.95   139.29    25.14     0.00     0.00    28.05    15.58
 00042  1005.39    23.39    77.89     1.35   122.84    24.90     0.00     0.01    28.54    16.55
 00043   997.06    25.23    82.94     0.49   130.28    27.56     0.11     0.11    29.56    20.35
 00044   979.66    24.04    80.45     1.30    98.51    25.42     0.00    -0.00    28.64    18.83
 00045  1003.92    24.77    86.81     2.98    40.06    24.77     0.23     0.74    28.99    23.70
 00046   939.17    23.56    82.99     2.10   169.12    26.08     0.03     0.03    27.75    17.98
 00047   998.91    21.56    90.26     0.73   117.99    15.56     0.08     0.13    26.49    19.78
 00048   602.89    -0.25    95.53     0.71   194.05     9.68     0.27     4.06    11.69    -1.10
 00049   575.72    -1.27    90.57     0.92   144.05    14.95     0.78     2.87     5.77    -1.90
 00050   998.75    23.62    83.02     2.21    31.35    24.90     0.01     0.20    28.24    20.95
