stn_id       p       t2      rh2      spd      dir      vis    rain6   rain24   tmax24   tmin24 
 00001   964.81    29.32    56.56     1.73   315.52    25.03     0.00  9999.00  9999.00  9999.00
 00002   985.56    29.88    49.21     3.22    39.70    20.08     0.00  9999.00  9999.00  9999.00
 00003   896.65    26.35    25.21     3.55   318.29    18.89     0.00  9999.00  9999.00  9999.00
 00004   831.44    18.94    32.35     3.69   316.82    17.61     0.00  9999.00  9999.00  9999.00
 00005   866.42    19.75    23.37     3.99   341.36    17.80     0.00  9999.00  9999.00  9999.00
 00006   877.29    18.96    16.76     4.53   310.86    17.88     0.00  9999.00  9999.00  9999.00
 00007   999.38    14.55    88.50     4.60    12.68     1.10    17.28  9999.00  9999.00  9999.00
 00008   985.04    16.36    47.18     2.79   178.52    21.75     0.02  9999.00  9999.00  9999.00
 00009   940.27    12.48    27.51     3.89   316.63    37.05     0.00  9999.00  9999.00  9999.00
 00010   963.33    13.57    96.49     1.65   328.08     0.83     5.43  9999.00  9999.00  9999.00
 00011   990.57    20.43    24.77     2.66   263.35    24.45     0.00  9999.00  9999.00  9999.00
 00012  1004.17    23.21    52.56     5.12    87.41    18.87     0.58  9999.00  9999.00  9999.00
 00013  1000.19    21.29    92.99     3.42    93.59     5.10     7.36  9999.00  9999.00  9999.00
 00014   996.98    24.88    87.42     2.33   172.50     4.85    10.89  9999.00  9999.00  9999.00
 00015   985.30    31.94    33.42     3.33   226.70    18.85     0.00  9999.00  9999.00  9999.00
 00016   948.01    29.95    38.96     1.96   286.11    21.39     0.00  9999.00  9999.00  9999.00
 00017   986.14    31.46    42.80     2.51   149.48    21.57     0.00  9999.00  9999.00  9999.00
 00018   998.82    22.97    80.39     1.04   166.69    15.18     4.69  9999.00  9999.00  9999.00
 00019   931.51    26.24    61.32     1.30   230.11    25.55     0.43  9999.00  9999.00  9999.00
 00020  1004.79    21.54    90.48     7.75   158.71     0.95    10.96  9999.00  9999.00  9999.00
 00021   888.08    21.58    37.94     4.30   190.88    27.12     0.03  9999.00  9999.00  9999.00
 00022  1006.51    20.99    65.23     6.92    62.49    18.23     0.55  9999.00  9999.00  9999.00
 00023   916.40    18.92    32.08     1.89    81.29    25.53     0.35  9999.00  9999.00  9999.00
 00024   940.82    18.48    25.78     6.67   298.71    27.27     0.00  9999.00  9999.00  9999.00
 00025   793.14    23.89    42.52     5.53   263.20    26.40     0.00  9999.00  9999.00  9999.00
 00026   997.29    27.09    75.93     4.04   263.77    26.64    13.53  9999.00  9999.00  9999.00
 00027   995.82    27.24    62.66     3.90   318.94    26.50     0.04  9999.00  9999.00  9999.00
 00028   966.25    27.72    62.62     2.05   346.59    25.12     0.01  9999.00  9999.00  9999.00
 00029  1000.15    28.96    77.55     4.89   187.86    20.95     3.24  9999.00  9999.00  9999.00
 00030   986.57    34.44    54.27     4.20   227.12    31.21     0.00  9999.00  9999.00  9999.00
 00031   573.36     9.56    23.35     2.16   223.67    25.01     0.64  9999.00  9999.00  9999.00
 00032   970.97    24.07    90.48     3.77   201.43     0.43     3.67  9999.00  9999.00  9999.00
 00033  1002.83    26.89    80.50     2.97   211.55    29.53     0.00  9999.00  9999.00  9999.00
 00034  1008.82    28.63    90.69     6.77   196.58    30.47     0.00  9999.00  9999.00  9999.00
 00035  1003.14    30.68    76.85     5.23   195.66    14.13     1.87  9999.00  9999.00  9999.00
 00036   773.08    21.75    45.82     2.25   198.16    24.28     0.14  9999.00  9999.00  9999.00
 00037   961.33    25.07    86.70     3.05   192.06     0.52     3.25  9999.00  9999.00  9999.00
 00038   989.14    27.85    77.23     4.45   202.99    24.64    11.32  9999.00  9999.00  9999.00
 00039  1002.64    26.29    84.56     9.90   199.06     5.62     2.52  9999.00  9999.00  9999.00
 00040  1001.15    27.76    82.56     7.61   199.22    23.06     8.58  9999.00  9999.00  9999.00
 00041   959.13    22.28    88.93     2.47   186.50    11.96    14.74  9999.00  9999.00  9999.00
 00042   999.38    22.61    91.14     1.60    93.94     6.76    29.98  9999.00  9999.00  9999.00
 00043   991.76    25.05    85.69     4.02   272.48    24.55    11.92  9999.00  9999.00  9999.00
 00044   973.44    26.39    80.11     3.39   180.09    14.97     9.19  9999.00  9999.00  9999.00
 00045  1001.15    27.76    82.56     7.61   199.22    23.06     8.58  9999.00  9999.00  9999.00
 00046   935.40    25.19    82.82     4.30   194.47     9.83    15.34  9999.00  9999.00  9999.00
 00047   993.86    24.86    82.05     6.33   172.21    23.04     1.67  9999.00  9999.00  9999.00
 00048   604.99     9.98    58.08     1.19   188.66    27.29     0.19  9999.00  9999.00  9999.00
 00049   578.21     3.86    60.07     3.04   204.59    22.87     0.04  9999.00  9999.00  9999.00
 00050   995.06    25.62    88.05     6.85   197.78     1.74     9.29  9999.00  9999.00  9999.00
