stn_id       p       t2      rh2      spd      dir      vis    rain6   rain24   tmax24   tmin24 
 00001   975.95    18.19    68.61     0.76   325.11    17.54     0.09  9999.00  9999.00  9999.00
 00002   993.73    23.64    24.69     3.79   213.17    22.90     0.00  9999.00  9999.00  9999.00
 00003   902.93    16.68    31.53     4.52   220.08    21.21     0.00  9999.00  9999.00  9999.00
 00004   833.92    11.79    20.45     6.30   261.06    21.52     0.00  9999.00  9999.00  9999.00
 00005   867.19    12.05    22.21     5.02   232.32    24.80     0.00  9999.00  9999.00  9999.00
 00006   876.58    11.67    21.66     8.45   293.76    27.72     0.00  9999.00  9999.00  9999.00
 00007  1000.71    15.83    43.92     8.77   200.31    28.04     0.01  9999.00  9999.00  9999.00
 00008   980.31    14.98    31.90    10.19   217.79    33.86     0.01  9999.00  9999.00  9999.00
 00009   944.55    -5.11    44.54     1.55    63.18    55.86     0.01  9999.00  9999.00  9999.00
 00010   963.82    15.54    19.13     3.00   167.80    34.27     0.00  9999.00  9999.00  9999.00
 00011   986.67    10.29    46.04     4.31   173.43    40.27     0.00  9999.00  9999.00  9999.00
 00012  1008.05    19.34    41.91     3.16   208.08    23.68     0.00  9999.00  9999.00  9999.00
 00013  1015.30    21.68    45.35     3.08   212.86    18.36     0.04  9999.00  9999.00  9999.00
 00014  1012.81    22.46    41.06     2.47   212.27    18.29     0.00  9999.00  9999.00  9999.00
 00015   995.62    22.40    46.27     3.77   223.39    18.75     0.00  9999.00  9999.00  9999.00
 00016   957.90    18.69    48.52     0.95   273.78    17.81     0.00  9999.00  9999.00  9999.00
 00017   998.14    24.15    25.85     2.78   266.73    18.27     0.00  9999.00  9999.00  9999.00
 00018  1013.81    21.75    46.13     2.34   201.33    18.09     0.13  9999.00  9999.00  9999.00
 00019   939.76    17.67    67.72     1.57   130.57    19.71     0.47  9999.00  9999.00  9999.00
 00020  1018.96    22.10    37.80     3.63   205.24    18.20     0.00  9999.00  9999.00  9999.00
 00021   896.41     0.94    85.65     3.23   143.40    38.75     0.12  9999.00  9999.00  9999.00
 00022  1011.51    21.63    33.61     5.45   220.07    21.39     0.00  9999.00  9999.00  9999.00
 00023   923.37     2.95    88.11     0.76    88.62    28.21     2.51  9999.00  9999.00  9999.00
 00024   947.89     0.70    93.04     3.12   303.67    25.81     0.89  9999.00  9999.00  9999.00
 00025   796.83    18.30    45.29     6.62   261.02    20.96     0.11  9999.00  9999.00  9999.00
 00026  1013.63    23.90    50.66     1.89   208.49    18.44     0.01  9999.00  9999.00  9999.00
 00027  1009.25    20.60    70.09     3.42   185.54    17.81     0.37  9999.00  9999.00  9999.00
 00028   977.78    17.94    85.66     0.88   200.81    11.96     4.82  9999.00  9999.00  9999.00
 00029  1012.24    26.00    39.92     1.35   126.92    20.19     0.00  9999.00  9999.00  9999.00
 00030  1000.22    25.25    60.19     3.43   172.86    22.21     0.00  9999.00  9999.00  9999.00
 00031   572.98     2.10     6.94     3.91   251.73    30.31     0.00  9999.00  9999.00  9999.00
 00032   983.86    20.07    52.59     2.71    88.81    17.10     0.00  9999.00  9999.00  9999.00
 00033  1013.87    20.94    84.27     6.03    93.39    20.99     0.01  9999.00  9999.00  9999.00
 00034  1014.76    27.37    66.12     7.72    67.56    22.28     0.31  9999.00  9999.00  9999.00
 00035  1013.09    27.31    65.42     4.06    84.40    18.10     0.77  9999.00  9999.00  9999.00
 00036   777.05    11.39    67.77     1.09   200.32    20.49     0.12  9999.00  9999.00  9999.00
 00037   973.92    20.54    50.61     2.25   101.17    17.04     0.00  9999.00  9999.00  9999.00
 00038  1001.33    24.15    35.07     0.85    65.62    19.19     0.00  9999.00  9999.00  9999.00
 00039  1015.33    22.93    52.51     6.53    51.41    18.68     0.00  9999.00  9999.00  9999.00
 00040  1012.79    24.86    39.61     3.59    82.32    19.80     0.00  9999.00  9999.00  9999.00
 00041   974.27    21.15    45.25     1.61   206.33    17.46     0.00  9999.00  9999.00  9999.00
 00042  1015.47    22.69    44.99     1.56   240.99    18.23     0.00  9999.00  9999.00  9999.00
 00043  1007.06    24.11    49.62     2.52   215.01    18.80     0.00  9999.00  9999.00  9999.00
 00044   989.16    22.14    45.97     0.37   115.09    17.78     0.00  9999.00  9999.00  9999.00
 00045  1012.79    24.86    39.61     3.59    82.32    19.80     0.00  9999.00  9999.00  9999.00
 00046   946.82    21.32    40.62     1.25   239.76    18.34     0.00  9999.00  9999.00  9999.00
 00047  1008.65    20.58    52.63     3.08   132.28    17.82     0.00  9999.00  9999.00  9999.00
 00048   604.46     3.24    28.92     1.41   204.90    32.82     0.16  9999.00  9999.00  9999.00
 00049   577.04    -2.14    45.07     2.39   216.34    27.91     0.01  9999.00  9999.00  9999.00
 00050  1007.30    24.46    39.40     4.18    58.24    18.23     0.00  9999.00  9999.00  9999.00
