stn_id       p       t2      rh2      spd      dir      vis    rain6   rain24   tmax24   tmin24 
 00001   976.83    20.80  9999.00     0.00     0.00     2.90  9999.00  9999.00  9999.00  9999.00
 00002   997.75    29.00  9999.00     3.00   140.00    22.00  9999.00  9999.00  9999.00  9999.00
 00003   917.78    23.10  9999.00     1.00    20.00    30.00  9999.00  9999.00  9999.00  9999.00
 00004   849.03    21.00  9999.00     2.00   180.00    30.00  9999.00  9999.00  9999.00  9999.00
 00005   883.81    24.60  9999.00     1.00   200.00    30.00  9999.00  9999.00  9999.00  9999.00
 00006   872.43    25.00  9999.00     5.00   180.00    30.00  9999.00  9999.00  9999.00  9999.00
 00007  1003.65    22.20  9999.00     1.00   340.00    30.00  9999.00  9999.00  9999.00  9999.00
 00008  9999.00  9999.00  9999.00  9999.00  9999.00  9999.00  9999.00  9999.00  9999.00  9999.00
 00009   960.92     4.70  9999.00     1.00   200.00    29.00  9999.00  9999.00  9999.00  9999.00
 00010   978.10    24.10  9999.00     1.00   220.00    20.00  9999.00  9999.00  9999.00  9999.00
 00011   990.52    25.20  9999.00     5.00   340.00    30.00  9999.00  9999.00  9999.00  9999.00
 00012  1003.56    30.70  9999.00     1.00   220.00    22.00  9999.00  9999.00  9999.00  9999.00
 00013  1009.76    24.60  9999.00     2.00   110.00     9.00  9999.00  9999.00  9999.00  9999.00
 00014  1006.45    21.80  9999.00     1.00   160.00     5.00  9999.00  9999.00  9999.00  9999.00
 00015   989.03    30.60  9999.00     2.00   160.00    25.00  9999.00  9999.00  9999.00  9999.00
 00016   955.79    21.30  9999.00     2.00    90.00    29.00  9999.00  9999.00  9999.00  9999.00
 00017   995.98    25.40  9999.00     2.00   270.00    21.00  9999.00  9999.00  9999.00  9999.00
 00018  1006.07    26.00  9999.00     1.00   140.00    24.00  9999.00  9999.00  9999.00  9999.00
 00019   938.30    20.50  9999.00     2.00    70.00    10.00  9999.00  9999.00  9999.00  9999.00
 00020  1011.02    24.30  9999.00     3.00   160.00    14.00  9999.00  9999.00  9999.00  9999.00
 00021   900.50    19.90  9999.00     1.00    70.00     7.00  9999.00  9999.00  9999.00  9999.00
 00022  1007.80    28.30  9999.00     1.00   110.00    23.00  9999.00  9999.00  9999.00  9999.00
 00023   923.29    19.60  9999.00     3.00   220.00    25.00  9999.00  9999.00  9999.00  9999.00
 00024   951.49    17.20  9999.00     0.00     0.00    25.00  9999.00  9999.00  9999.00  9999.00
 00025   807.20    21.40    62.86     2.00   200.00    26.00  9999.00  9999.00  9999.00  9999.00
 00026  1003.53    24.60  9999.00     3.00   110.00    21.00  9999.00  9999.00  9999.00  9999.00
 00027   998.50    26.10  9999.00     4.00   110.00    23.00  9999.00  9999.00  9999.00  9999.00
 00028   975.22    22.00  9999.00     1.00    70.00    10.00  9999.00  9999.00  9999.00  9999.00
 00029  1004.18    26.60  9999.00     2.00   160.00    30.00  9999.00  9999.00  9999.00  9999.00
 00030   990.85    26.40  9999.00     3.00    90.00    20.00  9999.00  9999.00  9999.00  9999.00
 00031   620.90    19.90    18.77     5.00   250.00    30.00  9999.00  9999.00  9999.00  9999.00
 00032  1001.05    23.40  9999.00     1.00   160.00     3.00  9999.00  9999.00  9999.00  9999.00
 00033  1005.41    28.60  9999.00     2.00   140.00    13.00  9999.00  9999.00  9999.00  9999.00
 00034  1008.30    30.00  9999.00     3.00   180.00    19.00  9999.00  9999.00  9999.00  9999.00
 00035  1005.39    29.20  9999.00     2.00   140.00    16.00  9999.00  9999.00  9999.00  9999.00
 00036   830.90    23.10    61.62     2.00   360.00    15.00  9999.00  9999.00  9999.00  9999.00
 00037  1005.12    23.60  9999.00     0.00   250.00     3.20  9999.00  9999.00  9999.00  9999.00
 00038  1007.23    24.80  9999.00     1.00    20.00     6.00  9999.00  9999.00  9999.00  9999.00
 00039  1008.34    25.60  9999.00     2.00    70.00     9.00  9999.00  9999.00  9999.00  9999.00
 00040  1004.24    24.80  9999.00     0.00     0.00     2.20  9999.00  9999.00  9999.00  9999.00
 00041   816.00    13.60   100.00     7.00   160.00     0.00  9999.00  9999.00  9999.00  9999.00
 00042  1008.08    23.50  9999.00     3.00   140.00    10.00  9999.00  9999.00  9999.00  9999.00
 00043  1005.31    23.70  9999.00     2.00    70.00    12.00  9999.00  9999.00  9999.00  9999.00
 00044  1000.81    21.50  9999.00     3.00    20.00  9999.00  9999.00  9999.00  9999.00  9999.00
 00045  1004.24    24.80  9999.00     0.00     0.00     2.20  9999.00  9999.00  9999.00  9999.00
 00046   966.35    23.80  9999.00     2.00   200.00    13.00  9999.00  9999.00  9999.00  9999.00
 00047  1007.55    21.60  9999.00     1.00   340.00     1.70  9999.00  9999.00  9999.00  9999.00
 00048   651.40    14.20    55.95     3.00    90.00    22.00  9999.00  9999.00  9999.00  9999.00
 00049   601.00     6.10    85.70     2.00   200.00    30.00  9999.00  9999.00  9999.00  9999.00
 00050  1008.34    24.20  9999.00     2.00    90.00    10.00  9999.00  9999.00  9999.00  9999.00
