stn_id       p       t2      rh2      spd      dir      vis    rain6   rain24   tmax24   tmin24 
 00001   962.28    26.44    90.34     1.09   122.51    26.00     0.01     0.16    32.34    23.95
 00002   987.32    26.15    80.48     0.51   210.91    26.09     0.00     0.05    32.20    21.22
 00003   898.75    21.42    78.55     0.65   184.59    25.05     0.00     0.00    30.24    17.50
 00004   832.80    20.54    60.76     1.12   202.64    24.94     0.00     0.00    25.11    13.98
 00005   866.25    21.83    51.80     1.70    90.78    27.54     0.00     0.00    27.72    16.55
 00006   876.06    23.76    40.18     3.92   195.02    28.58     0.00     0.00    29.99    18.53
 00007   995.76    23.77    86.16     0.44    41.84    24.54     0.18    19.90    25.05    20.97
 00008   981.83    21.78    96.01     0.91    48.07     0.43     0.08     0.43    25.04    19.31
 00009   936.84    16.24    99.71     2.34   218.90     5.25     4.48     6.25    19.82    14.67
 00010   963.41    14.79    99.63     1.76    89.87     2.55     5.67    11.05    20.86    14.31
 00011   989.02    22.54    89.36     1.25   167.63    28.44     0.00     1.38    24.42    19.69
 00012  1002.12    26.09    84.84     0.76   261.05    24.58     0.00     0.00    32.70    22.23
 00013  1000.98    24.55    88.02     3.42    54.72    23.76     0.55     2.44    34.02    23.66
 00014   996.89    26.14    89.79     1.15   251.34    23.58     0.44     0.51    34.98    24.76
 00015   987.92    26.97    70.86     0.64    98.25    20.88     0.00     0.08    29.74    21.41
 00016   946.66    24.45    78.91     1.33    89.22    25.66     0.00     0.00    32.65    20.86
 00017   989.37    26.16    85.54     0.95    13.07    24.43     0.00     1.43    31.86    22.62
 00018  1000.09    25.67    87.13     3.71    33.77    11.30     4.33     6.51    32.70    24.82
 00019   928.58    24.70    86.08     1.05   307.13    27.01     0.05     0.06    31.04    22.52
 00020  1002.45    24.45    89.96     2.96    48.03    21.04     0.03     0.03    31.99    22.39
 00021   887.22    15.23    69.99     1.61   275.59    27.77     0.00     0.88    22.11    13.75
 00022  1004.92    27.80    79.17     1.98   249.04    22.07     0.00     0.02    32.41    23.23
 00023   915.75    11.62    75.11     1.91   241.25    23.20     0.11     4.63    20.68    11.38
 00024   938.30    14.45    77.27     1.83   332.32    24.17     1.31     1.32    22.95    14.12
 00025   792.48    17.17    95.78     0.23   216.00     5.40     2.50     5.38    24.92    15.63
 00026   998.80    25.51    94.54     1.82   287.47     2.84    18.64    35.25    31.29    25.06
 00027   995.83    24.95    95.08     1.84   335.64    16.33     1.88     9.31    30.58    24.72
 00028   965.99    23.26    94.32     0.83   321.66     0.92    10.83    23.12    30.00    23.08
 00029   999.36    26.46    92.17     2.15   205.62    14.13     9.24    18.24    29.63    25.15
 00030   987.68    26.44    91.91     2.08   150.15    28.68     0.03     3.94    32.48    25.14
 00031   575.33     4.69    92.13     1.24   183.11    20.87     0.09     3.19    15.48     4.41
 00032   969.76    25.48    87.74     1.91   226.01    21.10     0.69     5.30    29.69    23.36
 00033  1002.02    23.97    97.39     2.80   175.09     0.53     0.23     1.24    24.93    22.23
 00034  1005.91    28.15    90.42     6.62   194.38    18.22     0.12     0.16    28.81    28.09
 00035  1001.58    28.05    84.51     2.28   198.74    31.66     0.00    10.49    31.89    26.43
 00036   774.06    15.25    88.56     0.71    86.55    19.77     0.00     1.32    25.37    13.00
 00037   960.39    25.63    89.87     1.38   224.05    20.63     0.83     7.29    30.49    23.54
 00038   988.68    26.50    90.46     1.31   234.42    26.41     0.04     2.05    31.49    24.08
 00039  1001.74    26.37    90.82     7.30   220.18    19.43     0.07     1.09    27.59    25.58
 00040  1000.16    26.98    89.95     5.00   229.98    23.33     0.21     1.84    28.96    25.79
 00041   960.19    25.18    95.59     1.11    83.77    11.54     0.61     5.59    31.27    24.01
 00042  1000.45    25.90    86.99     3.14    53.90    24.73     0.00     9.70    34.36    24.79
 00043   992.98    26.14    93.25     1.02   281.21    16.83     3.30    19.92    30.98    24.64
 00044   974.14    24.94    96.12     0.85   179.52     1.34    10.74    40.91    30.65    24.11
 00045  1000.16    26.98    89.95     5.00   229.98    23.33     0.21     1.84    28.96    25.79
 00046   935.75    22.55    97.37     2.87   197.32    10.18     0.71     4.81    28.41    22.45
 00047   991.68    25.77    90.78     2.85   217.78    20.62     0.05     1.75    29.71    24.23
 00048   606.22     7.01    87.52     1.35   184.77    25.26     0.00     2.76    15.34     7.16
 00049   579.45     3.87    98.84     0.49   101.53     0.46     0.20     6.91    10.99     3.63
 00050   993.85    26.74    89.55     4.86   220.65    17.78     0.13     1.38    29.70    25.24
