stn_id       p       t2      rh2      spd      dir      vis    rain6   rain24   tmax24   tmin24 
 00001   975.85    26.70  9999.00     1.00   340.00     9.00  9999.00  9999.00  9999.00  9999.00
 00002   995.27    27.50  9999.00     1.00   270.00    30.00  9999.00  9999.00  9999.00  9999.00
 00003   917.13    21.70  9999.00     2.00    90.00  9999.00  9999.00  9999.00  9999.00  9999.00
 00004   851.91    15.10  9999.00     1.00   250.00    25.00  9999.00  9999.00  9999.00  9999.00
 00005   886.42    18.40  9999.00     4.00   320.00    30.00  9999.00  9999.00  9999.00  9999.00
 00006   876.81    20.10  9999.00     1.00   180.00    30.00  9999.00  9999.00  9999.00  9999.00
 00007   997.28    20.40  9999.00     2.00   200.00    30.00  9999.00  9999.00  9999.00  9999.00
 00008   974.58    18.80  9999.00     1.00   200.00     8.00  9999.00  9999.00  9999.00  9999.00
 00009   951.42    10.20  9999.00     2.00   180.00    13.00  9999.00  9999.00  9999.00  9999.00
 00010   976.35    17.20  9999.00     4.00    90.00     8.00  9999.00  9999.00  9999.00  9999.00
 00011   985.59    19.00  9999.00     1.00   140.00  9999.00  9999.00  9999.00  9999.00  9999.00
 00012  1000.37    24.00  9999.00     0.00   290.00    26.00  9999.00  9999.00  9999.00  9999.00
 00013  1003.96    25.40  9999.00     0.00    90.00     7.00  9999.00  9999.00  9999.00  9999.00
 00014  1000.18    25.00  9999.00     4.00   320.00    10.00  9999.00  9999.00  9999.00  9999.00
 00015   985.00    25.30  9999.00     1.00   140.00    24.00  9999.00  9999.00  9999.00  9999.00
 00016   955.41    23.10  9999.00     1.00   140.00    23.00  9999.00  9999.00  9999.00  9999.00
 00017   990.74    29.10  9999.00     1.00   140.00    21.00  9999.00  9999.00  9999.00  9999.00
 00018  1001.48    26.00  9999.00     0.00     0.00    12.00  9999.00  9999.00  9999.00  9999.00
 00019   938.87    23.60  9999.00     1.00   290.00    10.00  9999.00  9999.00  9999.00  9999.00
 00020  1003.73    25.40  9999.00     2.00    70.00     6.00  9999.00  9999.00  9999.00  9999.00
 00021   894.30    27.30  9999.00     0.00   140.00    10.00  9999.00  9999.00  9999.00  9999.00
 00022  1003.60    27.70  9999.00     2.00   360.00    22.00  9999.00  9999.00  9999.00  9999.00
 00023   923.57    18.30  9999.00     2.00   180.00    29.00  9999.00  9999.00  9999.00  9999.00
 00024   949.20    23.60  9999.00     4.00   320.00    25.00  9999.00  9999.00  9999.00  9999.00
 00025   808.70    20.80    87.12     4.00   160.00    27.00  9999.00  9999.00  9999.00  9999.00
 00026   999.74    25.90  9999.00     1.00   220.00     7.00  9999.00  9999.00  9999.00  9999.00
 00027   998.20    24.70  9999.00     0.00   250.00     8.00  9999.00  9999.00  9999.00  9999.00
 00028   973.95    26.70  9999.00     1.00   270.00    26.00  9999.00  9999.00  9999.00  9999.00
 00029  1002.29    29.60  9999.00     4.00   180.00    30.00  9999.00  9999.00  9999.00  9999.00
 00030   990.94    28.10  9999.00     3.00   160.00    21.00  9999.00  9999.00  9999.00  9999.00
 00031   626.20    12.10    68.87     3.00   160.00    30.00  9999.00  9999.00  9999.00  9999.00
 00032   995.79    28.90  9999.00     1.00   140.00     8.00  9999.00  9999.00  9999.00  9999.00
 00033  1005.31    29.10  9999.00     3.00   140.00    29.00  9999.00  9999.00  9999.00  9999.00
 00034  1008.00    29.50  9999.00     3.00   180.00    22.00  9999.00  9999.00  9999.00  9999.00
 00035  1004.89    29.20  9999.00     2.00   180.00    29.00  9999.00  9999.00  9999.00  9999.00
 00036   836.90    18.50    89.18     1.00   290.00     7.00  9999.00  9999.00  9999.00  9999.00
 00037   999.84    29.40  9999.00     1.00    20.00    13.00  9999.00  9999.00  9999.00  9999.00
 00038  1003.34    28.90  9999.00     2.00   360.00    26.00  9999.00  9999.00  9999.00  9999.00
 00039  1004.05    27.30  9999.00     6.00   220.00    10.00  9999.00  9999.00  9999.00  9999.00
 00040  1001.36    28.40  9999.00     2.00   220.00    14.00  9999.00  9999.00  9999.00  9999.00
 00041   814.40    15.90   100.00     4.00   320.00     0.10  9999.00  9999.00  9999.00  9999.00
 00042  1002.99    26.50  9999.00     1.00   250.00     7.00  9999.00  9999.00  9999.00  9999.00
 00043  1002.12    25.40  9999.00     1.00   160.00     3.00  9999.00  9999.00  9999.00  9999.00
 00044   997.24    24.90  9999.00     1.00   220.00     7.00  9999.00  9999.00  9999.00  9999.00
 00045  1001.36    28.40  9999.00     2.00   220.00    14.00  9999.00  9999.00  9999.00  9999.00
 00046   963.75    26.40  9999.00     1.00   320.00    16.00  9999.00  9999.00  9999.00  9999.00
 00047  1000.17    25.70  9999.00     1.00    70.00     3.90  9999.00  9999.00  9999.00  9999.00
 00048   653.20    13.80    64.62     1.00   340.00    23.00  9999.00  9999.00  9999.00  9999.00
 00049   603.10     7.00    84.00     2.00   110.00    30.00  9999.00  9999.00  9999.00  9999.00
 00050  1003.85    27.70  9999.00     4.00   180.00    21.00  9999.00  9999.00  9999.00  9999.00
