stn_id       p       t2      rh2      spd      dir      vis    rain6   rain24   tmax24   tmin24 
 00001   965.39    26.64    71.10     1.60    89.95    25.45     0.00  9999.00  9999.00  9999.00
 00002   991.00    22.69    98.44     0.57   302.02    19.67     3.63  9999.00  9999.00  9999.00
 00003   900.92    19.00    97.55     1.59    47.30     1.62     3.80  9999.00  9999.00  9999.00
 00004   834.45    14.69    98.93     0.79   122.10     2.94     3.84  9999.00  9999.00  9999.00
 00005   869.66    14.68    90.76     2.08   109.06    26.79     0.00  9999.00  9999.00  9999.00
 00006   881.07    15.13    41.94     1.03   175.10    27.46     0.00  9999.00  9999.00  9999.00
 00007  1002.64    20.13    97.19     1.89    13.99    14.99     6.57  9999.00  9999.00  9999.00
 00008   988.52    17.66    73.89     2.75    42.86    26.85     0.00  9999.00  9999.00  9999.00
 00009   946.99     4.37    77.05     2.76   179.67    34.41     0.00  9999.00  9999.00  9999.00
 00010   966.67    17.84    94.16     0.74   271.09    19.75     0.09  9999.00  9999.00  9999.00
 00011   996.77    14.18    79.71     2.22    35.91    28.00     0.00  9999.00  9999.00  9999.00
 00012  1008.01    21.42    93.78     0.99   298.46     2.96     4.69  9999.00  9999.00  9999.00
 00013  1007.77    21.90    81.41     2.58   122.42    23.78     0.00  9999.00  9999.00  9999.00
 00014  1004.65    20.47    84.39     1.44   101.26    25.23     0.00  9999.00  9999.00  9999.00
 00015   992.20    22.67    90.32     0.87   165.48    18.54     0.40  9999.00  9999.00  9999.00
 00016   949.48    22.70    81.09     2.26   124.49    24.89     0.00  9999.00  9999.00  9999.00
 00017   993.24    22.47    82.49     1.80   180.54    22.94     0.00  9999.00  9999.00  9999.00
 00018  1005.89    23.05    81.37     3.07    87.33    23.45     0.00  9999.00  9999.00  9999.00
 00019   931.91    24.02    82.15     1.03   309.58    27.19     0.19  9999.00  9999.00  9999.00
 00020  1010.63    20.78    89.88     1.39   186.08    22.80     0.00  9999.00  9999.00  9999.00
 00021   889.44    13.98    63.01     1.47   231.06    26.84     0.00  9999.00  9999.00  9999.00
 00022  1010.24    22.92    85.47     3.06   100.28    20.26     1.86  9999.00  9999.00  9999.00
 00023   916.49    11.95    81.12     1.20   205.04    23.19     0.09  9999.00  9999.00  9999.00
 00024   940.68    12.35    84.95     2.96   303.74    25.30     0.03  9999.00  9999.00  9999.00
 00025   796.03    16.06    98.46     1.13    41.57    13.87     7.57  9999.00  9999.00  9999.00
 00026  1003.73    24.51    85.66     1.89   145.33    25.08     0.00  9999.00  9999.00  9999.00
 00027   999.79    25.09    87.98     1.57    45.98    25.23     0.00  9999.00  9999.00  9999.00
 00028   970.14    24.31    89.55     1.21    50.53    24.65     0.01  9999.00  9999.00  9999.00
 00029  1002.00    23.34    96.20     1.99    82.24    22.61     2.93  9999.00  9999.00  9999.00
 00030   990.18    24.65    97.25     1.68   182.37    19.29     1.11  9999.00  9999.00  9999.00
 00031   576.92     5.09    89.27     1.00   228.19    19.98     1.19  9999.00  9999.00  9999.00
 00032   974.62    18.65    96.59     1.53    47.15    22.71     0.00  9999.00  9999.00  9999.00
 00033  1003.56    24.40    97.54     2.77   188.30     0.84     1.75  9999.00  9999.00  9999.00
 00034  1008.05    28.01    89.26     8.26   201.54    21.42     2.62  9999.00  9999.00  9999.00
 00035  1003.04    26.36    94.60     4.06   189.84    10.30     0.72  9999.00  9999.00  9999.00
 00036   776.95    16.24    93.62     0.73    75.72    21.56     0.08  9999.00  9999.00  9999.00
 00037   965.11    18.67    96.00     1.15    18.59    23.34     0.00  9999.00  9999.00  9999.00
 00038   991.36    23.53    85.00     0.76    57.55    19.92     0.02  9999.00  9999.00  9999.00
 00039  1004.77    23.71    90.44     7.38    34.35    24.89     0.05  9999.00  9999.00  9999.00
 00040  1002.36    23.89    90.52     5.22    38.65     1.11    38.11  9999.00  9999.00  9999.00
 00041   966.84    20.54    85.15     1.61   115.35    24.13     0.00  9999.00  9999.00  9999.00
 00042  1007.20    21.64    79.42     2.47    97.29    24.25     0.00  9999.00  9999.00  9999.00
 00043   997.41    24.57    92.55     1.24    30.89    25.59     0.00  9999.00  9999.00  9999.00
 00044   979.68    23.26    84.45     1.55    76.61    24.50     0.00  9999.00  9999.00  9999.00
 00045  1002.36    23.89    90.52     5.22    38.65     1.11    38.11  9999.00  9999.00  9999.00
 00046   938.82    20.05    95.51     0.72   101.95    25.10     0.00  9999.00  9999.00  9999.00
 00047   998.88    21.39    96.84     2.04   337.05    14.82     0.00  9999.00  9999.00  9999.00
 00048   607.87     7.93    74.28     1.35   289.04    29.29     0.23  9999.00  9999.00  9999.00
 00049   581.40     3.51    98.56     0.73   220.80     3.13     0.22  9999.00  9999.00  9999.00
 00050   997.23    22.70    87.23     4.72    29.00    24.56     0.01  9999.00  9999.00  9999.00
