stn_id       p       t2      rh2      spd      dir      vis    rain6   rain24   tmax24   tmin24 
 00001   962.79    24.75    91.68     1.08   114.54    22.39     0.47     1.71    29.58    21.86
 00002   983.61    24.49    67.64     0.46    56.33    23.62     0.00     2.79    25.31    18.00
 00003   894.96    20.88    66.01     2.05   105.91    22.74     0.00     0.46    29.70    13.83
 00004   830.18    17.20    51.53     2.65    15.62    20.98    -0.00     0.56    22.32    10.84
 00005   865.21    18.11    46.09     2.30   348.37    20.44     0.00     0.63    26.79    11.65
 00006   875.81    18.21    55.31     3.48   345.61    19.56     0.00     1.13    26.33    14.10
 00007   993.88    19.25    90.36     2.77   151.08     3.05     4.57     4.57    32.87    19.11
 00008   977.86    24.47    59.92     6.05   217.34    23.46     0.00     0.00    33.46    22.44
 00009   932.40    16.32    90.98     1.61   292.80     8.80     0.61     9.79    26.60    12.17
 00010   960.47    15.71    92.08     1.61   111.73    14.97     3.97     3.97    26.63    13.68
 00011   983.67    25.01    75.20     5.20   169.23    25.17     0.14     0.14    31.73    23.60
 00012   999.21    22.60    74.13     0.55   294.54    21.24     0.01     6.46    26.57    20.17
 00013   999.61    25.53    86.68     3.02   288.16    26.57     0.02     9.56    26.62    22.74
 00014   996.85    25.72    93.04     1.89   231.09     3.11     6.92     9.15    31.80    24.68
 00015   983.70    23.04    75.34     2.87   213.54    22.23     0.00    10.59    22.87    19.50
 00016   945.60    21.10    77.91     0.74   206.68    24.58     0.00     0.09    27.74    14.61
 00017   985.00    24.33    83.45     0.96   291.70    25.22     0.00     0.82    29.01    19.54
 00018   998.76    26.14    83.06     2.91   301.62    26.70     0.03     3.04    29.25    22.61
 00019   928.26    23.20    72.53     1.59   103.82    27.47     0.01     1.16    30.09    20.68
 00020  1001.50    24.93    94.70     3.28   283.75    17.83     3.03    16.29    26.64    22.95
 00021   882.73    22.55    36.07     2.28   266.25    25.40     0.01     0.05    33.29    20.21
 00022  1001.96    22.79    74.89     0.85   322.85    20.94    -0.00    10.14    26.22    19.16
 00023   907.94    20.88    48.61     4.13   172.82    23.55     0.19     0.84    33.17    19.68
 00024   930.28    22.99    31.17     3.03   299.91    25.19    -0.00     0.00    33.80    17.32
 00025   792.20    17.51    92.62     2.50   219.44    15.91     0.41     8.96    24.07    16.53
 00026  1000.11    24.89    96.19     2.77   208.78     3.77    14.80    19.11    32.65    24.22
 00027   996.29    24.08    95.45     1.67   161.67     3.56     8.92    21.83    27.61    23.32
 00028   966.51    25.01    90.90     3.33   199.58    26.22     0.78    23.39    27.58    23.41
 00029  1001.84    27.50    87.36     3.90   206.67    26.45     0.33     4.39    31.08    25.44
 00030   989.30    26.77    88.07     2.88   166.92    31.84     0.33     2.23    31.88    24.62
 00031   574.11     3.33    70.11     1.25   228.44    22.31     0.00     0.02    18.94     2.15
 00032   970.45    26.77    85.55     1.91   242.90    21.06     0.01     0.04    31.04    22.91
 00033  1004.15    22.94    97.00     4.30   176.97     0.43     0.02     0.42    25.70    22.83
 00034  1008.00    28.11    87.53     5.83   188.75    33.41     0.05     0.45    28.72    27.92
 00035  1003.89    28.29    87.16     3.94   197.63    31.23     0.00     1.55    32.23    26.72
 00036   773.00    15.73    94.16     0.74   303.74    11.55     5.58    13.03    21.34    15.41
 00037   961.18    27.54    82.45     1.72   256.69    22.80     0.00     0.04    31.66    23.03
 00038   990.35    27.30    85.02     1.71   247.07    25.83     0.00     0.60    32.24    23.50
 00039  1002.81    26.57    90.30     6.91   223.00    24.66     0.00     0.46    28.29    25.31
 00040  1002.21    27.00    87.31     5.32   258.18    20.02     0.11     0.80    29.76    25.45
 00041   960.78    23.45    95.45     1.63   239.30    11.86     9.67    19.08    28.41    22.66
 00042  1000.14    25.77    89.67     2.67   278.22    26.51     0.13    10.27    29.65    24.17
 00043   994.43    24.82    96.36     1.55   200.15    14.11    17.15    18.53    32.72    24.55
 00044   975.98    24.29    96.09     1.74   239.68     6.88     5.81     6.59    31.52    24.08
 00045  1002.21    27.00    87.31     5.32   258.18    20.02     0.11     0.80    29.76    25.45
 00046   937.61    24.20    90.24     3.22   213.99    21.36     0.27     1.02    29.51    22.83
 00047   991.88    26.77    90.52     2.01   226.69    15.16     0.08     0.39    30.49    24.38
 00048   604.73     6.30    84.54     0.63    90.26    12.22     3.23     7.68    16.86     6.09
 00049   577.62     0.03    93.36     0.45    71.82    14.94     0.02     8.92     8.61    -0.52
 00050   994.69    27.63    85.88     4.41   229.59    24.19     0.01     0.43    31.35    24.81
