stn_id       p       t2      rh2      spd      dir      vis    rain6   rain24   tmax24   tmin24 
 00001   980.30    13.90    76.70     3.00   180.00    10.00     0.00  9999.00  9999.00  9999.00
 00002  1000.70     7.60    84.69     1.00   140.00     3.30     0.00  9999.00  9999.00  9999.00
 00003   920.70     5.50    72.12     2.00    40.00     3.90     0.00  9999.00  9999.00  9999.00
 00004   852.30     2.00    87.80     1.00    70.00    13.00     0.00  9999.00  9999.00  9999.00
 00005   878.30     5.90     5.29     3.00   340.00    30.00     0.00  9999.00  9999.00  9999.00
 00006   878.40    -0.70    10.07     5.00   220.00    30.00     0.00  9999.00  9999.00  9999.00
 00007  1007.40     0.10    67.90     1.00    70.00    14.00     0.00  9999.00  9999.00  9999.00
 00008   982.90     5.50    42.81     2.00   220.00     7.00     0.00  9999.00  9999.00  9999.00
 00009   948.00    -7.70    84.80     1.00   200.00    26.00     0.00  9999.00  9999.00  9999.00
 00010   982.70    -1.00    54.85     1.00    40.00    15.00     0.00  9999.00  9999.00  9999.00
 00011   993.70     5.20    39.85     4.00   200.00    14.00     0.00  9999.00  9999.00  9999.00
 00012  1007.80     8.90    68.77     1.00    70.00     2.80     0.00  9999.00  9999.00  9999.00
 00013  1010.80     9.80    74.99     2.00   140.00     6.00     0.00  9999.00  9999.00  9999.00
 00014  1010.10     9.10    94.71     1.00   250.00     3.50     0.50  9999.00  9999.00  9999.00
 00015  9999.00  9999.00  9999.00  9999.00  9999.00  9999.00  9999.00  9999.00  9999.00  9999.00
 00016   959.30     8.20    87.75     1.00    40.00     3.30     0.00  9999.00  9999.00  9999.00
 00017   999.40     9.70    74.98     3.00   180.00     3.50     0.00  9999.00  9999.00  9999.00
 00018  1011.60    10.50    76.16     1.00    90.00    15.00     0.00  9999.00  9999.00  9999.00
 00019   941.90    12.10   100.00     1.00    40.00     2.00     2.00  9999.00  9999.00  9999.00
 00020  1015.80    10.60    75.13     2.00   140.00    10.00     0.00  9999.00  9999.00  9999.00
 00021   912.90    -2.60    88.69     2.00    90.00    18.00     4.00  9999.00  9999.00  9999.00
 00022  1012.10    10.00    68.99     2.00   180.00     4.00     0.00  9999.00  9999.00  9999.00
 00023   936.80    -2.30    84.15     1.00   160.00    30.00     0.00  9999.00  9999.00  9999.00
 00024   964.30    -0.90    88.84     3.00   290.00     5.00     0.60  9999.00  9999.00  9999.00
 00025   808.80    17.30    48.80     4.00   200.00    28.00     0.00  9999.00  9999.00  9999.00
 00026  1008.90    10.20    98.00     1.00   360.00     3.70     3.00  9999.00  9999.00  9999.00
 00027  1001.30     7.50    97.29     1.00   290.00     2.00     0.00  9999.00  9999.00  9999.00
 00028   980.50     6.40    99.31     1.00    90.00     1.90     0.60  9999.00  9999.00  9999.00
 00029  1004.40    21.50    77.83     1.00   140.00    30.00     0.00  9999.00  9999.00  9999.00
 00030   992.30    20.40    88.77     3.00   110.00    14.00     0.00  9999.00  9999.00  9999.00
 00031   620.40     4.10    16.79     1.00   180.00    30.00     0.00  9999.00  9999.00  9999.00
 00032  1005.00    12.90    84.13     0.00     0.00     6.00     0.00  9999.00  9999.00  9999.00
 00033  1003.30    22.10    90.02     2.00   140.00    15.00     0.00  9999.00  9999.00  9999.00
 00034  1010.10    23.50    85.77     1.00    70.00    23.00     0.00  9999.00  9999.00  9999.00
 00035  1008.30    23.60    85.77     1.00   140.00    28.00     0.00  9999.00  9999.00  9999.00
 00036   832.00    22.60    22.73     4.00   200.00    29.00     0.00  9999.00  9999.00  9999.00
 00037  1008.30    13.20    84.16     1.00    90.00     7.00     0.00  9999.00  9999.00  9999.00
 00038  1007.80    15.90    80.66     2.00   110.00    11.00     0.00  9999.00  9999.00  9999.00
 00039  1012.00    14.40    83.19     2.00    70.00     9.00     0.00  9999.00  9999.00  9999.00
 00040  1007.70    15.40    90.72     7.00    40.00     9.00     0.00  9999.00  9999.00  9999.00
 00041   812.10     6.60    99.31     6.00   220.00     0.00     1.00  9999.00  9999.00  9999.00
 00042  1009.60     9.60    82.04     2.00    90.00     7.00     0.00  9999.00  9999.00  9999.00
 00043  1006.40     9.80   100.00     1.00   360.00    22.00    11.00  9999.00  9999.00  9999.00
 00044  1005.28     9.40  9999.00     1.00    20.00     3.60    11.00  9999.00  9999.00  9999.00
 00045  1007.70    15.40    90.72     7.00    40.00     9.00     0.00  9999.00  9999.00  9999.00
 00046   965.40    18.40    78.90     1.00   340.00    11.00     0.00  9999.00  9999.00  9999.00
 00047  1011.30     9.90    94.10     2.00   270.00     0.90     7.00  9999.00  9999.00  9999.00
 00048   649.30     3.60    60.92     1.00   250.00    30.00     0.00  9999.00  9999.00  9999.00
 00049   597.70    -2.70    82.81     4.00   200.00    26.00     0.00  9999.00  9999.00  9999.00
 00050  1007.10    13.40    81.96     3.00    70.00     8.00     0.00  9999.00  9999.00  9999.00
