stn_id       p       t2      rh2      spd      dir      vis    rain6   rain24   tmax24   tmin24 
 00001   960.42    23.94    79.94     1.96   108.12    26.78  9999.00  9999.00  9999.00  9999.00
 00002   981.67    21.51    79.17     1.23   268.86    24.56  9999.00  9999.00  9999.00  9999.00
 00003   894.88    16.29    89.78     0.50   299.65    23.59  9999.00  9999.00  9999.00  9999.00
 00004   828.79    13.93    85.00     2.46   196.96    21.93  9999.00  9999.00  9999.00  9999.00
 00005   861.48    14.46    70.07     1.18    71.87    21.54  9999.00  9999.00  9999.00  9999.00
 00006   870.13    17.44    43.62     4.70   199.92    20.59  9999.00  9999.00  9999.00  9999.00
 00007   990.21    19.60    96.10     2.96   215.22    21.73  9999.00  9999.00  9999.00  9999.00
 00008   975.25    20.05    92.71     1.65   258.85     1.64  9999.00  9999.00  9999.00  9999.00
 00009   936.90    14.17    98.48     2.62    87.37    19.96  9999.00  9999.00  9999.00  9999.00
 00010   956.48    15.73    99.82     2.24    87.37     1.54  9999.00  9999.00  9999.00  9999.00
 00011   982.11    22.13    81.94     3.40   354.78    25.36  9999.00  9999.00  9999.00  9999.00
 00012   995.95    22.70    80.26     1.60   236.87    22.26  9999.00  9999.00  9999.00  9999.00
 00013  1003.61    22.52    95.16     2.31   222.15    27.59  9999.00  9999.00  9999.00  9999.00
 00014  1001.37    24.16    93.29     1.53   223.64    27.43  9999.00  9999.00  9999.00  9999.00
 00015   983.91    24.64    70.58     5.16   196.17    22.92  9999.00  9999.00  9999.00  9999.00
 00016   942.89    21.11    89.23     1.62   136.48    25.05  9999.00  9999.00  9999.00  9999.00
 00017   985.31    24.48    84.30     3.25   194.20    25.74  9999.00  9999.00  9999.00  9999.00
 00018  1002.11    22.19    97.34     3.01   196.67    16.70  9999.00  9999.00  9999.00  9999.00
 00019   926.28    23.72    78.84     0.72   317.50    27.27  9999.00  9999.00  9999.00  9999.00
 00020  1007.13    22.83    98.43     1.63   155.44    10.24  9999.00  9999.00  9999.00  9999.00
 00021   886.46    11.39    68.30     1.89   150.11    25.36  9999.00  9999.00  9999.00  9999.00
 00022   999.28    23.76    75.43     2.79   223.29    21.81  9999.00  9999.00  9999.00  9999.00
 00023   910.96    11.93    51.16     1.32   178.95    22.72  9999.00  9999.00  9999.00  9999.00
 00024   936.22    15.01    35.23     0.91   120.09    24.51  9999.00  9999.00  9999.00  9999.00
 00025   793.49    15.43    95.16     1.23   161.13    16.18  9999.00  9999.00  9999.00  9999.00
 00026  1002.89    23.77    96.63     1.71   205.79    28.61  9999.00  9999.00  9999.00  9999.00
 00027   998.21    23.73    96.43     2.17   190.69    27.68  9999.00  9999.00  9999.00  9999.00
 00028   968.09    22.98    91.26     3.08   186.78    27.00  9999.00  9999.00  9999.00  9999.00
 00029  1002.99    23.94    98.41     1.21    81.61    27.20  9999.00  9999.00  9999.00  9999.00
 00030   991.11    23.97    96.07     1.92   163.34    31.47  9999.00  9999.00  9999.00  9999.00
 00031   575.48     4.18    83.04     1.39   189.88    22.30  9999.00  9999.00  9999.00  9999.00
 00032   974.60    22.03    97.50     1.15   266.66     0.62  9999.00  9999.00  9999.00  9999.00
 00033  1004.67    23.77    96.88     4.21   149.52     0.39  9999.00  9999.00  9999.00  9999.00
 00034  1007.20    27.63    87.95     5.07   144.97    33.44  9999.00  9999.00  9999.00  9999.00
 00035  1004.09    26.19    95.52     2.10   192.19    30.25  9999.00  9999.00  9999.00  9999.00
 00036   773.55    15.37    88.87     1.90   172.97    24.94  9999.00  9999.00  9999.00  9999.00
 00037   965.20    21.66    98.70     1.06   277.90     0.93  9999.00  9999.00  9999.00  9999.00
 00038   992.54    24.07    98.80     0.68    22.16    21.08  9999.00  9999.00  9999.00  9999.00
 00039  1005.96    25.01    96.17     2.75   250.93    24.12  9999.00  9999.00  9999.00  9999.00
 00040  1003.55    25.30    96.77     1.88   159.12    19.61  9999.00  9999.00  9999.00  9999.00
 00041   964.62    20.66    98.94     1.35   177.05    10.61  9999.00  9999.00  9999.00  9999.00
 00042  1003.87    22.90    94.05     1.95   209.87    27.89  9999.00  9999.00  9999.00  9999.00
 00043   996.78    24.30    92.67     2.86   184.41    27.25  9999.00  9999.00  9999.00  9999.00
 00044   979.43    22.94    98.55     1.14   153.90     9.26  9999.00  9999.00  9999.00  9999.00
 00045  1003.55    25.30    96.77     1.88   159.12    19.61  9999.00  9999.00  9999.00  9999.00
 00046   939.54    20.19    99.63     1.17   154.02     0.35  9999.00  9999.00  9999.00  9999.00
 00047   997.42    22.79    99.17     0.98   310.16     0.59  9999.00  9999.00  9999.00  9999.00
 00048   605.84     7.25    70.70     2.11   190.75    26.34  9999.00  9999.00  9999.00  9999.00
 00049   579.40     3.08    94.59     0.84   218.87    13.13  9999.00  9999.00  9999.00  9999.00
 00050   998.30    24.98    95.11     2.00   249.01    24.82  9999.00  9999.00  9999.00  9999.00
