stn_id       p       t2      rh2      spd      dir      vis    rain6   rain24   tmax24   tmin24 
 00001   989.23    11.90    85.74     2.00   360.00    12.00  9999.00  9999.00  9999.00  9999.00
 00002  1016.51     4.60    83.75     2.00   160.00     4.40  9999.00  9999.00  9999.00  9999.00
 00003   934.84     3.10    65.07     2.00   200.00    20.00  9999.00  9999.00  9999.00  9999.00
 00004   863.86    -1.10    88.16     1.00   220.00    13.00  9999.00  9999.00  9999.00  9999.00
 00005   901.84    -4.50    42.82     9.00   340.00    30.00  9999.00  9999.00  9999.00  9999.00
 00006   897.11    -7.30    89.65     3.00   360.00    30.00  9999.00  9999.00  9999.00  9999.00
 00007  1022.95    -6.90    65.71     1.00   140.00    25.00  9999.00  9999.00  9999.00  9999.00
 00008   998.03    -4.60    39.00     3.00   250.00    11.00  9999.00  9999.00  9999.00  9999.00
 00009   968.21   -22.80    77.17     0.00   200.00    29.00  9999.00  9999.00  9999.00  9999.00
 00010   993.81    -1.90    32.75     4.00   220.00    29.00  9999.00  9999.00  9999.00  9999.00
 00011  1004.33    -7.40    53.48     2.00   270.00    30.00  9999.00  9999.00  9999.00  9999.00
 00012  1022.60     1.30    47.87     2.00    70.00    17.00  9999.00  9999.00  9999.00  9999.00
 00013  1021.05     5.00    89.98     4.00    70.00     6.00  9999.00  9999.00  9999.00  9999.00
 00014  1014.42    10.30    76.13     3.00    90.00    13.00  9999.00  9999.00  9999.00  9999.00
 00015  1007.82     3.80    77.81     1.00   250.00    14.00  9999.00  9999.00  9999.00  9999.00
 00016   977.96     2.70    89.15     1.00    70.00     6.00  9999.00  9999.00  9999.00  9999.00
 00017  1015.27     3.10    84.18     0.00     0.00    13.00  9999.00  9999.00  9999.00  9999.00
 00018  1019.34     5.20    93.88     3.00    20.00    12.00  9999.00  9999.00  9999.00  9999.00
 00019   949.17    12.80    59.71     3.00    40.00    27.00  9999.00  9999.00  9999.00  9999.00
 00020  1020.41     9.00    75.91     5.00    70.00    13.00  9999.00  9999.00  9999.00  9999.00
 00021   909.27     5.20    68.99     1.00   220.00    13.00  9999.00  9999.00  9999.00  9999.00
 00022  1027.09     2.70    51.76     2.00   180.00    17.00  9999.00  9999.00  9999.00  9999.00
 00023   939.62    -0.30    97.11     3.00   290.00     2.10  9999.00  9999.00  9999.00  9999.00
 00024   964.96    -0.10    92.93     2.00   290.00    22.00  9999.00  9999.00  9999.00  9999.00
 00025   811.20    10.10    72.96     1.00   250.00    15.00  9999.00  9999.00  9999.00  9999.00
 00026  1011.49    11.70    94.81     2.00    70.00     7.00  9999.00  9999.00  9999.00  9999.00
 00027  1013.70     4.70    93.20     8.00   340.00     9.00  9999.00  9999.00  9999.00  9999.00
 00028   990.14     5.30    97.92     1.00    20.00  9999.00  9999.00  9999.00  9999.00  9999.00
 00029  1011.65    16.40    87.89     1.00   340.00    23.00  9999.00  9999.00  9999.00  9999.00
 00030   999.44    20.00    89.87     3.00   110.00     8.00  9999.00  9999.00  9999.00  9999.00
 00031   623.30     3.00    18.50     2.00   250.00    30.00  9999.00  9999.00  9999.00  9999.00
 00032  1008.39    15.20    84.94     1.00   180.00  9999.00  9999.00  9999.00  9999.00  9999.00
 00033  1013.00    20.60    91.05     3.00   110.00     8.00  9999.00  9999.00  9999.00  9999.00
 00034  1013.40    22.90    90.07     2.00    90.00    17.00  9999.00  9999.00  9999.00  9999.00
 00035  1012.48    21.70    88.87     1.00   110.00    17.00  9999.00  9999.00  9999.00  9999.00
 00036   838.10    13.20    42.82     1.00   360.00    23.00  9999.00  9999.00  9999.00  9999.00
 00037  1012.58    15.80    81.72     0.00     0.00     6.00  9999.00  9999.00  9999.00  9999.00
 00038  1014.91    14.80    93.70     1.00    40.00     2.70  9999.00  9999.00  9999.00  9999.00
 00039  1016.03    15.20    87.78     3.00    70.00     8.00  9999.00  9999.00  9999.00  9999.00
 00040  1011.70    15.50    93.12     5.00    70.00     6.00  9999.00  9999.00  9999.00  9999.00
 00041   814.70     2.40   100.00     6.00   270.00     0.00  9999.00  9999.00  9999.00  9999.00
 00042  1018.57     6.60    95.26     4.00    90.00     2.40  9999.00  9999.00  9999.00  9999.00
 00043  1013.99    12.30   100.00     4.00    70.00    18.00  9999.00  9999.00  9999.00  9999.00
 00044  1006.86    12.10    69.89     2.00    20.00    15.00  9999.00  9999.00  9999.00  9999.00
 00045  1011.70    15.50    93.12     5.00    70.00     6.00  9999.00  9999.00  9999.00  9999.00
 00046   972.82    14.70    76.82     1.00   250.00     9.00  9999.00  9999.00  9999.00  9999.00
 00047  1014.42    12.50    85.80     0.00     0.00     1.50  9999.00  9999.00  9999.00  9999.00
 00048   650.80     5.00    24.78     3.00   270.00    30.00  9999.00  9999.00  9999.00  9999.00
 00049   600.10    -4.20    82.61     4.00   200.00    13.00  9999.00  9999.00  9999.00  9999.00
 00050  1015.93    14.40    87.71     2.00    70.00     8.00  9999.00  9999.00  9999.00  9999.00
