stn_id       p       t2      rh2      spd      dir      vis    rain6   rain24   tmax24   tmin24 
 00001   975.61    11.37    93.96     1.49   178.96    18.55     0.99     4.81    12.93    10.94
 00002  1009.13     4.55    27.78     2.31   329.91    21.41     0.00     0.00    13.92     2.55
 00003   909.05     1.97    50.39     2.09    36.88    19.52     0.00     0.00    12.63    -0.51
 00004   836.68    -0.56    50.01     2.20   136.80    18.94     0.00     0.00     8.02    -4.78
 00005   874.25    -3.99    12.19     3.57    52.97    20.66     0.00     0.00     4.94    -6.60
 00006   888.18    -7.94    14.08     1.26   143.42    22.29     0.00     0.00    -1.79   -10.42
 00007  1016.73    -0.63    31.92     4.52   341.28    24.81     0.00     0.00     7.50    -4.68
 00008   998.11    -1.68    33.99     3.27   310.83    28.88     0.00     0.00     3.65    -5.88
 00009   957.91   -16.24    59.84     1.69   245.45    48.95     0.00     0.04    -6.50   -24.48
 00010   972.28    -0.35    20.74     4.78   299.43    29.72     0.00     0.00     9.69    -5.93
 00011  1004.38    -1.37    50.61     3.18   326.59    33.23     0.00     0.00     2.05    -5.60
 00012  1026.22     2.53    15.14     4.26    32.56    21.44     0.00     0.00    14.19     0.49
 00013  1016.76    11.56    73.76     4.65    21.24    18.53     0.02     2.99    16.69    11.10
 00014  1011.48    12.93    86.08     3.41   338.29    17.46     0.44     1.81    20.59    12.88
 00015  1005.90     7.85    47.36     3.52    24.48    18.43     0.00     0.00    15.84     6.48
 00016   959.72     6.19    85.97     2.45    93.53    18.03     0.01     6.12     9.25     4.81
 00017  1007.20     9.66    52.18     2.81    39.93    15.50     0.03     0.03    15.76     9.55
 00018  1016.92     8.82    79.01     4.23    15.84    11.58     0.43     7.68    14.77     8.25
 00019   938.62     9.72    94.84     1.15   101.27    20.56     0.05     4.65    13.67     9.34
 00020  1016.28    15.96    72.82     5.43    17.54    18.89     0.07     3.10    18.31    14.25
 00021   893.18    -3.68    50.60     1.64   154.18    34.30     0.00     0.00     3.72    -5.86
 00022  1028.41     4.00    13.10     4.80    21.54    19.92     0.00     0.00    14.41     2.39
 00023   920.28    -2.46    42.32     1.34   165.91    31.18     0.00     0.00     5.75    -5.82
 00024   947.72    -8.55    64.46     2.84   111.17    33.83     0.00     0.00     4.58   -13.85
 00025   794.33     9.46    70.54     1.32   197.45    22.12     0.00     0.13    19.91     8.28
 00026  1013.48    12.25    81.49     4.85     3.94    18.72     0.08     0.91    19.46    12.22
 00027  1011.20     9.79    79.67     4.31   335.50    18.50     0.36     2.08    19.05     9.64
 00028   979.86     8.87    72.40     3.47    20.80    17.97     0.00     7.42    16.18     8.63
 00029  1006.54    18.74    95.43     4.33   327.61     4.68    22.03    53.68    25.64    18.79
 00030   996.54    17.77    83.10     3.87   338.32    23.34     5.42    10.39    30.26    17.42
 00031   570.49    -8.88    52.00     1.93   226.68    28.63     0.00     0.00     5.35   -10.01
 00032   977.33    18.70    99.64     1.83    60.37     2.19     2.87     9.84    26.72    17.90
 00033  1005.82    22.36    95.81     4.08   255.26    18.99     0.00     0.00    27.29    22.26
 00034  1010.70    27.18    83.39     9.10   176.07    23.14     0.00     0.00    27.92    27.12
 00035  1004.95    28.18    82.28     6.32   192.50    21.99     0.00     1.74    35.59    26.36
 00036   775.24     4.93    86.33     0.44   163.19    21.24     0.03     0.76    16.70     4.46
 00037   967.69    18.90    99.83     1.13   171.07     1.38     4.19    12.48    26.48    17.78
 00038   994.73    21.67    99.08     0.68    92.55     1.65     1.72    10.55    28.94    20.74
 00039  1008.32    22.88    91.58     3.52    45.80     7.78    22.18    33.23    27.90    22.14
 00040  1006.26    23.54    93.26     4.14   218.36     3.34     3.45     5.51    28.83    22.69
 00041   973.76     9.43    89.50     2.44    11.00    17.70     0.64     1.22    15.03     9.42
 00042  1016.82    11.30    73.67     3.17    11.52    19.28     0.43     2.50    16.07    11.08
 00043  1006.66    12.39    89.67     3.71    19.12    19.29     0.28     3.91    18.28    12.34
 00044   986.25    14.75    90.47     2.91    30.43    16.22     5.81     7.71    17.61    13.59
 00045  1006.26    23.54    93.26     4.14   218.36     3.34     3.45     5.51    28.83    22.69
 00046   942.39    15.47    99.36     1.57   336.43     3.78     2.98    60.05    21.89    15.39
 00047  1002.96    17.95    90.75     2.97   351.29     8.56     2.76    18.10    22.43    17.65
 00048   601.89   -10.11    80.53     1.48   130.40    10.33     0.01     0.07     3.07   -10.32
 00049   573.59   -15.17    75.12     1.02   104.01    16.18     0.04     0.19    -0.53   -15.63
 00050  1000.71    21.46    94.56     2.51   330.91    13.87    11.03    20.39    31.42    20.73
