stn_id       p       t2      rh2      spd      dir      vis    rain6   rain24   tmax24   tmin24 
 00001   972.99    12.28    94.08     1.56   251.93    17.76     0.67  9999.00  9999.00  9999.00
 00002  1002.90     9.02    36.07     2.15    61.92    21.35     0.00  9999.00  9999.00  9999.00
 00003   905.22     6.52    41.93     1.98    61.09    19.49     0.00  9999.00  9999.00  9999.00
 00004   835.66     1.20    44.16     2.17    38.97    19.01     0.00  9999.00  9999.00  9999.00
 00005   873.60    -3.36    19.73     3.63     3.92    20.85     0.00  9999.00  9999.00  9999.00
 00006   887.59    -7.19    13.53     2.90   341.96    22.54     0.00  9999.00  9999.00  9999.00
 00007  1013.17    -0.35    37.57     2.90     6.84    24.88     0.00  9999.00  9999.00  9999.00
 00008   995.64    -3.92    32.77     2.44   254.55    29.04     0.00  9999.00  9999.00  9999.00
 00009   954.74   -12.02    71.21     2.62   344.17    49.25     0.00  9999.00  9999.00  9999.00
 00010   969.08    -0.29    37.78     3.63   306.44    29.89     0.00  9999.00  9999.00  9999.00
 00011  1000.64    -3.44    38.80     2.89   233.66    33.44     0.00  9999.00  9999.00  9999.00
 00012  1019.50     6.51    32.57     2.34   137.97    21.42     0.00  9999.00  9999.00  9999.00
 00013  1012.42    12.50    80.59     5.63    28.17    13.13     0.72  9999.00  9999.00  9999.00
 00014  1006.77    16.31    82.64     2.57   320.25    17.49     0.01  9999.00  9999.00  9999.00
 00015  1002.02    10.69    43.17     3.56    44.39    18.35     0.00  9999.00  9999.00  9999.00
 00016   959.98     7.87    93.55     0.80   314.02     4.35     2.19  9999.00  9999.00  9999.00
 00017  1002.95    12.92    18.73     2.81    37.65    18.57     0.00  9999.00  9999.00  9999.00
 00018  1012.50    11.39    89.45     4.01    25.66     4.12     3.04  9999.00  9999.00  9999.00
 00019   937.80    12.18    84.77     0.50    87.49     9.30     1.53  9999.00  9999.00  9999.00
 00020  1011.79    16.08    87.65     6.93     8.12     9.99     1.49  9999.00  9999.00  9999.00
 00021   892.28     2.00    71.38     1.29   230.06    34.45     0.00  9999.00  9999.00  9999.00
 00022  1022.15     7.38    28.81     2.66    79.97    19.87     0.00  9999.00  9999.00  9999.00
 00023   919.25     3.51    43.42     1.42   112.22    31.31     0.00  9999.00  9999.00  9999.00
 00024   945.77     3.06    35.39     0.98   178.50    33.92     0.00  9999.00  9999.00  9999.00
 00025   791.17    16.31    36.79     3.48   227.48    21.99     0.08  9999.00  9999.00  9999.00
 00026  1008.62    16.52    82.69     2.67    20.28    18.35     0.07  9999.00  9999.00  9999.00
 00027  1005.78    16.13    70.67     5.47   357.51    19.05     0.06  9999.00  9999.00  9999.00
 00028   975.30    12.03    83.95     4.44    23.86     9.33     2.08  9999.00  9999.00  9999.00
 00029  1002.78    22.51    95.05     1.04   158.56    18.57     4.05  9999.00  9999.00  9999.00
 00030   989.25    23.45    86.43     3.67    64.91    23.41     4.56  9999.00  9999.00  9999.00
 00031   567.74     0.89    10.39     2.55   224.94    28.58     0.00  9999.00  9999.00  9999.00
 00032   974.16    19.54    97.70     1.78   293.42    14.27     1.99  9999.00  9999.00  9999.00
 00033  1002.50    25.55    77.53     4.93   163.72    22.00     0.00  9999.00  9999.00  9999.00
 00034  1008.30    27.86    78.66     7.41   186.40    23.01     0.00  9999.00  9999.00  9999.00
 00035  1002.80    28.48    77.20     5.67   183.19    21.86     0.72  9999.00  9999.00  9999.00
 00036   769.85    12.18    57.54     2.03   124.11    21.04     0.06  9999.00  9999.00  9999.00
 00037   964.68    19.64    97.91     1.33   326.26    14.99     3.11  9999.00  9999.00  9999.00
 00038   992.01    22.47    97.82     0.51   148.20     6.68     4.53  9999.00  9999.00  9999.00
 00039  1005.44    23.46    91.88     4.46   206.07    18.35     5.30  9999.00  9999.00  9999.00
 00040  1003.20    26.17    86.34     3.71   220.98    20.48     0.34  9999.00  9999.00  9999.00
 00041   969.39    12.96    93.22     1.32   336.56    18.16     0.08  9999.00  9999.00  9999.00
 00042  1012.07    13.12    88.76     4.78    28.02     9.45     1.71  9999.00  9999.00  9999.00
 00043  1002.03    16.45    89.97     1.54    75.64    15.31     1.03  9999.00  9999.00  9999.00
 00044   983.24    15.78    93.02     0.76   259.07    17.22     1.52  9999.00  9999.00  9999.00
 00045  1003.20    26.17    86.34     3.71   220.98    20.48     0.34  9999.00  9999.00  9999.00
 00046   939.78    18.50    99.87     0.79   340.83     1.28    14.43  9999.00  9999.00  9999.00
 00047   999.69    20.08    95.68     1.64    55.89     5.45    10.43  9999.00  9999.00  9999.00
 00048   600.26    -0.48    46.48     1.59   266.51    31.88     0.04  9999.00  9999.00  9999.00
 00049   573.54    -6.10    86.03     1.71   196.15    26.34     0.04  9999.00  9999.00  9999.00
 00050   997.75    23.13    94.70     2.27   222.13    18.43     2.01  9999.00  9999.00  9999.00
