stn_id       p       t2      rh2      spd      dir      vis    rain6   rain24   tmax24   tmin24 
 00001   977.81    11.07    85.73     5.83   216.99     2.15     6.49  9999.00  9999.00  9999.00
 00002   994.89     8.80    78.69     3.14   243.69    20.58     0.00  9999.00  9999.00  9999.00
 00003   904.74     2.54    59.76     2.85   295.05    18.73     0.02  9999.00  9999.00  9999.00
 00004   834.24    -4.59    91.06     4.32   292.50    13.26     2.50  9999.00  9999.00  9999.00
 00005   869.61    -2.69    86.88     2.38   262.67    12.69     4.08  9999.00  9999.00  9999.00
 00006   878.61    -1.93    64.40     3.77   256.75    17.21     0.22  9999.00  9999.00  9999.00
 00007  1000.35     2.00    47.39     3.37    13.74    21.52     0.00  9999.00  9999.00  9999.00
 00008   984.67     1.90    48.73     2.47   343.26    24.05     0.00  9999.00  9999.00  9999.00
 00009   940.37    -8.73    79.38     1.09   138.48    40.68     0.00  9999.00  9999.00  9999.00
 00010   958.49     2.50    99.20     2.09   308.59     5.65     4.54  9999.00  9999.00  9999.00
 00011   991.92     0.17    51.70     2.13    34.98    26.77     0.00  9999.00  9999.00  9999.00
 00012  1009.42     8.44    81.89     1.52   256.10    18.73     0.22  9999.00  9999.00  9999.00
 00013  1013.49    11.07    80.36     1.84   314.10    21.01     0.00  9999.00  9999.00  9999.00
 00014  1009.67    11.13    83.75     1.58   325.95    21.30     0.00  9999.00  9999.00  9999.00
 00015   996.01     4.69    92.53     1.88   178.59    18.92     0.00  9999.00  9999.00  9999.00
 00016   964.72     5.07    68.84     3.11   219.89    18.88     0.42  9999.00  9999.00  9999.00
 00017   999.78    13.36    56.26     6.80   286.84    19.60     0.00  9999.00  9999.00  9999.00
 00018  1012.92    11.30    77.02     2.04   308.06    20.74     0.00  9999.00  9999.00  9999.00
 00019   945.10     8.02    86.52     0.85   169.10     8.25     3.91  9999.00  9999.00  9999.00
 00020  1015.02    10.35    82.76     2.65   286.06    20.18    -0.00  9999.00  9999.00  9999.00
 00021   892.58    -4.02    40.46     2.47   153.55    31.22     0.00  9999.00  9999.00  9999.00
 00022  1012.71     7.52    81.59     3.06   227.96    19.05    -0.00  9999.00  9999.00  9999.00
 00023   918.36    -3.11    52.84     2.14   152.23    28.10     0.00  9999.00  9999.00  9999.00
 00024   946.48    -0.14    48.67     0.97   127.92    30.89     0.00  9999.00  9999.00  9999.00
 00025   795.03    13.21    59.15     2.24   250.65    23.52     0.00  9999.00  9999.00  9999.00
 00026  1011.13    13.31    80.01     5.27   246.21     9.60     1.16  9999.00  9999.00  9999.00
 00027  1008.77    12.54    87.37     4.51    44.64    14.57     2.92  9999.00  9999.00  9999.00
 00028   978.07    10.76    91.09     2.48   110.45    10.05     1.77  9999.00  9999.00  9999.00
 00029  1004.36    22.34    98.75     1.61    45.77    18.16     0.82  9999.00  9999.00  9999.00
 00030   994.16    19.41    79.03     3.09    28.94    24.11     0.61  9999.00  9999.00  9999.00
 00031   570.46    -6.18    48.66     2.49   217.34    27.17     0.00  9999.00  9999.00  9999.00
 00032   976.16    17.58    97.60     1.30    50.18    10.73     1.05  9999.00  9999.00  9999.00
 00033  1005.28    22.45    96.98     6.95   166.28     1.32     0.00  9999.00  9999.00  9999.00
 00034  1010.33    27.74    83.76     7.87   177.74    25.86     0.02  9999.00  9999.00  9999.00
 00035  1005.41    26.62    91.90     4.86   186.86    24.54    -0.00  9999.00  9999.00  9999.00
 00036   775.28     7.88    80.92     2.03   145.94    16.29     0.08  9999.00  9999.00  9999.00
 00037   966.57    17.52    97.41     0.94    75.00     7.53     1.33  9999.00  9999.00  9999.00
 00038   994.05    19.85    99.74     0.58   132.10     7.34     0.81  9999.00  9999.00  9999.00
 00039  1007.61    22.28    91.83     1.18    65.84     7.34     2.62  9999.00  9999.00  9999.00
 00040  1005.29    23.39    91.39     1.34   214.97    11.39     5.02  9999.00  9999.00  9999.00
 00041   971.41    10.02    84.12     1.55   280.42    20.44     0.00  9999.00  9999.00  9999.00
 00042  1013.82    11.04    82.17     1.53   312.26    21.10     0.00  9999.00  9999.00  9999.00
 00043  1004.34    14.38    85.01     3.32    13.36     4.42     0.66  9999.00  9999.00  9999.00
 00044   983.53    15.08    91.59     2.47    31.43    15.37     6.12  9999.00  9999.00  9999.00
 00045  1005.29    23.39    91.39     1.34   214.97    11.39     5.02  9999.00  9999.00  9999.00
 00046   940.56    17.55    97.84     0.92   149.79     1.26     4.12  9999.00  9999.00  9999.00
 00047  1001.84    17.30    90.81     3.79    52.49     5.41     1.41  9999.00  9999.00  9999.00
 00048   600.77    -1.38    53.06     2.20   182.05    30.52     0.01  9999.00  9999.00  9999.00
 00049   574.43    -6.93    98.79     1.07   180.67     6.78     0.48  9999.00  9999.00  9999.00
 00050   999.94    20.01    94.08     0.54    34.54     9.55     2.78  9999.00  9999.00  9999.00
