stn_id       p       t2      rh2      spd      dir      vis    rain6   rain24   tmax24   tmin24 
 00001   975.21    15.62    61.30     2.04    48.82    21.75     0.01  9999.00  9999.00  9999.00
 00002   990.39    11.80    33.63     1.07   191.88    25.24     0.00  9999.00  9999.00  9999.00
 00003   899.77    10.54    18.91     4.64   287.57    23.79     0.00  9999.00  9999.00  9999.00
 00004   830.72     2.13    30.18     6.43   274.48    23.67     0.00  9999.00  9999.00  9999.00
 00005   864.93     3.91    30.16     4.34   278.02    25.94     0.00  9999.00  9999.00  9999.00
 00006   874.13     1.09    49.16     8.30   280.49    27.51     0.00  9999.00  9999.00  9999.00
 00007   999.03     9.25    68.18     5.42   212.72    32.13    -0.00  9999.00  9999.00  9999.00
 00008   980.47     4.53    80.78     6.85   200.92    36.57     0.00  9999.00  9999.00  9999.00
 00009   922.87    -5.96    74.91     2.49   265.35    30.28     0.52  9999.00  9999.00  9999.00
 00010   963.91     6.44    51.48     2.37   125.52    36.65     0.01  9999.00  9999.00  9999.00
 00011   987.40     1.03    88.62     8.92   190.84    40.19     0.00  9999.00  9999.00  9999.00
 00012  1006.56     6.88    44.13     1.10   209.16    26.23     0.00  9999.00  9999.00  9999.00
 00013  1013.10    15.48    56.23     4.19   241.71    20.60     0.00  9999.00  9999.00  9999.00
 00014  1010.92    13.09    69.49     2.93   232.94    20.02     0.00  9999.00  9999.00  9999.00
 00015   991.15    14.01    37.39     4.95   207.60    22.04     0.00  9999.00  9999.00  9999.00
 00016   957.20    13.64    48.04     4.03   247.51    22.23     0.00  9999.00  9999.00  9999.00
 00017   995.00    17.64    39.24     3.75   267.55    21.17     0.00  9999.00  9999.00  9999.00
 00018  1011.82    16.07    50.79     3.26   212.73    20.04     0.00  9999.00  9999.00  9999.00
 00019   939.57    11.14    85.72     1.49   113.62    17.17     0.27  9999.00  9999.00  9999.00
 00020  1015.34    15.85    54.58     3.11   275.96    20.56     0.00  9999.00  9999.00  9999.00
 00021   899.83     1.55    66.95     1.46   140.22    37.83    -0.00  9999.00  9999.00  9999.00
 00022  1009.42     9.04    45.58     1.66   224.44    24.72     0.00  9999.00  9999.00  9999.00
 00023   926.68    -0.86    66.56     1.55   117.49    32.88    -0.00  9999.00  9999.00  9999.00
 00024   955.58    -6.69    86.63     4.11   104.53    30.03     0.02  9999.00  9999.00  9999.00
 00025   794.71    16.42    61.81     5.67   249.07    19.10     0.01  9999.00  9999.00  9999.00
 00026  1012.83    15.35    68.75     0.48   137.25    19.12    -0.00  9999.00  9999.00  9999.00
 00027  1008.26    16.32    64.61     0.98   149.06    19.13     0.00  9999.00  9999.00  9999.00
 00028   976.30    15.97    73.77     0.99    11.36    18.67     0.00  9999.00  9999.00  9999.00
 00029  1008.53    20.83    61.69     1.62   351.71    20.81    -0.00  9999.00  9999.00  9999.00
 00030   998.32    19.16    67.04     0.61   157.69    22.13     0.00  9999.00  9999.00  9999.00
 00031   571.92     0.42    29.74     3.11   264.16    31.83     0.19  9999.00  9999.00  9999.00
 00032   978.16    19.25    65.84     1.23   298.97    17.91     0.00  9999.00  9999.00  9999.00
 00033  1010.75    19.81    92.41     5.51    86.13    18.05     0.02  9999.00  9999.00  9999.00
 00034  1011.08    26.40    87.23     7.93    45.97    12.83     0.74  9999.00  9999.00  9999.00
 00035  1009.89    24.88    78.08     3.60    44.63    15.31     0.52  9999.00  9999.00  9999.00
 00036   774.31    12.73    58.84     1.72   214.20    20.92     0.18  9999.00  9999.00  9999.00
 00037   968.45    19.21    64.99     1.02   314.77    17.83     0.00  9999.00  9999.00  9999.00
 00038   995.81    22.80    59.51     0.69    42.83    19.97     0.00  9999.00  9999.00  9999.00
 00039  1009.88    21.11    68.42     4.45    55.58    19.60     0.00  9999.00  9999.00  9999.00
 00040  1007.38    23.34    60.26     2.73    81.62    20.70    -0.00  9999.00  9999.00  9999.00
 00041   972.28    12.25    71.08     1.43   234.10    18.77     0.01  9999.00  9999.00  9999.00
 00042  1013.71    16.09    54.13     3.94   248.53    20.07     0.00  9999.00  9999.00  9999.00
 00043  1006.10    15.36    69.21     0.82    69.75    19.27     0.00  9999.00  9999.00  9999.00
 00044   987.38    13.64    67.54     0.96   309.88    18.77     0.00  9999.00  9999.00  9999.00
 00045  1007.38    23.34    60.26     2.73    81.62    20.70    -0.00  9999.00  9999.00  9999.00
 00046   942.81    15.61    74.92     0.69    59.17    18.67     0.03  9999.00  9999.00  9999.00
 00047  1003.72    17.73    53.15     1.42   347.23    19.08     0.00  9999.00  9999.00  9999.00
 00048   604.65    -1.18    43.27     2.00    34.55    27.01     0.19  9999.00  9999.00  9999.00
 00049   575.47    -0.63    45.59     2.87   214.29    27.85     0.04  9999.00  9999.00  9999.00
 00050  1001.90    21.90    63.97     2.26    68.03    19.12     0.00  9999.00  9999.00  9999.00
