stn_id       p       t2      rh2      spd      dir      vis    rain6   rain24   tmax24   tmin24 
 00001   980.67    16.13    74.41     2.42   295.97    23.43  9999.00  9999.00  9999.00  9999.00
 00002  1002.36    18.12    51.47     1.19   239.01    23.01  9999.00  9999.00  9999.00  9999.00
 00003   909.54    14.33    29.54     3.27   282.10    21.93  9999.00  9999.00  9999.00  9999.00
 00004   841.90     5.98    37.70     4.22   337.47    22.03  9999.00  9999.00  9999.00  9999.00
 00005   877.94     8.55    26.17     4.99   338.09    24.83  9999.00  9999.00  9999.00  9999.00
 00006   888.57     5.88    29.74     6.19   326.85    25.99  9999.00  9999.00  9999.00  9999.00
 00007  1007.89     9.90    50.91     2.63   340.62    25.38  9999.00  9999.00  9999.00  9999.00
 00008   990.60     7.97    37.92     2.81   285.80    27.22  9999.00  9999.00  9999.00  9999.00
 00009   947.98    -1.97    42.71     2.83   321.75    33.56  9999.00  9999.00  9999.00  9999.00
 00010   966.93     6.15    58.48     2.13   289.09    27.41  9999.00  9999.00  9999.00  9999.00
 00011   996.94     5.43    65.11     3.43   295.92    28.86  9999.00  9999.00  9999.00  9999.00
 00012  1017.60    15.30    34.64     2.13   339.78    23.16  9999.00  9999.00  9999.00  9999.00
 00013  1012.72    21.95    77.53     3.70   347.19    14.25  9999.00  9999.00  9999.00  9999.00
 00014  1008.75    23.25    78.69     1.18   245.47    22.27  9999.00  9999.00  9999.00  9999.00
 00015  1001.57    17.00    30.46     3.26   355.01    20.10  9999.00  9999.00  9999.00  9999.00
 00016   964.04    16.31    64.95     2.32   212.86    21.43  9999.00  9999.00  9999.00  9999.00
 00017  1004.49    17.29    70.52     2.06   264.53    20.91  9999.00  9999.00  9999.00  9999.00
 00018  1012.69    20.38    79.22     6.19   351.42    16.85  9999.00  9999.00  9999.00  9999.00
 00019   945.43    15.97    80.42     1.74   273.01    25.11  9999.00  9999.00  9999.00  9999.00
 00020  1014.20    22.59    77.71     2.22    79.32    21.21  9999.00  9999.00  9999.00  9999.00
 00021   898.02    13.09    37.67     2.57   301.51    26.58  9999.00  9999.00  9999.00  9999.00
 00022  1020.03    16.50    28.29     3.31   329.13    21.51  9999.00  9999.00  9999.00  9999.00
 00023   924.89    14.93    42.75     1.13    27.67    22.10  9999.00  9999.00  9999.00  9999.00
 00024   950.91    13.08    42.58     4.47   124.17    24.42  9999.00  9999.00  9999.00  9999.00
 00025   796.94    20.73    55.50     1.05   240.55    24.20  9999.00  9999.00  9999.00  9999.00
 00026  1010.72    19.70    91.98     2.26    31.31    20.50  9999.00  9999.00  9999.00  9999.00
 00027  1008.48    19.33    85.10     5.59   331.53    14.44  9999.00  9999.00  9999.00  9999.00
 00028   976.66    20.88    79.60     5.34    10.05    13.52  9999.00  9999.00  9999.00  9999.00
 00029  1007.80    24.47    92.58     3.27   108.35    18.87  9999.00  9999.00  9999.00  9999.00
 00030   994.20    22.27    96.21     4.50    12.57     0.67  9999.00  9999.00  9999.00  9999.00
 00031   571.62     4.91    12.19     4.43   247.05    29.49  9999.00  9999.00  9999.00  9999.00
 00032   979.69    22.81    83.88     1.20   149.47    16.21  9999.00  9999.00  9999.00  9999.00
 00033  1004.30    22.99    93.98    10.16   143.46    10.76  9999.00  9999.00  9999.00  9999.00
 00034  1010.77    27.48    86.78     4.51   159.42    29.87  9999.00  9999.00  9999.00  9999.00
 00035  1005.19    26.85    87.18     8.08   159.15    27.28  9999.00  9999.00  9999.00  9999.00
 00036   779.92    12.27    71.09     2.33    50.36    21.84  9999.00  9999.00  9999.00  9999.00
 00037   970.02    22.97    80.94     1.36   138.96    19.03  9999.00  9999.00  9999.00  9999.00
 00038   997.62    23.29    97.08     0.57   211.83     4.33  9999.00  9999.00  9999.00  9999.00
 00039  1010.85    24.81    84.54     4.04    44.98    11.49  9999.00  9999.00  9999.00  9999.00
 00040  1008.91    25.10    80.94     1.94    43.04    21.21  9999.00  9999.00  9999.00  9999.00
 00041   971.59    20.42    82.82     0.61   190.50    21.11  9999.00  9999.00  9999.00  9999.00
 00042  1012.04    23.48    75.71     1.38   332.79    21.81  9999.00  9999.00  9999.00  9999.00
 00043  1004.02    20.73    94.84     2.32    31.39    16.14  9999.00  9999.00  9999.00  9999.00
 00044   985.59    20.93    85.46     1.78    62.98    20.23  9999.00  9999.00  9999.00  9999.00
 00045  1008.91    25.10    80.94     1.94    43.04    21.21  9999.00  9999.00  9999.00  9999.00
 00046   943.99    22.15    82.33     1.76   209.81    12.70  9999.00  9999.00  9999.00  9999.00
 00047  1003.20    23.49    85.35     2.37   142.28    21.75  9999.00  9999.00  9999.00  9999.00
 00048   602.77     7.48    21.86     2.42   232.97    33.05  9999.00  9999.00  9999.00  9999.00
 00049   577.35     0.41    58.76     3.38   210.21    25.70  9999.00  9999.00  9999.00  9999.00
 00050  1003.20    24.77    78.88     1.92    38.19     8.40  9999.00  9999.00  9999.00  9999.00
