stn_id       p       t2      rh2      spd      dir      vis    rain6   rain24   tmax24   tmin24 
 00001   979.97    13.15    85.27     1.90    69.41    23.18     0.00  9999.00  9999.00  9999.00
 00002  1002.07     6.90    79.11     1.56   268.19    23.12     0.00  9999.00  9999.00  9999.00
 00003   909.66     4.31    70.83     0.71   290.54    22.02     0.00  9999.00  9999.00  9999.00
 00004   840.28     1.61    68.66     1.91   202.22    22.06     0.00  9999.00  9999.00  9999.00
 00005   875.38     3.18    53.84     1.06    76.14    24.74     0.00  9999.00  9999.00  9999.00
 00006   885.13     3.35    44.29     3.95   231.01    25.83     0.00  9999.00  9999.00  9999.00
 00007  1008.87     8.15    54.58     5.92   201.84    25.52     0.00  9999.00  9999.00  9999.00
 00008   989.04     6.18    58.57     7.37   236.99    27.47     0.00  9999.00  9999.00  9999.00
 00009   946.64    -7.27    90.67     2.73   294.17    34.14     0.00  9999.00  9999.00  9999.00
 00010   969.89    -0.43    63.44     1.64   183.48    27.69     0.00  9999.00  9999.00  9999.00
 00011   992.91     4.43    58.69     4.55   212.35    29.16     0.17  9999.00  9999.00  9999.00
 00012  1017.15     7.79    71.78     1.82   264.33    23.24     0.00  9999.00  9999.00  9999.00
 00013  1022.19    10.74    86.54     1.64    92.93    21.64     0.00  9999.00  9999.00  9999.00
 00014  1018.84    11.59    73.82     1.55    76.20    21.94     0.00  9999.00  9999.00  9999.00
 00015  1003.95    11.00    59.83     3.46   183.63    20.21     0.00  9999.00  9999.00  9999.00
 00016   962.14     8.50    87.71     1.11   139.04    21.31     0.00  9999.00  9999.00  9999.00
 00017  1005.20    10.02    88.21     1.64   207.81    20.80     0.00  9999.00  9999.00  9999.00
 00018  1020.69     9.66    89.45     1.88   105.90    21.17     0.00  9999.00  9999.00  9999.00
 00019   944.06    14.68    85.07     0.33   295.84    25.82     0.04  9999.00  9999.00  9999.00
 00020  1025.42    12.15    78.63     1.53    22.18    21.08     0.00  9999.00  9999.00  9999.00
 00021   893.46     7.82    48.54     1.62   152.62    27.10     0.00  9999.00  9999.00  9999.00
 00022  1020.65    10.48    53.24     3.05   221.94    21.64     0.00  9999.00  9999.00  9999.00
 00023   921.06    10.18    90.03     2.63   248.46     7.79     3.60  9999.00  9999.00  9999.00
 00024   944.18     7.84    78.68     1.84   142.19    21.37     1.04  9999.00  9999.00  9999.00
 00025   801.01     9.91    90.75     1.58   167.30    23.77     0.00  9999.00  9999.00  9999.00
 00026  1019.06    11.20    72.44     2.68   143.26    21.73     0.00  9999.00  9999.00  9999.00
 00027  1015.41    10.46    79.62     1.64    56.87    21.69     0.00  9999.00  9999.00  9999.00
 00028   983.99    12.11    67.51     1.11   132.55    21.12     0.00  9999.00  9999.00  9999.00
 00029  1014.49    15.42    87.34     3.32   326.12    23.44     0.81  9999.00  9999.00  9999.00
 00030  1004.66    17.05    76.63     1.89    41.09    24.92     0.19  9999.00  9999.00  9999.00
 00031   575.37    -4.98    63.07     2.27   200.15    29.98     0.00  9999.00  9999.00  9999.00
 00032   985.90    14.36    84.55     2.41    51.84    12.09     1.05  9999.00  9999.00  9999.00
 00033  1014.39    20.39    92.30     8.61    45.14    10.27     1.22  9999.00  9999.00  9999.00
 00034  1012.92    26.47    90.66     5.95    58.08    15.29     3.11  9999.00  9999.00  9999.00
 00035  1013.01    22.69    93.35     6.02    30.82     7.46     3.25  9999.00  9999.00  9999.00
 00036   780.73     7.71    85.32     1.04   100.72    23.40     0.01  9999.00  9999.00  9999.00
 00037   976.14    14.07    88.92     1.55    10.38    12.31     0.70  9999.00  9999.00  9999.00
 00038  1002.71    18.21    74.81     1.75    36.17    23.35     0.02  9999.00  9999.00  9999.00
 00039  1016.38    19.44    83.79    10.11    21.21    16.69     0.93  9999.00  9999.00  9999.00
 00040  1013.49    19.53    76.10     7.37    30.68    24.19     0.00  9999.00  9999.00  9999.00
 00041   979.24     8.29    85.57     1.28    85.01    20.79     0.00  9999.00  9999.00  9999.00
 00042  1021.98    10.13    81.51     1.96   107.95    21.57     0.00  9999.00  9999.00  9999.00
 00043  1012.51    12.32    68.20     1.49   102.01    22.16     0.00  9999.00  9999.00  9999.00
 00044   993.09    11.09    84.83     1.33    56.22    21.28     0.00  9999.00  9999.00  9999.00
 00045  1013.49    19.53    76.10     7.37    30.68    24.19     0.00  9999.00  9999.00  9999.00
 00046   949.01    13.22    97.65     1.34    55.33    18.86     1.92  9999.00  9999.00  9999.00
 00047  1011.77    15.04    72.77     3.73   160.97    21.42     0.00  9999.00  9999.00  9999.00
 00048   607.35    -2.35    57.92     1.21   171.29    33.49     0.00  9999.00  9999.00  9999.00
 00049   580.37    -6.61    95.82     0.41    85.96     4.43     0.03  9999.00  9999.00  9999.00
 00050  1009.04    16.55    88.85     5.85    11.60    10.68     3.05  9999.00  9999.00  9999.00
