stn_id       p       t2      rh2      spd      dir      vis    rain6   rain24   tmax24   tmin24 
 00001   981.58    19.98    54.65     1.12    91.83    23.34  9999.00  9999.00  9999.00  9999.00
 00002  1004.79    14.64    40.71     2.40   160.47    23.09  9999.00  9999.00  9999.00  9999.00
 00003   910.61    13.86    31.66     2.24   320.01    21.98  9999.00  9999.00  9999.00  9999.00
 00004   842.02     6.25    45.17     3.15   307.90    22.07  9999.00  9999.00  9999.00  9999.00
 00005   877.01     9.83    28.90     2.28   230.52    24.80  9999.00  9999.00  9999.00  9999.00
 00006   887.42     8.44    27.80     4.44   296.68    25.92  9999.00  9999.00  9999.00  9999.00
 00007  1009.05     7.14    40.75     2.42   292.15    25.43  9999.00  9999.00  9999.00  9999.00
 00008   990.68     5.21    29.06     4.07   304.91    27.32  9999.00  9999.00  9999.00  9999.00
 00009   947.57    -2.80    41.84     1.97   329.45    33.80  9999.00  9999.00  9999.00  9999.00
 00010   965.72     1.84    66.35     4.40   290.26    26.71  9999.00  9999.00  9999.00  9999.00
 00011   996.45     2.77    42.82     3.49   301.11    28.99  9999.00  9999.00  9999.00  9999.00
 00012  1018.98    14.53    34.45     2.83   219.96    23.21  9999.00  9999.00  9999.00  9999.00
 00013  1021.22    15.38    50.38     2.82   344.81    21.77  9999.00  9999.00  9999.00  9999.00
 00014  1017.22    15.02    78.86     2.22   298.50    22.18  9999.00  9999.00  9999.00  9999.00
 00015  1005.77    12.72    45.68     1.70   320.61    20.19  9999.00  9999.00  9999.00  9999.00
 00016   964.53    17.49    52.11     1.02    25.55    21.39  9999.00  9999.00  9999.00  9999.00
 00017  1008.20    15.81    49.68     1.56   156.27    20.89  9999.00  9999.00  9999.00  9999.00
 00018  1020.55    16.35    46.53     2.75   346.45    21.30  9999.00  9999.00  9999.00  9999.00
 00019   945.26    18.87    55.43     1.46   109.46    26.37  9999.00  9999.00  9999.00  9999.00
 00020  1022.33    16.41    57.43     3.97   328.45    21.16  9999.00  9999.00  9999.00  9999.00
 00021   894.50    13.29    37.15     1.68    64.37    26.77  9999.00  9999.00  9999.00  9999.00
 00022  1023.03    13.70    34.34     1.98   257.89    21.60  9999.00  9999.00  9999.00  9999.00
 00023   918.52    17.57    31.49     4.99    88.31    22.20  9999.00  9999.00  9999.00  9999.00
 00024   947.90    13.61    44.25     3.90   130.05    24.60  9999.00  9999.00  9999.00  9999.00
 00025   799.97    14.77    52.37     3.01    87.93    24.00  9999.00  9999.00  9999.00  9999.00
 00026  1019.11    16.59    68.58     4.60    24.21    21.98  9999.00  9999.00  9999.00  9999.00
 00027  1014.97    19.60    60.09     2.80    24.44    21.90  9999.00  9999.00  9999.00  9999.00
 00028   983.85    18.82    53.97     4.11    41.45    21.29  9999.00  9999.00  9999.00  9999.00
 00029  1009.97    21.61    79.02     4.67    16.29     7.22  9999.00  9999.00  9999.00  9999.00
 00030  1000.04    18.35    75.42     5.11     3.61    13.44  9999.00  9999.00  9999.00  9999.00
 00031   571.35     5.17    11.56     4.06   239.26    29.62  9999.00  9999.00  9999.00  9999.00
 00032   982.19    18.26    96.03     2.94    82.77     6.99  9999.00  9999.00  9999.00  9999.00
 00033  1008.94    19.92    90.88     8.37   253.45    10.60  9999.00  9999.00  9999.00  9999.00
 00034  1011.30    27.29    84.12     1.11   282.90    30.84  9999.00  9999.00  9999.00  9999.00
 00035  1008.11    24.46    87.47     2.86   293.15     2.84  9999.00  9999.00  9999.00  9999.00
 00036   781.30     9.68    58.95     0.29   292.85    23.88  9999.00  9999.00  9999.00  9999.00
 00037   972.27    19.03    98.20     1.71    89.93     4.90  9999.00  9999.00  9999.00  9999.00
 00038   997.90    25.33    80.01     1.85    49.76    14.32  9999.00  9999.00  9999.00  9999.00
 00039  1012.83    22.79    85.50    11.86    48.71    19.62  9999.00  9999.00  9999.00  9999.00
 00040  1008.86    26.08    80.48     2.97    96.58    20.75  9999.00  9999.00  9999.00  9999.00
 00041   979.24    13.14    72.73     1.64    17.77    21.02  9999.00  9999.00  9999.00  9999.00
 00042  1021.26    16.27    51.88     2.55   349.18    21.74  9999.00  9999.00  9999.00  9999.00
 00043  1012.54    16.13    72.49     4.08    33.45    22.31  9999.00  9999.00  9999.00  9999.00
 00044   992.91    14.41    80.87     3.06    49.58    21.51  9999.00  9999.00  9999.00  9999.00
 00045  1008.86    26.08    80.48     2.97    96.58    20.75  9999.00  9999.00  9999.00  9999.00
 00046   946.99    15.08    97.00     2.87   346.39    10.26  9999.00  9999.00  9999.00  9999.00
 00047  1008.95    17.04    76.71     5.52   342.72    15.51  9999.00  9999.00  9999.00  9999.00
 00048   603.27     5.31    35.30     1.59   159.52    33.21  9999.00  9999.00  9999.00  9999.00
 00049   577.41    -0.16    59.46     3.37   209.10    25.74  9999.00  9999.00  9999.00  9999.00
 00050  1005.46    21.33    84.47     6.97    51.05    19.13  9999.00  9999.00  9999.00  9999.00
