stn_id       p       t2      rh2      spd      dir      vis    rain6   rain24   tmax24   tmin24 
 00001   984.82    11.21    87.50     1.23   314.13    23.43     0.00  9999.00  9999.00  9999.00
 00002  1007.76     9.22    55.10     0.77   282.84    23.11     0.00  9999.00  9999.00  9999.00
 00003   913.57     2.10    68.90     1.19   276.19    22.02     0.00  9999.00  9999.00  9999.00
 00004   843.45     1.69    45.64     0.97   321.86    22.07     0.00  9999.00  9999.00  9999.00
 00005   879.95    -1.40    60.61     1.76   332.77    24.87     0.00  9999.00  9999.00  9999.00
 00006   890.55    -2.53    50.95     2.61   274.81    26.01     0.00  9999.00  9999.00  9999.00
 00007  1010.12     4.22    62.66     3.63   318.48    25.44     0.00  9999.00  9999.00  9999.00
 00008   991.94     1.78    66.78     3.00   293.70    27.30     0.00  9999.00  9999.00  9999.00
 00009   948.78    -6.06    58.73     2.89   312.97    33.68     0.00  9999.00  9999.00  9999.00
 00010   966.43     0.24    80.13     2.51   271.75    27.44     0.00  9999.00  9999.00  9999.00
 00011   997.12     0.18    70.45     3.01   271.04    28.91     0.00  9999.00  9999.00  9999.00
 00012  1023.63     8.67    32.40     3.32   315.93    23.26     0.00  9999.00  9999.00  9999.00
 00013  1018.30    13.03    87.82     5.20    16.60     3.04     4.31  9999.00  9999.00  9999.00
 00014  1011.29    17.71    93.77     3.97   250.29     5.16     6.98  9999.00  9999.00  9999.00
 00015  1005.71    10.41    35.85     4.09    18.62    20.18     0.00  9999.00  9999.00  9999.00
 00016   966.97     9.44    81.13     1.29   205.34    21.46     0.00  9999.00  9999.00  9999.00
 00017  1008.00    10.27    92.89     1.79   299.83    20.95     0.00  9999.00  9999.00  9999.00
 00018  1018.84    12.85    85.78     4.04    18.07     2.96     6.22  9999.00  9999.00  9999.00
 00019   948.74    14.61    79.78     2.10   286.91    23.85     0.13  9999.00  9999.00  9999.00
 00020  1017.65    16.71    83.38     6.81     5.82     6.51     0.97  9999.00  9999.00  9999.00
 00021   898.47     4.47    62.83     1.27   155.39    26.69     0.00  9999.00  9999.00  9999.00
 00022  1025.80     9.61    28.11     4.70   336.18    21.60     0.00  9999.00  9999.00  9999.00
 00023   924.80     6.51    69.78     1.13   175.81    22.18     0.00  9999.00  9999.00  9999.00
 00024   951.35     4.08    77.47     2.44   106.92    24.51     0.00  9999.00  9999.00  9999.00
 00025   801.39     9.80    70.73     3.51    80.04    24.15     0.01  9999.00  9999.00  9999.00
 00026  1014.69    17.17    84.74     6.58   358.66    19.49     0.79  9999.00  9999.00  9999.00
 00027  1013.54    15.67    79.90     6.24   352.58    19.69     0.25  9999.00  9999.00  9999.00
 00028   984.30    14.81    74.89     3.83    26.40    21.35     0.14  9999.00  9999.00  9999.00
 00029  1008.78    21.97    96.70     1.91    37.77    23.76     0.76  9999.00  9999.00  9999.00
 00030   994.94    21.09    94.72     6.45   352.63     0.63    44.18  9999.00  9999.00  9999.00
 00031   573.69    -5.60    65.25     2.28   203.77    29.65     0.00  9999.00  9999.00  9999.00
 00032   979.23    19.90    97.28     1.04   341.70    19.38     0.66  9999.00  9999.00  9999.00
 00033  1007.99    22.60    94.47     5.95   159.55     0.32     0.05  9999.00  9999.00  9999.00
 00034  1011.98    27.42    86.64     2.21   134.00    26.65     0.03  9999.00  9999.00  9999.00
 00035  1007.86    25.51    93.55     4.74   179.79    15.64     0.84  9999.00  9999.00  9999.00
 00036   784.84     6.89    57.99     2.08    26.35    18.20     0.21  9999.00  9999.00  9999.00
 00037   969.63    19.75    97.35     0.67   264.23    20.27     1.00  9999.00  9999.00  9999.00
 00038   997.53    21.16    99.76     0.91   292.82     0.82     0.56  9999.00  9999.00  9999.00
 00039  1010.76    23.63    89.63     1.78   327.25    23.06     0.39  9999.00  9999.00  9999.00
 00040  1009.03    22.78    93.38     1.08   333.71    23.82     0.37  9999.00  9999.00  9999.00
 00041   975.14    13.98    93.33     4.65   280.40    11.72     4.73  9999.00  9999.00  9999.00
 00042  1018.42    13.76    88.03     4.83    12.11     1.13     2.91  9999.00  9999.00  9999.00
 00043  1007.52    18.38    87.54     4.84    22.16    21.70     1.75  9999.00  9999.00  9999.00
 00044   987.31    18.29    95.57     0.91   306.08     3.37    14.72  9999.00  9999.00  9999.00
 00045  1009.03    22.78    93.38     1.08   333.71    23.82     0.37  9999.00  9999.00  9999.00
 00046   944.47    19.19    96.51     1.15   235.95     4.54     0.22  9999.00  9999.00  9999.00
 00047  1003.34    20.66    99.00     1.25   317.24     1.54     0.60  9999.00  9999.00  9999.00
 00048   605.18    -1.47    59.28     1.08   173.54    32.83     0.11  9999.00  9999.00  9999.00
 00049   578.42    -4.72    90.65     1.08   171.22    27.36     0.13  9999.00  9999.00  9999.00
 00050  1002.96    22.11    94.75     0.98   294.71    22.51     2.70  9999.00  9999.00  9999.00
