stn_id       p       t2      rh2      spd      dir      vis    rain6   rain24   tmax24   tmin24 
 00001   968.16    11.95    85.46     0.80   309.99    16.28  9999.00  9999.00  9999.00  9999.00
 00002  1007.67    -3.19    93.94     2.54   327.62    11.10  9999.00  9999.00  9999.00  9999.00
 00003   906.45    -6.29    87.14     2.84    31.97    13.21  9999.00  9999.00  9999.00  9999.00
 00004   832.33    -6.51    90.12     2.15   132.73    15.58  9999.00  9999.00  9999.00  9999.00
 00005   869.52    -3.36    90.41     1.38    91.71    21.83  9999.00  9999.00  9999.00  9999.00
 00006   881.69    -5.59    78.79     1.78   331.80    23.68  9999.00  9999.00  9999.00  9999.00
 00007  1023.16    -5.66    31.79     4.42     6.00    24.39  9999.00  9999.00  9999.00  9999.00
 00008  1010.39   -14.34    55.78     4.50    37.29    38.82  9999.00  9999.00  9999.00  9999.00
 00009   962.76   -32.52    97.15     2.40   223.19    51.53  9999.00  9999.00  9999.00  9999.00
 00010   985.14    -9.79    34.41     1.31    47.92    37.85  9999.00  9999.00  9999.00  9999.00
 00011  1021.24   -24.89    91.44     2.83    50.11    44.75  9999.00  9999.00  9999.00  9999.00
 00012  1025.56    -2.32    92.58     2.23    69.88     8.30  9999.00  9999.00  9999.00  9999.00
 00013  1016.19    10.88    84.36     2.62   133.57    21.44  9999.00  9999.00  9999.00  9999.00
 00014  1014.36     9.78    91.80     1.24   223.15    20.99  9999.00  9999.00  9999.00  9999.00
 00015  1003.20     0.60    98.09     2.15    19.08     3.34  9999.00  9999.00  9999.00  9999.00
 00016   957.64    -0.04    86.96     2.65   156.60    16.32  9999.00  9999.00  9999.00  9999.00
 00017  1005.78    -2.04    93.98     4.09    33.92    10.00  9999.00  9999.00  9999.00  9999.00
 00018  1014.93     8.98    89.14     1.45   107.19    18.54  9999.00  9999.00  9999.00  9999.00
 00019   932.68     8.69    89.33     0.94   304.87    15.36  9999.00  9999.00  9999.00  9999.00
 00020  1020.59    14.42    89.00     3.29   152.76    21.52  9999.00  9999.00  9999.00  9999.00
 00021   911.93   -21.26    81.34     2.14   101.96    36.67  9999.00  9999.00  9999.00  9999.00
 00022  1026.89    -2.56    86.12     4.85    27.11     7.86  9999.00  9999.00  9999.00  9999.00
 00023   945.24   -23.63    74.70     0.70   176.04    34.33  9999.00  9999.00  9999.00  9999.00
 00024   972.06   -26.81    91.72     5.27   305.21    22.30  9999.00  9999.00  9999.00  9999.00
 00025   797.81    11.61    96.31     3.38   204.00    18.51  9999.00  9999.00  9999.00  9999.00
 00026  1014.31    10.43    93.12     0.88   189.02    19.53  9999.00  9999.00  9999.00  9999.00
 00027  1007.69    15.68    90.32     2.54   160.36    17.87  9999.00  9999.00  9999.00  9999.00
 00028   974.97    17.88    89.79     4.03   202.09    18.74  9999.00  9999.00  9999.00  9999.00
 00029  1013.60    21.42    89.32     1.82   126.59    20.87  9999.00  9999.00  9999.00  9999.00
 00030  1001.40    18.52    96.30     1.41   113.59    22.12  9999.00  9999.00  9999.00  9999.00
 00031   569.32   -10.31    15.39     2.67   224.14    34.36  9999.00  9999.00  9999.00  9999.00
 00032   986.31    15.14    86.54     1.22   330.29    18.18  9999.00  9999.00  9999.00  9999.00
 00033  1015.00    22.91    97.53     3.34   108.76     1.25  9999.00  9999.00  9999.00  9999.00
 00034  1015.63    28.20    85.32     6.71    84.46    24.52  9999.00  9999.00  9999.00  9999.00
 00035  1014.08    24.39    96.05     1.98    93.58    13.33  9999.00  9999.00  9999.00  9999.00
 00036   774.33     6.99    90.00     2.25   188.72    20.85  9999.00  9999.00  9999.00  9999.00
 00037   976.53    15.03    89.87     0.63   269.90    18.04  9999.00  9999.00  9999.00  9999.00
 00038  1004.03    16.86    87.35     0.93   143.37    20.11  9999.00  9999.00  9999.00  9999.00
 00039  1017.56    19.53    83.69     6.71    13.36    19.76  9999.00  9999.00  9999.00  9999.00
 00040  1015.42    20.24    80.73     5.41    41.53    20.68  9999.00  9999.00  9999.00  9999.00
 00041   974.80     9.47    94.15     1.74   143.11    19.51  9999.00  9999.00  9999.00  9999.00
 00042  1015.99    11.64    81.79     2.10   130.32    20.87  9999.00  9999.00  9999.00  9999.00
 00043  1007.66    11.04    95.43     0.33    67.55    19.64  9999.00  9999.00  9999.00  9999.00
 00044   990.15    10.14    95.92     1.84    78.26    19.31  9999.00  9999.00  9999.00  9999.00
 00045  1015.42    20.24    80.73     5.41    41.53    20.68  9999.00  9999.00  9999.00  9999.00
 00046   948.70    14.17    94.52     1.24   135.20    18.88  9999.00  9999.00  9999.00  9999.00
 00047  1010.68    14.69    89.18     1.87   289.32    19.63  9999.00  9999.00  9999.00  9999.00
 00048   600.83   -12.57    52.91     1.28   182.53    34.39  9999.00  9999.00  9999.00  9999.00
 00049   572.97   -19.47    99.92     1.41    32.25     3.64  9999.00  9999.00  9999.00  9999.00
 00050  1009.96    16.40    86.34     3.40   321.54    19.30  9999.00  9999.00  9999.00  9999.00
