stn_id       p       t2      rh2      spd      dir      vis    rain6   rain24   tmax24   tmin24 
 00001   987.64    13.52    58.77     0.96   164.72    20.04  9999.00  9999.00  9999.00  9999.00
 00002  1003.46     2.35    31.61     3.05   270.94    26.89  9999.00  9999.00  9999.00  9999.00
 00003   908.94    -0.26    25.80     2.40   290.40    24.96  9999.00  9999.00  9999.00  9999.00
 00004   837.17    -4.84    37.89     4.17   278.67    25.69  9999.00  9999.00  9999.00  9999.00
 00005   872.56    -3.88    31.98     3.22   244.31    30.35  9999.00  9999.00  9999.00  9999.00
 00006   882.06    -6.11    38.77     5.31   276.93    34.04  9999.00  9999.00  9999.00  9999.00
 00007  1006.90    -4.42    55.37     5.29   345.12    37.10  9999.00  9999.00  9999.00  9999.00
 00008   992.09   -12.05    79.91     4.04    12.42    42.14  9999.00  9999.00  9999.00  9999.00
 00009   946.62   -18.34    72.26     1.05   142.93    53.04  9999.00  9999.00  9999.00  9999.00
 00010   965.65   -11.22    76.04     2.63    35.15    41.24  9999.00  9999.00  9999.00  9999.00
 00011  1001.76   -19.33   100.00     1.86    35.25    44.46  9999.00  9999.00  9999.00  9999.00
 00012  1017.62     1.44    17.98     3.03   264.73    29.16  9999.00  9999.00  9999.00  9999.00
 00013  1021.32     8.78    43.94     2.89   284.60    21.34  9999.00  9999.00  9999.00  9999.00
 00014  1017.34    10.48    61.74     3.26   313.57    21.54  9999.00  9999.00  9999.00  9999.00
 00015  1003.28     2.28    35.75     2.53   286.07    22.74  9999.00  9999.00  9999.00  9999.00
 00016   965.10     9.12    39.14     1.35   160.25    21.13  9999.00  9999.00  9999.00  9999.00
 00017  1007.74     9.84    25.92     4.10   279.75    21.09  9999.00  9999.00  9999.00  9999.00
 00018  1021.04    10.34    41.56     3.14   300.27    20.56  9999.00  9999.00  9999.00  9999.00
 00019   949.81    11.98    56.25     1.19   203.72    23.91  9999.00  9999.00  9999.00  9999.00
 00020  1021.63     9.35    58.61     4.87   293.44    21.37  9999.00  9999.00  9999.00  9999.00
 00021   891.15    -5.58    82.22     2.21   187.77    40.34  9999.00  9999.00  9999.00  9999.00
 00022  1020.35     1.69    24.84     2.90   281.21    26.71  9999.00  9999.00  9999.00  9999.00
 00023   919.67     0.16    71.15     4.24   277.82    17.74  9999.00  9999.00  9999.00  9999.00
 00024   943.17    -5.82    80.31     7.39   119.54    38.62  9999.00  9999.00  9999.00  9999.00
 00025   802.17    10.19    41.57     5.07    70.35    19.02  9999.00  9999.00  9999.00  9999.00
 00026  1021.69    13.10    73.02     1.85   118.66    19.78  9999.00  9999.00  9999.00  9999.00
 00027  1019.05    14.00    63.27     1.90   350.99    19.07  9999.00  9999.00  9999.00  9999.00
 00028   988.05    14.37    64.93     1.95    14.31    17.93  9999.00  9999.00  9999.00  9999.00
 00029  1014.62    17.06    53.93     4.87    10.35    20.93  9999.00  9999.00  9999.00  9999.00
 00030  1005.93    17.86    49.58     5.06    10.45    22.04  9999.00  9999.00  9999.00  9999.00
 00031   575.41    -5.73     5.31     1.95     7.84    37.00  9999.00  9999.00  9999.00  9999.00
 00032   984.76    14.27    63.88     2.60   305.74    18.97  9999.00  9999.00  9999.00  9999.00
 00033  1015.17    19.28    60.32     9.52    25.85    22.76  9999.00  9999.00  9999.00  9999.00
 00034  1009.94    25.39    83.86    12.39    21.15     0.13  9999.00  9999.00  9999.00  9999.00
 00035  1013.83    18.63    72.22     7.31    24.88    11.93  9999.00  9999.00  9999.00  9999.00
 00036   783.81     7.42    45.16     0.96   133.22    20.49  9999.00  9999.00  9999.00  9999.00
 00037   975.22    13.45    66.55     2.36   303.36    18.89  9999.00  9999.00  9999.00  9999.00
 00038  1001.84    17.86    54.74     2.96   356.30    20.56  9999.00  9999.00  9999.00  9999.00
 00039  1015.73    20.95    51.53     7.60    17.68    20.34  9999.00  9999.00  9999.00  9999.00
 00040  1012.14    20.99    50.46     7.06     7.31    21.05  9999.00  9999.00  9999.00  9999.00
 00041   979.62     8.66    65.10     1.91   317.19    19.79  9999.00  9999.00  9999.00  9999.00
 00042  1022.19     9.02    59.62     2.14   284.98    20.99  9999.00  9999.00  9999.00  9999.00
 00043  1015.25    12.88    74.30     1.30     9.85    19.95  9999.00  9999.00  9999.00  9999.00
 00044   995.14    11.27    74.07     1.81   279.00    19.82  9999.00  9999.00  9999.00  9999.00
 00045  1012.14    20.99    50.46     7.06     7.31    21.05  9999.00  9999.00  9999.00  9999.00
 00046   949.94    11.93    63.94     3.28     1.28    19.56  9999.00  9999.00  9999.00  9999.00
 00047  1009.29    15.02    58.96     4.77   331.54    20.31  9999.00  9999.00  9999.00  9999.00
 00048   607.52    -3.06     6.81     2.18    79.76    38.88  9999.00  9999.00  9999.00  9999.00
 00049   576.67    -4.75    24.11     1.01   320.13    29.26  9999.00  9999.00  9999.00  9999.00
 00050  1008.36    18.41    51.00     4.24    34.63    19.96  9999.00  9999.00  9999.00  9999.00
