stn_id       p       t2      rh2      spd      dir      vis    rain6   rain24   tmax24   tmin24 
 00001   978.91    11.03    68.68     1.25   354.47    17.64     0.07  9999.00  9999.00  9999.00
 00002  1002.30    12.40    45.71     2.77   125.08    25.00     0.00  9999.00  9999.00  9999.00
 00003   906.61     8.39    37.82     1.37   204.65    23.38     0.00  9999.00  9999.00  9999.00
 00004   836.17     3.60    40.26     2.56   301.03    24.03     0.00  9999.00  9999.00  9999.00
 00005   873.01     4.17    42.82     1.45   109.72    28.08     0.00  9999.00  9999.00  9999.00
 00006   886.06     0.19    31.94     3.66    90.12    31.18     0.00  9999.00  9999.00  9999.00
 00007  1013.00     5.69    16.22     3.21   315.02    30.05     0.00  9999.00  9999.00  9999.00
 00008   995.09     2.40    26.43     5.17   294.31    36.65     0.00  9999.00  9999.00  9999.00
 00009   953.11    -9.47    44.62     4.75   329.97    47.67     0.02  9999.00  9999.00  9999.00
 00010   970.00     2.88    33.66     5.44   287.67    35.55     0.09  9999.00  9999.00  9999.00
 00011  1002.56    -2.46    53.65     4.32   325.68    42.48     0.03  9999.00  9999.00  9999.00
 00012  1019.30    10.41    40.97     1.52   138.56    25.88     0.00  9999.00  9999.00  9999.00
 00013  1020.88     6.47    75.43     1.61    59.31     3.60     0.77  9999.00  9999.00  9999.00
 00014  1016.31     9.88    70.30     1.26    37.85    18.16     0.00  9999.00  9999.00  9999.00
 00015  1003.82    10.31    50.28     2.62   229.21    19.92     0.00  9999.00  9999.00  9999.00
 00016   961.84     8.57    61.25     1.68   289.96    18.12     0.01  9999.00  9999.00  9999.00
 00017  1005.13    10.22    54.22     1.68   179.23    18.68     0.00  9999.00  9999.00  9999.00
 00018  1019.73     5.36    85.59     1.84    71.69     1.78     2.30  9999.00  9999.00  9999.00
 00019   941.99    10.34    65.16     1.36   183.01    20.76     0.14  9999.00  9999.00  9999.00
 00020  1022.37     9.91    73.76     2.78   335.04    14.41     0.25  9999.00  9999.00  9999.00
 00021   893.76    -2.97    89.10     0.95   258.57    27.18     0.01  9999.00  9999.00  9999.00
 00022  1022.53    10.32    53.86     2.05   230.90    23.42     0.00  9999.00  9999.00  9999.00
 00023   921.21     0.61    64.09     1.50   185.04    38.14     0.00  9999.00  9999.00  9999.00
 00024   947.76    -6.37    91.21     6.94   122.85     8.09     0.00  9999.00  9999.00  9999.00
 00025   794.71    18.05    41.37     8.09   253.15    20.32     0.24  9999.00  9999.00  9999.00
 00026  1017.63     8.67    73.31     3.21   142.51    13.49     0.05  9999.00  9999.00  9999.00
 00027  1014.54     6.55    84.82     2.70   333.29    15.42     0.44  9999.00  9999.00  9999.00
 00028   982.28     5.49    87.95     1.74     4.28    12.60     0.78  9999.00  9999.00  9999.00
 00029  1011.83    21.75    51.88     1.27   318.10    20.05     0.00  9999.00  9999.00  9999.00
 00030   999.89    23.23    60.47     3.76   164.54    21.77     0.02  9999.00  9999.00  9999.00
 00031   569.23     0.23     8.34     4.90   270.43    31.11     0.00  9999.00  9999.00  9999.00
 00032   981.95    16.40    72.73     2.29    54.11    17.08     0.00  9999.00  9999.00  9999.00
 00033  1013.99    19.78    73.47     4.25    92.97    21.70     0.00  9999.00  9999.00  9999.00
 00034  1014.34    25.57    66.72     8.20    32.17    23.07     0.12  9999.00  9999.00  9999.00
 00035  1012.87    25.28    57.11     3.24    52.35    21.58     0.17  9999.00  9999.00  9999.00
 00036   772.62    15.09    49.10     3.40   207.90    20.54     0.13  9999.00  9999.00  9999.00
 00037   972.04    16.72    72.82     1.54    70.22    17.01     0.00  9999.00  9999.00  9999.00
 00038   998.89    22.48    56.48     1.30    38.56    19.07     0.00  9999.00  9999.00  9999.00
 00039  1012.96    20.69    70.90     9.36    42.59    18.62     0.00  9999.00  9999.00  9999.00
 00040  1010.40    22.98    55.09     3.43    39.34    19.68     0.00  9999.00  9999.00  9999.00
 00041   976.06     7.49    80.63     0.76    47.18    10.06     0.19  9999.00  9999.00  9999.00
 00042  1020.38     6.55    86.26     2.86    50.54     5.52     1.31  9999.00  9999.00  9999.00
 00043  1010.50    10.13    71.38     2.66    14.46    18.28     0.00  9999.00  9999.00  9999.00
 00044   990.29    13.09    67.76     1.65    37.55    17.51     0.00  9999.00  9999.00  9999.00
 00045  1010.40    22.98    55.09     3.43    39.34    19.68     0.00  9999.00  9999.00  9999.00
 00046   945.14    18.19    52.81     1.39   295.38    18.06     0.00  9999.00  9999.00  9999.00
 00047  1007.48    16.38    58.35     3.34    59.24    17.73     0.00  9999.00  9999.00  9999.00
 00048   599.78     3.25    11.17     2.79   288.79    33.87     0.04  9999.00  9999.00  9999.00
 00049   573.20    -4.26    56.32     2.38   210.98    27.28     0.03  9999.00  9999.00  9999.00
 00050  1005.18    21.53    61.74     5.64    44.63    18.19     0.00  9999.00  9999.00  9999.00
