stn_id       p       t2      rh2      spd      dir      vis    rain6   rain24   tmax24   tmin24 
 00001   986.93    14.99    57.99     1.10   343.28    17.76     0.06  9999.00  9999.00  9999.00
 00002  1015.99     6.10    34.00     1.75    42.83    25.03     0.00  9999.00  9999.00  9999.00
 00003   915.84     3.43    36.47     3.15    49.39    22.36     0.03  9999.00  9999.00  9999.00
 00004   843.62    -1.85    64.97     1.36   123.84    23.94     2.96  9999.00  9999.00  9999.00
 00005   882.45    -0.89    20.66     3.07    17.96    27.98     0.00  9999.00  9999.00  9999.00
 00006   895.02    -4.26    24.98     2.88   334.40    31.08     0.00  9999.00  9999.00  9999.00
 00007  1021.69     0.23    21.50     6.14   341.33    30.06     0.00  9999.00  9999.00  9999.00
 00008  1003.29    -2.52    22.19     6.78   325.55    36.61     0.00  9999.00  9999.00  9999.00
 00009   953.94    -8.21    47.94     3.71   274.23    57.62     0.00  9999.00  9999.00  9999.00
 00010   974.26    -4.02    30.71     7.12   310.07    29.71     0.10  9999.00  9999.00  9999.00
 00011  1009.36    -5.28    36.97     6.58   320.24    43.22     0.00  9999.00  9999.00  9999.00
 00012  1032.13     6.26    17.88     4.51   357.30    25.90     0.00  9999.00  9999.00  9999.00
 00013  1024.84    10.25    64.98     4.04   327.11    18.45     0.00  9999.00  9999.00  9999.00
 00014  1019.84    10.43    67.95     4.48   330.98    18.23     0.00  9999.00  9999.00  9999.00
 00015  1013.46     5.80    62.06     5.36    30.54    19.96     0.04  9999.00  9999.00  9999.00
 00016   969.29    12.36    50.70     1.53   248.94    18.22     0.00  9999.00  9999.00  9999.00
 00017  1014.07    11.39    49.68     5.26    45.78    18.79     0.00  9999.00  9999.00  9999.00
 00018  1024.65    11.04    58.45     3.56   351.51    18.09     0.00  9999.00  9999.00  9999.00
 00019   949.66    15.59    57.26     1.41   176.51    20.96     0.00  9999.00  9999.00  9999.00
 00020  1024.36    10.37    76.36     5.08   316.49    18.22     0.05  9999.00  9999.00  9999.00
 00021   896.07    -0.41    77.40     2.09   127.61    26.28     0.02  9999.00  9999.00  9999.00
 00022  1035.20     5.11    19.02     5.25   355.91    23.43     0.00  9999.00  9999.00  9999.00
 00023   919.39     3.17    62.44     2.06   118.34    37.86     0.00  9999.00  9999.00  9999.00
 00024   952.14    -4.84    94.64     6.80   125.46    16.86     0.02  9999.00  9999.00  9999.00
 00025   800.68    10.29    69.54     4.87    97.43    20.48     0.07  9999.00  9999.00  9999.00
 00026  1024.05     9.14    70.29     4.65   101.54    17.94     0.00  9999.00  9999.00  9999.00
 00027  1020.77    11.01    66.68     4.76     2.86    17.58     0.00  9999.00  9999.00  9999.00
 00028   989.32     9.23    80.73     1.48     5.08    16.52     0.62  9999.00  9999.00  9999.00
 00029  1014.79    20.95    56.16     5.26     3.93    20.11     0.00  9999.00  9999.00  9999.00
 00030  1007.75    14.16    69.19     5.24   316.54    21.88     0.36  9999.00  9999.00  9999.00
 00031   573.15    -1.44    11.30     2.76   319.10    30.88     0.01  9999.00  9999.00  9999.00
 00032   982.95    19.33    58.58     2.50   301.69    17.09     0.00  9999.00  9999.00  9999.00
 00033  1015.92    21.30    68.56     6.96    53.54    21.68     0.37  9999.00  9999.00  9999.00
 00034  1014.66    26.62    63.30    10.83    26.02    23.01     0.15  9999.00  9999.00  9999.00
 00035  1014.69    26.13    54.57     5.65    29.98    21.57     0.02  9999.00  9999.00  9999.00
 00036   782.80     5.88    56.73     1.71    38.75    19.11     0.10  9999.00  9999.00  9999.00
 00037   973.29    19.36    57.60     2.62   319.50    17.02     0.00  9999.00  9999.00  9999.00
 00038  1000.04    24.42    48.13     2.24   218.24    19.09     0.00  9999.00  9999.00  9999.00
 00039  1014.26    21.87    65.19     8.81    46.25    18.64     0.00  9999.00  9999.00  9999.00
 00040  1011.35    25.80    40.08     3.67    19.68    19.68     0.00  9999.00  9999.00  9999.00
 00041   981.69     5.79    80.63     2.74   115.37    16.61     0.03  9999.00  9999.00  9999.00
 00042  1025.43     9.25    67.64     3.01   320.11    18.20     0.00  9999.00  9999.00  9999.00
 00043  1016.81    10.51    65.51     3.95    12.26    18.42     0.00  9999.00  9999.00  9999.00
 00044   995.53     8.99    81.65     2.30   281.15    10.88     0.11  9999.00  9999.00  9999.00
 00045  1011.35    25.80    40.08     3.67    19.68    19.68     0.00  9999.00  9999.00  9999.00
 00046   949.04    13.92    67.31     3.81   344.41    18.14     0.01  9999.00  9999.00  9999.00
 00047  1009.99    14.71    63.10     6.42   342.13    17.76     0.00  9999.00  9999.00  9999.00
 00048   604.13     1.60    11.20     2.73    87.54    34.00     0.01  9999.00  9999.00  9999.00
 00049   575.53    -4.84    52.49     1.76   217.63    28.20     0.01  9999.00  9999.00  9999.00
 00050  1006.32    23.30    49.86     4.97    32.92    18.19     0.00  9999.00  9999.00  9999.00
