stn_id       p       t2      rh2      spd      dir      vis    rain6   rain24   tmax24   tmin24 
 00001   984.19     9.52    82.28     1.03   275.15    17.72  9999.00  9999.00  9999.00  9999.00
 00002  1005.92     0.99    89.87     1.22   260.19    25.00  9999.00  9999.00  9999.00  9999.00
 00003   909.76    -2.10    77.26     1.05   287.74    23.37  9999.00  9999.00  9999.00  9999.00
 00004   839.29    -3.63    73.05     0.81   152.68    24.15  9999.00  9999.00  9999.00  9999.00
 00005   877.54    -5.12    49.28     3.72    20.56    28.07  9999.00  9999.00  9999.00  9999.00
 00006   891.15    -8.06    52.34     3.41    25.87    31.19  9999.00  9999.00  9999.00  9999.00
 00007  1017.78    -5.00    47.09     2.59   317.75    30.09  9999.00  9999.00  9999.00  9999.00
 00008  1000.38    -8.10    71.11     1.94   340.76    36.69  9999.00  9999.00  9999.00  9999.00
 00009   955.95   -19.59    75.95     2.15   284.07    57.75  9999.00  9999.00  9999.00  9999.00
 00010   972.58    -6.48    72.05     3.03   277.99    35.50  9999.00  9999.00  9999.00  9999.00
 00011  1006.71   -10.71    76.37     2.86   294.68    43.85  9999.00  9999.00  9999.00  9999.00
 00012  1024.32     1.50    70.89     3.73    76.65    25.91  9999.00  9999.00  9999.00  9999.00
 00013  1023.09     2.71    94.16     2.11   255.83    14.63  9999.00  9999.00  9999.00  9999.00
 00014  1018.02     6.15    91.28     1.38   337.62     9.67  9999.00  9999.00  9999.00  9999.00
 00015  1006.18     1.61    84.26     2.00   187.62    19.92  9999.00  9999.00  9999.00  9999.00
 00016   965.81     1.52    88.49     1.68   188.23    18.18  9999.00  9999.00  9999.00  9999.00
 00017  1008.31     2.69    89.79     2.56   192.16    18.73  9999.00  9999.00  9999.00  9999.00
 00018  1022.50     4.12    95.67     2.05   357.01    14.91  9999.00  9999.00  9999.00  9999.00
 00019   947.91     7.20    85.45     1.42   274.18    10.45  9999.00  9999.00  9999.00  9999.00
 00020  1023.79     5.53    94.26     3.48   312.08     4.83  9999.00  9999.00  9999.00  9999.00
 00021   896.55    -3.61    78.85     2.26   141.83    33.44  9999.00  9999.00  9999.00  9999.00
 00022  1026.04     1.97    87.90     2.59     6.92    23.41  9999.00  9999.00  9999.00  9999.00
 00023   921.64    -0.98    56.18     2.55   155.86    38.05  9999.00  9999.00  9999.00  9999.00
 00024   951.04    -5.98    96.14     5.54   121.03     3.26  9999.00  9999.00  9999.00  9999.00
 00025   797.26     9.78    81.26     2.24   223.31    20.41  9999.00  9999.00  9999.00  9999.00
 00026  1020.93     6.82    83.71     3.39   345.63    16.21  9999.00  9999.00  9999.00  9999.00
 00027  1018.45     5.73    91.94     3.16   336.98     8.85  9999.00  9999.00  9999.00  9999.00
 00028   986.42     5.34    92.19     1.41   357.03    15.37  9999.00  9999.00  9999.00  9999.00
 00029  1013.09    16.17    77.62     2.40   328.18    20.09  9999.00  9999.00  9999.00  9999.00
 00030  1001.82    19.05    83.17     1.52    86.22    18.95  9999.00  9999.00  9999.00  9999.00
 00031   570.27    -7.79    33.67     2.70   226.83    31.13  9999.00  9999.00  9999.00  9999.00
 00032   983.94    11.38    93.41     1.58    49.93    16.93  9999.00  9999.00  9999.00  9999.00
 00033  1014.55    20.41    78.80     3.59   100.64    21.71  9999.00  9999.00  9999.00  9999.00
 00034  1015.62    25.93    62.38     6.34    29.80    23.07  9999.00  9999.00  9999.00  9999.00
 00035  1013.64    19.65    79.76     1.64    44.37    21.58  9999.00  9999.00  9999.00  9999.00
 00036   777.17     5.14    78.15     2.63   139.03    18.29  9999.00  9999.00  9999.00  9999.00
 00037   974.07    10.78    95.04     1.18    70.73    16.15  9999.00  9999.00  9999.00  9999.00
 00038  1001.20    15.26    86.73     0.65    98.72    19.11  9999.00  9999.00  9999.00  9999.00
 00039  1014.78    18.65    80.25     8.69    14.45    18.55  9999.00  9999.00  9999.00  9999.00
 00040  1012.28    19.09    83.41     5.25    27.41    19.71  9999.00  9999.00  9999.00  9999.00
 00041   978.38     5.21    98.64     1.42   346.05     6.07  9999.00  9999.00  9999.00  9999.00
 00042  1022.86     4.54    92.22     2.06    21.13    16.54  9999.00  9999.00  9999.00  9999.00
 00043  1014.11     7.52    79.70     2.76    14.87     8.71  9999.00  9999.00  9999.00  9999.00
 00044   992.88     9.42    85.48     0.75    86.62    17.53  9999.00  9999.00  9999.00  9999.00
 00045  1012.28    19.09    83.41     5.25    27.41    19.71  9999.00  9999.00  9999.00  9999.00
 00046   947.75     9.55    88.54     1.51     4.57    18.11  9999.00  9999.00  9999.00  9999.00
 00047  1009.87    12.35    79.77     3.20   156.24    17.77  9999.00  9999.00  9999.00  9999.00
 00048   601.06    -1.95    26.49     1.47    49.49    33.95  9999.00  9999.00  9999.00  9999.00
 00049   574.58    -8.33    98.23     0.80   175.46    10.40  9999.00  9999.00  9999.00  9999.00
 00050  1007.36    14.98    82.82     4.45   327.50    18.12  9999.00  9999.00  9999.00  9999.00
