stn_id       p       t2      rh2      spd      dir      vis    rain6   rain24   tmax24   tmin24 
 00001   972.90    20.20    84.70     2.11   306.84    18.88  9999.00  9999.00  9999.00  9999.00
 00002  1002.86    14.19    40.40     1.48    59.19    23.73  9999.00  9999.00  9999.00  9999.00
 00003   907.13    12.17    34.75     1.26   206.03    22.36  9999.00  9999.00  9999.00  9999.00
 00004   837.15     7.05    38.67     3.39   260.18    22.22  9999.00  9999.00  9999.00  9999.00
 00005   871.19     5.54    54.39     4.13   212.04    24.45  9999.00  9999.00  9999.00  9999.00
 00006   877.16     9.92    29.19    10.62   243.50    25.18  9999.00  9999.00  9999.00  9999.00
 00007  1011.69     6.57    56.19     4.40    28.49    26.24  9999.00  9999.00  9999.00  9999.00
 00008   996.70     2.26    53.85     3.00     9.45    29.10  9999.00  9999.00  9999.00  9999.00
 00009   947.60   -12.56    32.35     3.04   282.77    37.57  9999.00  9999.00  9999.00  9999.00
 00010   971.42     2.26    66.79     4.03   306.19    29.10  9999.00  9999.00  9999.00  9999.00
 00011  1005.04    -2.98    35.25     4.15   337.61    31.64  9999.00  9999.00  9999.00  9999.00
 00012  1018.09    14.17    38.85     2.14   116.94    23.59  9999.00  9999.00  9999.00  9999.00
 00013  1011.91    23.82    65.82     1.31   212.47    20.21  9999.00  9999.00  9999.00  9999.00
 00014  1009.17    24.86    68.55     1.21   199.27    19.89  9999.00  9999.00  9999.00  9999.00
 00015   999.54    14.71    62.20     5.14    50.86    20.40  9999.00  9999.00  9999.00  9999.00
 00016   962.10    13.05    65.03     0.86   281.58    20.95  9999.00  9999.00  9999.00  9999.00
 00017  1002.35    16.48    39.46     4.70    28.56    20.16  9999.00  9999.00  9999.00  9999.00
 00018  1010.62    24.01    63.07     1.40   211.18    19.77  9999.00  9999.00  9999.00  9999.00
 00019   939.01    19.03    65.38     0.74   100.94    25.35  9999.00  9999.00  9999.00  9999.00
 00020  1015.14    25.31    62.81     1.50   236.36    19.90  9999.00  9999.00  9999.00  9999.00
 00021   893.48     6.58    47.95     1.42   202.73    30.96  9999.00  9999.00  9999.00  9999.00
 00022  1021.49    13.39    34.02     3.51    99.96    22.20  9999.00  9999.00  9999.00  9999.00
 00023   923.52     2.76    90.73     7.04   267.36     4.94  9999.00  9999.00  9999.00  9999.00
 00024   941.31     2.55    88.82    10.19   285.99     6.17  9999.00  9999.00  9999.00  9999.00
 00025   797.07    16.57    71.83     4.12   255.67    21.33  9999.00  9999.00  9999.00  9999.00
 00026  1010.24    24.90    66.97     1.29   130.71    19.80  9999.00  9999.00  9999.00  9999.00
 00027  1005.57    24.70    67.73     2.15   167.05    20.00  9999.00  9999.00  9999.00  9999.00
 00028   974.42    23.32    70.33     1.65   186.91    19.68  9999.00  9999.00  9999.00  9999.00
 00029  1008.81    26.51    71.58     1.16    89.09    22.81  9999.00  9999.00  9999.00  9999.00
 00030   997.20    26.00    76.18     2.43   164.57    24.61  9999.00  9999.00  9999.00  9999.00
 00031   573.95    -2.32    25.99     1.63   216.24    31.68  9999.00  9999.00  9999.00  9999.00
 00032   979.66    22.64    81.93     1.43    75.92    18.29  9999.00  9999.00  9999.00  9999.00
 00033  1010.97    22.30    98.00     2.93   107.38     0.53  9999.00  9999.00  9999.00  9999.00
 00034  1011.71    27.57    85.47     7.07    70.87    14.23  9999.00  9999.00  9999.00  9999.00
 00035  1010.03    28.36    73.35     4.01    78.75    17.23  9999.00  9999.00  9999.00  9999.00
 00036   777.28    13.53    76.59     1.05   226.27    22.03  9999.00  9999.00  9999.00  9999.00
 00037   970.04    22.98    79.10     1.18    77.86    18.95  9999.00  9999.00  9999.00  9999.00
 00038   997.47    25.98    62.95     0.26    67.16    21.60  9999.00  9999.00  9999.00  9999.00
 00039  1010.92    25.27    71.88     4.04    44.66    21.11  9999.00  9999.00  9999.00  9999.00
 00040  1008.94    25.80    67.43     2.18    48.95    22.50  9999.00  9999.00  9999.00  9999.00
 00041   971.53    22.60    65.98     1.10   174.14    18.90  9999.00  9999.00  9999.00  9999.00
 00042  1012.04    25.04    60.39     1.58   202.94    19.89  9999.00  9999.00  9999.00  9999.00
 00043  1003.92    24.98    66.53     1.03   147.31    20.20  9999.00  9999.00  9999.00  9999.00
 00044   986.13    23.38    72.35     0.98    90.27    19.38  9999.00  9999.00  9999.00  9999.00
 00045  1008.94    25.80    67.43     2.18    48.95    22.50  9999.00  9999.00  9999.00  9999.00
 00046   944.23    22.67    58.90     0.42   344.60    20.09  9999.00  9999.00  9999.00  9999.00
 00047  1004.36    21.94    89.27     1.39    53.03    17.51  9999.00  9999.00  9999.00  9999.00
 00048   606.40    -4.66    69.51     1.20    89.64    32.92  9999.00  9999.00  9999.00  9999.00
 00049   577.74    -1.24    36.09     2.53   207.72    28.36  9999.00  9999.00  9999.00  9999.00
 00050  1003.00    27.25    56.32     2.38    47.63    20.52  9999.00  9999.00  9999.00  9999.00
