stn_id       p       t2      rh2      spd      dir      vis    rain6   rain24   tmax24   tmin24 
 00001   990.08    13.33    61.37     0.96    67.56    21.13  9999.00  9999.00  9999.00  9999.00
 00002  1007.95     8.39    27.77     2.32   290.28    24.53  9999.00  9999.00  9999.00  9999.00
 00003   911.72     4.96    23.38     3.00   267.50    22.92  9999.00  9999.00  9999.00  9999.00
 00004   840.99    -2.28    32.02     3.59   307.51    22.60  9999.00  9999.00  9999.00  9999.00
 00005   877.55    -1.58    30.38     2.51   260.17    24.43  9999.00  9999.00  9999.00  9999.00
 00006   887.60    -3.44    33.81     5.10   292.07    25.06  9999.00  9999.00  9999.00  9999.00
 00007  1006.08    -4.06    61.00     3.93   291.57    23.83  9999.00  9999.00  9999.00  9999.00
 00008   986.73    -9.31    92.71     2.50   239.06    20.90  9999.00  9999.00  9999.00  9999.00
 00009   950.89    -7.78    71.69     1.92   232.50    42.36  9999.00  9999.00  9999.00  9999.00
 00010   960.84    -3.32    33.96     5.20   303.53    30.81  9999.00  9999.00  9999.00  9999.00
 00011   995.86   -12.81    88.99     1.43   256.50    33.49  9999.00  9999.00  9999.00  9999.00
 00012  1022.57     4.42    24.91     4.30   301.19    24.16  9999.00  9999.00  9999.00  9999.00
 00013  1023.22    10.67    48.53     5.42   297.72    19.15  9999.00  9999.00  9999.00  9999.00
 00014  1019.68    12.19    45.22     4.82   263.83    18.31  9999.00  9999.00  9999.00  9999.00
 00015  1007.46     5.23    26.45     4.42   340.17    20.81  9999.00  9999.00  9999.00  9999.00
 00016   970.69     7.59    56.64     0.81   264.06    20.83  9999.00  9999.00  9999.00  9999.00
 00017  1010.95    11.05    33.48     4.23   298.91    19.85  9999.00  9999.00  9999.00  9999.00
 00018  1023.40    11.20    45.56     5.08   306.20    18.76  9999.00  9999.00  9999.00  9999.00
 00019   952.97    10.53    63.53     0.91   133.43    24.84  9999.00  9999.00  9999.00  9999.00
 00020  1023.38    10.84    47.00     7.54   287.90    18.99  9999.00  9999.00  9999.00  9999.00
 00021   899.32    -1.35    59.88     4.22   153.67    36.53  9999.00  9999.00  9999.00  9999.00
 00022  1025.80     4.33    24.15     6.47   307.24    22.99  9999.00  9999.00  9999.00  9999.00
 00023   923.71     3.14    47.02     0.94   158.01    30.77  9999.00  9999.00  9999.00  9999.00
 00024   953.75    -4.99    74.63     5.04   116.36    32.91  9999.00  9999.00  9999.00  9999.00
 00025   807.46     6.83    77.94     1.08    29.66    15.96  9999.00  9999.00  9999.00  9999.00
 00026  1025.66    13.54    45.22     2.01   276.81    18.42  9999.00  9999.00  9999.00  9999.00
 00027  1022.34    13.88    64.41     1.39   192.87    18.76  9999.00  9999.00  9999.00  9999.00
 00028   991.05    13.59    61.75     0.57   277.20    18.65  9999.00  9999.00  9999.00  9999.00
 00029  1021.84    15.71    36.51     5.11    17.05    21.16  9999.00  9999.00  9999.00  9999.00
 00030  1012.86    16.84    60.67     3.41     3.22    22.68  9999.00  9999.00  9999.00  9999.00
 00031   579.00    -2.15    38.17     1.08   223.91    34.00  9999.00  9999.00  9999.00  9999.00
 00032   989.61    13.28    42.49     2.67   291.65    17.69  9999.00  9999.00  9999.00  9999.00
 00033  1023.22    17.22    58.32     7.81    36.05    24.06  9999.00  9999.00  9999.00  9999.00
 00034  1020.18    25.28    75.74    12.46    28.52    27.15  9999.00  9999.00  9999.00  9999.00
 00035  1021.82    19.97    53.67     7.81    24.77    24.22  9999.00  9999.00  9999.00  9999.00
 00036   787.81     7.89    63.86     0.45   276.15    21.07  9999.00  9999.00  9999.00  9999.00
 00037   979.60    12.69    44.48     2.94   313.26    17.58  9999.00  9999.00  9999.00  9999.00
 00038  1008.25    15.75    35.36     2.72   216.62    20.08  9999.00  9999.00  9999.00  9999.00
 00039  1022.36    15.60    47.25     7.15    19.09    19.68  9999.00  9999.00  9999.00  9999.00
 00040  1019.54    17.08    33.91     6.08    21.65    21.00  9999.00  9999.00  9999.00  9999.00
 00041   982.15    10.52    46.48     3.26   270.98    17.46  9999.00  9999.00  9999.00  9999.00
 00042  1024.27    11.63    47.65     5.68   278.44    18.65  9999.00  9999.00  9999.00  9999.00
 00043  1019.36    13.20    45.69     1.60   294.49    18.70  9999.00  9999.00  9999.00  9999.00
 00044   998.85    10.49    50.64     2.76   276.56    17.90  9999.00  9999.00  9999.00  9999.00
 00045  1019.54    17.08    33.91     6.08    21.65    21.00  9999.00  9999.00  9999.00  9999.00
 00046   954.19    10.48    41.14     3.62     9.95    18.46  9999.00  9999.00  9999.00  9999.00
 00047  1014.23    12.61    45.19     3.14   322.70    18.31  9999.00  9999.00  9999.00  9999.00
 00048   612.61    -8.30    73.17     1.68    88.72    34.22  9999.00  9999.00  9999.00  9999.00
 00049   582.64    -1.22    19.80     1.25   201.31    28.41  9999.00  9999.00  9999.00  9999.00
 00050  1014.35    15.64    36.22     3.50    21.80    19.10  9999.00  9999.00  9999.00  9999.00
