stn_id       p       t2      rh2      spd      dir      vis    rain6   rain24   tmax24   tmin24 
 00001   983.90     7.04    86.63     1.51    61.30    21.06  9999.00  9999.00  9999.00  9999.00
 00002  1001.72    -2.15    73.65     1.85   315.77    24.47  9999.00  9999.00  9999.00  9999.00
 00003   907.62    -3.61    58.60     1.22   274.24    22.89  9999.00  9999.00  9999.00  9999.00
 00004   837.10    -4.72    38.45     2.90   230.78    22.58  9999.00  9999.00  9999.00  9999.00
 00005   871.65    -5.46    51.18     0.70   111.29    24.39  9999.00  9999.00  9999.00  9999.00
 00006   879.09    -2.84    35.24     6.11   239.94    24.99  9999.00  9999.00  9999.00  9999.00
 00007  1006.69    -6.33    77.88     4.01   281.22    27.31  9999.00  9999.00  9999.00  9999.00
 00008   984.65    -8.43    83.89     7.57   307.07    31.09  9999.00  9999.00  9999.00  9999.00
 00009   938.09   -10.46    77.54     2.40   219.92    42.25  9999.00  9999.00  9999.00  9999.00
 00010   951.91    -7.10    72.44     5.59   269.49    14.69  9999.00  9999.00  9999.00  9999.00
 00011   986.21    -5.05    81.02     9.88   328.90    22.74  9999.00  9999.00  9999.00  9999.00
 00012  1018.13    -2.96    55.28     1.16   249.00    24.17  9999.00  9999.00  9999.00  9999.00
 00013  1023.32    -0.59    79.08     2.29   281.03    19.20  9999.00  9999.00  9999.00  9999.00
 00014  1019.99     1.00    85.44     1.62   293.85    18.38  9999.00  9999.00  9999.00  9999.00
 00015  1003.26    -0.55    51.89     2.12   165.78    20.81  9999.00  9999.00  9999.00  9999.00
 00016   964.39    -0.55    72.59     1.64   187.40    20.77  9999.00  9999.00  9999.00  9999.00
 00017  1005.25     2.76    64.72     1.98   245.70    19.83  9999.00  9999.00  9999.00  9999.00
 00018  1021.95     0.20    88.58     2.27   191.35    18.80  9999.00  9999.00  9999.00  9999.00
 00019   947.29     7.51    87.71     1.04   105.03    24.77  9999.00  9999.00  9999.00  9999.00
 00020  1024.81     2.24    52.46     4.07   293.83    19.06  9999.00  9999.00  9999.00  9999.00
 00021   894.47    -1.96    60.10     4.06   156.26    36.46  9999.00  9999.00  9999.00  9999.00
 00022  1021.35    -2.72    47.91     1.72   227.34    22.99  9999.00  9999.00  9999.00  9999.00
 00023   916.90     1.92    60.83     1.53   149.46    30.70  9999.00  9999.00  9999.00  9999.00
 00024   948.48    -4.07    74.65     4.59   116.66    32.82  9999.00  9999.00  9999.00  9999.00
 00025   802.03     8.28    79.54     0.87    80.74     6.41  9999.00  9999.00  9999.00  9999.00
 00026  1021.94     5.04    84.51     0.87   271.33    18.41  9999.00  9999.00  9999.00  9999.00
 00027  1018.03     4.19    98.33     1.47   152.91    18.72  9999.00  9999.00  9999.00  9999.00
 00028   986.06     4.04    90.36     1.63   172.43    18.57  9999.00  9999.00  9999.00  9999.00
 00029  1017.81     9.65    46.14     3.50     5.05    21.08  9999.00  9999.00  9999.00  9999.00
 00030  1007.33     8.42    92.05     1.74   344.00    22.57  9999.00  9999.00  9999.00  9999.00
 00031   575.91    -6.47    34.21     1.89   228.60    33.89  9999.00  9999.00  9999.00  9999.00
 00032   987.74     3.62    77.27     2.38   309.76    17.67  9999.00  9999.00  9999.00  9999.00
 00033  1018.51    16.33    74.76     6.72    19.57    24.00  9999.00  9999.00  9999.00  9999.00
 00034  1016.45    25.06    70.19    11.65    29.44    27.83  9999.00  9999.00  9999.00  9999.00
 00035  1017.24    17.65    67.66     4.02    16.75    24.15  9999.00  9999.00  9999.00  9999.00
 00036   782.31     6.16    83.06     0.57    92.16    19.87  9999.00  9999.00  9999.00  9999.00
 00037   977.83     2.59    81.62     1.81   310.31    17.57  9999.00  9999.00  9999.00  9999.00
 00038  1005.66     5.84    72.00     1.55   319.35    20.05  9999.00  9999.00  9999.00  9999.00
 00039  1019.52    13.52    55.67     6.70   116.02    19.64  9999.00  9999.00  9999.00  9999.00
 00040  1016.67    11.68    53.12     4.37    51.90    20.95  9999.00  9999.00  9999.00  9999.00
 00041   980.57     2.48    75.88     0.41   259.68    17.50  9999.00  9999.00  9999.00  9999.00
 00042  1023.79    -0.18    90.16     1.64   205.29    18.71  9999.00  9999.00  9999.00  9999.00
 00043  1015.29     5.15    80.67     0.89   195.36    18.68  9999.00  9999.00  9999.00  9999.00
 00044   995.92     3.63    82.33     0.57   235.95    17.90  9999.00  9999.00  9999.00  9999.00
 00045  1016.67    11.68    53.12     4.37    51.90    20.95  9999.00  9999.00  9999.00  9999.00
 00046   951.32     2.29    68.76     1.64    42.55    18.42  9999.00  9999.00  9999.00  9999.00
 00047  1013.06     6.05    80.78     2.92   321.01    18.34  9999.00  9999.00  9999.00  9999.00
 00048   609.51    -8.94    86.56     1.46   125.32    21.81  9999.00  9999.00  9999.00  9999.00
 00049   579.30   -10.70    82.73     1.09    29.53    28.31  9999.00  9999.00  9999.00  9999.00
 00050  1011.86     6.76    57.66     3.20   309.58    19.06  9999.00  9999.00  9999.00  9999.00
