stn_id       p       t2      rh2      spd      dir      vis    rain6   rain24   tmax24   tmin24 
 00001   989.22     7.61    57.76     0.35   298.32    22.16     0.00  9999.00  9999.00  9999.00
 00002  1017.40    -9.31    62.15     2.22   122.60    26.49     0.00  9999.00  9999.00  9999.00
 00003   916.11   -11.84    54.77     2.41   286.42    24.87     0.00  9999.00  9999.00  9999.00
 00004   840.99   -21.60    88.20     2.41   292.16    21.72     0.01  9999.00  9999.00  9999.00
 00005   880.76   -19.92    78.53     2.88   254.94    27.19     0.01  9999.00  9999.00  9999.00
 00006   891.73   -20.11    75.15     6.58   297.58    29.20     0.11  9999.00  9999.00  9999.00
 00007  1019.75   -14.42    65.08     5.64   343.99    36.82     0.06  9999.00  9999.00  9999.00
 00008  1002.39   -18.36    68.81     4.38   338.56    41.85     0.00  9999.00  9999.00  9999.00
 00009   957.45   -24.52    79.99     2.57   305.11    52.66     0.00  9999.00  9999.00  9999.00
 00010   970.81   -12.24    64.44     1.84   331.08    35.64     0.64  9999.00  9999.00  9999.00
 00011  1010.20   -22.37    86.01     2.14   319.65    45.93     0.00  9999.00  9999.00  9999.00
 00012  1033.22    -9.61    60.29     3.77   325.83    28.55     0.00  9999.00  9999.00  9999.00
 00013  1027.60     2.06    64.07     3.92   316.60    21.83     0.01  9999.00  9999.00  9999.00
 00014  1023.21     1.50    75.50     4.24   311.19    21.43     0.51  9999.00  9999.00  9999.00
 00015  1015.93   -11.51    74.27     3.29   340.20    23.37     0.00  9999.00  9999.00  9999.00
 00016   975.33    -1.84    39.84     2.08    58.35    23.29     0.00  9999.00  9999.00  9999.00
 00017  1018.62    -3.65    70.84     1.72   154.57    22.42     0.00  9999.00  9999.00  9999.00
 00018  1027.75     3.24    54.94     5.11   327.12    21.16     0.00  9999.00  9999.00  9999.00
 00019   950.27     8.04    48.89     1.21   154.31    26.21     0.00  9999.00  9999.00  9999.00
 00020  1026.78     2.09    66.54     6.25   304.28    19.42     1.55  9999.00  9999.00  9999.00
 00021   899.33   -15.41    77.20     1.50   210.18    30.12     0.01  9999.00  9999.00  9999.00
 00022  1036.11   -10.01    56.81     5.89   326.56    26.65     0.00  9999.00  9999.00  9999.00
 00023   923.11    -7.36    68.64     2.00   107.74    34.64     0.00  9999.00  9999.00  9999.00
 00024   957.22   -16.56    71.96     7.39   112.71    34.81     0.00  9999.00  9999.00  9999.00
 00025   797.99    14.52    60.74     3.43   234.66    18.90     0.05  9999.00  9999.00  9999.00
 00026  1026.68     5.73    57.84     4.29     4.22    19.82     0.00  9999.00  9999.00  9999.00
 00027  1023.79     6.36    52.98     4.79   358.30    19.59     0.00  9999.00  9999.00  9999.00
 00028   991.23     5.67    66.04     3.03    21.45    18.84     0.00  9999.00  9999.00  9999.00
 00029  1017.61     6.79    91.15     5.19     2.97     4.78     2.41  9999.00  9999.00  9999.00
 00030  1008.71    10.15    59.40     5.33   152.31    22.07     0.03  9999.00  9999.00  9999.00
 00031   576.05    -3.29     6.07     1.55    26.88    34.98     0.00  9999.00  9999.00  9999.00
 00032   985.34     7.79    85.30     3.80   301.44    16.31     1.22  9999.00  9999.00  9999.00
 00033  1017.22    14.03    85.18     6.69   354.09    15.98     0.73  9999.00  9999.00  9999.00
 00034  1012.69    27.86    84.10     9.05    43.03    16.51     0.90  9999.00  9999.00  9999.00
 00035  1015.20    18.72    81.60     5.93   341.05    18.54     0.27  9999.00  9999.00  9999.00
 00036   780.13     1.85    68.57     0.70    54.06    20.84     0.09  9999.00  9999.00  9999.00
 00037   975.62     6.88    89.37     3.30   299.03    12.94     1.64  9999.00  9999.00  9999.00
 00038  1002.15    16.88    59.28     3.60   333.86    20.08     0.01  9999.00  9999.00  9999.00
 00039  1015.70    18.54    65.41     5.55   116.66    19.53     0.01  9999.00  9999.00  9999.00
 00040  1012.99    19.88    57.82     4.38   352.00    20.68     0.00  9999.00  9999.00  9999.00
 00041   984.08    -0.67    75.31     2.03   344.46    19.78     0.04  9999.00  9999.00  9999.00
 00042  1028.62     0.90    72.93     2.92   280.72    21.30     0.09  9999.00  9999.00  9999.00
 00043  1019.83     5.10    67.33     2.81    73.14    19.91     0.00  9999.00  9999.00  9999.00
 00044   998.62     2.67    81.50     2.72   298.35    19.48     0.02  9999.00  9999.00  9999.00
 00045  1012.99    19.88    57.82     4.38   352.00    20.68     0.00  9999.00  9999.00  9999.00
 00046   951.14     1.76    96.39     2.98   354.19     4.52     1.53  9999.00  9999.00  9999.00
 00047  1011.95     7.59    87.69     6.37   334.19     2.94     4.03  9999.00  9999.00  9999.00
 00048   609.06    -5.56    24.85     2.02    32.00    36.89     0.00  9999.00  9999.00  9999.00
 00049   577.23    -2.23    34.13     2.53    35.82    27.88     0.00  9999.00  9999.00  9999.00
 00050  1008.08    16.43    61.17     3.62   322.39    19.33     0.00  9999.00  9999.00  9999.00
