stn_id       p       t2      rh2      spd      dir      vis    rain6   rain24   tmax24   tmin24 
 00001   994.71     3.39    88.13     0.71   177.25    21.67     0.00     0.12     9.61     2.71
 00002  1013.75   -19.80    84.18     3.86   285.30    26.59     0.00     0.00    -7.18   -20.53
 00003   917.29   -29.32    99.17     1.03    59.34    20.72     0.00     0.00   -14.23   -29.63
 00004   842.48   -25.02    88.02     2.34   243.28    25.13     0.00     0.01   -17.67   -27.18
 00005   881.08   -23.93    93.81     1.25   140.35    20.89     0.01     0.02   -18.58   -28.04
 00006   889.99   -18.23    84.84     3.98   264.01    31.29     0.00     0.00   -14.42   -23.23
 00007  1019.63   -15.87    69.36     1.28   270.55    36.98     0.00     0.00    -8.97   -18.54
 00008  1000.71   -16.37    73.88     3.43   221.74    41.94     0.00     0.00    -9.45   -17.76
 00009   952.01   -28.01    98.94     1.95   217.06    52.12     0.01     0.01   -19.51   -30.45
 00010   977.82   -16.82    59.16     0.89   237.80    41.63     0.00     0.00   -10.81   -20.39
 00011  1007.98   -22.02    93.27     4.43   200.87    45.94     0.00     0.00   -15.90   -26.18
 00012  1030.07   -17.70    81.53     3.13   332.86    28.72     0.00     0.00    -5.11   -19.53
 00013  1034.20    -8.95    67.45     2.61   282.58    21.82     0.00     0.00     0.36    -9.90
 00014  1030.03    -8.00    68.62     2.85   301.30    21.60     0.00     0.00     1.81   -12.06
 00015  1014.27   -17.65    78.22     3.00   196.51    23.23     0.00     0.00   -10.69   -18.67
 00016   977.03   -10.30    81.20     0.61   107.20    22.76     0.00     0.00     0.90   -10.36
 00017  1016.82    -8.56    62.38     7.50   279.71    22.07     0.00     0.00    -3.92   -11.03
 00018  1033.80    -7.70    72.90     3.37   290.16    21.11     0.00     0.00     2.89    -8.44
 00019   956.36     0.22    83.21     1.42   286.96    25.69     0.00     0.09     6.77     0.19
 00020  1034.59    -4.05    53.42     4.70   292.93    21.83     0.00     0.00     4.13    -5.10
 00021   896.76   -11.52    66.02     4.24   161.13    39.57     0.00     0.01    -8.79   -14.53
 00022  1033.07   -17.84    78.75     2.98   278.18    26.68     0.00     0.00    -5.66   -18.52
 00023   921.99    -1.88    42.37     1.49   163.77    35.42     0.00     0.00     0.75    -6.12
 00024   952.56   -13.69    84.13     5.74   121.55     9.88     0.00     0.00    -8.83   -14.78
 00025   804.68    -0.13    96.79     1.14    55.78     5.14     0.00     0.03    10.64    -0.15
 00026  1033.66    -1.28    67.17     2.36   282.41    19.92     0.00     0.00     4.82    -4.64
 00027  1029.84    -2.81    79.66     2.28   338.94    19.55     0.00     0.00     5.14    -5.30
 00028   996.95    -2.84    91.21     1.16    42.22    18.68     0.00     0.00     6.64    -4.53
 00029  1024.54     4.60    31.59     5.45     6.36    20.92     0.00     0.00     9.49     3.61
 00030  1015.74     3.55    71.82     3.77   347.82    22.19     0.00     0.00    11.51     1.99
 00031   574.92   -10.91    80.83     1.93   226.61    35.32     0.01     0.01     3.50   -11.14
 00032   994.33     2.98    67.44     3.56   303.46    18.56     0.00     0.00     9.04     1.83
 00033  1024.60    13.67    68.08     7.97    13.64    19.25     1.19     4.96    13.68    10.17
 00034  1019.04    24.89    83.34    16.10    34.69     1.13     8.88    49.12    25.75    24.62
 00035  1022.80    16.21    68.04     6.46    15.74    23.30     0.02     3.22    16.22    12.85
 00036   785.23    -3.59    97.17     0.89    91.72     0.25     0.00     0.00     8.96    -3.42
 00037   984.54     1.92    70.91     3.26   304.11    18.49     0.00     0.00     8.15     0.39
 00038  1011.39     6.99    55.09     2.62   321.16    20.33     0.00     0.00    12.27     5.60
 00039  1025.54    11.90    61.06     7.26   113.83    20.04     0.00     0.02    15.61    10.31
 00040  1021.84    11.24    59.69     5.95    44.00    20.89     0.00     0.01    14.96    10.08
 00041   990.00    -6.58    59.15     2.06   338.97    19.96     0.00     0.00     2.37    -9.24
 00042  1035.30    -7.58    80.48     2.38   277.55    21.34     0.00     0.00     0.45    -8.91
 00043  1026.83    -2.52    76.93     1.71    64.40    20.03     0.00     0.00     4.10    -5.10
 00044  1005.81    -2.94    69.22     1.47   244.36    19.76     0.00     0.00     4.16    -5.62
 00045  1021.84    11.24    59.69     5.95    44.00    20.89     0.00     0.01    14.96    10.08
 00046   958.63    -1.86    75.07     2.20    47.71    19.27     0.00     0.00     7.08    -4.07
 00047  1021.28     3.29    61.12     3.68   340.83    20.09     0.00     0.00    13.04     0.52
 00048   607.50   -14.44    57.24     1.14   123.33    37.35     0.00     0.00    -1.89   -16.22
 00049   578.74   -13.67    65.30     0.65    51.92    28.29     0.00     0.01    -1.02   -14.17
 00050  1017.81     6.54    50.96     3.99   315.06    19.60     0.00     0.02    13.61     5.18
