stn_id       p       t2      rh2      spd      dir      vis    rain6   rain24   tmax24   tmin24 
 00001   963.20    26.11    88.68     1.29    38.45    25.91     0.00  9999.00  9999.00  9999.00
 00002   985.73    24.16    85.52     1.44   206.21    25.91     0.00  9999.00  9999.00  9999.00
 00003   897.67    21.02    91.39     1.19    68.85    24.95     0.00  9999.00  9999.00  9999.00
 00004   832.46    16.65    85.23     1.36   161.66    24.93     0.00  9999.00  9999.00  9999.00
 00005   865.66    19.86    68.61     0.94    55.29    27.68     0.00  9999.00  9999.00  9999.00
 00006   875.36    21.11    47.38     2.50   311.61    28.82     0.00  9999.00  9999.00  9999.00
 00007   994.92    21.66    96.65     1.25   169.25    24.99     0.00  9999.00  9999.00  9999.00
 00008   980.85    20.18    96.23     1.65    68.58    27.40     0.00  9999.00  9999.00  9999.00
 00009   943.02    15.54    95.46     0.94   309.28    41.05     0.00  9999.00  9999.00  9999.00
 00010   961.89    17.52    96.67     1.53   101.33    27.40     1.26  9999.00  9999.00  9999.00
 00011   988.98    19.76    95.47     1.95    72.84    30.20     0.00  9999.00  9999.00  9999.00
 00012  1000.27    24.94    85.76     1.78   209.60    24.44     0.00  9999.00  9999.00  9999.00
 00013  1001.25    24.22    93.05     2.64   105.49    23.82     0.00  9999.00  9999.00  9999.00
 00014   998.22    23.16    96.64     1.76    68.05    24.69     0.00  9999.00  9999.00  9999.00
 00015   986.66    23.09    81.63     1.44   175.38    20.63     0.00  9999.00  9999.00  9999.00
 00016   946.27    22.97    82.33     1.31   121.34    25.57     0.00  9999.00  9999.00  9999.00
 00017   987.85    24.24    80.82     1.69   174.79    24.19     0.00  9999.00  9999.00  9999.00
 00018   999.64    25.51    93.48     1.87    76.01    20.52     0.02  9999.00  9999.00  9999.00
 00019   929.59    23.99    86.28     1.05   314.09    27.17     0.01  9999.00  9999.00  9999.00
 00020  1004.30    21.92    94.57     2.40    78.74    18.91     0.00  9999.00  9999.00  9999.00
 00021   892.97    11.38    77.04     2.07   177.51    28.09     0.00  9999.00  9999.00  9999.00
 00022  1003.32    25.48    74.49     2.55   237.77    21.82     0.00  9999.00  9999.00  9999.00
 00023   919.20    12.59    62.53     2.82   190.48    23.42     0.40  9999.00  9999.00  9999.00
 00024   942.97    15.50    48.91     1.46   283.79    25.78     0.00  9999.00  9999.00  9999.00
 00025   793.86    15.94    99.09     1.17    71.09    18.64     2.81  9999.00  9999.00  9999.00
 00026   999.33    25.56    96.69     1.32   207.27    26.71     0.00  9999.00  9999.00  9999.00
 00027   996.36    24.55    96.71     1.20   217.37    27.13     0.00  9999.00  9999.00  9999.00
 00028   966.94    24.37    91.91     0.67   132.53    26.21     0.00  9999.00  9999.00  9999.00
 00029   999.77    26.10    96.37     1.83   186.34    28.74     0.01  9999.00  9999.00  9999.00
 00030   989.21    25.62    96.01     2.32   162.90    27.40     0.06  9999.00  9999.00  9999.00
 00031   575.71     5.80    88.29     1.46   208.40    21.40     0.94  9999.00  9999.00  9999.00
 00032   969.22    24.41    95.65     0.93   283.47     0.73     0.02  9999.00  9999.00  9999.00
 00033  1002.69    23.08    99.39     1.52   244.98     0.34     0.18  9999.00  9999.00  9999.00
 00034  1006.46    27.93    90.99     4.91   196.29    34.02     0.00  9999.00  9999.00  9999.00
 00035  1001.98    26.96    90.75     2.41   195.60    31.63     0.00  9999.00  9999.00  9999.00
 00036   774.64    17.05    88.52     0.98    82.72    24.25     0.96  9999.00  9999.00  9999.00
 00037   959.96    23.87    97.08     1.02   289.06     0.76     0.00  9999.00  9999.00  9999.00
 00038   987.61    24.56    98.76     0.92   251.30    10.95     0.00  9999.00  9999.00  9999.00
 00039  1000.54    25.39    96.88     4.74   218.22    20.28     0.00  9999.00  9999.00  9999.00
 00040   999.25    25.98    96.45     3.90   237.85    25.46     0.00  9999.00  9999.00  9999.00
 00041   961.11    23.02    97.99     0.74   143.38    15.95     0.36  9999.00  9999.00  9999.00
 00042  1000.77    25.10    89.36     2.81    82.67    24.51     0.00  9999.00  9999.00  9999.00
 00043   993.38    25.14    97.26     1.32   191.95    27.41     0.02  9999.00  9999.00  9999.00
 00044   975.50    23.82    97.49     0.74   242.42    10.45     0.50  9999.00  9999.00  9999.00
 00045   999.25    25.98    96.45     3.90   237.85    25.46     0.00  9999.00  9999.00  9999.00
 00046   935.69    22.39    96.20     1.28   192.44    14.67     0.05  9999.00  9999.00  9999.00
 00047   992.52    23.60    98.82     1.27    50.18     2.99     0.15  9999.00  9999.00  9999.00
 00048   606.38     9.42    79.03     1.62   181.64    28.44     0.06  9999.00  9999.00  9999.00
 00049   579.83     5.40    97.57     0.57   154.98     1.10     2.71  9999.00  9999.00  9999.00
 00050   992.74    25.26    99.06     2.15   220.20     2.81     0.00  9999.00  9999.00  9999.00
