stn_id       p       t2      rh2      spd      dir      vis    rain6   rain24   tmax24   tmin24 
 00001   973.60    31.30    71.48     2.00   250.00    19.00     0.00     0.00    38.60    30.30
 00002   991.70    26.90    84.01     1.00   160.00  9999.00     0.00     0.00    33.00    25.80
 00003   917.70    24.20    87.96     1.00   110.00     6.00     0.00     0.00    33.10    22.60
 00004   854.90    21.00    92.79     2.00   270.00     2.50     0.10     0.10    30.80    20.40
 00005   879.20    21.80    68.95     9.00   360.00    30.00     0.40     1.00    27.70    21.00
 00006   879.90    19.30    88.68     5.00   320.00    18.00     1.00     2.00    31.80    19.30
 00007   994.00    23.40    77.61     5.00   340.00    30.00     0.00     0.00    28.50    21.30
 00008   975.60    24.10    79.66     4.00    20.00    13.00     0.00     0.00    26.30    20.60
 00009   959.80    17.20    78.74     1.00   250.00    22.00     0.00     0.00    27.00     8.50
 00010   975.20    20.60    98.76     3.00    70.00     9.00    10.00    53.00    20.60    19.30
 00011   992.50    22.60    95.79     5.00    70.00    30.00     0.00     0.00    27.80    21.40
 00012   998.40    27.20    77.65     2.00   200.00     9.00     0.00     0.00    31.90    25.20
 00013  1001.10    29.30    74.71     2.00   160.00     9.00     0.00     0.00    34.60    25.30
 00014  1000.20    29.30    74.71     2.00   200.00     9.00     0.00     0.00    35.40    26.20
 00015   983.50    29.50    61.84     2.00   160.00    18.00     0.00     0.00    33.70    25.40
 00016   954.80    27.50    85.60     1.00    40.00     8.00     0.00     0.00    33.80    25.30
 00017  9999.00  9999.00  9999.00  9999.00  9999.00  9999.00  9999.00     0.00    33.50    24.90
 00018  1002.40    29.60    80.83     1.00   160.00  9999.00     0.00     0.00    35.10    26.20
 00019   937.70    26.60    85.00     1.00   340.00    25.00     0.00     1.00    35.50    25.50
 00020  1004.60    30.20    75.75     1.00   220.00    18.00     0.00     0.00    34.00    25.90
 00021   904.20    22.90    36.87     3.00   200.00    30.00     0.00     0.00    31.90    22.70
 00022  1002.20    27.90    71.81     1.00   180.00    19.00     0.00     0.00    30.90    23.90
 00023   923.80    26.30    29.82     5.00   270.00    26.00     0.00     0.00    32.30    21.60
 00024   952.60    20.10    75.65     3.00   140.00    30.00     0.00     0.20    28.90    18.10
 00025   809.30    18.10    92.05     0.00   160.00    14.00     0.10    38.10    28.50    17.10
 00026   998.90    30.70    70.54     2.00    70.00    14.00     0.00     0.00    34.40    28.80
 00027   990.80    27.80    86.67     2.00   290.00     7.00     0.00     0.00    33.40    25.90
 00028   972.30    26.80    86.06     2.00   110.00     9.00     0.00     0.00    34.10    24.20
 00029   996.20    26.20    84.45     2.00   360.00    30.00     0.20    12.20    30.30    23.10
 00030   986.20    26.20    98.81     2.00    90.00     3.60     0.00    11.00    32.30    25.50
 00031   629.20    11.40    81.66     0.00     0.00    30.00     0.60     2.70    20.00    11.00
 00032   995.30    27.50    95.93     1.00   340.00  9999.00     0.30     4.70    30.80    25.30
 00033   996.60    28.30    82.65     1.00   110.00    24.00     0.00     3.00    33.80    27.90
 00034  1004.90    30.50    82.88     3.00   200.00    14.00     0.00     0.00    32.90    29.50
 00035  1001.40    27.80    86.67     1.00   200.00    28.00     0.00    17.20    35.30    27.20
 00036   837.80    19.50    93.90     1.00    40.00    14.00    29.00    29.00    31.10    19.50
 00037   998.20    27.30    89.81     1.00   220.00     8.00     0.00    80.70    30.60    23.70
 00038   998.40    25.50    94.15     1.00   270.00     4.20     0.00    31.20    32.20    24.20
 00039  1002.60    27.00    86.60     1.00    70.00    15.00     0.80     2.10    30.90    26.20
 00040   998.70    26.40    91.95     1.00    70.00    13.00     0.00    12.00    29.70    25.00
 00041   814.90    22.70  9999.00     2.00    70.00    30.00     0.00     0.00    23.10    18.00
 00042  1000.40    27.50    82.56     1.00   220.00     9.00     0.00     0.00    33.40    24.70
 00043   996.60    28.00   100.00     1.00    90.00     4.50     0.00     0.00    33.20    26.80
 00044   991.40    28.30    76.86     1.00    90.00    12.00     0.00     0.00    34.10    26.30
 00045   998.70    26.40    91.95     1.00    70.00    13.00     0.00    12.00    29.70    25.00
 00046   959.60    24.40   100.00     1.00   340.00     6.00     0.00     2.00    33.60    23.10
 00047  1001.30    27.60    92.01     1.00   270.00     1.90     8.00    14.20    33.70    25.80
 00048   656.20    14.90    60.97     4.00   110.00    30.00     0.00     0.00    24.40    14.90
 00049   604.70     7.70    95.29     0.00    90.00  9999.00     2.00     3.00    13.40     7.60
 00050   997.60    27.70    85.63     1.00    40.00    16.00    10.00    26.00    31.70    24.60
