stn_id       p       t2      rh2      spd      dir      vis    rain6   rain24   tmax24   tmin24 
 00001   979.89    17.39    72.65     1.66   165.44    17.61     0.01  9999.00  9999.00  9999.00
 00002   996.06    11.41    63.40     3.03   203.70    22.78     0.00  9999.00  9999.00  9999.00
 00003   905.24     5.35    50.44     2.62   266.96    21.04     0.00  9999.00  9999.00  9999.00
 00004   836.48     1.81    56.01     2.57   240.78    21.35     0.00  9999.00  9999.00  9999.00
 00005   869.97     1.79    45.56     3.21   271.43    24.57    -0.00  9999.00  9999.00  9999.00
 00006   878.62     3.78    31.09     4.01   275.60    27.47    -0.00  9999.00  9999.00  9999.00
 00007  1004.87     1.84    65.93     2.04    42.25    27.91     0.00  9999.00  9999.00  9999.00
 00008   989.69    -1.93    64.98     2.75    95.41    33.81     0.00  9999.00  9999.00  9999.00
 00009   938.29    -5.58    78.05     2.62   170.52    15.28     0.66  9999.00  9999.00  9999.00
 00010   970.35    -2.16    72.33     1.88   119.53    34.30     0.00  9999.00  9999.00  9999.00
 00011   998.70    -2.32    70.35     2.12   141.63    40.22     0.00  9999.00  9999.00  9999.00
 00012  1011.06     9.52    54.35     2.59   178.97    23.50     0.00  9999.00  9999.00  9999.00
 00013  1013.99    17.20    83.63     3.69   223.81    18.39    -0.00  9999.00  9999.00  9999.00
 00014  1012.38    16.78    81.92     2.80   225.33    16.95     0.41  9999.00  9999.00  9999.00
 00015   997.83    11.31    84.25     1.74   115.39    18.68     0.00  9999.00  9999.00  9999.00
 00016   960.52    12.22    61.72     2.13   194.33    17.80     0.00  9999.00  9999.00  9999.00
 00017  1000.18    15.64    36.96     3.12   256.69    18.27     0.00  9999.00  9999.00  9999.00
 00018  1012.94    17.97    80.68     3.82   204.43    18.13     0.01  9999.00  9999.00  9999.00
 00019   943.81    19.66    55.16     0.51   334.07    20.62     0.00  9999.00  9999.00  9999.00
 00020  1017.00    17.11    77.40     2.98   238.35    18.21     0.00  9999.00  9999.00  9999.00
 00021   885.03     5.04    59.26     5.86   153.94    38.16     0.00  9999.00  9999.00  9999.00
 00022  1014.86     9.50    73.49     3.49   173.14    21.27     0.00  9999.00  9999.00  9999.00
 00023   913.32     3.88    68.45     2.04   225.90    34.83     0.00  9999.00  9999.00  9999.00
 00024   937.00     3.29    77.26     5.05   126.70    37.18     0.02  9999.00  9999.00  9999.00
 00025   799.94    12.48    73.84     2.74   110.04    21.11     0.17  9999.00  9999.00  9999.00
 00026  1015.18    15.10    95.45     1.52   143.02    18.15     5.43  9999.00  9999.00  9999.00
 00027  1011.08    16.97    92.05     1.48   101.93    17.99     0.70  9999.00  9999.00  9999.00
 00028   980.81    15.18    92.77     2.04   184.57    16.88     0.07  9999.00  9999.00  9999.00
 00029  1012.71    21.56    72.38     1.40   341.60    20.25     0.05  9999.00  9999.00  9999.00
 00030  1002.03    22.18    74.19     1.38   297.34    22.29     0.06  9999.00  9999.00  9999.00
 00031   571.56    -1.44    27.75     2.40   213.61    30.07     0.14  9999.00  9999.00  9999.00
 00032   982.29    16.20    78.15     1.43   167.10    17.08     0.00  9999.00  9999.00  9999.00
 00033  1014.99    20.18    89.08     5.38   115.19    18.07    -0.00  9999.00  9999.00  9999.00
 00034  1016.03    26.89    63.52     6.52    39.64    22.21     0.00  9999.00  9999.00  9999.00
 00035  1014.37    22.64    86.06     1.92    82.22    20.16     1.59  9999.00  9999.00  9999.00
 00036   781.43    10.50    70.48     0.88   318.52    18.96     1.26  9999.00  9999.00  9999.00
 00037   972.51    16.42    73.97     1.19   109.42    17.03     0.00  9999.00  9999.00  9999.00
 00038  1000.44    16.90    65.63     1.60   200.99    19.21     0.00  9999.00  9999.00  9999.00
 00039  1014.07    22.37    59.94     4.03   191.92    18.67     0.00  9999.00  9999.00  9999.00
 00040  1012.44    21.88    58.14     2.99   186.51    19.83     0.00  9999.00  9999.00  9999.00
 00041   975.01    13.78    95.52     1.54   196.26    16.25     2.00  9999.00  9999.00  9999.00
 00042  1014.97    17.49    81.74     3.42   223.74    18.27     0.00  9999.00  9999.00  9999.00
 00043  1008.61    15.76    94.39     0.95   112.16    14.52     3.21  9999.00  9999.00  9999.00
 00044   990.31    14.69    88.75     1.26   100.51    11.75     1.38  9999.00  9999.00  9999.00
 00045  1012.44    21.88    58.14     2.99   186.51    19.83     0.00  9999.00  9999.00  9999.00
 00046   947.26    14.82    67.60     1.33   207.71    18.38     0.00  9999.00  9999.00  9999.00
 00047  1006.55    19.21    81.75     0.35   165.85    17.84     0.03  9999.00  9999.00  9999.00
 00048   603.03     1.12    32.82     2.64   178.12    33.18     0.19  9999.00  9999.00  9999.00
 00049   577.78    -5.31    91.48     1.83   191.81    19.78     0.66  9999.00  9999.00  9999.00
 00050  1006.32    20.23    68.67     1.99   188.44    18.24     0.00  9999.00  9999.00  9999.00
