stn_id       p       t2      rh2      spd      dir      vis    rain6   rain24   tmax24   tmin24 
 00001   980.11    10.03    96.39     1.50   114.20    17.59  9999.00  9999.00  9999.00  9999.00
 00002   994.49     6.50    50.70     3.26   256.56    22.66  9999.00  9999.00  9999.00  9999.00
 00003   904.51    -1.54    66.25     2.75   237.86    20.97  9999.00  9999.00  9999.00  9999.00
 00004   834.74     0.33    43.42     3.26   245.70    21.23  9999.00  9999.00  9999.00  9999.00
 00005   868.15    -0.80    52.36     1.06   134.15    24.45  9999.00  9999.00  9999.00  9999.00
 00006   874.69     4.76    29.90     8.23   248.32    27.29  9999.00  9999.00  9999.00  9999.00
 00007  1002.13    -0.15    86.32     2.45   190.67    27.81  9999.00  9999.00  9999.00  9999.00
 00008   986.20    -2.05    73.79     0.94   140.45    33.66  9999.00  9999.00  9999.00  9999.00
 00009   936.40    -7.10    93.59     2.27   285.69    47.27  9999.00  9999.00  9999.00  9999.00
 00010   966.47    -1.89    72.16     1.97    90.04    18.47  9999.00  9999.00  9999.00  9999.00
 00011   993.72    -3.48    83.91     1.35   162.57    40.01  9999.00  9999.00  9999.00  9999.00
 00012  1010.22     0.88    88.16     2.05   348.90    23.43  9999.00  9999.00  9999.00  9999.00
 00013  1014.62    10.82    99.13     2.04   268.85    18.39  9999.00  9999.00  9999.00  9999.00
 00014  1011.44    13.00    93.10     2.18   232.81    18.32  9999.00  9999.00  9999.00  9999.00
 00015   996.13     8.66    90.00     3.44   193.37     9.33  9999.00  9999.00  9999.00  9999.00
 00016   960.03     5.98    69.10     1.72   202.87    17.77  9999.00  9999.00  9999.00  9999.00
 00017   999.27    12.23    42.77     4.20   280.52    18.24  9999.00  9999.00  9999.00  9999.00
 00018  1013.66    10.09    88.68     0.97   287.39    12.49  9999.00  9999.00  9999.00  9999.00
 00019   943.28    10.87    79.77     1.36   304.08    20.58  9999.00  9999.00  9999.00  9999.00
 00020  1016.56    14.35    90.97     3.57   271.78    18.20  9999.00  9999.00  9999.00  9999.00
 00021   892.65     0.63    69.00     2.52   132.92    17.88  9999.00  9999.00  9999.00  9999.00
 00022  1012.87     3.89    95.52     2.30   219.90    21.19  9999.00  9999.00  9999.00  9999.00
 00023   925.40     0.42    94.67     8.90   271.05     6.74  9999.00  9999.00  9999.00  9999.00
 00024   942.47     0.85    91.61    13.78   279.27    10.07  9999.00  9999.00  9999.00  9999.00
 00025   800.55     8.91    93.83     2.25    88.75    21.14  9999.00  9999.00  9999.00  9999.00
 00026  1014.93    11.49    99.63     0.81   330.64     0.23  9999.00  9999.00  9999.00  9999.00
 00027  1011.23    12.38    99.47     0.35   116.63     0.21  9999.00  9999.00  9999.00  9999.00
 00028   981.04    11.02    99.64     1.09   189.86     0.41  9999.00  9999.00  9999.00  9999.00
 00029  1011.63    16.41    92.91     1.96   344.88    20.24  9999.00  9999.00  9999.00  9999.00
 00030  1002.85    16.85    97.59     1.55   331.32    22.29  9999.00  9999.00  9999.00  9999.00
 00031   572.97    -8.12    81.32     1.72   200.37    30.07  9999.00  9999.00  9999.00  9999.00
 00032   981.14    12.60    88.30     1.50   311.76    17.06  9999.00  9999.00  9999.00  9999.00
 00033  1014.77    20.22    96.18     1.24    76.51     0.64  9999.00  9999.00  9999.00  9999.00
 00034  1015.56    26.25    66.90     8.11    40.48    22.18  9999.00  9999.00  9999.00  9999.00
 00035  1013.92    20.07    95.58     1.04   345.28     7.75  9999.00  9999.00  9999.00  9999.00
 00036   781.72     7.01    93.31     1.10    29.27    10.41  9999.00  9999.00  9999.00  9999.00
 00037   971.45    12.26    89.82     1.21   309.11    17.00  9999.00  9999.00  9999.00  9999.00
 00038   999.40    12.39    79.36     1.23   299.41    19.19  9999.00  9999.00  9999.00  9999.00
 00039  1012.71    19.16    76.44     1.73   301.57    18.67  9999.00  9999.00  9999.00  9999.00
 00040  1010.66    17.53    68.59     2.34   306.82    19.80  9999.00  9999.00  9999.00  9999.00
 00041   974.19     9.50    97.99     1.52   233.40    12.66  9999.00  9999.00  9999.00  9999.00
 00042  1015.20    13.41    94.22     2.72   254.61    18.27  9999.00  9999.00  9999.00  9999.00
 00043  1008.34    12.77    99.36     0.53   313.77     0.98  9999.00  9999.00  9999.00  9999.00
 00044   989.31    12.48    92.75     0.33   158.19    17.36  9999.00  9999.00  9999.00  9999.00
 00045  1010.66    17.53    68.59     2.34   306.82    19.80  9999.00  9999.00  9999.00  9999.00
 00046   945.92    13.14    73.75     0.80   187.35    18.37  9999.00  9999.00  9999.00  9999.00
 00047  1006.20    16.30    84.94     3.05   333.55     6.39  9999.00  9999.00  9999.00  9999.00
 00048   604.28    -3.69    61.15     1.39   174.95    33.22  9999.00  9999.00  9999.00  9999.00
 00049   577.61    -9.81    96.66     0.68   145.21     2.91  9999.00  9999.00  9999.00  9999.00
 00050  1004.86    14.29    87.61     1.46   324.44    18.21  9999.00  9999.00  9999.00  9999.00
