stn_id       p       t2      rh2      spd      dir      vis    rain6   rain24   tmax24   tmin24 
 00001   960.34    27.59    82.42     1.33   282.09    21.52  9999.00  9999.00  9999.00  9999.00
 00002   986.17    27.72    65.74     2.25   168.93    26.44  9999.00  9999.00  9999.00  9999.00
 00003   896.41    25.61    67.42     1.30   169.34    25.33  9999.00  9999.00  9999.00  9999.00
 00004   830.43    23.98    70.78     1.34   256.92    25.01  9999.00  9999.00  9999.00  9999.00
 00005   863.35    25.20    56.81     2.02   199.26    27.09  9999.00  9999.00  9999.00  9999.00
 00006   871.44    31.96    20.08     6.62   280.78    27.49  9999.00  9999.00  9999.00  9999.00
 00007   994.84    22.78    71.07     3.03    12.58    24.99  9999.00  9999.00  9999.00  9999.00
 00008   980.61    22.03    67.64     4.53    49.22    26.72  9999.00  9999.00  9999.00  9999.00
 00009   944.86    24.48    40.04     0.82   202.14    38.65  9999.00  9999.00  9999.00  9999.00
 00010   961.50    15.84    87.76     2.94   117.70    22.95  9999.00  9999.00  9999.00  9999.00
 00011   990.35    19.33    72.77     5.85    92.12    28.92  9999.00  9999.00  9999.00  9999.00
 00012  1002.12    25.03    66.20     1.81   159.98    24.74  9999.00  9999.00  9999.00  9999.00
 00013   999.66    25.79    68.32     3.25    44.36    25.09  9999.00  9999.00  9999.00  9999.00
 00014   995.44    23.32    88.76     3.81     7.85    21.96  9999.00  9999.00  9999.00  9999.00
 00015   986.70    26.42    60.53     3.16    57.86    21.71  9999.00  9999.00  9999.00  9999.00
 00016   944.41    26.76    78.46     2.38   164.74    12.58  9999.00  9999.00  9999.00  9999.00
 00017   988.16    27.72    54.82     2.34    77.74    24.94  9999.00  9999.00  9999.00  9999.00
 00018   998.86    26.75    64.43     3.01    58.03    25.25  9999.00  9999.00  9999.00  9999.00
 00019   926.51    26.87    83.53     0.64   200.83    24.59  9999.00  9999.00  9999.00  9999.00
 00020  1001.21    22.18    76.33     3.46   284.82    22.05  9999.00  9999.00  9999.00  9999.00
 00021   879.73    29.43    20.57     0.85   229.90    26.85  9999.00  9999.00  9999.00  9999.00
 00022  1004.99    26.55    59.61     1.91   162.79    22.58  9999.00  9999.00  9999.00  9999.00
 00023   906.63    26.91    24.42     2.32   307.18    22.34  9999.00  9999.00  9999.00  9999.00
 00024   928.91    28.57    22.70     4.04   127.79    24.53  9999.00  9999.00  9999.00  9999.00
 00025   789.49    18.84    88.36     1.08   290.12    12.60  9999.00  9999.00  9999.00  9999.00
 00026   996.05    31.13    80.82     1.50    59.66    23.55  9999.00  9999.00  9999.00  9999.00
 00027   992.27    32.52    67.26     1.04   218.20    27.06  9999.00  9999.00  9999.00  9999.00
 00028   962.51    29.14    73.56     0.60   137.18    26.29  9999.00  9999.00  9999.00  9999.00
 00029   996.22    30.14    73.30     3.22   211.23    13.41  9999.00  9999.00  9999.00  9999.00
 00030   983.45    28.26    77.91     1.69   226.49    20.38  9999.00  9999.00  9999.00  9999.00
 00031   572.13     9.77    70.49     1.25   104.48    20.39  9999.00  9999.00  9999.00  9999.00
 00032   965.33    30.65    71.70     1.48   246.73    22.18  9999.00  9999.00  9999.00  9999.00
 00033   998.91    23.38    89.91     5.75   239.37    31.61  9999.00  9999.00  9999.00  9999.00
 00034  1004.56    28.65    86.01     7.26   229.77    34.71  9999.00  9999.00  9999.00  9999.00
 00035   998.09    31.70    63.47     6.36   247.62    31.76  9999.00  9999.00  9999.00  9999.00
 00036   771.09    20.87    75.29     0.85   324.38    24.45  9999.00  9999.00  9999.00  9999.00
 00037   956.11    31.36    70.65     1.45   262.73    24.30  9999.00  9999.00  9999.00  9999.00
 00038   983.67    32.46    62.41     1.72   260.05    27.30  9999.00  9999.00  9999.00  9999.00
 00039   996.57    28.81    81.59     4.07   190.13    26.25  9999.00  9999.00  9999.00  9999.00
 00040   995.39    30.53    72.08     3.88   240.63    27.47  9999.00  9999.00  9999.00  9999.00
 00041   958.37    27.18    87.61     1.93   177.11    11.47  9999.00  9999.00  9999.00  9999.00
 00042   999.93    23.00    78.90     3.18    57.66    25.56  9999.00  9999.00  9999.00  9999.00
 00043   990.01    31.60    72.65     1.91   200.58    28.14  9999.00  9999.00  9999.00  9999.00
 00044   971.91    29.94    79.42     1.33   261.34    22.78  9999.00  9999.00  9999.00  9999.00
 00045   995.39    30.53    72.08     3.88   240.63    27.47  9999.00  9999.00  9999.00  9999.00
 00046   932.38    29.00    67.52     1.35   234.18    24.26  9999.00  9999.00  9999.00  9999.00
 00047   987.96    27.82    83.70     1.70    92.51     7.37  9999.00  9999.00  9999.00  9999.00
 00048   603.01    12.13    69.79     0.88   143.12    26.51  9999.00  9999.00  9999.00  9999.00
 00049   575.30    10.12    66.42     1.36    46.89    22.04  9999.00  9999.00  9999.00  9999.00
 00050   988.78    31.67    72.45     2.67   187.58    25.76  9999.00  9999.00  9999.00  9999.00
