stn_id       p       t2      rh2      spd      dir      vis    rain6   rain24   tmax24   tmin24 
 00001   990.80    18.10  9999.00     0.00    90.00     3.40  9999.00  9999.00  9999.00  9999.00
 00002  1005.59    27.90  9999.00     6.00   270.00    19.00  9999.00  9999.00  9999.00  9999.00
 00003   931.22    16.50  9999.00     1.00   200.00    12.00  9999.00  9999.00  9999.00  9999.00
 00004   863.34    16.70  9999.00     2.00   220.00    29.00  9999.00  9999.00  9999.00  9999.00
 00005   899.68    13.50  9999.00     2.00   160.00    12.00  9999.00  9999.00  9999.00  9999.00
 00006   887.90    14.10  9999.00     8.00   290.00    30.00  9999.00  9999.00  9999.00  9999.00
 00007  1007.03    21.50  9999.00     3.00   180.00    30.00  9999.00  9999.00  9999.00  9999.00
 00008   984.55    17.00  9999.00     3.00   180.00     4.70  9999.00  9999.00  9999.00  9999.00
 00009   955.35     7.20  9999.00     7.00   220.00    30.00  9999.00  9999.00  9999.00  9999.00
 00010   984.25    16.10  9999.00     0.00     0.00     8.00  9999.00  9999.00  9999.00  9999.00
 00011   995.55    16.40  9999.00     4.00   180.00    28.00  9999.00  9999.00  9999.00  9999.00
 00012  1010.44    20.60  9999.00     1.00   250.00     3.40  9999.00  9999.00  9999.00  9999.00
 00013  1017.76    22.40  9999.00     2.00   180.00    13.00  9999.00  9999.00  9999.00  9999.00
 00014  1013.03    24.80  9999.00     1.00    90.00     8.00  9999.00  9999.00  9999.00  9999.00
 00015   996.11    26.70  9999.00     3.00   250.00    18.00  9999.00  9999.00  9999.00  9999.00
 00016   971.82    18.10  9999.00     1.00   270.00     6.00  9999.00  9999.00  9999.00  9999.00
 00017  1003.90    26.60  9999.00     2.00   290.00    15.00  9999.00  9999.00  9999.00  9999.00
 00018  1015.15    22.80  9999.00     1.00   160.00    13.00  9999.00  9999.00  9999.00  9999.00
 00019   951.15    20.50  9999.00     2.00    70.00     4.40  9999.00  9999.00  9999.00  9999.00
 00020  1017.11    24.70  9999.00     2.00    70.00    20.00  9999.00  9999.00  9999.00  9999.00
 00021   917.77     7.60  9999.00     2.00   220.00    18.00  9999.00  9999.00  9999.00  9999.00
 00022  1014.40    21.00  9999.00     2.00   320.00     2.40  9999.00  9999.00  9999.00  9999.00
 00023   939.81     5.90  9999.00     0.00     0.00    30.00  9999.00  9999.00  9999.00  9999.00
 00024   972.22     6.00  9999.00     3.00   140.00    30.00  9999.00  9999.00  9999.00  9999.00
 00025  9999.00  9999.00  9999.00  9999.00  9999.00  9999.00  9999.00  9999.00  9999.00  9999.00
 00026  1012.08    23.00  9999.00     2.00   320.00     8.00  9999.00  9999.00  9999.00  9999.00
 00027  1010.32    24.10  9999.00     5.00   340.00     8.00  9999.00  9999.00  9999.00  9999.00
 00028   986.82    23.10  9999.00     2.00    90.00    13.00  9999.00  9999.00  9999.00  9999.00
 00029  1011.85    29.60  9999.00     2.00    20.00    12.00  9999.00  9999.00  9999.00  9999.00
 00030  1001.91    28.30  9999.00     1.00   320.00    11.00  9999.00  9999.00  9999.00  9999.00
 00031   630.70     4.90    20.79     1.00    70.00    30.00  9999.00  9999.00  9999.00  9999.00
 00032  1007.20    27.50  9999.00     2.00   200.00    12.00  9999.00  9999.00  9999.00  9999.00
 00033  1013.60    28.40  9999.00     4.00    90.00    23.00  9999.00  9999.00  9999.00  9999.00
 00034  1013.20    28.10  9999.00     2.00    90.00    13.00  9999.00  9999.00  9999.00  9999.00
 00035  1012.68    29.10  9999.00     2.00    70.00    23.00  9999.00  9999.00  9999.00  9999.00
 00036   843.90    18.50    84.71     1.00    90.00    10.00  9999.00  9999.00  9999.00  9999.00
 00037  1011.49    27.80  9999.00     2.00   180.00    10.00  9999.00  9999.00  9999.00  9999.00
 00038  1013.61    26.90  9999.00     2.00   220.00     6.00  9999.00  9999.00  9999.00  9999.00
 00039  1014.63    26.70  9999.00     4.00    40.00    12.00  9999.00  9999.00  9999.00  9999.00
 00040  1010.31    27.20  9999.00     5.00    70.00    19.00  9999.00  9999.00  9999.00  9999.00
 00041   821.50    16.10    61.71     3.00   320.00    20.00  9999.00  9999.00  9999.00  9999.00
 00042  1016.37    23.10  9999.00     2.00    70.00    11.00  9999.00  9999.00  9999.00  9999.00
 00043  1014.49    21.90  9999.00     1.00    40.00     5.00  9999.00  9999.00  9999.00  9999.00
 00044  1008.85    21.80  9999.00     2.00    40.00    10.00  9999.00  9999.00  9999.00  9999.00
 00045  1010.31    27.20  9999.00     5.00    70.00    19.00  9999.00  9999.00  9999.00  9999.00
 00046   973.59    26.30  9999.00     1.00   220.00    14.00  9999.00  9999.00  9999.00  9999.00
 00047  1013.23    27.00  9999.00     1.00   290.00    14.00  9999.00  9999.00  9999.00  9999.00
 00048   658.70     9.80    19.66     2.00   220.00    20.00  9999.00  9999.00  9999.00  9999.00
 00049   605.50     2.90    39.73     1.00   200.00    30.00  9999.00  9999.00  9999.00  9999.00
 00050  1014.33    27.20  9999.00     5.00    40.00    16.00  9999.00  9999.00  9999.00  9999.00
