stn_id       p       t2      rh2      spd      dir      vis    rain6   rain24   tmax24   tmin24 
 00001   966.09    23.06    85.84     1.98   174.39    20.29  9999.00  9999.00  9999.00  9999.00
 00002   997.08    21.88    44.29     2.33   147.72    23.38  9999.00  9999.00  9999.00  9999.00
 00003   904.25    19.51    39.75     1.82   211.83    22.74  9999.00  9999.00  9999.00  9999.00
 00004   836.07    15.58    42.10     1.72   226.86    22.91  9999.00  9999.00  9999.00  9999.00
 00005   870.56    17.23    24.69     2.62   208.00    25.53  9999.00  9999.00  9999.00  9999.00
 00006   880.09    18.74    16.57     2.19   276.76    26.42  9999.00  9999.00  9999.00  9999.00
 00007  1006.27    17.88    45.71     1.24   284.78    25.54  9999.00  9999.00  9999.00  9999.00
 00008   989.47    13.74    45.27     2.75   282.07    26.75  9999.00  9999.00  9999.00  9999.00
 00009   944.56     9.71    62.39     1.15    48.69    32.76  9999.00  9999.00  9999.00  9999.00
 00010   966.01    11.35    57.95     2.90   302.81    28.56  9999.00  9999.00  9999.00  9999.00
 00011   995.16    13.28    53.14     2.38   300.68    27.80  9999.00  9999.00  9999.00  9999.00
 00012  1012.38    22.01    52.88     1.19   182.03    23.16  9999.00  9999.00  9999.00  9999.00
 00013  1013.41    21.02    61.54     2.95    59.00    22.94  9999.00  9999.00  9999.00  9999.00
 00014  1010.09    19.71    78.42     1.98    31.68    24.05  9999.00  9999.00  9999.00  9999.00
 00015   998.53    20.66    48.29     1.65   210.85    20.01  9999.00  9999.00  9999.00  9999.00
 00016   953.98    17.18    76.89     3.36    59.50    21.69  9999.00  9999.00  9999.00  9999.00
 00017   999.87    18.94    63.94     1.70    39.82    21.75  9999.00  9999.00  9999.00  9999.00
 00018  1012.27    22.13    64.43     2.43    67.32    22.44  9999.00  9999.00  9999.00  9999.00
 00019   932.18    20.32    80.00     1.91    69.27    24.52  9999.00  9999.00  9999.00  9999.00
 00020  1016.60    19.06    72.82     4.05    41.35    22.41  9999.00  9999.00  9999.00  9999.00
 00021   892.05    13.57    57.96     2.31   194.06    26.13  9999.00  9999.00  9999.00  9999.00
 00022  1015.57    22.68    51.04     1.04   210.77    21.21  9999.00  9999.00  9999.00  9999.00
 00023   919.15    14.94    49.48     1.89   345.77    22.21  9999.00  9999.00  9999.00  9999.00
 00024   943.92    15.17    52.66     4.46   305.54    24.39  9999.00  9999.00  9999.00  9999.00
 00025   793.82    20.36    75.92     2.63   211.68    24.47  9999.00  9999.00  9999.00  9999.00
 00026  1008.04    24.07    76.44     4.65    16.00    23.52  9999.00  9999.00  9999.00  9999.00
 00027  1002.97    25.57    79.72     2.17   111.33    20.45  9999.00  9999.00  9999.00  9999.00
 00028   971.41    23.89    81.07     3.86    20.74    22.83  9999.00  9999.00  9999.00  9999.00
 00029  1003.17    28.22    79.57     1.57   156.09    25.54  9999.00  9999.00  9999.00  9999.00
 00030   991.41    28.26    78.37     2.68   147.73    23.52  9999.00  9999.00  9999.00  9999.00
 00031   573.11    12.02    46.31     1.92   189.64    25.75  9999.00  9999.00  9999.00  9999.00
 00032   977.52    20.29    82.23     2.80    68.08    22.34  9999.00  9999.00  9999.00  9999.00
 00033  1005.02    21.51    96.79     4.70   100.86     0.23  9999.00  9999.00  9999.00  9999.00
 00034  1006.55    28.10    80.87     5.72    29.67    29.77  9999.00  9999.00  9999.00  9999.00
 00035  1004.25    28.45    75.60     2.99    79.58    18.68  9999.00  9999.00  9999.00  9999.00
 00036   772.75    21.49    64.65     3.00   187.07    24.32  9999.00  9999.00  9999.00  9999.00
 00037   967.79    20.86    83.01     1.93    86.31    22.33  9999.00  9999.00  9999.00  9999.00
 00038   992.60    27.68    68.19     2.80    79.51    24.74  9999.00  9999.00  9999.00  9999.00
 00039  1007.21    23.89    77.06    11.60    37.85    24.16  9999.00  9999.00  9999.00  9999.00
 00040  1003.66    26.65    73.21     7.93    68.97    25.34  9999.00  9999.00  9999.00  9999.00
 00041   971.38    19.03    71.92     2.38    46.02    22.69  9999.00  9999.00  9999.00  9999.00
 00042  1013.34    21.11    70.95     1.87   101.04    23.17  9999.00  9999.00  9999.00  9999.00
 00043  1001.01    25.07    77.19     3.51    32.60    23.97  9999.00  9999.00  9999.00  9999.00
 00044   983.37    22.44    71.59     3.59    50.76    23.12  9999.00  9999.00  9999.00  9999.00
 00045  1003.66    26.65    73.21     7.93    68.97    25.34  9999.00  9999.00  9999.00  9999.00
 00046   940.23    24.40    87.31     0.85   101.05    17.91  9999.00  9999.00  9999.00  9999.00
 00047  1002.38    22.50    73.16     3.54    78.86    23.11  9999.00  9999.00  9999.00  9999.00
 00048   604.23    13.39    45.91     2.11   183.47    31.28  9999.00  9999.00  9999.00  9999.00
 00049   578.40     6.66    75.51     2.84   197.78    15.90  9999.00  9999.00  9999.00  9999.00
 00050   999.98    23.87    69.74     7.40    37.37    23.67  9999.00  9999.00  9999.00  9999.00
