stn_id       p       t2      rh2      spd      dir      vis    rain6   rain24   tmax24   tmin24 
 00001   973.79    19.96    88.78     1.43   315.04    24.61     0.00     0.54    23.43    19.90
 00002   993.98    18.85    54.33     2.58   269.31    23.42     0.00     0.00    26.65    14.57
 00003   905.20    12.53    37.67     2.27   316.86    22.86     0.00     0.00    22.57     9.92
 00004   837.84     6.24    44.37     2.31   316.48    23.06     0.00     1.71    13.85     6.38
 00005   873.06     9.06    43.66     2.58   352.80    25.70    -0.00     2.99    16.60     2.06
 00006   884.10     8.55    57.76     4.32   350.62    26.61     0.00     0.28    15.85     6.51
 00007  1000.15    15.77    77.01     5.18   190.48    25.51     1.13     1.15    23.71    11.10
 00008   982.86    15.38    59.70     6.40   220.54    26.63     0.41     0.41    21.61     9.94
 00009   946.06     5.37    67.47     2.57   336.29    32.77     0.00     0.00    11.59     2.64
 00010   964.60    12.72    76.59     1.55   180.64    28.75     0.00     0.00    20.31     8.32
 00011   989.30    14.18    74.22     3.48   156.99    27.12     0.51     0.89    19.51     9.73
 00012  1008.76    17.79    76.51     2.22   235.36    23.16     0.00     0.02    25.59    13.59
 00013  1010.50    23.27    91.03     2.23   353.10    22.49     0.38     1.06    27.79    21.02
 00014  1006.79    24.06    90.86     1.32    83.17    24.17     0.96     1.88    29.82    21.04
 00015   995.16    17.90    84.20     2.13   203.51    20.00     0.00     0.00    23.77    17.31
 00016   957.78    15.85    84.30     1.49   161.07    23.18     0.00     2.05    19.95    13.42
 00017   996.52    19.53    79.21     2.54   234.56    21.83     0.00     8.13    24.67    16.32
 00018  1010.08    22.38    92.27     1.96   316.46    21.74     0.78     1.11    28.03    20.94
 00019   939.34    19.00    87.71     1.45   246.76    26.90     0.01     0.88    22.11    18.74
 00020  1013.35    21.48    91.32     3.00   124.99    22.48     0.01     0.40    25.63    20.27
 00021   890.82    12.63    50.18     1.85   278.19    26.13     0.00     0.00    17.90     6.76
 00022  1011.66    21.12    66.74     0.95   171.03    21.18     0.01     0.49    25.09    16.41
 00023   916.75    16.68    50.79     1.34   114.75    22.19     0.00     0.00    19.55     6.41
 00024   943.91    10.83    57.58     2.86   112.13    24.46     0.00     0.00    15.12     3.01
 00025   797.93    16.87    90.76     1.74   139.40    15.29     4.99     6.43    21.45    14.48
 00026  1008.73    26.01    88.62     1.06   202.56    23.61     2.29     3.20    30.07    22.32
 00027  1005.54    25.86    83.15     3.87   342.19    23.68     0.02     6.27    28.98    22.07
 00028   974.70    24.42    87.39     2.28    19.76    22.99     0.04     1.54    27.77    21.38
 00029  1006.36    26.51    88.16     1.21    90.22    23.46     1.17     1.57    31.37    24.24
 00030   995.88    25.33    92.09     1.01    97.68    26.98     2.15     4.05    30.01    23.46
 00031   574.99    10.18    31.33     1.60   192.96    26.81     0.03     0.04    12.86    -0.22
 00032   978.76    21.32    95.46     1.03    88.44    20.86     0.02     2.38    26.53    21.06
 00033  1008.75    22.36    97.98     3.43   101.67     0.24     0.03     0.59    23.94    21.62
 00034  1009.77    27.99    86.82     5.71    54.34    27.67     0.38     2.09    28.22    27.06
 00035  1007.95    26.14    90.06     1.54    69.83    18.67     0.03     1.32    29.98    25.30
 00036   778.49    16.95    85.22     1.03    64.28    20.05     4.63    10.81    20.67    14.18
 00037   969.18    21.61    95.11     0.93    80.57    22.49     0.03     1.99    27.21    21.71
 00038   995.24    25.89    85.21     0.98   115.42    24.51     0.14     1.71    30.46    23.03
 00039  1008.90    24.65    88.54     7.42    43.14    24.33     0.00     0.21    26.89    24.46
 00040  1006.71    25.52    88.15     4.07    60.02    24.53     0.09     1.00    29.23    24.84
 00041   970.48    22.67    96.15     0.78   274.49    22.88     6.37     7.96    27.55    20.74
 00042  1010.64    24.97    87.91     2.14   318.23    21.02     0.46     1.14    28.58    21.76
 00043  1002.66    25.78    87.48     2.12    87.99    22.05     0.37     0.43    30.01    22.69
 00044   984.30    24.81    91.84     0.53   217.83    23.32     2.87     4.77    30.25    22.44
 00045  1006.71    25.52    88.15     4.07    60.02    24.53     0.09     1.00    29.23    24.84
 00046   942.91    23.77    92.39     0.85    71.44    20.37     0.50     1.36    28.38    20.22
 00047  1002.85    21.96    96.51     0.82    68.75     7.41     0.01     0.10    26.17    21.98
 00048   605.92    13.14    33.63     1.01   149.08    31.15     0.01     0.89    14.61     3.22
 00049   580.49     4.58    84.30     1.84   201.18    25.79     0.49     1.21     7.74    -0.17
 00050  1001.50    24.69    82.56     4.24    41.59    23.57     0.00     0.31    29.79    24.23
