stn_id       p       t2      rh2      spd      dir      vis    rain6   rain24   tmax24   tmin24 
 00001   982.70    32.60    42.58     1.00   250.00    26.00     0.00  9999.00  9999.00  9999.00
 00002  1003.40    27.30    68.68     1.00   110.00     7.00     0.00  9999.00  9999.00  9999.00
 00003   925.60    28.50    49.73     1.00    70.00    21.00     0.00  9999.00  9999.00  9999.00
 00004   860.80    25.00    46.64     5.00   250.00    29.00     0.00  9999.00  9999.00  9999.00
 00005   885.10    25.80    35.68     4.00   160.00    30.00     0.00  9999.00  9999.00  9999.00
 00006   885.40    27.30    18.81     5.00   200.00    30.00     0.00  9999.00  9999.00  9999.00
 00007  1005.40    28.70    39.75     4.00   220.00    30.00     0.00  9999.00  9999.00  9999.00
 00008   982.40    24.60    51.74     5.00   290.00    14.00     0.00  9999.00  9999.00  9999.00
 00009   951.80    28.50    22.79     2.00   270.00    30.00     0.00  9999.00  9999.00  9999.00
 00010   978.80    25.80    45.68     5.00   270.00    30.00     0.00  9999.00  9999.00  9999.00
 00011   993.70    23.10    64.93     3.00   290.00    30.00     0.00  9999.00  9999.00  9999.00
 00012  1009.20    30.30    41.75     1.00   270.00    16.00     0.00  9999.00  9999.00  9999.00
 00013  1007.60    29.40    44.56     2.00    70.00    29.00     0.00  9999.00  9999.00  9999.00
 00014  1005.50    29.40    52.57     3.00   340.00    23.00     0.00  9999.00  9999.00  9999.00
 00015   993.70    30.10    56.48     1.00   360.00    11.00     0.00  9999.00  9999.00  9999.00
 00016   963.60    28.20    62.73     1.00    40.00    18.00     0.00  9999.00  9999.00  9999.00
 00017   999.80    29.50    55.65     2.00   140.00    22.00     0.00  9999.00  9999.00  9999.00
 00018  1009.00    30.10    43.61     4.00    90.00    30.00     0.00  9999.00  9999.00  9999.00
 00019   947.40    24.90    79.76     1.00   250.00     9.00     0.10  9999.00  9999.00  9999.00
 00020  1010.60    28.70    56.52     5.00    20.00    30.00     0.00  9999.00  9999.00  9999.00
 00021   905.60    28.30    30.75     4.00   340.00    11.00     0.00  9999.00  9999.00  9999.00
 00022  1013.20    30.60    43.74     2.00    20.00    26.00     0.00  9999.00  9999.00  9999.00
 00023   935.20    14.80    73.80     4.00   180.00    29.00     3.00  9999.00  9999.00  9999.00
 00024   960.40    21.80    49.69     4.00   340.00    30.00     0.00  9999.00  9999.00  9999.00
 00025   811.80    21.40    55.85     1.00   200.00    24.00     0.00  9999.00  9999.00  9999.00
 00026  1002.80    30.10    59.72     2.00    40.00    24.00     0.00  9999.00  9999.00  9999.00
 00027   994.60    30.80    49.69     4.00   340.00    21.00     0.00  9999.00  9999.00  9999.00
 00028   976.20    31.40    49.51     4.00    70.00    19.00     0.00  9999.00  9999.00  9999.00
 00029   992.50    27.10    75.76     5.00   340.00    30.00     0.30  9999.00  9999.00  9999.00
 00030   986.90    32.30    51.61     5.00    20.00    25.00     0.00  9999.00  9999.00  9999.00
 00031   643.20    18.90    26.73     3.00   110.00    30.00     0.00  9999.00  9999.00  9999.00
 00032   995.80    29.30    67.78     5.00    70.00    30.00     0.00  9999.00  9999.00  9999.00
 00033   995.00    32.50    60.58     5.00   290.00    22.00     0.00  9999.00  9999.00  9999.00
 00034  1001.50    30.30    80.91     4.00   250.00    22.00     0.00  9999.00  9999.00  9999.00
 00035   999.10    33.50    62.64     2.00   320.00    20.00     0.00  9999.00  9999.00  9999.00
 00036   841.00    19.30    88.11     1.00    20.00     8.00     4.00  9999.00  9999.00  9999.00
 00037   998.70    29.40    66.56     4.00   110.00    30.00     0.00  9999.00  9999.00  9999.00
 00038   996.90    25.80    97.04     1.00   180.00     2.20    19.00  9999.00  9999.00  9999.00
 00039  1001.70    28.20    78.74     7.00    40.00    16.00     0.00  9999.00  9999.00  9999.00
 00040   995.80    25.90    98.81    12.00    40.00     1.30    19.00  9999.00  9999.00  9999.00
 00041   816.70    18.30    46.76     6.00    70.00    30.00     0.00  9999.00  9999.00  9999.00
 00042  1006.30    27.80    58.86     4.00    90.00    30.00     0.00  9999.00  9999.00  9999.00
 00043  1000.20    28.60    67.65     4.00    40.00    19.00     0.00  9999.00  9999.00  9999.00
 00044   994.30    29.40    62.59     2.00   360.00    25.00     0.00  9999.00  9999.00  9999.00
 00045   995.80    25.90    98.81    12.00    40.00     1.30    19.00  9999.00  9999.00  9999.00
 00046   959.70    25.00    94.70     2.00    20.00    19.00     0.20  9999.00  9999.00  9999.00
 00047  1002.70    29.30    64.53     3.00   360.00    19.00     0.00  9999.00  9999.00  9999.00
 00048   658.80    20.20    28.70     2.00    70.00    29.00     0.00  9999.00  9999.00  9999.00
 00049   605.40    15.80    28.73     4.00   340.00    30.00     0.00  9999.00  9999.00  9999.00
 00050   997.00    28.00    75.89     7.00    40.00    23.00     0.00  9999.00  9999.00  9999.00
