stn_id       p       t2      rh2      spd      dir      vis    rain6   rain24   tmax24   tmin24 
 00001   961.61    30.19    80.77     1.50    85.20    26.14     0.02  9999.00  9999.00  9999.00
 00002   985.91    27.70    74.36     1.79   128.06    26.26    -0.00  9999.00  9999.00  9999.00
 00003   896.87    27.09    64.82     1.19   191.37    25.18     0.02  9999.00  9999.00  9999.00
 00004   831.84    20.35    86.38     1.56   185.13    24.88     3.44  9999.00  9999.00  9999.00
 00005   864.74    23.65    75.29     2.87   189.56    26.85     0.49  9999.00  9999.00  9999.00
 00006   873.65    23.81    76.81     4.07   229.26    28.13     2.41  9999.00  9999.00  9999.00
 00007   994.33    24.49    64.40     5.13    11.19    24.98     0.00  9999.00  9999.00  9999.00
 00008   982.37    23.61    69.28     4.07    31.20    27.00    -0.00  9999.00  9999.00  9999.00
 00009   945.20    18.85    68.96     2.70   149.17    39.60     0.00  9999.00  9999.00  9999.00
 00010   962.65    17.89    99.85     0.98    30.89     0.98    10.83  9999.00  9999.00  9999.00
 00011   991.57    22.00    88.40     2.49    76.07    29.51     0.00  9999.00  9999.00  9999.00
 00012  1001.74    27.63    76.73     2.34   121.95    24.71     0.14  9999.00  9999.00  9999.00
 00013  1001.14    27.55    79.97     2.01    33.97    24.67     0.00  9999.00  9999.00  9999.00
 00014   997.98    26.97    84.73     1.70    35.84    25.55    -0.00  9999.00  9999.00  9999.00
 00015   986.33    27.26    71.93     2.00    28.22    21.32     0.00  9999.00  9999.00  9999.00
 00016   944.91    29.88    66.89     1.58   151.37    25.75     0.24  9999.00  9999.00  9999.00
 00017   987.91    28.42    74.19     1.72   129.01    24.73     0.00  9999.00  9999.00  9999.00
 00018   999.87    28.59    82.20     1.76   201.81    24.90     0.00  9999.00  9999.00  9999.00
 00019   928.53    26.69    88.96     1.09    61.83    26.78     1.41  9999.00  9999.00  9999.00
 00020  1003.76    24.68    87.10     2.08    45.29    22.06     0.00  9999.00  9999.00  9999.00
 00021   885.22    28.77    23.26     4.59     9.49    27.32     0.00  9999.00  9999.00  9999.00
 00022  1004.86    26.00    77.18     1.53   142.15    22.33     0.00  9999.00  9999.00  9999.00
 00023   911.15    28.09    28.96     1.87   241.85    22.76     0.10  9999.00  9999.00  9999.00
 00024   935.56    26.19    44.07     4.02   137.36    25.09     0.00  9999.00  9999.00  9999.00
 00025   793.78    19.48    88.68     2.01   175.46    15.33     3.10  9999.00  9999.00  9999.00
 00026   999.14    29.25    79.43     1.02   176.23    27.35     0.00  9999.00  9999.00  9999.00
 00027   995.90    29.20    76.08     0.94   263.97    27.49     0.00  9999.00  9999.00  9999.00
 00028   966.42    27.72    81.16     0.65   116.43    26.42     1.16  9999.00  9999.00  9999.00
 00029   998.74    27.17    92.29     1.08   168.57    25.42     4.36  9999.00  9999.00  9999.00
 00030   987.42    26.15    96.59     1.14   140.26     8.71     5.17  9999.00  9999.00  9999.00
 00031   575.12    13.99    42.57     1.79   185.22    23.43     0.77  9999.00  9999.00  9999.00
 00032   970.30    24.45    95.58     0.49   109.55    11.88     5.74  9999.00  9999.00  9999.00
 00033  1001.41    26.00    87.78     3.28   277.06    24.83     0.01  9999.00  9999.00  9999.00
 00034  1005.99    28.34    91.17     4.85   195.34    34.67     0.00  9999.00  9999.00  9999.00
 00035  1000.93    28.87    77.26     1.49   182.45    31.74     0.12  9999.00  9999.00  9999.00
 00036   774.26    22.36    72.95     0.90   214.09    22.69     0.36  9999.00  9999.00  9999.00
 00037   960.89    24.16    97.32     0.39    91.47    10.62     8.05  9999.00  9999.00  9999.00
 00038   987.39    25.64    99.45     1.00    40.47     6.96     8.23  9999.00  9999.00  9999.00
 00039  1000.89    25.38    96.43     1.35   265.41     8.10     5.20  9999.00  9999.00  9999.00
 00040   998.21    26.68    94.85     1.21   276.14    27.26    10.27  9999.00  9999.00  9999.00
 00041   961.91    26.26    78.67     1.85    24.42    25.45     0.00  9999.00  9999.00  9999.00
 00042  1001.12    28.83    79.12     1.29   127.41    25.33     0.00  9999.00  9999.00  9999.00
 00043   993.17    27.73    89.18     1.09   124.91    27.68     0.24  9999.00  9999.00  9999.00
 00044   974.99    27.40    78.76     1.38    65.73    25.80     0.03  9999.00  9999.00  9999.00
 00045   998.21    26.68    94.85     1.21   276.14    27.26    10.27  9999.00  9999.00  9999.00
 00046   935.01    23.17    99.19     0.47   286.71    12.38     4.69  9999.00  9999.00  9999.00
 00047   993.77    25.20    90.86     0.61    63.77    11.71     0.34  9999.00  9999.00  9999.00
 00048   605.72    16.41    59.74     0.93   134.47    28.17     0.11  9999.00  9999.00  9999.00
 00049   580.20     6.89    93.67     1.41   205.73    18.72     3.35  9999.00  9999.00  9999.00
 00050   993.39    25.63    97.47     0.88    68.98     8.25     3.36  9999.00  9999.00  9999.00
