stn_id       p       t2      rh2      spd      dir      vis    rain6   rain24   tmax24   tmin24 
 00001   967.03    24.21    94.24     1.03   152.84    18.61     2.12  9999.00  9999.00  9999.00
 00002   998.64    14.00    86.88     1.38   292.07    23.89    -0.00  9999.00  9999.00  9999.00
 00003   906.86     9.12    97.60     1.31   283.88     6.12    -0.00  9999.00  9999.00  9999.00
 00004   838.90     7.12    83.74     1.05   119.01    18.08    -0.00  9999.00  9999.00  9999.00
 00005   874.87     7.86    68.65     2.10    42.62    26.30     0.00  9999.00  9999.00  9999.00
 00006   886.04     7.70    66.65     1.32   199.77    26.99     0.00  9999.00  9999.00  9999.00
 00007  1008.81    13.60    80.32     2.78    35.93    25.87     0.00  9999.00  9999.00  9999.00
 00008   994.46     9.66    86.74     2.20    11.71    26.77     0.00  9999.00  9999.00  9999.00
 00009   950.87    -2.01    84.15     2.38   213.32    32.81     0.00  9999.00  9999.00  9999.00
 00010   970.49    10.48    86.49     2.66   277.59    29.92     0.00  9999.00  9999.00  9999.00
 00011  1001.63     7.64    59.93     2.45   355.17    27.49    -0.00  9999.00  9999.00  9999.00
 00012  1014.19    14.51    91.58     1.54    34.21    23.31     0.00  9999.00  9999.00  9999.00
 00013  1003.38    26.66    82.31     4.01   200.02    23.47     0.02  9999.00  9999.00  9999.00
 00014  1002.29    26.01    76.59     3.47   188.42    25.02     0.00  9999.00  9999.00  9999.00
 00015   993.58    17.75    90.48     6.12    29.78    19.81     1.86  9999.00  9999.00  9999.00
 00016   956.76    18.67    86.83     1.44   201.46    24.28     0.01  9999.00  9999.00  9999.00
 00017   997.30    19.78    58.42     5.60    30.77    22.33     0.51  9999.00  9999.00  9999.00
 00018  1002.27    26.12    89.89     4.28   231.67    10.08     1.47  9999.00  9999.00  9999.00
 00019   934.05    22.21    89.69     1.24   250.43    27.18     0.42  9999.00  9999.00  9999.00
 00020  1008.37    24.30    89.31     5.86   169.14    12.01    -0.00  9999.00  9999.00  9999.00
 00021   888.62    12.37    58.06     2.88   144.63    26.36     0.00  9999.00  9999.00  9999.00
 00022  1016.59    16.16    76.39     2.09    34.86    21.13     0.00  9999.00  9999.00  9999.00
 00023   915.01    12.45    64.71     1.35   196.92    22.85    -0.00  9999.00  9999.00  9999.00
 00024   941.36    12.88    41.06     2.52    95.56    24.89     0.03  9999.00  9999.00  9999.00
 00025   796.71    15.89    96.59     1.20   207.63    24.88    -0.00  9999.00  9999.00  9999.00
 00026  1004.43    26.91    83.24     2.57   205.64    24.35    -0.00  9999.00  9999.00  9999.00
 00027  1000.12    27.14    79.97     3.50   190.58    24.39     0.00  9999.00  9999.00  9999.00
 00028   970.52    25.55    84.54     3.65   194.91    23.86     0.00  9999.00  9999.00  9999.00
 00029  1005.79    24.36    93.88     1.53   187.28    26.02     0.00  9999.00  9999.00  9999.00
 00030   994.98    24.34    95.66     2.26   166.65    28.75     0.00  9999.00  9999.00  9999.00
 00031   577.35     4.52    86.61     1.35   148.35    23.58     0.72  9999.00  9999.00  9999.00
 00032   976.52    22.37    99.00     1.05   249.84     0.80     0.06  9999.00  9999.00  9999.00
 00033  1008.75    23.32    97.77     3.37   140.96     0.17     0.08  9999.00  9999.00  9999.00
 00034  1010.72    27.93    86.28     3.96    65.44    28.37     0.02  9999.00  9999.00  9999.00
 00035  1008.16    25.70    97.66     1.49   148.20    12.46     0.00  9999.00  9999.00  9999.00
 00036   777.42    15.81    98.91     0.30   228.53     3.43    13.12  9999.00  9999.00  9999.00
 00037   967.07    22.59    99.31     0.65    98.72     0.46     0.02  9999.00  9999.00  9999.00
 00038   994.64    22.80    99.25     0.34   327.45    13.20     0.00  9999.00  9999.00  9999.00
 00039  1007.67    24.20    97.75     1.76    73.23    18.13     0.05  9999.00  9999.00  9999.00
 00040  1005.77    24.20    99.02     1.41   349.90     2.75     0.00  9999.00  9999.00  9999.00
 00041   965.65    23.50    96.06     1.72   180.13    23.66    -0.00  9999.00  9999.00  9999.00
 00042  1004.12    26.75    82.81     3.06   205.85    23.89     0.00  9999.00  9999.00  9999.00
 00043   998.53    26.67    84.10     2.78   196.70    24.82    -0.00  9999.00  9999.00  9999.00
 00044   980.89    23.53    97.50     1.05   169.12    13.18    -0.00  9999.00  9999.00  9999.00
 00045  1005.77    24.20    99.02     1.41   349.90     2.75     0.00  9999.00  9999.00  9999.00
 00046   941.15    22.14    90.81     1.46   188.69    24.60    -0.00  9999.00  9999.00  9999.00
 00047  1000.17    24.13    98.78     1.78   181.09     5.13     0.16  9999.00  9999.00  9999.00
 00048   607.89     8.56    63.74     0.87   164.72    28.61     0.21  9999.00  9999.00  9999.00
 00049   581.64     3.07    96.00     1.51   213.67     2.02     0.87  9999.00  9999.00  9999.00
 00050   999.92    23.98    98.59     0.60   241.75     7.66     0.01  9999.00  9999.00  9999.00
