stn_id       p       t2      rh2      spd      dir      vis    rain6   rain24   tmax24   tmin24 
 00001   959.76    26.81    94.19     1.66    61.77    26.07     1.56  9999.00  9999.00  9999.00
 00002   982.54    26.30    81.13     0.67   197.01    25.00     0.11  9999.00  9999.00  9999.00
 00003   894.59    23.65    79.68     0.87   202.20    24.45     0.07  9999.00  9999.00  9999.00
 00004   829.10    18.54    98.54     1.65   205.89     1.43     2.00  9999.00  9999.00  9999.00
 00005   862.62    20.31    89.51     1.60   333.73    14.70     0.11  9999.00  9999.00  9999.00
 00006   872.66    21.02    73.86     4.18   302.52    28.16     0.01  9999.00  9999.00  9999.00
 00007   990.84    23.38    73.09     5.14     8.90    24.92     0.00  9999.00  9999.00  9999.00
 00008   977.95    23.27    77.67     4.71    33.45    27.00     0.00  9999.00  9999.00  9999.00
 00009   944.56    20.77    64.13     1.59   136.91    39.75     0.00  9999.00  9999.00  9999.00
 00010   956.83    18.34    97.30     4.22    89.17     2.65     1.06  9999.00  9999.00  9999.00
 00011   987.96    22.49    82.32     5.60    70.31    29.50     0.12  9999.00  9999.00  9999.00
 00012   998.61    23.53    85.49     1.05   111.05     1.44     2.33  9999.00  9999.00  9999.00
 00013  1000.36    27.18    84.01     1.53    96.99    24.51    -0.01  9999.00  9999.00  9999.00
 00014   997.52    25.20    91.86     0.70    85.81    25.44     0.00  9999.00  9999.00  9999.00
 00015   984.10    27.04    56.41     2.45   167.26    21.15     0.00  9999.00  9999.00  9999.00
 00016   943.59    25.58    77.17     1.12    95.86    25.67     0.05  9999.00  9999.00  9999.00
 00017   985.48    27.13    78.92     0.94   209.20    24.63     0.01  9999.00  9999.00  9999.00
 00018   998.62    27.03    86.72     1.77   123.16    14.59     0.00  9999.00  9999.00  9999.00
 00019   926.33    24.20    93.09     0.71   101.11    27.12     0.99  9999.00  9999.00  9999.00
 00020  1003.49    25.34    83.83     1.38   183.23    21.96     0.00  9999.00  9999.00  9999.00
 00021   885.08    20.23    50.04     2.07   152.25    27.41     0.00  9999.00  9999.00  9999.00
 00022  1001.47    25.77    64.49     1.77   181.20    22.16     0.00  9999.00  9999.00  9999.00
 00023   909.65    20.71    52.80     4.26   189.92    22.81     0.16  9999.00  9999.00  9999.00
 00024   934.00    19.39    74.11     2.73    99.40    25.14     0.08  9999.00  9999.00  9999.00
 00025   790.27    17.87    92.68     1.57   231.86    22.28     0.12  9999.00  9999.00  9999.00
 00026   997.11    26.44    87.96     1.58    15.77    27.22     1.18  9999.00  9999.00  9999.00
 00027   993.21    27.74    87.04     0.80   321.26    27.44     0.03  9999.00  9999.00  9999.00
 00028   964.30    24.61    89.95     1.51    28.99    26.36     0.01  9999.00  9999.00  9999.00
 00029   996.60    24.94    94.68     1.31   158.43     7.38    21.32  9999.00  9999.00  9999.00
 00030   985.15    24.66    96.96     0.57   109.39    10.72     8.85  9999.00  9999.00  9999.00
 00031   575.79     5.36    93.96     1.10   229.54    10.96     0.12  9999.00  9999.00  9999.00
 00032   968.67    22.99    97.91     1.18   106.58     2.35     4.19  9999.00  9999.00  9999.00
 00033   999.12    23.44    98.10     1.81   206.86     0.72     0.92  9999.00  9999.00  9999.00
 00034  1003.85    28.49    88.74     8.22   208.90    34.58     0.00  9999.00  9999.00  9999.00
 00035   998.49    28.56    79.31     3.91   206.00    31.67     0.05  9999.00  9999.00  9999.00
 00036   771.83    17.21    93.07     0.46    24.21    22.68     2.53  9999.00  9999.00  9999.00
 00037   959.16    23.07    98.50     1.21    88.08     1.95     4.74  9999.00  9999.00  9999.00
 00038   985.16    24.15    99.51     0.75   217.62     0.81    60.14  9999.00  9999.00  9999.00
 00039   999.32    24.40    96.37     3.31   185.00     1.81    11.51  9999.00  9999.00  9999.00
 00040   996.63    26.03    92.48     4.18   232.67     7.81     4.83  9999.00  9999.00  9999.00
 00041   960.06    25.67    79.84     1.61    68.61    25.34    -0.00  9999.00  9999.00  9999.00
 00042  1000.17    26.94    85.07     1.34    96.59    25.24     0.00  9999.00  9999.00  9999.00
 00043   990.95    26.44    87.23     1.21    59.52    27.84     4.58  9999.00  9999.00  9999.00
 00044   973.69    26.01    87.20     1.66    95.61    24.79     0.31  9999.00  9999.00  9999.00
 00045   996.63    26.03    92.48     4.18   232.67     7.81     4.83  9999.00  9999.00  9999.00
 00046   932.66    21.99    99.49     0.57    69.47     1.21    17.36  9999.00  9999.00  9999.00
 00047   992.87    22.63    98.83     1.55    98.65     3.68     8.39  9999.00  9999.00  9999.00
 00048   606.29     8.25    84.60     0.70   206.80    28.18     0.11  9999.00  9999.00  9999.00
 00049   579.11     4.87    97.16     0.67   328.15     8.50     0.15  9999.00  9999.00  9999.00
 00050   991.78    24.17    98.91     2.56   205.30     1.45    18.06  9999.00  9999.00  9999.00
