stn_id       p       t2      rh2      spd      dir      vis    rain6   rain24   tmax24   tmin24 
 00001   961.60    27.08    89.10     0.89    75.70    26.38     0.09  9999.00  9999.00  9999.00
 00002   982.33    29.03    75.85     1.80   296.17    26.56     0.07  9999.00  9999.00  9999.00
 00003   895.44    23.71    82.44     1.54    51.67    24.42     1.98  9999.00  9999.00  9999.00
 00004   830.47    20.72    71.17     2.25    74.07    24.99    -0.00  9999.00  9999.00  9999.00
 00005   864.74    21.50    73.96     1.49   123.51    27.00     0.00  9999.00  9999.00  9999.00
 00006   875.79    20.45    70.54     0.90   123.16    27.40     0.00  9999.00  9999.00  9999.00
 00007   993.49    24.18    62.53     4.68     9.28    24.95     0.21  9999.00  9999.00  9999.00
 00008   977.65    20.22    73.71     4.80   301.04    26.53     0.00  9999.00  9999.00  9999.00
 00009   944.31    18.73    54.49     0.34   109.85    38.10     0.00  9999.00  9999.00  9999.00
 00010   955.36    18.43    99.71     1.68    78.26     0.37    22.65  9999.00  9999.00  9999.00
 00011   982.13    20.07    76.82     3.81   226.64    11.24     0.30  9999.00  9999.00  9999.00
 00012   997.12    28.74    88.29     1.01    29.56    24.96     0.00  9999.00  9999.00  9999.00
 00013   999.34    26.98    84.66     1.96   117.23    25.54     0.00  9999.00  9999.00  9999.00
 00014   996.21    26.66    86.61     1.84    15.78    26.39     0.00  9999.00  9999.00  9999.00
 00015   982.77    27.35    85.42     3.65   187.79    21.78     1.22  9999.00  9999.00  9999.00
 00016   944.36    27.49    77.30     1.04   220.85    25.94     0.03  9999.00  9999.00  9999.00
 00017   983.75    29.12    85.44     1.29    56.22    25.23     0.02  9999.00  9999.00  9999.00
 00018   997.71    28.40    81.80     1.69   138.34    20.94     0.00  9999.00  9999.00  9999.00
 00019   927.81    24.28    88.82     0.70    42.22    22.07     1.14  9999.00  9999.00  9999.00
 00020  1001.65    24.93    89.05     3.61    15.21    22.94     0.00  9999.00  9999.00  9999.00
 00021   884.38    21.39    39.69     2.41   162.75    26.75     0.00  9999.00  9999.00  9999.00
 00022   999.79    26.95    92.95     1.85   190.22    22.73     1.69  9999.00  9999.00  9999.00
 00023   911.01    19.04    36.18     1.32   207.24    22.23     0.00  9999.00  9999.00  9999.00
 00024   934.41    21.21    52.38     3.37   290.97    24.47     0.00  9999.00  9999.00  9999.00
 00025   792.18    17.86    93.25     0.57    58.29    24.79     0.12  9999.00  9999.00  9999.00
 00026   997.65    30.61    79.47     1.14   225.16    27.87     0.00  9999.00  9999.00  9999.00
 00027   993.78    29.97    78.98     2.07   157.83    27.91     0.00  9999.00  9999.00  9999.00
 00028   964.43    28.50    85.07     1.58   192.66    26.64     0.00  9999.00  9999.00  9999.00
 00029  1000.57    28.03    81.47     3.46   231.33    29.26     0.02  9999.00  9999.00  9999.00
 00030   987.54    25.71    94.62     2.93   150.20    20.23     0.71  9999.00  9999.00  9999.00
 00031   574.79     6.08    88.70     1.38   198.69    20.75     0.11  9999.00  9999.00  9999.00
 00032   967.56    29.58    75.33     1.73   274.50    23.34     0.01  9999.00  9999.00  9999.00
 00033  1003.21    23.35    90.33     3.97   181.87    32.01    -0.00  9999.00  9999.00  9999.00
 00034  1008.58    28.55    85.44     8.96   217.99    34.84     0.00  9999.00  9999.00  9999.00
 00035  1002.91    28.25    82.97     4.17   192.63    31.96     0.00  9999.00  9999.00  9999.00
 00036   773.65    16.78    90.56     0.44   156.45    24.47     0.62  9999.00  9999.00  9999.00
 00037   958.41    29.37    75.60     1.53   270.68    24.56     0.00  9999.00  9999.00  9999.00
 00038   986.97    29.26    77.32     3.52   269.55    27.56     0.00  9999.00  9999.00  9999.00
 00039   998.68    28.14    84.85     5.57   233.93    26.52     0.00  9999.00  9999.00  9999.00
 00040   998.95    28.15    84.60     5.04   237.88    28.16     0.00  9999.00  9999.00  9999.00
 00041   959.90    27.70    80.70     0.24   167.65    26.19     0.00  9999.00  9999.00  9999.00
 00042   999.22    27.74    83.36     1.88   108.30    26.15     0.00  9999.00  9999.00  9999.00
 00043   991.78    30.51    78.41     1.34   187.26    28.55     0.00  9999.00  9999.00  9999.00
 00044   974.05    28.44    81.02     1.01   253.90    26.45     0.00  9999.00  9999.00  9999.00
 00045   998.95    28.15    84.60     5.04   237.88    28.16     0.00  9999.00  9999.00  9999.00
 00046   935.29    26.66    84.58     1.97   231.00    27.23     0.03  9999.00  9999.00  9999.00
 00047   989.66    27.34    80.85     1.95   300.97    24.82     0.00  9999.00  9999.00  9999.00
 00048   605.24     8.76    87.49     1.50   184.18     8.69     5.43  9999.00  9999.00  9999.00
 00049   578.49     4.65    95.68     1.04   166.34     8.35     1.10  9999.00  9999.00  9999.00
 00050   990.78    30.64    75.81     2.75   247.71    26.01     0.00  9999.00  9999.00  9999.00
