stn_id       p       t2      rh2      spd      dir      vis    rain6   rain24   tmax24   tmin24 
 00001   982.98     8.96    91.37     0.63   282.16    17.18     0.28     0.43     9.90     6.61
 00002  1011.96    -8.71    91.69     0.92   217.63    22.81     0.00     0.00    -2.83   -16.19
 00003   913.49   -10.45    92.94     1.21   280.49    24.95     0.00     0.00    -5.54   -19.85
 00004   840.73    -7.66    58.18     1.17   159.21    25.33     0.00     0.00    -1.05   -15.79
 00005   878.59   -11.47    96.91     0.45   250.75    27.21     0.00     0.03    -7.59   -18.39
 00006   887.24    -9.85    79.81     3.58   202.69    32.16     0.00     0.00    -2.60   -16.18
 00007  1020.60    -8.31    64.27     0.48   111.75    37.14     0.00     0.06    -4.03   -14.78
 00008  1002.10   -11.32    88.53     3.13   257.28    42.08     0.00     0.00    -6.64   -11.31
 00009   949.17   -21.33    99.70     1.64    44.98    50.06     0.07     0.10   -15.30   -27.08
 00010   976.66    -9.44    84.88     1.99   262.04    41.58     0.00     0.00    -1.45   -15.09
 00011  1008.46   -13.00    98.09     4.01   250.44     4.73     0.05     0.09   -10.32   -15.23
 00012  1028.40    -8.89    90.72     2.63   236.38    28.93     0.00     0.00    -1.07   -15.06
 00013  1027.30     3.28    92.70     2.09    19.91    21.65     0.00     0.00    10.57    -2.29
 00014  1023.31     6.53    85.26     1.46   237.59    21.57     0.00     0.00    12.36    -1.00
 00015  1011.99    -4.09    98.81     1.46    39.86     1.21     0.01     0.05    -1.44   -10.03
 00016   968.90    -0.37    75.92     0.59   286.74     7.38     0.14     0.14     1.25    -6.14
 00017  1013.56    -3.44    97.90     0.95   144.75    20.05     0.00     0.00    -0.02   -10.27
 00018  1025.97     3.97    88.15     2.23    40.08    20.89     0.00     0.00    10.40    -3.05
 00019   946.41     8.06    76.32     0.51   318.58    24.58     0.00     0.16     9.09     5.04
 00020  1029.18     4.94    94.12     2.55   324.52    21.69     0.00     0.00    14.19     2.31
 00021   902.28    -2.28    94.70     1.67   180.64    15.11     0.15     3.82     1.22   -13.55
 00022  1031.67    -8.28    97.35     3.16   252.91    26.77     0.00     0.00     0.47   -11.68
 00023   928.09    -5.40    92.36     2.33   144.50    35.42     0.02     3.59     0.34    -5.36
 00024   956.56   -10.37    94.75     3.16   133.33    34.81     0.58     3.08    -8.11   -11.37
 00025   799.92     7.87    79.71     1.99   239.70    19.00     0.00     0.00    13.93     3.18
 00026  1022.81     8.17    87.69     2.71    19.47    19.80     0.00     0.00    13.94     3.91
 00027  1018.55     8.19    87.84     2.80   335.87    19.29     0.00     0.00    13.65     4.79
 00028   985.81     6.30    91.18     1.80   328.45    18.31     0.00     0.00    11.31     2.79
 00029  1016.68    17.88    70.92     1.65    42.75    20.92     0.00     0.69    20.47    12.20
 00030  1005.68    15.57    87.26     2.18    39.98    22.10     0.00     0.00    22.39     9.59
 00031   574.63    -2.94     4.63     1.86   339.13    35.94     0.00     0.00    -0.36   -13.21
 00032   989.34    14.19    84.41     1.76    54.76    18.72     0.01     0.04    19.35    11.78
 00033  1017.81    20.49    84.86     6.45    67.01    23.07     0.00     3.53    21.14    18.16
 00034  1016.93    26.55    84.35    10.68    61.23    23.89     1.29     4.58    27.01    25.50
 00035  1016.75    22.59    85.10     4.62    52.63    16.94     0.23     3.47    24.94    19.52
 00036   778.17     6.09    71.87     2.63   173.04    20.67     0.01     0.01    12.27     2.44
 00037   979.42    13.34    89.31     1.37    75.13    18.63     0.01     0.05    19.90    10.65
 00038  1005.72    17.82    75.62     1.86    92.02    20.43     0.00     0.20    23.04    13.35
 00039  1020.02    20.35    77.24    10.67    33.74    20.16     0.01     0.38    22.10    18.10
 00040  1016.86    21.01    76.06     6.83    50.41    20.99     0.00     3.82    22.84    16.86
 00041   982.96     5.24    91.68     1.83    20.89    19.88     0.00     0.00    12.98     1.89
 00042  1027.13     3.64    91.22     2.57    35.24    21.18     0.00     0.00    11.10    -2.40
 00043  1015.95     8.26    90.15     2.20    64.40    19.92     0.00     0.00    14.62     2.82
 00044   997.17     7.77    93.39     2.00    72.91    19.74     0.00     0.00    15.73     1.71
 00045  1016.86    21.01    76.06     6.83    50.41    20.99     0.00     3.82    22.84    16.86
 00046   952.12     9.47    86.65     1.88    63.97    19.35     0.00     0.00    19.21     3.34
 00047  1015.30    14.56    81.76     4.30    51.42    20.13     0.00     0.01    19.20     9.47
 00048   607.01    -8.70    69.81     2.15    14.35    37.87     0.00     0.00    -3.83   -16.23
 00049   577.18    -7.87    80.91     0.39   206.83    28.60     0.00     0.21    -4.01   -17.21
 00050  1012.65    18.21    73.19     5.64    30.02    19.75     0.00     0.05    22.41    14.63
