stn_id       p       t2      rh2      spd      dir      vis    rain6   rain24   tmax24   tmin24 
 00001   983.28     9.04    82.81     0.68   294.66    18.98  9999.00  9999.00  9999.00  9999.00
 00002  1012.16    -8.88    82.85     1.61   284.92    26.71  9999.00  9999.00  9999.00  9999.00
 00003   914.27   -10.73    85.29     0.70    64.09    24.74  9999.00  9999.00  9999.00  9999.00
 00004   840.84    -7.45    63.65     0.76   130.10    25.31  9999.00  9999.00  9999.00  9999.00
 00005   879.46   -11.61    86.15     0.93    65.35    24.35  9999.00  9999.00  9999.00  9999.00
 00006   889.74    -7.52    68.00     2.76   228.58    32.14  9999.00  9999.00  9999.00  9999.00
 00007  1020.16    -5.01    70.41     2.55   340.05    37.11  9999.00  9999.00  9999.00  9999.00
 00008  1001.41    -7.42    66.95     3.17   248.15    42.08  9999.00  9999.00  9999.00  9999.00
 00009   950.47   -17.98    84.23     1.91   220.42    51.14  9999.00  9999.00  9999.00  9999.00
 00010   977.12    -3.76    37.82     1.89   299.06    41.57  9999.00  9999.00  9999.00  9999.00
 00011  1008.34   -10.84    88.18     3.28   228.18    45.99  9999.00  9999.00  9999.00  9999.00
 00012  1028.93    -6.23    71.22     1.45   306.19    28.92  9999.00  9999.00  9999.00  9999.00
 00013  1027.45     6.96    87.92     1.41     7.22    21.35  9999.00  9999.00  9999.00  9999.00
 00014  1023.55    10.15    67.06     1.53   230.03    21.57  9999.00  9999.00  9999.00  9999.00
 00015  1012.15    -3.32    98.09     0.41   319.32     0.58  9999.00  9999.00  9999.00  9999.00
 00016   970.00    -0.95    72.12     0.82   291.63    22.16  9999.00  9999.00  9999.00  9999.00
 00017  1014.39    -3.69    94.62     0.56   285.74    11.37  9999.00  9999.00  9999.00  9999.00
 00018  1026.52     6.68    71.66     0.70   329.37    20.91  9999.00  9999.00  9999.00  9999.00
 00019   947.06     7.94    74.66     0.40   261.02    23.47  9999.00  9999.00  9999.00  9999.00
 00020  1028.89    11.84    75.14     3.15   320.97    21.71  9999.00  9999.00  9999.00  9999.00
 00021   899.03    -2.50    88.89     2.40   137.76     6.56  9999.00  9999.00  9999.00  9999.00
 00022  1031.61    -2.72    75.90     2.09   284.78    26.76  9999.00  9999.00  9999.00  9999.00
 00023   927.46    -1.40    93.20     4.31   284.13    14.98  9999.00  9999.00  9999.00  9999.00
 00024   952.09    -8.74    90.53     4.89   121.23    24.28  9999.00  9999.00  9999.00  9999.00
 00025   801.23    10.67    75.29     5.19   230.20    19.03  9999.00  9999.00  9999.00  9999.00
 00026  1024.59    10.30    73.53     2.29    13.93    19.81  9999.00  9999.00  9999.00  9999.00
 00027  1020.79     9.94    75.73     2.83   334.67    19.33  9999.00  9999.00  9999.00  9999.00
 00028   988.25     7.36    86.17     1.79   358.15    18.36  9999.00  9999.00  9999.00  9999.00
 00029  1019.13    18.49    63.03     1.98    22.12    20.94  9999.00  9999.00  9999.00  9999.00
 00030  1008.01    18.71    67.01     1.48    53.11    22.12  9999.00  9999.00  9999.00  9999.00
 00031   574.61    -6.73    17.18     1.71   256.54    35.91  9999.00  9999.00  9999.00  9999.00
 00032   989.68    18.17    69.90     2.09    32.56    18.71  9999.00  9999.00  9999.00  9999.00
 00033  1019.70    20.37    86.87     8.31    56.53    20.18  9999.00  9999.00  9999.00  9999.00
 00034  1018.39    26.64    86.01     7.14    49.00    15.94  9999.00  9999.00  9999.00  9999.00
 00035  1018.51    24.41    77.43     6.15    42.09    18.74  9999.00  9999.00  9999.00  9999.00
 00036   778.96     8.83    72.02     2.24   199.83    20.72  9999.00  9999.00  9999.00  9999.00
 00037   979.82    18.23    71.32     1.34    25.23    18.64  9999.00  9999.00  9999.00  9999.00
 00038  1007.25    19.20    57.97     0.87   329.32    20.40  9999.00  9999.00  9999.00  9999.00
 00039  1021.02    20.28    72.36     8.46    27.70    20.15  9999.00  9999.00  9999.00  9999.00
 00040  1018.61    20.36    67.96     4.91    31.33    20.97  9999.00  9999.00  9999.00  9999.00
 00041   983.54     9.66    72.74     1.29    38.49    19.89  9999.00  9999.00  9999.00  9999.00
 00042  1027.81     7.19    78.79     0.11    81.42    21.20  9999.00  9999.00  9999.00  9999.00
 00043  1017.55    10.97    78.70     1.63    33.75    19.94  9999.00  9999.00  9999.00  9999.00
 00044   997.84    11.91    79.78     1.42    64.51    19.74  9999.00  9999.00  9999.00  9999.00
 00045  1018.61    20.36    67.96     4.91    31.33    20.97  9999.00  9999.00  9999.00  9999.00
 00046   953.15    16.49    63.48     1.08    42.18    19.36  9999.00  9999.00  9999.00  9999.00
 00047  1015.31    16.19    75.50     2.70   343.21    20.13  9999.00  9999.00  9999.00  9999.00
 00048   606.86   -11.57    59.78     0.91   192.22    37.77  9999.00  9999.00  9999.00  9999.00
 00049   577.22    -9.88    59.61     0.60    28.04    27.94  9999.00  9999.00  9999.00  9999.00
 00050  1013.37    20.16    63.46     5.07    29.02    19.74  9999.00  9999.00  9999.00  9999.00
