stn_id       p       t2      rh2      spd      dir      vis    rain6   rain24   tmax24   tmin24 
 00001   978.34    10.90    99.37     0.66   329.74     2.47  9999.00  9999.00  9999.00  9999.00
 00002   999.23     2.17    88.69     1.99   287.54    21.14  9999.00  9999.00  9999.00  9999.00
 00003   906.44    -2.59    88.85     0.70   305.70    19.35  9999.00  9999.00  9999.00  9999.00
 00004   836.18    -3.93    81.26     1.99   223.91    18.62  9999.00  9999.00  9999.00  9999.00
 00005   872.43    -5.97    37.30     1.98   178.87    19.96  9999.00  9999.00  9999.00  9999.00
 00006   883.32    -4.76    26.12     2.61   240.97    21.15  9999.00  9999.00  9999.00  9999.00
 00007  1011.64    -4.69    61.27     1.53   137.18    23.97  9999.00  9999.00  9999.00  9999.00
 00008   994.12    -4.12    46.55     2.91   223.81    27.63  9999.00  9999.00  9999.00  9999.00
 00009   944.22   -14.74    87.58     2.19   217.77    46.60  9999.00  9999.00  9999.00  9999.00
 00010   970.56   -10.28    55.13     2.72   263.02    28.44  9999.00  9999.00  9999.00  9999.00
 00011   999.77    -3.97    35.03     3.09   213.00    31.48  9999.00  9999.00  9999.00  9999.00
 00012  1016.20     0.88    74.35     2.36   110.34    20.93  9999.00  9999.00  9999.00  9999.00
 00013  1019.11     7.79    84.90     2.01   154.96    19.71  9999.00  9999.00  9999.00  9999.00
 00014  1015.59     6.63    91.62     1.87   315.06    19.87  9999.00  9999.00  9999.00  9999.00
 00015  1000.60     6.93    46.46     3.12   182.49    18.48  9999.00  9999.00  9999.00  9999.00
 00016   959.93     3.24    93.82     1.07   187.40    18.20  9999.00  9999.00  9999.00  9999.00
 00017  1002.89     6.54    79.52     1.73   227.48    18.86  9999.00  9999.00  9999.00  9999.00
 00018  1017.87     6.71    87.10     2.00   111.64    19.47  9999.00  9999.00  9999.00  9999.00
 00019   942.01     9.25    91.86     1.40   268.88    21.11  9999.00  9999.00  9999.00  9999.00
 00020  1020.92     8.81    87.74     2.42   343.09    19.23  9999.00  9999.00  9999.00  9999.00
 00021   891.62     0.96    79.17     1.67   153.59    33.56  9999.00  9999.00  9999.00  9999.00
 00022  1018.69     2.57    58.79     2.29   147.53    19.64  9999.00  9999.00  9999.00  9999.00
 00023   917.93     0.63    57.43     0.96   193.61    30.41  9999.00  9999.00  9999.00  9999.00
 00024   944.39    -3.00    69.45     1.67    95.34    33.06  9999.00  9999.00  9999.00  9999.00
 00025   794.51     9.38    79.39     2.23    90.43    19.86  9999.00  9999.00  9999.00  9999.00
 00026  1015.60    10.67    79.34     3.04   102.64    20.16  9999.00  9999.00  9999.00  9999.00
 00027  1011.52    12.37    83.19     1.53   123.02    19.60  9999.00  9999.00  9999.00  9999.00
 00028   980.52    10.46    86.42     1.52   103.13    16.15  9999.00  9999.00  9999.00  9999.00
 00029  1009.85    15.98    71.07     3.69    12.13    21.44  9999.00  9999.00  9999.00  9999.00
 00030   999.04    16.48    90.84     2.93    32.75    18.21  9999.00  9999.00  9999.00  9999.00
 00031   567.88    -7.99    53.31     1.85   223.00    28.19  9999.00  9999.00  9999.00  9999.00
 00032   981.74    13.13    73.05     1.80    66.51    18.20  9999.00  9999.00  9999.00  9999.00
 00033  1009.37    20.56    93.19     7.01    60.16    14.64  9999.00  9999.00  9999.00  9999.00
 00034  1010.16    26.95    87.26     5.49    43.26    18.12  9999.00  9999.00  9999.00  9999.00
 00035  1008.33    23.94    84.87     4.03    38.53    14.39  9999.00  9999.00  9999.00  9999.00
 00036   776.66     4.19    80.45     1.99    14.87    18.33  9999.00  9999.00  9999.00  9999.00
 00037   971.85    12.89    79.88     1.06    33.96    18.07  9999.00  9999.00  9999.00  9999.00
 00038   998.26    16.85    82.53     1.48    31.19    20.39  9999.00  9999.00  9999.00  9999.00
 00039  1012.46    18.42    74.59    10.92    26.79    19.83  9999.00  9999.00  9999.00  9999.00
 00040  1009.26    18.63    76.40     7.27    35.27    18.26  9999.00  9999.00  9999.00  9999.00
 00041   976.22     6.71    87.05     1.65    52.23    19.09  9999.00  9999.00  9999.00  9999.00
 00042  1019.21     6.90    91.48     2.28    97.31    19.72  9999.00  9999.00  9999.00  9999.00
 00043  1008.55    11.65    77.54     2.17    20.65    20.54  9999.00  9999.00  9999.00  9999.00
 00044   989.56     9.00    81.12     2.00    57.70    19.30  9999.00  9999.00  9999.00  9999.00
 00045  1009.26    18.63    76.40     7.27    35.27    18.26  9999.00  9999.00  9999.00  9999.00
 00046   944.57    11.94    90.90     1.73    38.25    16.38  9999.00  9999.00  9999.00  9999.00
 00047  1007.45    12.65    79.13     3.81   337.37    19.03  9999.00  9999.00  9999.00  9999.00
 00048   598.87    -6.70    94.43     0.86   179.70    14.29  9999.00  9999.00  9999.00  9999.00
 00049   571.84    -8.99    98.75     0.76   148.00     9.84  9999.00  9999.00  9999.00  9999.00
 00050  1005.17    15.53    72.32     5.59    19.46    19.42  9999.00  9999.00  9999.00  9999.00
