stn_id       p       t2      rh2      spd      dir      vis    rain6   rain24   tmax24   tmin24 
 00001   974.25    11.05    91.10     0.66   125.70    18.40     0.33  9999.00  9999.00  9999.00
 00002  1002.97     8.22    39.61     2.51   155.42    21.30     0.00  9999.00  9999.00  9999.00
 00003   906.86     6.54    54.95     3.16   184.99    19.48     0.02  9999.00  9999.00  9999.00
 00004   835.38     1.97    74.56     2.60   233.40    16.09     0.57  9999.00  9999.00  9999.00
 00005   871.57    -0.94    60.08     2.19    27.50    18.32     1.56  9999.00  9999.00  9999.00
 00006   884.85    -6.22    10.38     2.45   255.26    22.08     0.00  9999.00  9999.00  9999.00
 00007  1016.13    -3.02    38.44     2.52    30.60    24.66     0.00  9999.00  9999.00  9999.00
 00008   998.99    -3.87    42.34     2.66   284.82    28.69     0.00  9999.00  9999.00  9999.00
 00009   952.06   -10.85    61.40     2.35   240.51    48.45     0.00  9999.00  9999.00  9999.00
 00010   973.87    -3.29    33.51     1.74   290.29    29.53     0.00  9999.00  9999.00  9999.00
 00011  1005.71    -4.16    45.39     2.41   287.31    32.95     0.00  9999.00  9999.00  9999.00
 00012  1020.08     5.60    38.04     1.83    66.29    21.29     0.00  9999.00  9999.00  9999.00
 00013  1018.35    10.17    75.30     2.41    46.07    19.37     0.04  9999.00  9999.00  9999.00
 00014  1014.49    10.34    90.23     2.74    17.34    17.45     2.92  9999.00  9999.00  9999.00
 00015  1004.46     6.93    55.04     2.54    97.53    18.43     0.00  9999.00  9999.00  9999.00
 00016   960.26     8.94    66.71     1.99    94.16    18.06     0.01  9999.00  9999.00  9999.00
 00017  1005.39     9.86    45.32     2.17   177.52    18.70     0.00  9999.00  9999.00  9999.00
 00018  1017.49     8.81    77.46     1.69    18.36    19.15     0.00  9999.00  9999.00  9999.00
 00019   937.97    11.57    78.08     1.69    96.30    17.96     0.25  9999.00  9999.00  9999.00
 00020  1019.92    11.76    76.15     3.05   181.15    18.93     0.96  9999.00  9999.00  9999.00
 00021   892.72     2.46    77.79     2.11   212.22    34.20     0.00  9999.00  9999.00  9999.00
 00022  1023.39     7.58    49.58     3.98   144.99    19.85     0.00  9999.00  9999.00  9999.00
 00023   919.55     5.12    57.74     1.73   104.03    31.07     0.00  9999.00  9999.00  9999.00
 00024   946.70     2.95    46.67     1.56    65.61    33.70     0.00  9999.00  9999.00  9999.00
 00025   791.52    17.30    32.85     3.69   231.16    22.09     0.02  9999.00  9999.00  9999.00
 00026  1014.43     9.35    78.81     4.74     4.39    16.98     0.29  9999.00  9999.00  9999.00
 00027  1010.30    10.06    86.70     4.54   353.60    18.48     0.77  9999.00  9999.00  9999.00
 00028   979.27     7.78    81.10     4.22    27.97    15.14     0.32  9999.00  9999.00  9999.00
 00029  1005.01    22.71    93.80     0.66    53.39    10.05     5.02  9999.00  9999.00  9999.00
 00030   993.25    21.14    77.38     3.61    54.32    18.41     0.16  9999.00  9999.00  9999.00
 00031   567.43     1.15    16.90     2.20   264.98    28.45     0.00  9999.00  9999.00  9999.00
 00032   979.81    15.07    98.53     2.40    64.18     3.01     4.48  9999.00  9999.00  9999.00
 00033  1004.04    23.69    82.64     7.23   149.73    22.20     0.00  9999.00  9999.00  9999.00
 00034  1009.29    28.31    72.61     7.24   158.82    23.22     0.00  9999.00  9999.00  9999.00
 00035  1004.64    27.31    75.05     5.50   167.41    22.04     0.00  9999.00  9999.00  9999.00
 00036   770.55    12.90    56.71     1.29    90.16    21.18     0.34  9999.00  9999.00  9999.00
 00037   969.92    15.68    98.73     1.92    76.23     5.08     4.60  9999.00  9999.00  9999.00
 00038   996.66    21.36    92.60     1.19   192.52     5.90     3.24  9999.00  9999.00  9999.00
 00039  1009.86    21.26    90.96     9.33    44.77    13.95     0.24  9999.00  9999.00  9999.00
 00040  1007.39    23.87    83.18     4.34    63.75    18.91     0.90  9999.00  9999.00  9999.00
 00041   974.76     7.48    90.74     2.64    55.96    13.81     1.52  9999.00  9999.00  9999.00
 00042  1018.19     9.49    79.84     3.10    65.71    19.37     0.94  9999.00  9999.00  9999.00
 00043  1007.26     9.62    81.95     4.31    19.35    17.78     0.37  9999.00  9999.00  9999.00
 00044   988.18     8.59    93.97     3.56    48.13     6.11    10.83  9999.00  9999.00  9999.00
 00045  1007.39    23.87    83.18     4.34    63.75    18.91     0.90  9999.00  9999.00  9999.00
 00046   942.07    17.04    98.75     1.15    32.09     9.38     3.21  9999.00  9999.00  9999.00
 00047  1006.24    14.55    84.50     4.30    31.68    12.94     0.63  9999.00  9999.00  9999.00
 00048   599.01    -0.61    61.84     1.40    29.56    31.74     0.09  9999.00  9999.00  9999.00
 00049   572.61    -6.74    94.27     1.80   198.52    19.91     0.52  9999.00  9999.00  9999.00
 00050  1002.59    18.40    95.11     5.45    40.13     4.79     1.63  9999.00  9999.00  9999.00
