stn_id       p       t2      rh2      spd      dir      vis    rain6   rain24   tmax24   tmin24 
 00001   972.85    11.68    83.63     0.94   247.00    17.91  9999.00  9999.00  9999.00  9999.00
 00002  1002.05    13.99    24.73     1.82   126.83    21.29  9999.00  9999.00  9999.00  9999.00
 00003   905.40     8.61    47.46     4.28   185.63    19.46  9999.00  9999.00  9999.00  9999.00
 00004   833.87     4.88    59.76     4.23   241.47    17.04  9999.00  9999.00  9999.00  9999.00
 00005   870.21     2.21    57.39     1.61    42.17    13.62  9999.00  9999.00  9999.00  9999.00
 00006   883.41    -0.58     7.19     3.23   325.07    22.10  9999.00  9999.00  9999.00  9999.00
 00007  1014.30     3.07    22.45     2.41   332.01    24.66  9999.00  9999.00  9999.00  9999.00
 00008   996.66     1.62    26.79     2.01   276.53    28.69  9999.00  9999.00  9999.00  9999.00
 00009   951.59    -7.49    54.47     2.17   276.10    48.53  9999.00  9999.00  9999.00  9999.00
 00010   971.64     1.16    23.39     1.60   305.77    29.54  9999.00  9999.00  9999.00  9999.00
 00011  1003.59     0.74    33.84     2.21   295.79    32.98  9999.00  9999.00  9999.00  9999.00
 00012  1019.22    11.62    17.65     2.27   199.74    21.28  9999.00  9999.00  9999.00  9999.00
 00013  1018.26    10.93    76.37     1.30     9.44    19.36  9999.00  9999.00  9999.00  9999.00
 00014  1013.30    10.50    89.03     2.67   227.91     7.97  9999.00  9999.00  9999.00  9999.00
 00015  1002.47    12.97    31.82     2.29   100.75    18.39  9999.00  9999.00  9999.00  9999.00
 00016   958.50    10.80    56.57     3.10    83.34    18.02  9999.00  9999.00  9999.00  9999.00
 00017  1003.78    14.74    28.63     1.99   114.35    18.66  9999.00  9999.00  9999.00  9999.00
 00018  1017.61    10.33    66.58     1.63    66.88    19.13  9999.00  9999.00  9999.00  9999.00
 00019   935.80    12.97    70.14     1.16    81.69    20.82  9999.00  9999.00  9999.00  9999.00
 00020  1019.26    12.24    75.84     4.27   116.30     4.38  9999.00  9999.00  9999.00  9999.00
 00021   891.79     7.58    49.06     3.16   181.47    34.20  9999.00  9999.00  9999.00  9999.00
 00022  1022.04    12.96    32.13     1.97   181.54    19.83  9999.00  9999.00  9999.00  9999.00
 00023   919.23     8.81    36.19     1.50    66.08    31.08  9999.00  9999.00  9999.00  9999.00
 00024   946.49     4.33    47.93     1.92   102.96    33.72  9999.00  9999.00  9999.00  9999.00
 00025   789.93    21.01    22.10     7.38   243.12    22.03  9999.00  9999.00  9999.00  9999.00
 00026  1012.59     9.92    80.19     4.84   289.19    14.41  9999.00  9999.00  9999.00  9999.00
 00027  1008.66    10.41    88.58     4.65   342.50    15.92  9999.00  9999.00  9999.00  9999.00
 00028   977.13     8.23    81.21     4.72    25.48    15.07  9999.00  9999.00  9999.00  9999.00
 00029  1002.97    25.75    83.79     2.29   131.87    20.39  9999.00  9999.00  9999.00  9999.00
 00030   990.91    23.27    72.20     3.65    30.46    20.39  9999.00  9999.00  9999.00  9999.00
 00031   567.24     4.17    10.76     5.10   271.30    28.45  9999.00  9999.00  9999.00  9999.00
 00032   978.52    17.34    96.94     1.78   102.08     1.96  9999.00  9999.00  9999.00  9999.00
 00033  1002.12    27.71    73.85     2.06   188.83    22.16  9999.00  9999.00  9999.00  9999.00
 00034  1008.10    28.30    71.76     6.51   170.37    23.17  9999.00  9999.00  9999.00  9999.00
 00035  1002.74    30.98    57.33     7.58   177.14    21.96  9999.00  9999.00  9999.00  9999.00
 00036   768.85    17.34    34.39     3.02   191.21    21.13  9999.00  9999.00  9999.00  9999.00
 00037   968.62    17.41    98.52     1.44   112.94     1.45  9999.00  9999.00  9999.00  9999.00
 00038   994.81    22.57    90.97     0.68    48.67     6.07  9999.00  9999.00  9999.00  9999.00
 00039  1009.27    22.97    79.00     6.29    49.41    14.34  9999.00  9999.00  9999.00  9999.00
 00040  1005.97    24.79    77.37     4.07    89.23    16.86  9999.00  9999.00  9999.00  9999.00
 00041   973.34     7.88    86.71     3.11    43.65     8.79  9999.00  9999.00  9999.00  9999.00
 00042  1017.89     9.54    79.35     4.37    50.20    15.06  9999.00  9999.00  9999.00  9999.00
 00043  1005.76    10.37    83.05     3.48    14.72    14.75  9999.00  9999.00  9999.00  9999.00
 00044   985.86     9.33    93.07     3.24    40.50     0.84  9999.00  9999.00  9999.00  9999.00
 00045  1005.97    24.79    77.37     4.07    89.23    16.86  9999.00  9999.00  9999.00  9999.00
 00046   939.87    18.84    95.38     0.48   177.33    19.27  9999.00  9999.00  9999.00  9999.00
 00047  1004.49    15.01    83.96     4.04    18.12    12.41  9999.00  9999.00  9999.00  9999.00
 00048   598.58     2.74    47.69     2.18   122.98    30.58  9999.00  9999.00  9999.00  9999.00
 00049   572.12    -2.85    65.87     2.80   213.75    24.32  9999.00  9999.00  9999.00  9999.00
 00050  1001.72    22.59    74.41     3.94    52.29    10.20  9999.00  9999.00  9999.00  9999.00
