stn_id       p       t2      rh2      spd      dir      vis    rain6   rain24   tmax24   tmin24 
 00001   963.42    24.60    90.73     0.97    89.87    27.15     0.24  9999.00  9999.00  9999.00
 00002   985.87    28.37    66.98     1.58   145.75    27.77     0.00  9999.00  9999.00  9999.00
 00003   896.65    24.55    53.94     0.44   112.77    26.25     0.00  9999.00  9999.00  9999.00
 00004   830.86    21.17    49.95     1.08   142.30    25.10     0.00  9999.00  9999.00  9999.00
 00005   864.19    24.00    34.79     1.97   144.35    25.90     0.00  9999.00  9999.00  9999.00
 00006   873.27    27.30    29.52     5.45   196.13    25.29     0.00  9999.00  9999.00  9999.00
 00007   996.49    25.74    61.99     5.00   211.57    25.13     0.00  9999.00  9999.00  9999.00
 00008   980.52    24.69    68.80     2.82   236.36    25.58     2.20  9999.00  9999.00  9999.00
 00009   940.37    12.74    65.17     4.23   289.15    34.27     0.00  9999.00  9999.00  9999.00
 00010   961.94    21.23    89.49     0.53   182.95    26.14     3.64  9999.00  9999.00  9999.00
 00011   987.02    23.71    81.67     0.93   310.65    26.64     4.47  9999.00  9999.00  9999.00
 00012  1001.34    30.08    58.86     2.36   201.87    25.76     0.00  9999.00  9999.00  9999.00
 00013  1002.78    22.84    97.83     2.96   102.43     6.16     7.84  9999.00  9999.00  9999.00
 00014  1000.14    24.10    98.66     0.83   242.96     2.85     2.61  9999.00  9999.00  9999.00
 00015   987.52    26.07    69.42     1.85   156.68    24.60     0.00  9999.00  9999.00  9999.00
 00016   945.78    24.46    71.26     0.70    85.30    26.52     0.00  9999.00  9999.00  9999.00
 00017   987.47    25.59    87.09     1.44   119.33    23.88     0.69  9999.00  9999.00  9999.00
 00018  1000.81    24.11    97.45     2.26   117.16     4.17     9.49  9999.00  9999.00  9999.00
 00019   929.29    24.08    83.27     1.22    59.66    28.27     0.02  9999.00  9999.00  9999.00
 00020  1005.87    22.38    99.42     2.52    67.38     1.76    19.95  9999.00  9999.00  9999.00
 00021   883.03    22.76    33.52     3.59   152.02    25.20     0.00  9999.00  9999.00  9999.00
 00022  1004.60    29.54    59.78     2.58   212.88    24.55     0.00  9999.00  9999.00  9999.00
 00023   910.85    24.72    35.88     8.04   259.29    20.89     0.00  9999.00  9999.00  9999.00
 00024   931.28    21.72    25.62     1.17   112.90    22.75     0.00  9999.00  9999.00  9999.00
 00025   792.63    15.76    93.95     1.69   104.44    24.77     0.55  9999.00  9999.00  9999.00
 00026  1001.60    27.54    89.13     2.54   206.90    29.16     0.03  9999.00  9999.00  9999.00
 00027   997.77    25.50    95.63     1.73   166.46    11.01     4.88  9999.00  9999.00  9999.00
 00028   967.90    24.05    93.96     0.59   122.28    21.10     0.52  9999.00  9999.00  9999.00
 00029  1001.18    25.77    94.56     1.92   145.72    11.82     1.84  9999.00  9999.00  9999.00
 00030   989.42    25.10    94.46     2.12    82.67    31.30     2.30  9999.00  9999.00  9999.00
 00031   575.00     4.05    96.19     1.25   304.65     3.77     4.09  9999.00  9999.00  9999.00
 00032   972.56    25.98    87.08     1.23   261.91    24.32     0.01  9999.00  9999.00  9999.00
 00033  1002.27    23.08    99.43     1.78   121.88     0.56     0.20  9999.00  9999.00  9999.00
 00034  1004.59    26.75    88.00     2.16    45.40    17.68     1.70  9999.00  9999.00  9999.00
 00035  1001.40    26.86    91.55     1.27   102.76    25.63     0.17  9999.00  9999.00  9999.00
 00036   773.74    16.25    82.63     0.70    76.34    23.90     0.08  9999.00  9999.00  9999.00
 00037   963.20    25.73    86.99     1.32   259.69    25.28     0.00  9999.00  9999.00  9999.00
 00038   990.67    26.39    87.97     1.01   160.83    27.89     0.16  9999.00  9999.00  9999.00
 00039  1003.96    26.31    89.39     3.11   229.61    27.30     0.01  9999.00  9999.00  9999.00
 00040  1001.91    26.32    91.41     1.71   121.53    27.03     0.36  9999.00  9999.00  9999.00
 00041   963.43    24.08    97.31     1.47   189.51     3.32     7.69  9999.00  9999.00  9999.00
 00042  1002.66    25.26    97.02     1.51   132.08     4.98     8.19  9999.00  9999.00  9999.00
 00043   995.68    27.34    86.94     3.48   210.41    29.27     0.11  9999.00  9999.00  9999.00
 00044   978.02    26.44    88.92     0.60   177.82    24.08     0.07  9999.00  9999.00  9999.00
 00045  1001.91    26.32    91.41     1.71   121.53    27.03     0.36  9999.00  9999.00  9999.00
 00046   937.90    24.23    87.14     2.20   182.16    28.47     0.00  9999.00  9999.00  9999.00
 00047   995.65    24.98    92.05     1.27   202.78    15.67     0.03  9999.00  9999.00  9999.00
 00048   606.21     7.07    87.59     0.86    56.12    24.27     0.35  9999.00  9999.00  9999.00
 00049   578.00     4.89    93.51     1.00    27.61    11.75     0.90  9999.00  9999.00  9999.00
 00050   996.18    27.89    78.94     3.45   242.18    27.51     0.00  9999.00  9999.00  9999.00
