stn_id       p       t2      rh2      spd      dir      vis    rain6   rain24   tmax24   tmin24 
 00001   964.75    13.08    84.60     1.47    40.43    17.89     0.00  9999.00  9999.00  9999.00
 00002   990.35     5.40    94.01     1.00   264.99    21.33     0.00  9999.00  9999.00  9999.00
 00003   896.66     3.78    89.97     1.30    71.87    19.51     0.00  9999.00  9999.00  9999.00
 00004   827.53     2.14    84.76     2.76   178.26    19.23     0.04  9999.00  9999.00  9999.00
 00005   860.79     3.32    78.02     2.31   199.17    20.91     0.01  9999.00  9999.00  9999.00
 00006   869.35     5.36    70.76     6.08   208.18    14.59     0.51  9999.00  9999.00  9999.00
 00007  1000.18     6.39    95.72     3.66   197.40    25.49     0.05  9999.00  9999.00  9999.00
 00008   982.91     3.25    98.83     4.13   205.22    30.02     0.11  9999.00  9999.00  9999.00
 00009   932.47    -3.06    89.97     2.33   208.23    50.87     0.00  9999.00  9999.00  9999.00
 00010   964.19    -0.23    86.15     1.13   198.33    25.51     0.48  9999.00  9999.00  9999.00
 00011   989.00     4.05    94.83     5.10   183.41    35.03     0.09  9999.00  9999.00  9999.00
 00012  1006.32     5.86    91.44     0.68    81.68    21.64     0.00  9999.00  9999.00  9999.00
 00013  1006.66    13.57    92.30     1.33   243.24    18.77     0.00  9999.00  9999.00  9999.00
 00014  1003.42    13.73    96.71     1.13   248.84    18.12     0.92  9999.00  9999.00  9999.00
 00015   991.89    10.72    93.96     2.43   155.13    18.10     0.01  9999.00  9999.00  9999.00
 00016   949.42     7.46    94.16     0.93   145.61    17.68     0.00  9999.00  9999.00  9999.00
 00017   992.70     9.86    88.66     1.42   201.56    18.27     0.04  9999.00  9999.00  9999.00
 00018  1005.41    12.38    92.43     1.48   196.49    18.52     0.00  9999.00  9999.00  9999.00
 00019   930.12    11.45    87.68     1.37    18.37     8.52     0.34  9999.00  9999.00  9999.00
 00020  1009.08    12.36    97.84     1.75   302.60    18.48     0.00  9999.00  9999.00  9999.00
 00021   892.81    -3.36    89.94     3.42   301.74    12.18     0.82  9999.00  9999.00  9999.00
 00022  1009.49     8.03    90.46     2.15   183.54    19.89     0.00  9999.00  9999.00  9999.00
 00023   923.96   -10.57    69.76     0.90   157.37    32.11     0.05  9999.00  9999.00  9999.00
 00024   948.22   -10.21    77.38    10.23   287.48    34.52     0.00  9999.00  9999.00  9999.00
 00025   791.45    12.59    66.44     4.38   250.51    21.75     0.00  9999.00  9999.00  9999.00
 00026  1004.66    11.82    96.94     1.37     8.01     8.80     6.21  9999.00  9999.00  9999.00
 00027  1000.52    10.03    97.91     1.71   339.97    10.39     1.24  9999.00  9999.00  9999.00
 00028   968.01     8.54    97.33     1.58   350.05     5.46     6.55  9999.00  9999.00  9999.00
 00029  1001.80    23.11    97.27     2.40   168.75    20.69     0.00  9999.00  9999.00  9999.00
 00030   988.70    22.69    93.11     2.74   198.65    23.01     0.00  9999.00  9999.00  9999.00
 00031   568.03    -5.43    67.22     1.55   194.64    28.90     0.00  9999.00  9999.00  9999.00
 00032   973.09    16.55    96.12     0.99   310.74     6.76     0.02  9999.00  9999.00  9999.00
 00033  1003.50    22.10    91.65     7.50   170.42    21.56     0.00  9999.00  9999.00  9999.00
 00034  1008.53    27.43    79.77     6.27   179.26    22.46     0.00  9999.00  9999.00  9999.00
 00035  1003.65    25.79    83.98     5.25   183.90    21.38     0.00  9999.00  9999.00  9999.00
 00036   768.39    10.94    66.37     2.40   188.94    20.80     0.00  9999.00  9999.00  9999.00
 00037   963.53    16.09    98.07     0.56   298.15     4.52     0.00  9999.00  9999.00  9999.00
 00038   991.36    21.11    97.53     0.68   305.48    19.69     0.00  9999.00  9999.00  9999.00
 00039  1004.53    23.77    93.63     4.13   221.72    13.82     0.47  9999.00  9999.00  9999.00
 00040  1002.62    23.85    93.22     2.75   247.50    16.77     0.62  9999.00  9999.00  9999.00
 00041   965.34    11.19    99.51     0.65   133.67     2.84     2.36  9999.00  9999.00  9999.00
 00042  1006.71    12.61    95.67     1.18   232.35    18.75     0.00  9999.00  9999.00  9999.00
 00043   998.06    12.25    97.81     1.26    15.15    18.57     4.72  9999.00  9999.00  9999.00
 00044   979.57    13.61    99.01     1.52    60.62     9.17     4.23  9999.00  9999.00  9999.00
 00045  1002.62    23.85    93.22     2.75   247.50    16.77     0.62  9999.00  9999.00  9999.00
 00046   937.90    18.23    95.37     2.02   203.78    15.42     1.95  9999.00  9999.00  9999.00
 00047   997.58    17.13    98.98     2.13   329.14     0.64     2.48  9999.00  9999.00  9999.00
 00048   599.09    -3.03    83.78     0.89   164.24    30.62     1.11  9999.00  9999.00  9999.00
 00049   572.69    -6.92    98.58     1.67   190.20     4.87     1.76  9999.00  9999.00  9999.00
 00050   996.70    22.61    96.43     1.75   234.19    16.78     0.04  9999.00  9999.00  9999.00
