stn_id       p       t2      rh2      spd      dir      vis    rain6   rain24   tmax24   tmin24 
 00001   968.19    10.11    88.05     0.99    99.21    17.80     0.00     0.01    13.92     9.09
 00002   992.69     5.87    81.21     1.80   283.37    21.40     0.00     0.00    16.08     2.12
 00003   898.98     1.97    96.09     0.72    93.26     3.06     0.00     0.00    13.60    -0.25
 00004   828.80     2.74    92.73     1.99   187.54    18.87     0.05     1.44     9.07    -1.04
 00005   864.19     0.30    63.56     1.96    39.33    21.69     0.00     0.17     7.43    -3.42
 00006   874.34     0.38    23.09     3.48   218.35    23.82     0.00     0.00     9.13    -4.43
 00007  1002.98     8.83    72.30     5.40   177.66    25.74     0.04     0.04    16.12     5.38
 00008   985.69     6.74    72.09     5.84   198.34    30.51     0.00     0.00    13.62     2.57
 00009   932.14    -3.95    74.19     1.77   203.73    51.46     0.00     0.00     6.40    -8.54
 00010   968.32     3.22    41.06     1.23   222.97    31.58     0.00     0.00    12.59    -5.42
 00011   991.81     5.02    72.79     5.98   197.45    35.59     0.00     0.00    13.04    -0.51
 00012  1009.27     5.26    87.38     1.02   336.38    21.79     0.01     1.39    15.08     1.31
 00013  1010.47    12.52    94.32     0.78   168.62    18.46     0.17     1.02    15.20    10.11
 00014  1006.97    12.64    94.99     1.65   254.28    17.86     2.58    19.97    13.04    10.11
 00015   993.79    10.77    72.58     2.56   185.42    18.09     0.00     0.00    15.98     7.00
 00016   951.12     5.50    88.35     1.63    89.09    17.65     0.06     0.06    14.21     3.00
 00017   995.41     8.11    78.78     1.01   249.45    18.25     0.00     0.00    12.11     3.90
 00018  1009.33    11.72    91.61     0.35   287.69    15.34     0.01     0.73    14.99    10.19
 00019   932.04    10.53    94.48     0.44   271.39     9.83     0.14     2.93    12.07    10.29
 00020  1012.54    16.34    91.16     4.05   118.51     1.36     6.60    10.07    16.97    12.23
 00021   890.34    -4.62    62.71     2.56   118.98    35.32     0.01     5.91     0.26    -5.17
 00022  1012.23     8.76    79.87     2.78   185.45    19.96     0.31     0.52    15.58     5.96
 00023   918.54    -5.65    70.91     1.35   223.04    29.90     0.01     3.41    -1.14    -7.54
 00024   942.53    -1.80    91.01     7.48   280.44    23.95     0.22     3.54     0.44    -1.93
 00025   792.41    12.47    64.99     4.93   249.61    21.69     0.00     0.00    20.99    11.46
 00026  1009.37    10.61    93.62     0.76   280.41    18.28     4.40    31.77    10.64     9.10
 00027  1005.78     8.35    96.64     1.41   302.98     6.96     6.64    25.34     9.25     7.55
 00028   973.66     6.53    96.18     0.94    97.71     4.87     2.55    21.93     6.54     5.02
 00029  1005.75    22.62    94.34     2.50   139.67    18.57     0.63     1.93    27.49    19.81
 00030   992.93    21.37    94.30     1.71   150.17    22.88     0.00     3.62    25.86    19.36
 00031   568.52    -7.17    85.62     1.19   189.52    26.26     0.02     0.65     3.02    -8.55
 00032   976.45    17.74    88.74     1.29   289.53    17.39     0.00     1.10    20.31    14.38
 00033  1007.21    21.11    95.13     4.18   174.35     0.24     0.01     0.02    22.43    19.79
 00034  1011.33    26.70    77.41     3.52   161.89    22.35     0.00     0.20    27.64    26.55
 00035  1006.67    25.49    83.92     3.31   185.75    21.31     0.00     0.00    32.02    23.36
 00036   769.83     9.15    79.12     1.86   190.83    20.78     0.00     0.11    17.94     6.13
 00037   966.83    17.66    89.02     1.02   292.90    17.35     0.01     0.48    20.67    14.28
 00038   995.57    20.90    79.64     0.46   303.85    19.67     0.01     0.02    27.50    17.09
 00039  1008.77    21.36    80.23     1.92   260.87    18.29     0.01     0.03    23.66    18.58
 00040  1007.13    22.05    80.95     2.24    64.69    19.10     0.01     0.03    25.91    19.56
 00041   968.55     9.66    97.92     0.65   162.91    14.68     0.37    11.91    10.36     8.03
 00042  1010.73    11.80    93.67     1.67   250.90    18.70     0.13     2.66    13.60    10.49
 00043  1002.85    10.28    95.67     0.51   107.55     3.93    20.52    50.27    10.66     9.41
 00044   983.39    11.35    96.88     0.34    27.24     3.67     5.44    42.89    11.93     9.72
 00045  1007.13    22.05    80.95     2.24    64.69    19.10     0.01     0.03    25.91    19.56
 00046   941.00    18.26    90.17     2.50   185.05    18.60     0.25     2.15    22.17    13.62
 00047  1000.49    16.61    94.92     2.52   314.06     4.96     7.53    16.25    17.23    13.96
 00048   600.38    -5.43    90.63     0.75   196.38    20.94     0.02     1.59     5.42    -6.03
 00049   572.39    -6.80    95.24     0.48   106.91    15.46     0.65     3.24    -1.81   -10.84
 00050  1000.76    21.12    74.37     1.46   252.14    18.43     0.00     0.03    25.13    16.61
