stn_id       p       t2      rh2      spd      dir      vis    rain6   rain24   tmax24   tmin24 
 00001   967.49    26.65    80.76     1.53    39.96    25.53  9999.00  9999.00  9999.00  9999.00
 00002   991.68    23.80    90.11     0.88   117.53    23.68  9999.00  9999.00  9999.00  9999.00
 00003   901.45    19.61    94.60     1.04   279.42    13.98  9999.00  9999.00  9999.00  9999.00
 00004   835.32    14.75    98.23     1.00   103.17    19.17  9999.00  9999.00  9999.00  9999.00
 00005   870.57    15.50    81.19     0.94   177.60    26.81  9999.00  9999.00  9999.00  9999.00
 00006   881.07    16.53    37.98     2.15    67.38    27.47  9999.00  9999.00  9999.00  9999.00
 00007  1004.24    21.75    90.97     1.46    62.95    16.85  9999.00  9999.00  9999.00  9999.00
 00008   989.71    18.73    70.05     2.86    23.31    26.87  9999.00  9999.00  9999.00  9999.00
 00009   948.22     4.16    72.59     2.71   198.37    34.46  9999.00  9999.00  9999.00  9999.00
 00010   967.65    16.66    97.26     0.71   143.88    17.95  9999.00  9999.00  9999.00  9999.00
 00011   997.00    16.19    77.92     1.83     0.46    28.02  9999.00  9999.00  9999.00  9999.00
 00012  1007.86    24.12    85.63     2.08    43.00    23.12  9999.00  9999.00  9999.00  9999.00
 00013  1009.53    21.66    87.15     2.65   115.16    23.83  9999.00  9999.00  9999.00  9999.00
 00014  1006.86    18.00    90.44     1.76    92.54    25.26  9999.00  9999.00  9999.00  9999.00
 00015   993.06    23.01    71.33     2.25   181.27    20.11  9999.00  9999.00  9999.00  9999.00
 00016   950.26    24.37    74.50     1.90   100.59    24.91  9999.00  9999.00  9999.00  9999.00
 00017   993.58    24.43    77.50     2.15   162.83    22.96  9999.00  9999.00  9999.00  9999.00
 00018  1007.62    23.51    79.53     3.23    98.44    23.48  9999.00  9999.00  9999.00  9999.00
 00019   933.64    24.44    83.79     0.50   292.17    20.35  9999.00  9999.00  9999.00  9999.00
 00020  1012.98    18.54    96.62     1.77    72.32    22.82  9999.00  9999.00  9999.00  9999.00
 00021   888.93    17.14    49.26     2.11   292.61    26.82  9999.00  9999.00  9999.00  9999.00
 00022  1010.46    24.40    68.58     3.29   132.59    21.21  9999.00  9999.00  9999.00  9999.00
 00023   916.27    12.20    88.62     0.97   173.13    23.22  9999.00  9999.00  9999.00  9999.00
 00024   938.83    15.59    73.54     1.67   298.26    25.28  9999.00  9999.00  9999.00  9999.00
 00025   796.52    16.44    94.83     1.17    90.45    24.67  9999.00  9999.00  9999.00  9999.00
 00026  1005.20    25.06    94.34     1.36    16.20    22.13  9999.00  9999.00  9999.00  9999.00
 00027  1000.93    25.81    86.12     1.51    69.00    25.27  9999.00  9999.00  9999.00  9999.00
 00028   970.77    25.04    86.47     1.70    36.11    24.66  9999.00  9999.00  9999.00  9999.00
 00029  1004.15    24.44    91.69     4.09   120.17    25.92  9999.00  9999.00  9999.00  9999.00
 00030   992.05    25.58    94.06     1.26   186.69    25.19  9999.00  9999.00  9999.00  9999.00
 00031   576.58     6.90    70.50     1.41   160.12    24.87  9999.00  9999.00  9999.00  9999.00
 00032   976.96    17.56    98.45     1.18   142.48    14.27  9999.00  9999.00  9999.00  9999.00
 00033  1006.02    23.81    97.70     2.32   151.40     0.22  9999.00  9999.00  9999.00  9999.00
 00034  1009.69    28.20    87.99     7.65   183.38    30.79  9999.00  9999.00  9999.00  9999.00
 00035  1005.65    26.48    94.57     2.93   175.94    26.91  9999.00  9999.00  9999.00  9999.00
 00036   777.82    17.58    77.90     1.00   144.13    16.44  9999.00  9999.00  9999.00  9999.00
 00037   967.36    17.78    96.54     0.89   151.07    19.00  9999.00  9999.00  9999.00  9999.00
 00038   994.00    22.15    94.13     0.72   125.45    25.71  9999.00  9999.00  9999.00  9999.00
 00039  1007.66    22.57    85.78     7.23    33.01    25.11  9999.00  9999.00  9999.00  9999.00
 00040  1005.27    23.56    86.88     4.29    52.67    26.14  9999.00  9999.00  9999.00  9999.00
 00041   968.31    21.24    89.70     1.29   129.30    24.18  9999.00  9999.00  9999.00  9999.00
 00042  1009.00    22.28    82.82     3.19   105.15    24.31  9999.00  9999.00  9999.00  9999.00
 00043   998.96    24.96    95.30     1.37    70.77    25.65  9999.00  9999.00  9999.00  9999.00
 00044   981.49    23.57    80.03     2.01    59.31    24.53  9999.00  9999.00  9999.00  9999.00
 00045  1005.27    23.56    86.88     4.29    52.67    26.14  9999.00  9999.00  9999.00  9999.00
 00046   940.66    20.80    97.18     1.14   187.36    25.17  9999.00  9999.00  9999.00  9999.00
 00047  1001.12    20.07    98.76     0.98   296.57     1.26  9999.00  9999.00  9999.00  9999.00
 00048   607.39    10.28    62.65     1.37   284.72    29.52  9999.00  9999.00  9999.00  9999.00
 00049   581.53     4.47    96.69     0.69   224.83    11.18  9999.00  9999.00  9999.00  9999.00
 00050  1000.17    20.81    84.72     3.45    29.46    24.61  9999.00  9999.00  9999.00  9999.00
