stn_id       p       t2      rh2      spd      dir      vis    rain6   rain24   tmax24   tmin24 
 00001   958.70    25.30    95.29     1.66   257.30    20.10     3.39  9999.00  9999.00  9999.00
 00002   973.41    31.06    30.95     4.09   294.21    25.89     0.00  9999.00  9999.00  9999.00
 00003   889.68    19.58    65.32     1.19   280.20    24.80     0.00  9999.00  9999.00  9999.00
 00004   826.21    13.85    54.07     2.55    59.22    23.30     0.00  9999.00  9999.00  9999.00
 00005   859.69    13.94    63.04     1.47   166.51    23.39     0.00  9999.00  9999.00  9999.00
 00006   868.97    15.95    54.47     3.56   279.63    22.51     0.00  9999.00  9999.00  9999.00
 00007   983.60    21.21    62.50     3.73   198.51    23.63     0.00  9999.00  9999.00  9999.00
 00008   967.23    19.80    76.58     2.42   143.41    24.38     0.67  9999.00  9999.00  9999.00
 00009   936.55    14.25    97.86     0.90   184.15    34.63     0.00  9999.00  9999.00  9999.00
 00010   951.00    14.94    98.89     0.94   101.89     6.63     0.13  9999.00  9999.00  9999.00
 00011   976.69    17.04    93.78     4.01    75.86     6.67     4.41  9999.00  9999.00  9999.00
 00012   989.66    29.29    26.76     5.14   320.18    23.70     0.00  9999.00  9999.00  9999.00
 00013   995.16    28.23    80.84     4.24   228.11    28.32     0.04  9999.00  9999.00  9999.00
 00014   993.49    27.28    83.37     2.18   213.41    28.95     0.00  9999.00  9999.00  9999.00
 00015   975.25    27.74    74.48     4.93   193.96    23.92     0.00  9999.00  9999.00  9999.00
 00016   941.29    19.28    87.24     1.48   190.15    25.76     0.00  9999.00  9999.00  9999.00
 00017   978.49    28.13    55.84     4.65   271.92    26.34     0.00  9999.00  9999.00  9999.00
 00018   993.70    27.25    88.08     3.38   203.08    27.98     1.55  9999.00  9999.00  9999.00
 00019   925.24    23.25    82.14     1.04   243.08    28.00     0.18  9999.00  9999.00  9999.00
 00020   998.52    27.85    84.40     3.79   215.41    26.53     0.00  9999.00  9999.00  9999.00
 00021   882.38    22.28    36.61     1.37   209.19    25.06     0.01  9999.00  9999.00  9999.00
 00022   991.36    26.74    54.81     2.59   234.28    23.06     0.00  9999.00  9999.00  9999.00
 00023   908.46    18.43    47.50     2.38   211.13    21.57     0.00  9999.00  9999.00  9999.00
 00024   931.55    20.56    39.51     2.13   304.37    23.40     0.00  9999.00  9999.00  9999.00
 00025   792.21    17.11    93.19     2.47   212.87    25.43     0.00  9999.00  9999.00  9999.00
 00026   996.52    29.18    71.82     5.25   200.50    29.38     0.00  9999.00  9999.00  9999.00
 00027   992.00    29.27    66.59     6.65   193.24    28.84     0.00  9999.00  9999.00  9999.00
 00028   962.49    27.12    78.40     5.22   194.45    27.16     0.00  9999.00  9999.00  9999.00
 00029  1002.03    24.95    94.01     3.80   189.92    29.64     0.00  9999.00  9999.00  9999.00
 00030   988.73    25.63    82.50     3.43   179.82    32.05     0.00  9999.00  9999.00  9999.00
 00031   574.47     6.47    78.39     1.97   192.06    22.26     0.02  9999.00  9999.00  9999.00
 00032   969.95    23.15    96.68     1.67   247.10    22.95     0.00  9999.00  9999.00  9999.00
 00033  1003.86    23.11    94.51     5.17   179.34    32.31     0.00  9999.00  9999.00  9999.00
 00034  1007.87    27.87    88.32     6.09   181.34    31.93     0.13  9999.00  9999.00  9999.00
 00035  1003.71    26.16    91.38     4.53   189.87    32.11     0.00  9999.00  9999.00  9999.00
 00036   771.11    18.84    84.23     1.41   157.29    24.79     0.12  9999.00  9999.00  9999.00
 00037   960.64    23.46    97.30     1.29   241.44    23.88     0.00  9999.00  9999.00  9999.00
 00038   989.31    23.96    97.31     1.20   222.57    27.99     0.00  9999.00  9999.00  9999.00
 00039  1002.14    25.38    93.77     7.09   218.43    26.97     0.00  9999.00  9999.00  9999.00
 00040  1001.49    25.61    93.61     5.86   239.63    27.18     0.01  9999.00  9999.00  9999.00
 00041   957.91    26.10    83.53     3.00   210.39    28.29     0.00  9999.00  9999.00  9999.00
 00042   995.85    27.61    82.96     2.77   212.31    28.64     0.00  9999.00  9999.00  9999.00
 00043   991.20    28.86    73.28     4.92   201.00    29.83     0.00  9999.00  9999.00  9999.00
 00044   973.41    25.67    82.85     1.82   220.45    27.86     0.00  9999.00  9999.00  9999.00
 00045  1001.49    25.61    93.61     5.86   239.63    27.18     0.01  9999.00  9999.00  9999.00
 00046   936.54    23.15    91.41     3.27   207.16    27.46     0.00  9999.00  9999.00  9999.00
 00047   990.76    24.83    94.21     2.39   228.77    25.17     0.00  9999.00  9999.00  9999.00
 00048   605.23     9.64    82.90     1.23   184.90    26.41     0.71  9999.00  9999.00  9999.00
 00049   579.22     4.71    98.49     1.60   204.80     0.90     1.78  9999.00  9999.00  9999.00
 00050   994.14    24.91    94.91     3.53   221.63    25.84     0.00  9999.00  9999.00  9999.00
