stn_id       p       t2      rh2      spd      dir      vis    rain6   rain24   tmax24   tmin24 
 00001   983.88     8.23    94.73     1.08   239.02    21.82     0.00  9999.00  9999.00  9999.00
 00002   999.22     4.25    37.40     4.18   283.90    25.42     0.00  9999.00  9999.00  9999.00
 00003   906.59    -3.98    50.21     2.13   246.33    23.96     0.00  9999.00  9999.00  9999.00
 00004   834.92    -7.42    56.51     4.29   275.17    23.79     0.00  9999.00  9999.00  9999.00
 00005   869.91    -8.31    73.51     2.24   273.15    26.10     0.02  9999.00  9999.00  9999.00
 00006   879.40    -8.62    40.53     6.27   283.44    27.69     0.00  9999.00  9999.00  9999.00
 00007  1000.93     1.47    96.07     2.05   250.35    32.30     0.01  9999.00  9999.00  9999.00
 00008   982.16    -1.04    91.23     4.02   254.63    36.78     0.00  9999.00  9999.00  9999.00
 00009   927.00   -13.85    96.42     2.25   331.22    28.51     0.52  9999.00  9999.00  9999.00
 00010   962.43    -5.65    85.38     1.43   208.96    36.77     0.00  9999.00  9999.00  9999.00
 00011   986.91    -3.65    86.41     5.90   235.27    40.62     0.00  9999.00  9999.00  9999.00
 00012  1013.45     1.59    42.35     3.32   313.11    26.42     0.00  9999.00  9999.00  9999.00
 00013  1014.87     9.10    88.24     3.93   232.83    20.68     0.00  9999.00  9999.00  9999.00
 00014  1011.93     5.58    95.64     2.19   224.82    19.96     0.00  9999.00  9999.00  9999.00
 00015   997.40     4.24    74.71     3.60   323.66    22.19     0.00  9999.00  9999.00  9999.00
 00016   967.53     1.95    51.90     2.42   254.87    22.42     0.00  9999.00  9999.00  9999.00
 00017  1003.30     9.71    22.37     7.37   306.17    21.31     0.00  9999.00  9999.00  9999.00
 00018  1014.39     9.74    81.68     3.54   256.81    20.12     0.00  9999.00  9999.00  9999.00
 00019   947.99     7.31    88.58     1.34   302.63    22.67     0.00  9999.00  9999.00  9999.00
 00020  1017.18     7.38    89.30     2.87   226.31    20.63     0.00  9999.00  9999.00  9999.00
 00021   894.16    -6.06    72.03     2.67   171.03    37.71     0.00  9999.00  9999.00  9999.00
 00022  1016.03     4.29    41.31     5.04   324.88    24.88     0.00  9999.00  9999.00  9999.00
 00023   919.23    -5.10    76.56     1.18   145.21    32.76     0.00  9999.00  9999.00  9999.00
 00024   949.57    -5.89    75.05     4.60   115.47    33.55     0.00  9999.00  9999.00  9999.00
 00025   797.61    12.70    70.31     0.45   235.49    19.13     0.00  9999.00  9999.00  9999.00
 00026  1015.62     5.05    99.52     1.51   270.79     0.19     0.00  9999.00  9999.00  9999.00
 00027  1012.21     8.68    92.27     1.64    85.59    19.19     0.01  9999.00  9999.00  9999.00
 00028   981.15    12.27    89.23     0.73   200.34    18.74     0.19  9999.00  9999.00  9999.00
 00029  1011.48    17.15    80.96     1.72     8.34    20.84     0.00  9999.00  9999.00  9999.00
 00030  1000.90    16.63    89.49     2.38    49.54    13.86     0.80  9999.00  9999.00  9999.00
 00031   573.09    -7.27    40.99     1.77   229.73    34.29     0.00  9999.00  9999.00  9999.00
 00032   981.57     8.99    95.66     1.45   319.26    10.19     0.00  9999.00  9999.00  9999.00
 00033  1012.77    21.35    94.78     2.26   144.98     1.71     0.10  9999.00  9999.00  9999.00
 00034  1014.33    26.62    76.31     5.74    38.98    26.45     0.02  9999.00  9999.00  9999.00
 00035  1011.95    22.17    93.04     0.45   206.17    17.75     0.01  9999.00  9999.00  9999.00
 00036   781.01     5.37    87.67     1.41    28.53     9.86     0.87  9999.00  9999.00  9999.00
 00037   971.73     9.06    98.05     0.98   247.23     4.44     0.00  9999.00  9999.00  9999.00
 00038   999.68    17.58    88.04     0.56   163.69    17.88     0.20  9999.00  9999.00  9999.00
 00039  1013.31    18.84    66.58     6.77    22.33    19.63     0.07  9999.00  9999.00  9999.00
 00040  1011.19    19.40    83.40     4.10    31.25    19.36     0.19  9999.00  9999.00  9999.00
 00041   974.05     3.04    99.13     1.58   248.50     0.39     0.00  9999.00  9999.00  9999.00
 00042  1016.16     7.61    91.21     3.17   263.88    20.15     0.00  9999.00  9999.00  9999.00
 00043  1009.26     4.67    99.74     0.78   245.55     0.21     0.00  9999.00  9999.00  9999.00
 00044   989.15     4.34    99.05     0.77   239.61     4.57     0.00  9999.00  9999.00  9999.00
 00045  1011.19    19.40    83.40     4.10    31.25    19.36     0.19  9999.00  9999.00  9999.00
 00046   945.71    10.75    95.32     0.78   350.96    18.00     0.01  9999.00  9999.00  9999.00
 00047  1006.40     8.17    91.75     2.61   310.15     7.91     0.00  9999.00  9999.00  9999.00
 00048   606.20    -5.62    56.51     1.43   135.25    33.01     0.13  9999.00  9999.00  9999.00
 00049   576.90    -7.91    97.64     0.41   128.30    19.35     0.05  9999.00  9999.00  9999.00
 00050  1005.63    15.77    70.87     3.01     6.41    19.14     0.01  9999.00  9999.00  9999.00
