stn_id       p       t2      rh2      spd      dir      vis    rain6   rain24   tmax24   tmin24 
 00001   987.29    12.23    83.89     2.42   228.03    22.00  9999.00  9999.00  9999.00  9999.00
 00002   998.94     9.37    22.71     4.41   249.17    25.43  9999.00  9999.00  9999.00  9999.00
 00003   904.54     2.64    29.53     4.65   223.94    23.93  9999.00  9999.00  9999.00  9999.00
 00004   832.45    -2.05    41.43     7.50   261.29    23.77  9999.00  9999.00  9999.00  9999.00
 00005   866.94    -3.15    41.77     4.61   229.27    26.07  9999.00  9999.00  9999.00  9999.00
 00006   874.74    -3.81    46.97     8.31   256.34    27.65  9999.00  9999.00  9999.00  9999.00
 00007  1001.91     1.16    50.05     6.27   316.30    32.44  9999.00  9999.00  9999.00  9999.00
 00008   982.55    -3.82    75.81     5.42   287.58    36.91  9999.00  9999.00  9999.00  9999.00
 00009   929.35   -19.39    79.59     3.47   323.50    33.17  9999.00  9999.00  9999.00  9999.00
 00010   956.29     1.70    71.35     0.40   178.10    17.26  9999.00  9999.00  9999.00  9999.00
 00011   986.53    -6.22    85.20     5.16   269.06    40.71  9999.00  9999.00  9999.00  9999.00
 00012  1014.32     6.01    21.50     1.41    51.37    26.48  9999.00  9999.00  9999.00  9999.00
 00013  1017.90    12.92    37.33     6.19   309.64    20.72  9999.00  9999.00  9999.00  9999.00
 00014  1014.03    14.08    64.64     3.04   256.91    20.15  9999.00  9999.00  9999.00  9999.00
 00015  1000.80     7.63    40.74     2.03   259.67    22.26  9999.00  9999.00  9999.00  9999.00
 00016   964.65     8.39    45.28     1.45   242.75    22.42  9999.00  9999.00  9999.00  9999.00
 00017  1005.61    10.70    32.25     5.27   285.79    21.39  9999.00  9999.00  9999.00  9999.00
 00018  1018.48    12.95    31.27     6.13   315.66    20.18  9999.00  9999.00  9999.00  9999.00
 00019   949.96    13.61    62.08     1.25   231.59    25.97  9999.00  9999.00  9999.00  9999.00
 00020  1017.39    14.31    62.74     7.97   278.15    20.68  9999.00  9999.00  9999.00  9999.00
 00021   889.99    -3.73    71.09     2.60   173.74    37.63  9999.00  9999.00  9999.00  9999.00
 00022  1017.99     7.01    24.04     1.87   328.84    24.95  9999.00  9999.00  9999.00  9999.00
 00023   913.79    -1.77    73.60     1.33   149.21    32.42  9999.00  9999.00  9999.00  9999.00
 00024   943.19    -7.26    77.18     6.56   114.01    33.13  9999.00  9999.00  9999.00  9999.00
 00025   803.38     9.02    67.23     5.30    76.45    19.20  9999.00  9999.00  9999.00  9999.00
 00026  1020.19    11.03    84.59     1.38   285.13    19.26  9999.00  9999.00  9999.00  9999.00
 00027  1017.44    15.52    72.60     3.72   350.20    19.30  9999.00  9999.00  9999.00  9999.00
 00028   986.67    16.44    78.02     2.24   102.79    18.86  9999.00  9999.00  9999.00  9999.00
 00029  1015.43    16.53    86.74     2.59   291.96    14.00  9999.00  9999.00  9999.00  9999.00
 00030  1006.55    17.27    82.62     3.91   346.93    22.28  9999.00  9999.00  9999.00  9999.00
 00031   574.39    -4.68    49.88     0.92   194.84    34.18  9999.00  9999.00  9999.00  9999.00
 00032   983.41    18.04    68.04     1.94   305.79    17.99  9999.00  9999.00  9999.00  9999.00
 00033  1015.60    22.06    93.11     2.33    60.88     0.74  9999.00  9999.00  9999.00  9999.00
 00034  1015.79    26.93    75.65     8.75    38.56    26.80  9999.00  9999.00  9999.00  9999.00
 00035  1014.51    25.61    80.58     3.46    34.49     8.10  9999.00  9999.00  9999.00  9999.00
 00036   785.36     5.82    84.43     1.41    16.70     7.74  9999.00  9999.00  9999.00  9999.00
 00037   973.66    17.54    70.17     2.27   303.22    17.92  9999.00  9999.00  9999.00  9999.00
 00038  1001.69    19.08    78.59     1.26   211.64    20.00  9999.00  9999.00  9999.00  9999.00
 00039  1015.62    19.60    57.97     4.84    19.99    19.64  9999.00  9999.00  9999.00  9999.00
 00040  1013.03    21.13    62.23     3.63    22.95    20.74  9999.00  9999.00  9999.00  9999.00
 00041   977.69    11.83    54.52     3.30   312.99    18.90  9999.00  9999.00  9999.00  9999.00
 00042  1019.16    13.95    40.32     5.66   295.86    20.20  9999.00  9999.00  9999.00  9999.00
 00043  1013.99    10.26    94.60     0.97   308.64    16.55  9999.00  9999.00  9999.00  9999.00
 00044   993.13    10.72    85.02     1.89   281.12    18.43  9999.00  9999.00  9999.00  9999.00
 00045  1013.03    21.13    62.23     3.63    22.95    20.74  9999.00  9999.00  9999.00  9999.00
 00046   949.20    13.05    81.33     2.81    45.90    18.47  9999.00  9999.00  9999.00  9999.00
 00047  1007.44    17.29    59.29     2.55   299.44    19.18  9999.00  9999.00  9999.00  9999.00
 00048   607.74    -5.67    40.37     1.43    32.65    36.04  9999.00  9999.00  9999.00  9999.00
 00049   578.73    -4.78    69.20     1.37   191.98    25.81  9999.00  9999.00  9999.00  9999.00
 00050  1007.89    18.15    59.95     1.54   327.08    19.16  9999.00  9999.00  9999.00  9999.00
