stn_id       p       t2      rh2      spd      dir      vis    rain6   rain24   tmax24   tmin24 
 00001   972.25     7.77    95.85     1.38   236.06    21.83     0.00  9999.00  9999.00  9999.00
 00002   983.43    13.40    23.80     6.53   271.89    25.25     0.00  9999.00  9999.00  9999.00
 00003   895.11    -0.50    54.58     2.43   240.35    23.86     0.00  9999.00  9999.00  9999.00
 00004   826.07    -0.61    39.96     3.54   251.32    23.75     0.00  9999.00  9999.00  9999.00
 00005   859.04    -2.36    47.72     2.18   212.54    26.07     0.00  9999.00  9999.00  9999.00
 00006   864.80     2.55    41.16     9.41   264.36    27.71     0.00  9999.00  9999.00  9999.00
 00007   989.08     6.13    83.32     6.99   184.95    31.78     0.00  9999.00  9999.00  9999.00
 00008   970.55     3.79    72.51     7.77   210.13    37.29     0.00  9999.00  9999.00  9999.00
 00009   933.39   -34.14    95.02     2.14   263.29    48.54     0.00  9999.00  9999.00  9999.00
 00010   957.56    -8.40    55.06     1.38   137.88    37.42     0.00  9999.00  9999.00  9999.00
 00011   979.30    -6.75    74.60     5.88   125.15    22.39     0.88  9999.00  9999.00  9999.00
 00012   998.18    -3.10    79.79     0.85   323.79    26.43     0.00  9999.00  9999.00  9999.00
 00013  1010.64     8.42    64.50     4.10   226.37    20.79     0.00  9999.00  9999.00  9999.00
 00014  1009.18     5.88    85.32     2.88   213.21    20.25     0.00  9999.00  9999.00  9999.00
 00015   985.98     8.65    61.80     5.55   198.19    22.18     0.00  9999.00  9999.00  9999.00
 00016   951.59     0.87    92.10     1.80   180.27    22.37     0.00  9999.00  9999.00  9999.00
 00017   990.38     7.84    72.76     2.94   245.22    21.33     0.00  9999.00  9999.00  9999.00
 00018  1008.91     8.05    88.22     3.96   194.84    20.22     0.00  9999.00  9999.00  9999.00
 00019   936.58     9.42    91.96     0.53   273.45    12.50     0.11  9999.00  9999.00  9999.00
 00020  1014.76     9.15    75.54     4.10   200.11    20.80     0.00  9999.00  9999.00  9999.00
 00021   894.25    -7.71    80.88     1.23   250.14    35.75     0.08  9999.00  9999.00  9999.00
 00022  1001.21    -0.32    83.52     1.72   270.00    24.87     0.00  9999.00  9999.00  9999.00
 00023   923.13    -7.73    77.35     0.93   209.25    29.65     0.11  9999.00  9999.00  9999.00
 00024   950.00   -15.53    86.28     2.04   297.99    33.70     0.00  9999.00  9999.00  9999.00
 00025   796.07     7.19    98.36     1.77   263.88    11.72     0.02  9999.00  9999.00  9999.00
 00026  1011.91     5.87    92.61     2.38   205.14    19.21     0.00  9999.00  9999.00  9999.00
 00027  1007.06     7.81    93.06     2.49   168.63    19.19     0.00  9999.00  9999.00  9999.00
 00028   975.41     7.14    88.23     2.26   176.26    18.67     0.00  9999.00  9999.00  9999.00
 00029  1011.07    11.07    82.21     1.63    28.83    20.80     0.00  9999.00  9999.00  9999.00
 00030   999.43    12.96    88.08     2.08   154.88    22.10     0.00  9999.00  9999.00  9999.00
 00031   572.31    -4.38    33.20     1.91   229.06    34.32     0.00  9999.00  9999.00  9999.00
 00032   981.81     5.15    91.28     1.43   308.80    12.76     0.00  9999.00  9999.00  9999.00
 00033  1012.24    21.04    83.25     0.39   315.14    23.47     0.00  9999.00  9999.00  9999.00
 00034  1013.23    26.71    76.52     6.32    52.54    26.73     0.08  9999.00  9999.00  9999.00
 00035  1011.41    19.54    88.63     1.43   315.80    23.59     0.00  9999.00  9999.00  9999.00
 00036   775.65     4.97    92.61     1.36   128.03    17.39     0.00  9999.00  9999.00  9999.00
 00037   971.97     4.16    94.40     0.84   311.14     9.86     0.00  9999.00  9999.00  9999.00
 00038  1000.04     8.42    81.21     1.29   317.30    19.99     0.00  9999.00  9999.00  9999.00
 00039  1013.44    16.09    70.56     5.63   117.01    19.65     0.00  9999.00  9999.00  9999.00
 00040  1011.31    15.03    75.30     4.02    59.29    20.72     0.00  9999.00  9999.00  9999.00
 00041   971.15     1.76    87.37     2.12   190.35    18.94     0.00  9999.00  9999.00  9999.00
 00042  1011.16     7.16    58.30     2.88   214.25    20.23     0.00  9999.00  9999.00  9999.00
 00043  1005.42     5.25    91.99     1.78   176.11    19.35     0.00  9999.00  9999.00  9999.00
 00044   987.28     3.73    92.43     1.23   150.99    18.90     0.00  9999.00  9999.00  9999.00
 00045  1011.31    15.03    75.30     4.02    59.29    20.72     0.00  9999.00  9999.00  9999.00
 00046   944.94     3.66    85.89     1.01   120.27    18.70     0.00  9999.00  9999.00  9999.00
 00047  1006.22     9.01    90.92     2.13   287.70     8.57     0.00  9999.00  9999.00  9999.00
 00048   604.17    -5.67    75.23     1.07   179.27    32.71     0.00  9999.00  9999.00  9999.00
 00049   576.67    -5.33    91.27     0.88   169.75    12.01     0.77  9999.00  9999.00  9999.00
 00050  1005.84     9.04    80.09     3.02   307.75    19.15     0.00  9999.00  9999.00  9999.00
