stn_id       p       t2      rh2      spd      dir      vis    rain6   rain24   tmax24   tmin24 
 00001   976.24    29.30  9999.00     2.00   110.00    30.00  9999.00  9999.00  9999.00  9999.00
 00002  9999.00    33.40  9999.00     5.00   160.00    30.00  9999.00  9999.00  9999.00  9999.00
 00003  9999.00    30.50  9999.00     4.00   340.00    28.00  9999.00  9999.00  9999.00  9999.00
 00004   844.50    25.30  9999.00     4.00   290.00    30.00  9999.00  9999.00  9999.00  9999.00
 00005  9999.00    27.50  9999.00     4.00   290.00    30.00  9999.00  9999.00  9999.00  9999.00
 00006  9999.00    26.60  9999.00     9.00   290.00    23.00  9999.00  9999.00  9999.00  9999.00
 00007  9999.00    23.30  9999.00     2.00   360.00     8.00  9999.00  9999.00  9999.00  9999.00
 00008  9999.00    25.50  9999.00     3.00    70.00  9999.00  9999.00  9999.00  9999.00  9999.00
 00009  9999.00    27.20  9999.00     2.00    70.00    28.00  9999.00  9999.00  9999.00  9999.00
 00010   970.01    22.20  9999.00     4.00    90.00    21.00  9999.00  9999.00  9999.00  9999.00
 00011  9999.00    25.30  9999.00     1.00    40.00    19.00  9999.00  9999.00  9999.00  9999.00
 00012  9999.00    30.90  9999.00     2.00   250.00    30.00  9999.00  9999.00  9999.00  9999.00
 00013  9999.00    29.60  9999.00     3.00   290.00    21.00  9999.00  9999.00  9999.00  9999.00
 00014   995.40    34.20  9999.00     2.00   250.00    30.00  9999.00  9999.00  9999.00  9999.00
 00015  9999.00    24.80  9999.00     1.00   220.00    14.00  9999.00  9999.00  9999.00  9999.00
 00016   951.28    34.10  9999.00     4.00   220.00    30.00  9999.00  9999.00  9999.00  9999.00
 00017  9999.00    35.70  9999.00     3.00   270.00    30.00  9999.00  9999.00  9999.00  9999.00
 00018   997.19    28.20  9999.00     3.00   250.00    30.00  9999.00  9999.00  9999.00  9999.00
 00019   936.41    31.10  9999.00     2.00   270.00    30.00  9999.00  9999.00  9999.00  9999.00
 00020  9999.00    34.40  9999.00     2.00   220.00    26.00  9999.00  9999.00  9999.00  9999.00
 00021   896.12    28.40  9999.00     5.00   290.00    30.00  9999.00  9999.00  9999.00  9999.00
 00022  9999.00    29.00  9999.00     1.00   340.00    30.00  9999.00  9999.00  9999.00  9999.00
 00023   919.19    31.70  9999.00     9.00   290.00    30.00  9999.00  9999.00  9999.00  9999.00
 00024   947.48    27.20  9999.00     2.00   320.00    30.00  9999.00  9999.00  9999.00  9999.00
 00025   808.80    21.90    68.94     3.00    40.00    30.00  9999.00  9999.00  9999.00  9999.00
 00026   995.86    33.40  9999.00     4.00   200.00    30.00  9999.00  9999.00  9999.00  9999.00
 00027   994.93    26.80  9999.00     3.00   270.00    30.00  9999.00  9999.00  9999.00  9999.00
 00028   972.88    25.60  9999.00     1.00    90.00    30.00  9999.00  9999.00  9999.00  9999.00
 00029  1002.39    28.20  9999.00     1.00   160.00    30.00  9999.00  9999.00  9999.00  9999.00
 00030   989.46    28.30  9999.00     5.00   160.00    30.00  9999.00  9999.00  9999.00  9999.00
 00031   622.90    19.00    44.66     1.00   110.00    30.00  9999.00  9999.00  9999.00  9999.00
 00032   993.51    34.20  9999.00     3.00   200.00    30.00  9999.00  9999.00  9999.00  9999.00
 00033  1003.21    32.30  9999.00     4.00   110.00    30.00  9999.00  9999.00  9999.00  9999.00
 00034  1006.80    31.50  9999.00     2.00   160.00    26.00  9999.00  9999.00  9999.00  9999.00
 00035  1003.39    31.00  9999.00     3.00   180.00    30.00  9999.00  9999.00  9999.00  9999.00
 00036   838.30    23.60    53.86     1.00   320.00    30.00  9999.00  9999.00  9999.00  9999.00
 00037   997.26    34.90  9999.00     2.00   140.00    30.00  9999.00  9999.00  9999.00  9999.00
 00038  1001.94    32.80  9999.00     3.00   140.00    30.00  9999.00  9999.00  9999.00  9999.00
 00039  1003.66    28.00  9999.00     7.00   220.00    22.00  9999.00  9999.00  9999.00  9999.00
 00040  1000.46    29.40  9999.00     6.00   200.00    18.00  9999.00  9999.00  9999.00  9999.00
 00041   812.00    18.20    98.74     9.00   250.00     0.00  9999.00  9999.00  9999.00  9999.00
 00042  9999.00    31.20  9999.00     2.00   290.00    28.00  9999.00  9999.00  9999.00  9999.00
 00043   998.23    33.50  9999.00     3.00   200.00    30.00  9999.00  9999.00  9999.00  9999.00
 00044   993.27    33.10  9999.00     2.00   220.00    14.00  9999.00  9999.00  9999.00  9999.00
 00045  1000.46    29.40  9999.00     6.00   200.00    18.00  9999.00  9999.00  9999.00  9999.00
 00046   962.01    29.80  9999.00     5.00   180.00    30.00  9999.00  9999.00  9999.00  9999.00
 00047   996.69    37.50  9999.00     5.00   270.00    20.00  9999.00  9999.00  9999.00  9999.00
 00048   651.10    22.80    36.74     3.00   360.00    20.00  9999.00  9999.00  9999.00  9999.00
 00049   602.70    11.50    74.70     9.00   250.00    30.00  9999.00  9999.00  9999.00  9999.00
 00050  1003.06    29.10  9999.00     4.00   180.00    28.00  9999.00  9999.00  9999.00  9999.00
