stn_id       p       t2      rh2      spd      dir      vis    rain6   rain24   tmax24   tmin24 
 00001   980.05    23.90  9999.00     5.00   200.00    25.00  9999.00  9999.00  9999.00  9999.00
 00002  9999.00    28.00  9999.00     2.00    40.00    14.00  9999.00  9999.00  9999.00  9999.00
 00003   912.31    26.30  9999.00     4.00   180.00    30.00  9999.00  9999.00  9999.00  9999.00
 00004   847.20    22.00  9999.00     4.00   290.00    30.00  9999.00  9999.00  9999.00  9999.00
 00005   882.18    20.00  9999.00     3.00   200.00     3.90  9999.00  9999.00  9999.00  9999.00
 00006  9999.00    24.40  9999.00    10.00   270.00    28.00  9999.00  9999.00  9999.00  9999.00
 00007  9999.00    28.50  9999.00     3.00   220.00    30.00  9999.00  9999.00  9999.00  9999.00
 00008  9999.00    27.60  9999.00     3.00   270.00    11.00  9999.00  9999.00  9999.00  9999.00
 00009   951.81    26.60  9999.00     2.00   360.00    30.00  9999.00  9999.00  9999.00  9999.00
 00010   973.13    22.00  9999.00     5.00    90.00    19.00  9999.00  9999.00  9999.00  9999.00
 00011  9999.00    26.50  9999.00     4.00   140.00    19.00  9999.00  9999.00  9999.00  9999.00
 00012  9999.00    22.50  9999.00     2.00   340.00     9.00  9999.00  9999.00  9999.00  9999.00
 00013   999.67    33.30  9999.00     5.00   250.00    28.00  9999.00  9999.00  9999.00  9999.00
 00014   996.89    34.30  9999.00     4.00   250.00    29.00  9999.00  9999.00  9999.00  9999.00
 00015  9999.00    22.90  9999.00     4.00   270.00     1.80  9999.00  9999.00  9999.00  9999.00
 00016   956.75    26.90  9999.00     3.00   270.00    30.00  9999.00  9999.00  9999.00  9999.00
 00017   987.08    30.40  9999.00     3.00   250.00    30.00  9999.00  9999.00  9999.00  9999.00
 00018   998.49    28.00  9999.00     5.00    70.00    17.00  9999.00  9999.00  9999.00  9999.00
 00019   940.38    26.10  9999.00     1.00   290.00    15.00  9999.00  9999.00  9999.00  9999.00
 00020   999.93    34.80  9999.00     4.00   250.00    28.00  9999.00  9999.00  9999.00  9999.00
 00021   896.85    28.00  9999.00     4.00   290.00    30.00  9999.00  9999.00  9999.00  9999.00
 00022  9999.00    21.50  9999.00     3.00    20.00    15.00  9999.00  9999.00  9999.00  9999.00
 00023   922.73    26.90  9999.00     5.00   340.00    30.00  9999.00  9999.00  9999.00  9999.00
 00024   949.39    24.30  9999.00     0.00   110.00    30.00  9999.00  9999.00  9999.00  9999.00
 00025   809.60    23.30    74.67     2.00   160.00    30.00  9999.00  9999.00  9999.00  9999.00
 00026   998.85    32.40  9999.00     6.00   250.00    30.00  9999.00  9999.00  9999.00  9999.00
 00027   996.61    30.70  9999.00     2.00   160.00    30.00  9999.00  9999.00  9999.00  9999.00
 00028   973.17    31.30  9999.00     4.00   220.00    30.00  9999.00  9999.00  9999.00  9999.00
 00029  1003.88    30.00  9999.00     3.00   160.00    30.00  9999.00  9999.00  9999.00  9999.00
 00030   991.54    31.40  9999.00     3.00   220.00    30.00  9999.00  9999.00  9999.00  9999.00
 00031   627.30    15.50    53.59     2.00   360.00    30.00  9999.00  9999.00  9999.00  9999.00
 00032   996.68    33.80  9999.00     3.00   200.00    30.00  9999.00  9999.00  9999.00  9999.00
 00033  1006.11    32.90  9999.00     5.00   160.00    30.00  9999.00  9999.00  9999.00  9999.00
 00034  1009.40    32.20  9999.00     3.00   200.00    24.00  9999.00  9999.00  9999.00  9999.00
 00035  1006.29    31.70  9999.00     3.00   180.00    30.00  9999.00  9999.00  9999.00  9999.00
 00036   843.20    17.60    71.85     2.00   340.00    30.00  9999.00  9999.00  9999.00  9999.00
 00037  1000.74    33.30  9999.00     2.00   250.00    30.00  9999.00  9999.00  9999.00  9999.00
 00038  1005.63    28.70  9999.00     4.00   250.00    13.00  9999.00  9999.00  9999.00  9999.00
 00039  1006.15    28.80  9999.00     7.00   220.00    24.00  9999.00  9999.00  9999.00  9999.00
 00040  1003.55    27.00  9999.00     3.00   220.00    16.00  9999.00  9999.00  9999.00  9999.00
 00041   813.50    17.70   100.00    11.00   250.00     0.00  9999.00  9999.00  9999.00  9999.00
 00042   999.30    32.50  9999.00     6.00   220.00    30.00  9999.00  9999.00  9999.00  9999.00
 00043  1001.43    32.70  9999.00     4.00   220.00    30.00  9999.00  9999.00  9999.00  9999.00
 00044   996.14    32.50  9999.00     5.00   220.00    15.00  9999.00  9999.00  9999.00  9999.00
 00045  1003.55    27.00  9999.00     3.00   220.00    16.00  9999.00  9999.00  9999.00  9999.00
 00046   965.39    28.70  9999.00     6.00   160.00    30.00  9999.00  9999.00  9999.00  9999.00
 00047   999.58    35.80  9999.00     1.00   320.00    19.00  9999.00  9999.00  9999.00  9999.00
 00048   655.30    15.50    65.86     1.00   290.00    30.00  9999.00  9999.00  9999.00  9999.00
 00049   603.60    11.70    63.70     1.00   290.00    30.00  9999.00  9999.00  9999.00  9999.00
 00050  1005.35    31.20  9999.00     7.00   200.00    30.00  9999.00  9999.00  9999.00  9999.00
