stn_id       p       t2      rh2      spd      dir      vis    rain6   rain24   tmax24   tmin24 
 00001   967.24    21.35    86.30     2.23    69.52    23.10  9999.00  9999.00  9999.00  9999.00
 00002   996.49    25.14    62.26     1.69    71.16    23.79  9999.00  9999.00  9999.00  9999.00
 00003   903.81    22.34    43.37     4.61    87.72    23.37  9999.00  9999.00  9999.00  9999.00
 00004   836.59    16.92    51.73     4.15   144.99    23.61  9999.00  9999.00  9999.00  9999.00
 00005   871.07    20.55    41.12     2.40   164.62    26.09  9999.00  9999.00  9999.00  9999.00
 00006   883.21    18.46    36.95     3.43   111.35    26.85  9999.00  9999.00  9999.00  9999.00
 00007  1009.01    18.02    56.20     3.53     7.94    25.81  9999.00  9999.00  9999.00  9999.00
 00008   993.75    15.55    50.47     2.95   342.08    26.77  9999.00  9999.00  9999.00  9999.00
 00009   944.96    11.26    52.66     2.63   257.01    32.71  9999.00  9999.00  9999.00  9999.00
 00010   969.21    14.51    77.74     2.92   274.86    29.61  9999.00  9999.00  9999.00  9999.00
 00011   999.88    14.00    49.21     3.70   304.13    27.56  9999.00  9999.00  9999.00  9999.00
 00012  1013.61    24.73    56.17     1.51    66.05    23.29  9999.00  9999.00  9999.00  9999.00
 00013  1012.23    21.72    75.23     2.00   134.94    23.41  9999.00  9999.00  9999.00  9999.00
 00014  1008.99    19.41    95.09     2.66    50.60    11.46  9999.00  9999.00  9999.00  9999.00
 00015   997.24    24.56    51.87     0.99   118.32    19.99  9999.00  9999.00  9999.00  9999.00
 00016   953.26    19.88    71.47     2.19    54.60    23.62  9999.00  9999.00  9999.00  9999.00
 00017   997.91    22.76    60.09     1.81   120.80    22.24  9999.00  9999.00  9999.00  9999.00
 00018  1010.91    21.30    75.56     2.18   135.28    22.90  9999.00  9999.00  9999.00  9999.00
 00019   932.69    18.84    82.99     2.44    70.19    24.70  9999.00  9999.00  9999.00  9999.00
 00020  1015.53    20.38    77.61     3.11    60.76    22.94  9999.00  9999.00  9999.00  9999.00
 00021   892.26    15.04    56.69     3.79   340.73    26.38  9999.00  9999.00  9999.00  9999.00
 00022  1015.79    25.69    53.93     2.46    48.78    21.17  9999.00  9999.00  9999.00  9999.00
 00023   920.23    15.83    52.19     4.70   290.88    22.70  9999.00  9999.00  9999.00  9999.00
 00024   943.54    14.07    68.54     6.17   295.87    18.69  9999.00  9999.00  9999.00  9999.00
 00025   794.03    22.60    62.14     4.13   229.99    24.81  9999.00  9999.00  9999.00  9999.00
 00026  1009.25    21.10    80.18     2.87    31.12    24.11  9999.00  9999.00  9999.00  9999.00
 00027  1005.01    19.39    83.59     2.81   318.99    24.15  9999.00  9999.00  9999.00  9999.00
 00028   973.09    18.72    83.31     2.95    26.07    23.39  9999.00  9999.00  9999.00  9999.00
 00029  1003.77    27.78    83.37     1.88    55.58    24.01  9999.00  9999.00  9999.00  9999.00
 00030   991.76    30.65    66.89     2.24   145.98    28.71  9999.00  9999.00  9999.00  9999.00
 00031   573.85    13.64    35.05     3.27   234.29    25.89  9999.00  9999.00  9999.00  9999.00
 00032   977.17    23.29    86.31     2.06    95.08    13.84  9999.00  9999.00  9999.00  9999.00
 00033  1006.23    21.11    96.18     5.09   100.04     0.10  9999.00  9999.00  9999.00  9999.00
 00034  1008.08    27.41    87.77     5.24    26.66    22.00  9999.00  9999.00  9999.00  9999.00
 00035  1005.57    28.35    74.25     3.20    57.61    18.40  9999.00  9999.00  9999.00  9999.00
 00036   772.47    21.35    68.48     3.64   186.99    24.34  9999.00  9999.00  9999.00  9999.00
 00037   967.48    24.08    84.24     1.94   108.38    19.68  9999.00  9999.00  9999.00  9999.00
 00038   993.41    28.11    75.48     1.13    87.26    24.36  9999.00  9999.00  9999.00  9999.00
 00039  1007.51    25.17    84.65     8.26    51.25    24.61  9999.00  9999.00  9999.00  9999.00
 00040  1004.95    26.41    82.20     5.16    76.93    24.94  9999.00  9999.00  9999.00  9999.00
 00041   970.32    18.09    92.72     1.69    69.02    22.72  9999.00  9999.00  9999.00  9999.00
 00042  1012.27    19.72    87.15     2.59    76.69    22.95  9999.00  9999.00  9999.00  9999.00
 00043  1002.46    21.45    81.38     2.48    31.66    24.59  9999.00  9999.00  9999.00  9999.00
 00044   984.14    20.30    96.67     1.88    67.04     3.62  9999.00  9999.00  9999.00  9999.00
 00045  1004.95    26.41    82.20     5.16    76.93    24.94  9999.00  9999.00  9999.00  9999.00
 00046   941.20    23.48    94.71     0.83    64.79    11.95  9999.00  9999.00  9999.00  9999.00
 00047  1001.99    22.63    91.48     3.55    94.63     5.94  9999.00  9999.00  9999.00  9999.00
 00048   603.96    15.04    45.84     2.58   173.08    30.29  9999.00  9999.00  9999.00  9999.00
 00049   579.27     5.07    85.49     2.39   199.88    12.20  9999.00  9999.00  9999.00  9999.00
 00050   999.97    26.25    75.11     5.61    57.70    24.16  9999.00  9999.00  9999.00  9999.00
