stn_id       p       t2      rh2      spd      dir      vis    rain6   rain24   tmax24   tmin24 
 00001   975.79     8.37    94.08     1.91   329.46    19.36  9999.00  9999.00  9999.00  9999.00
 00002  1004.78    -2.89    86.58     1.27   285.02    27.09  9999.00  9999.00  9999.00  9999.00
 00003   907.19    -1.68    77.90     0.86   287.87    25.01  9999.00  9999.00  9999.00  9999.00
 00004   835.06    -4.68    77.70     1.48   146.45    25.89  9999.00  9999.00  9999.00  9999.00
 00005   870.85    -5.28    77.31     1.68    77.09    31.03  9999.00  9999.00  9999.00  9999.00
 00006   879.53    -2.62    51.80     5.42   198.20    35.05  9999.00  9999.00  9999.00  9999.00
 00007  1012.73     0.61    88.70     5.01   195.00    37.38  9999.00  9999.00  9999.00  9999.00
 00008   992.85    -0.92    82.08     6.61   219.48    42.31  9999.00  9999.00  9999.00  9999.00
 00009   937.03   -12.62    89.14     1.75   220.51    51.69  9999.00  9999.00  9999.00  9999.00
 00010   972.41   -10.34    66.62     2.65   245.73    41.35  9999.00  9999.00  9999.00  9999.00
 00011   998.15    -6.22    77.18     4.62   203.23    45.96  9999.00  9999.00  9999.00  9999.00
 00012  1021.09    -2.92    82.56     1.65   191.43    29.49  9999.00  9999.00  9999.00  9999.00
 00013  1022.96     5.63    87.72     2.12    80.98    21.29  9999.00  9999.00  9999.00  9999.00
 00014  1019.18     6.92    89.64     1.91   333.48    21.60  9999.00  9999.00  9999.00  9999.00
 00015  1006.13     0.60    87.27     2.51   165.08    22.71  9999.00  9999.00  9999.00  9999.00
 00016   960.08     3.20    84.58     1.06   109.13    20.53  9999.00  9999.00  9999.00  9999.00
 00017  1007.43     3.54    71.80     0.77   207.08    20.85  9999.00  9999.00  9999.00  9999.00
 00018  1021.27     5.33    86.91     2.35    99.18    20.47  9999.00  9999.00  9999.00  9999.00
 00019   940.37     8.64    88.89     0.65   320.27    20.10  9999.00  9999.00  9999.00  9999.00
 00020  1025.42     7.95    80.48     2.78    10.34    21.35  9999.00  9999.00  9999.00  9999.00
 00021   885.16   -11.25    91.89     1.02   158.28    11.35  9999.00  9999.00  9999.00  9999.00
 00022  1024.60    -2.67    84.77     2.03   206.06    26.90  9999.00  9999.00  9999.00  9999.00
 00023   919.41    -7.12    88.86     6.66   267.71    11.64  9999.00  9999.00  9999.00  9999.00
 00024   940.59    -7.48    93.94     3.40   300.19    11.22  9999.00  9999.00  9999.00  9999.00
 00025   797.44     6.48    75.30     2.27   233.53    18.98  9999.00  9999.00  9999.00  9999.00
 00026  1018.83     8.29    89.43     2.35    35.14    19.73  9999.00  9999.00  9999.00  9999.00
 00027  1014.02     7.72    94.45     1.98   114.70    18.89  9999.00  9999.00  9999.00  9999.00
 00028   981.52     7.38    90.11     1.90   118.28    17.63  9999.00  9999.00  9999.00  9999.00
 00029  1013.22    15.92    86.16     1.73    37.96    20.96  9999.00  9999.00  9999.00  9999.00
 00030  1002.07    17.73    74.28     1.29    32.37    22.00  9999.00  9999.00  9999.00  9999.00
 00031   570.04    -6.78    32.11     2.12   245.17    37.02  9999.00  9999.00  9999.00  9999.00
 00032   985.41    12.69    81.76     1.93   344.41    17.55  9999.00  9999.00  9999.00  9999.00
 00033  1013.67    20.12    91.14     8.55    58.83    13.23  9999.00  9999.00  9999.00  9999.00
 00034  1014.05    26.30    82.96     5.49    50.00    17.16  9999.00  9999.00  9999.00  9999.00
 00035  1012.53    22.26    92.40     5.01    41.95    11.38  9999.00  9999.00  9999.00  9999.00
 00036   776.00     6.07    65.01     2.06   155.92    20.22  9999.00  9999.00  9999.00  9999.00
 00037   975.57    12.38    86.52     1.29   258.21    15.52  9999.00  9999.00  9999.00  9999.00
 00038  1002.44    15.63    85.12     1.08   350.60    20.69  9999.00  9999.00  9999.00  9999.00
 00039  1016.21    18.02    75.66    10.64    17.49    20.49  9999.00  9999.00  9999.00  9999.00
 00040  1013.50    18.23    74.73     6.74    31.94    21.05  9999.00  9999.00  9999.00  9999.00
 00041   979.22     3.11    91.09     1.68   106.44    19.77  9999.00  9999.00  9999.00  9999.00
 00042  1022.53     5.45    90.68     2.01    90.76    20.95  9999.00  9999.00  9999.00  9999.00
 00043  1011.76    10.09    94.55     2.18    40.19    19.92  9999.00  9999.00  9999.00  9999.00
 00044   993.34     7.87    92.32     1.93    50.44    18.95  9999.00  9999.00  9999.00  9999.00
 00045  1013.50    18.23    74.73     6.74    31.94    21.05  9999.00  9999.00  9999.00  9999.00
 00046   948.24    10.89    99.32     1.52    76.92    16.36  9999.00  9999.00  9999.00  9999.00
 00047  1011.51    13.42    80.73     4.49   332.86    15.81  9999.00  9999.00  9999.00  9999.00
 00048   600.08    -2.65    12.51     1.81   189.05    39.13  9999.00  9999.00  9999.00  9999.00
 00049   573.77   -11.09    98.50     0.65   188.29     6.40  9999.00  9999.00  9999.00  9999.00
 00050  1008.76    15.56    73.74     5.62    12.54    20.12  9999.00  9999.00  9999.00  9999.00
