stn_id       p       t2      rh2      spd      dir      vis    rain6   rain24   tmax24   tmin24 
 00001   965.57    20.94    79.65     1.07   297.29    24.17     0.35  9999.00  9999.00  9999.00
 00002   998.99    14.07    60.18     1.72   281.11    20.15     0.00  9999.00  9999.00  9999.00
 00003   907.11     6.94    84.85     2.20   334.47     7.38     3.07  9999.00  9999.00  9999.00
 00004   837.13     3.97    93.05     1.45   100.41    15.65     1.68  9999.00  9999.00  9999.00
 00005   873.73     9.14    52.30     2.05    84.10    17.23     0.00  9999.00  9999.00  9999.00
 00006   885.87     7.40    48.20     2.90    59.16    17.20     0.00  9999.00  9999.00  9999.00
 00007  1008.22    12.98    47.73     3.70    20.88    19.68     0.00  9999.00  9999.00  9999.00
 00008   993.56     9.25    53.98     2.86    37.34    21.73     0.00  9999.00  9999.00  9999.00
 00009   948.45     3.86    59.09     1.67   234.30    36.93     0.00  9999.00  9999.00  9999.00
 00010   970.51     6.67    63.51     2.26   167.20    22.39     0.00  9999.00  9999.00  9999.00
 00011   999.76     8.92    56.71     2.73   253.04    24.22     0.00  9999.00  9999.00  9999.00
 00012  1013.74    17.10    43.60     1.99   120.98    18.79     0.00  9999.00  9999.00  9999.00
 00013  1005.45    18.07    74.81     4.36    20.32    23.41     0.25  9999.00  9999.00  9999.00
 00014  1000.55    19.01    90.00     3.58    28.62    15.44     1.21  9999.00  9999.00  9999.00
 00015   996.13    15.93    48.11     5.49    37.28    19.08     0.00  9999.00  9999.00  9999.00
 00016   955.15    11.93    86.12     3.21   141.02    11.45     0.78  9999.00  9999.00  9999.00
 00017   998.29    16.20    38.48     5.79    12.18    21.19     0.00  9999.00  9999.00  9999.00
 00018  1004.75    19.17    68.52     5.43    43.79    23.33     0.02  9999.00  9999.00  9999.00
 00019   931.19    20.38    76.44     1.14   312.52    25.05     0.01  9999.00  9999.00  9999.00
 00020  1006.13    18.60    85.16     3.66   352.73    21.91     0.11  9999.00  9999.00  9999.00
 00021   894.01     6.79    39.02     2.16   298.59    27.64     0.04  9999.00  9999.00  9999.00
 00022  1016.39    17.83    37.40     2.40    30.00    18.38     0.00  9999.00  9999.00  9999.00
 00023   921.65    11.95    29.71     1.09   143.36    25.80     0.00  9999.00  9999.00  9999.00
 00024   945.25    15.02    17.56     3.45   302.78    27.83     0.00  9999.00  9999.00  9999.00
 00025   789.25    24.04    30.96     3.52   234.86    25.72     0.00  9999.00  9999.00  9999.00
 00026  1000.81    17.72    89.83     6.33     5.35    11.03     2.79  9999.00  9999.00  9999.00
 00027   999.74    18.05    87.34     5.92   352.70     9.54     9.96  9999.00  9999.00  9999.00
 00028   970.12    17.12    80.15     4.90    34.15    22.29     0.03  9999.00  9999.00  9999.00
 00029   997.33    27.10    87.95     3.41   178.50    26.11     2.68  9999.00  9999.00  9999.00
 00030   982.99    30.41    77.44     2.92    87.03    27.85     0.14  9999.00  9999.00  9999.00
 00031   568.92     7.85    11.78     3.56   238.16    25.28     0.00  9999.00  9999.00  9999.00
 00032   968.20    23.15    90.72     1.81   174.30     6.29     0.91  9999.00  9999.00  9999.00
 00033   997.75    24.93    89.37     7.09   150.65    28.57     0.00  9999.00  9999.00  9999.00
 00034  1004.09    28.29    89.14     7.78   158.51    29.89     0.00  9999.00  9999.00  9999.00
 00035   998.10    29.04    80.13     6.66   171.41    28.31     0.00  9999.00  9999.00  9999.00
 00036   768.69    18.95    49.15     2.32    46.05    23.93     0.12  9999.00  9999.00  9999.00
 00037   958.69    23.09    93.50     1.41   147.78     5.26     2.61  9999.00  9999.00  9999.00
 00038   986.96    25.98    87.11     2.40   170.88    24.68     0.46  9999.00  9999.00  9999.00
 00039  1000.42    25.85    89.96     7.86   200.86    13.18     0.50  9999.00  9999.00  9999.00
 00040   998.85    26.62    90.65     6.15   203.18    25.75     0.35  9999.00  9999.00  9999.00
 00041   963.12    16.81    93.18     2.99    25.12     9.38     0.94  9999.00  9999.00  9999.00
 00042  1005.12    19.07    75.36     4.46    30.37    23.94     0.32  9999.00  9999.00  9999.00
 00043   994.14    18.11    94.13     5.17    29.18     1.28    14.97  9999.00  9999.00  9999.00
 00044   975.18    18.92    95.60     3.83    51.22     9.66    20.11  9999.00  9999.00  9999.00
 00045   998.85    26.62    90.65     6.15   203.18    25.75     0.35  9999.00  9999.00  9999.00
 00046   933.66    21.59    97.32     3.82   199.24    23.43     6.40  9999.00  9999.00  9999.00
 00047   992.49    21.08    99.16     3.09    44.89     0.93    11.09  9999.00  9999.00  9999.00
 00048   600.39     8.26    32.79     1.54    40.96    27.85     0.09  9999.00  9999.00  9999.00
 00049   574.77    -0.70    82.84     2.30   206.78    22.11     0.02  9999.00  9999.00  9999.00
 00050   992.43    25.30    90.97     5.72   205.48    12.50     0.88  9999.00  9999.00  9999.00
