stn_id       p       t2      rh2      spd      dir      vis    rain6   rain24   tmax24   tmin24 
 00001   970.76    21.11    81.00     2.30   156.28    11.56  9999.00  9999.00  9999.00  9999.00
 00002  1002.75    21.30    32.32     2.54    47.58    20.19  9999.00  9999.00  9999.00  9999.00
 00003   908.91    15.95    40.10     4.30    86.72    18.83  9999.00  9999.00  9999.00  9999.00
 00004   839.68    11.96    39.06     3.88   138.81    17.32  9999.00  9999.00  9999.00  9999.00
 00005   875.84    14.92    29.01     3.30   118.11    17.29  9999.00  9999.00  9999.00  9999.00
 00006   887.86    14.47    25.82     2.09   101.08    17.27  9999.00  9999.00  9999.00  9999.00
 00007  1011.41    17.25    42.87     3.99   350.15    19.73  9999.00  9999.00  9999.00  9999.00
 00008   995.06    15.95    42.77     1.78   271.64    21.77  9999.00  9999.00  9999.00  9999.00
 00009   943.44    14.08    34.08     4.96   249.82    36.83  9999.00  9999.00  9999.00  9999.00
 00010   971.83    15.98    31.30     1.29   345.69    22.40  9999.00  9999.00  9999.00  9999.00
 00011  1001.63    17.51    32.02     2.75   276.53    24.27  9999.00  9999.00  9999.00  9999.00
 00012  1019.31    22.08    25.97     2.19    76.00    18.87  9999.00  9999.00  9999.00  9999.00
 00013  1008.76    17.90    76.06     6.14   349.14    23.50  9999.00  9999.00  9999.00  9999.00
 00014  1003.29    18.00    84.07     5.20   320.15    24.26  9999.00  9999.00  9999.00  9999.00
 00015   999.62    19.44    48.57     6.06    40.15    19.14  9999.00  9999.00  9999.00  9999.00
 00016   960.76    13.06    70.64     2.77   165.78    20.33  9999.00  9999.00  9999.00  9999.00
 00017  1001.99    17.71    40.00     4.88    26.55    21.30  9999.00  9999.00  9999.00  9999.00
 00018  1009.55    18.80    67.37     6.04     8.56    23.45  9999.00  9999.00  9999.00  9999.00
 00019   936.71    18.43    74.74     2.27    88.48    24.18  9999.00  9999.00  9999.00  9999.00
 00020  1006.11    21.23    78.05     6.19   314.41    21.92  9999.00  9999.00  9999.00  9999.00
 00021   893.91     6.83    43.93     2.28   282.15    27.78  9999.00  9999.00  9999.00  9999.00
 00022  1021.55    22.05    23.38     5.16    35.59    18.43  9999.00  9999.00  9999.00  9999.00
 00023   920.48    11.15    33.69     1.94   305.52    25.77  9999.00  9999.00  9999.00  9999.00
 00024   945.02     9.91    30.64     1.86   321.51    27.80  9999.00  9999.00  9999.00  9999.00
 00025   793.75    23.45    31.03     3.18   222.34    25.87  9999.00  9999.00  9999.00  9999.00
 00026  1008.56    18.58    80.09     5.19     8.99    22.38  9999.00  9999.00  9999.00  9999.00
 00027  1006.94    17.47    70.51     5.83   351.16    25.29  9999.00  9999.00  9999.00  9999.00
 00028   976.76    17.12    69.50     4.70    39.84    23.97  9999.00  9999.00  9999.00  9999.00
 00029  1002.61    22.87    89.29     4.28    14.31    12.04  9999.00  9999.00  9999.00  9999.00
 00030   992.94    22.17    80.54     4.30    29.85    29.33  9999.00  9999.00  9999.00  9999.00
 00031   571.76     3.05    35.21     2.27   234.10    25.38  9999.00  9999.00  9999.00  9999.00
 00032   970.92    25.51    75.73     3.17   269.01    14.64  9999.00  9999.00  9999.00  9999.00
 00033  1002.32    24.57    97.37     3.24   193.60     0.68  9999.00  9999.00  9999.00  9999.00
 00034  1006.33    28.33    86.43     7.60   181.31    29.91  9999.00  9999.00  9999.00  9999.00
 00035  1001.77    35.26    53.38     4.62   205.52    28.41  9999.00  9999.00  9999.00  9999.00
 00036   775.03    16.97    55.50     0.46   148.88    24.02  9999.00  9999.00  9999.00  9999.00
 00037   961.63    24.89    76.60     3.18   293.57    17.84  9999.00  9999.00  9999.00  9999.00
 00038   988.69    27.69    78.55     2.59   306.49    19.67  9999.00  9999.00  9999.00  9999.00
 00039  1001.64    26.53    86.50     4.14   225.28     6.69  9999.00  9999.00  9999.00  9999.00
 00040  1000.16    27.19    84.64     4.39   263.24    18.47  9999.00  9999.00  9999.00  9999.00
 00041   967.72    15.68    86.23     3.38   213.16    17.56  9999.00  9999.00  9999.00  9999.00
 00042  1008.95    19.26    71.38     5.01   352.59    24.04  9999.00  9999.00  9999.00  9999.00
 00043  1002.09    19.15    77.23     5.60    17.01    26.14  9999.00  9999.00  9999.00  9999.00
 00044   981.38    18.46    85.21     2.31   287.21    13.90  9999.00  9999.00  9999.00  9999.00
 00045  1000.16    27.19    84.64     4.39   263.24    18.47  9999.00  9999.00  9999.00  9999.00
 00046   938.87    18.32    88.70     2.68   342.70    19.33  9999.00  9999.00  9999.00  9999.00
 00047   995.32    20.05    86.23     5.90   327.56    11.90  9999.00  9999.00  9999.00  9999.00
 00048   602.92     5.66    48.88     2.47   195.07    26.96  9999.00  9999.00  9999.00  9999.00
 00049   576.22     0.96    72.25     2.82   212.64    21.19  9999.00  9999.00  9999.00  9999.00
 00050   993.75    28.65    73.10     2.96   264.24    21.52  9999.00  9999.00  9999.00  9999.00
