stn_id       p       t2      rh2      spd      dir      vis    rain6   rain24   tmax24   tmin24 
 00001   962.60    26.61    84.12     1.22   147.31    24.89  9999.00  9999.00  9999.00  9999.00
 00002   979.10    32.53    56.50     2.08   174.23    25.43  9999.00  9999.00  9999.00  9999.00
 00003   892.48    30.74    17.07     3.92   328.65    24.48  9999.00  9999.00  9999.00  9999.00
 00004   828.38    23.65    21.54     4.54   317.53    24.59  9999.00  9999.00  9999.00  9999.00
 00005   861.95    25.13    20.55     6.05   317.21    27.32  9999.00  9999.00  9999.00  9999.00
 00006   871.92    22.79    25.85     8.48   308.68    28.46  9999.00  9999.00  9999.00  9999.00
 00007   990.52    21.96    94.30     4.71   178.07     2.49  9999.00  9999.00  9999.00  9999.00
 00008   973.21    21.72    92.92     8.65   223.05     1.64  9999.00  9999.00  9999.00  9999.00
 00009   936.55    19.68    45.73     1.50   351.12    39.40  9999.00  9999.00  9999.00  9999.00
 00010   957.95    21.39    91.23     3.10   112.89    13.89  9999.00  9999.00  9999.00  9999.00
 00011   981.23    22.07    93.91     2.86   144.74     0.53  9999.00  9999.00  9999.00  9999.00
 00012   994.21    29.29    67.08     1.96   205.73    24.09  9999.00  9999.00  9999.00  9999.00
 00013   998.48    28.25    80.94     1.52   224.27    11.09  9999.00  9999.00  9999.00  9999.00
 00014   995.79    29.51    75.58     2.59   208.05    24.41  9999.00  9999.00  9999.00  9999.00
 00015   980.61    30.30    60.38     2.00   241.66    20.35  9999.00  9999.00  9999.00  9999.00
 00016   944.84    31.11    48.46     2.48   257.76    25.36  9999.00  9999.00  9999.00  9999.00
 00017   981.96    33.07    52.83     2.68   265.07    23.76  9999.00  9999.00  9999.00  9999.00
 00018   996.84    28.13    83.31     1.57   260.04     3.12  9999.00  9999.00  9999.00  9999.00
 00019   928.14    28.63    69.58     0.86   213.68    27.18  9999.00  9999.00  9999.00  9999.00
 00020  1001.47    28.72    77.62     3.22   159.93    14.66  9999.00  9999.00  9999.00  9999.00
 00021   887.07    30.40    18.72     2.96   299.76    27.72  9999.00  9999.00  9999.00  9999.00
 00022   997.00    30.77    59.59     1.59   219.48    21.53  9999.00  9999.00  9999.00  9999.00
 00023   914.06    30.22    17.59     2.62   327.34    23.32  9999.00  9999.00  9999.00  9999.00
 00024   937.84    29.95    16.70     5.58   300.31    25.64  9999.00  9999.00  9999.00  9999.00
 00025   791.64    21.71    71.83     1.00   217.41    14.67  9999.00  9999.00  9999.00  9999.00
 00026   997.91    27.84    85.83     3.43   214.11     4.87  9999.00  9999.00  9999.00  9999.00
 00027   993.98    28.36    87.37     3.05   213.75    17.23  9999.00  9999.00  9999.00  9999.00
 00028   965.23    27.96    82.20     2.83   204.83     5.86  9999.00  9999.00  9999.00  9999.00
 00029   999.44    28.94    78.24     2.11   164.89    28.00  9999.00  9999.00  9999.00  9999.00
 00030   987.69    28.61    80.88     2.35   140.63    24.66  9999.00  9999.00  9999.00  9999.00
 00031   575.39    10.76    72.51     1.14   198.96    15.70  9999.00  9999.00  9999.00  9999.00
 00032   969.18    28.27    73.91     2.25   209.29    21.37  9999.00  9999.00  9999.00  9999.00
 00033  1001.24    22.52    97.70     4.53   115.05     0.47  9999.00  9999.00  9999.00  9999.00
 00034  1004.71    28.13    85.94     4.86   192.55    32.51  9999.00  9999.00  9999.00  9999.00
 00035  1000.59    29.98    74.48     3.64   141.17    28.33  9999.00  9999.00  9999.00  9999.00
 00036   773.41    22.58    54.74     1.19   265.37    24.28  9999.00  9999.00  9999.00  9999.00
 00037   959.85    28.97    75.51     1.16   256.42    23.45  9999.00  9999.00  9999.00  9999.00
 00038   987.91    28.73    78.98     2.13   200.51    26.41  9999.00  9999.00  9999.00  9999.00
 00039  1001.37    26.81    88.86     6.57   204.41    22.19  9999.00  9999.00  9999.00  9999.00
 00040   999.64    27.88    84.62     4.14   204.69    26.74  9999.00  9999.00  9999.00  9999.00
 00041   959.64    27.20    78.43     2.48   234.96    24.46  9999.00  9999.00  9999.00  9999.00
 00042   998.65    29.15    76.80     2.92   235.71    21.56  9999.00  9999.00  9999.00  9999.00
 00043   992.34    26.86    92.69     3.23   198.37     2.34  9999.00  9999.00  9999.00  9999.00
 00044   975.24    26.13    87.52     2.44   245.51     7.99  9999.00  9999.00  9999.00  9999.00
 00045   999.64    27.88    84.62     4.14   204.69    26.74  9999.00  9999.00  9999.00  9999.00
 00046   935.58    27.24    72.33     2.84   228.79    25.94  9999.00  9999.00  9999.00  9999.00
 00047   991.97    26.75    87.47     3.21   179.25    21.90  9999.00  9999.00  9999.00  9999.00
 00048   604.37    16.50    54.16     0.57   219.29    28.76  9999.00  9999.00  9999.00  9999.00
 00049   578.78     7.54    90.45     1.88   207.07     4.14  9999.00  9999.00  9999.00  9999.00
 00050   993.40    28.18    82.80     5.08   204.00    22.20  9999.00  9999.00  9999.00  9999.00
