stn_id       p       t2      rh2      spd      dir      vis    rain6   rain24   tmax24   tmin24 
 00001   963.16    23.76    79.64     1.00   327.40    26.36     0.00  9999.00  9999.00  9999.00
 00002   989.90    23.23    41.93     2.36   315.68    22.65     0.01  9999.00  9999.00  9999.00
 00003   898.65    19.82    45.97     3.35    35.51    21.75     0.00  9999.00  9999.00  9999.00
 00004   832.24    14.13    48.74     2.74    71.03    20.05     0.00  9999.00  9999.00  9999.00
 00005   868.13    16.83    39.74     2.45    28.41    19.56     0.00  9999.00  9999.00  9999.00
 00006   879.55    16.46    45.09     1.73   343.83    18.83     0.00  9999.00  9999.00  9999.00
 00007   996.51    18.72    86.53     0.88   329.80    21.24     0.00  9999.00  9999.00  9999.00
 00008   981.21    20.10    75.70     1.69    16.78    23.05     0.00  9999.00  9999.00  9999.00
 00009   939.44    21.10    58.08     2.74   254.91    37.20     0.00  9999.00  9999.00  9999.00
 00010   960.41    15.17    87.98     1.42    91.43    23.22     0.25  9999.00  9999.00  9999.00
 00011   988.28    21.74    65.23     1.68     8.05    24.97     0.00  9999.00  9999.00  9999.00
 00012  1005.12    23.80    40.48     2.44    21.55    20.46     0.00  9999.00  9999.00  9999.00
 00013  1002.76    24.32    73.27     1.46    86.55    26.21     0.00  9999.00  9999.00  9999.00
 00014   999.99    20.72    95.19     1.26    95.94     1.34     0.03  9999.00  9999.00  9999.00
 00015   988.35    24.99    46.44     1.06   228.40    21.42     0.07  9999.00  9999.00  9999.00
 00016   947.43    21.34    84.61     0.77   114.48    23.90     0.00  9999.00  9999.00  9999.00
 00017   989.72    23.80    60.35     1.64    51.82    24.42     0.06  9999.00  9999.00  9999.00
 00018  1001.51    25.09    65.08     0.39   291.22    26.24     0.01  9999.00  9999.00  9999.00
 00019   928.28    22.70    67.52     1.12   261.66    27.08     0.00  9999.00  9999.00  9999.00
 00020  1006.09    20.60    91.01     2.52    41.93     7.44     0.07  9999.00  9999.00  9999.00
 00021   888.29    17.84    78.09     3.58   336.76    15.60     0.44  9999.00  9999.00  9999.00
 00022  1007.42    23.90    42.77     1.82    17.10    20.14     0.00  9999.00  9999.00  9999.00
 00023   915.23    16.44    74.36     2.37   267.99    24.41     0.05  9999.00  9999.00  9999.00
 00024   937.28    16.83    59.37     7.83   301.94    26.02     3.36  9999.00  9999.00  9999.00
 00025   790.84    16.41    94.21     1.38   201.61    12.56     3.15  9999.00  9999.00  9999.00
 00026   999.29    25.42    72.39     2.79    31.45    27.62     0.00  9999.00  9999.00  9999.00
 00027   994.28    28.40    78.30     1.33   114.84    27.69     0.00  9999.00  9999.00  9999.00
 00028   964.52    25.59    84.45     0.69    50.94    26.46     0.00  9999.00  9999.00  9999.00
 00029   996.46    26.32    90.85     2.27    60.12    18.45     0.71  9999.00  9999.00  9999.00
 00030   986.36    26.72    92.25     0.54    89.59    27.30     0.00  9999.00  9999.00  9999.00
 00031   572.24     2.84    71.92     1.43   205.78    22.61     0.00  9999.00  9999.00  9999.00
 00032   969.59    23.21    94.91     1.23    66.73     6.59     0.16  9999.00  9999.00  9999.00
 00033   999.58    22.92    98.71     4.65   267.74     0.58     0.01  9999.00  9999.00  9999.00
 00034  1003.45    28.49    87.07     6.31   237.96    32.62     0.26  9999.00  9999.00  9999.00
 00035   999.04    26.87    87.37     1.52   264.73    15.94     0.00  9999.00  9999.00  9999.00
 00036   773.86    13.79    87.88     0.89    57.37    24.15     0.41  9999.00  9999.00  9999.00
 00037   960.10    23.37    94.08     1.14    88.87    10.17     0.12  9999.00  9999.00  9999.00
 00038   986.79    24.53    96.94     0.44   153.28     4.84     8.91  9999.00  9999.00  9999.00
 00039  1000.33    24.63    95.67     2.39    32.47     8.95     8.73  9999.00  9999.00  9999.00
 00040   998.08    26.03    89.61     1.70    93.03    16.90     0.72  9999.00  9999.00  9999.00
 00041   962.14    23.97    67.30     0.87   109.39    26.29     0.00  9999.00  9999.00  9999.00
 00042  1002.32    24.87    71.90     1.81    94.99    26.58     0.00  9999.00  9999.00  9999.00
 00043   992.85    25.41    72.28     2.10    39.01    28.04     0.00  9999.00  9999.00  9999.00
 00044   975.34    25.10    82.34     2.46    57.15    25.68     0.00  9999.00  9999.00  9999.00
 00045   998.08    26.03    89.61     1.70    93.03    16.90     0.72  9999.00  9999.00  9999.00
 00046   933.85    24.87    85.73     0.36    69.86    25.44     0.00  9999.00  9999.00  9999.00
 00047   993.83    23.57    90.83     2.38    63.00     8.72     0.17  9999.00  9999.00  9999.00
 00048   603.27     5.73    84.12     1.12    21.10    22.51     0.33  9999.00  9999.00  9999.00
 00049   575.80     2.46    97.52     0.92    49.55     4.86     0.14  9999.00  9999.00  9999.00
 00050   992.74    24.59    97.73     1.23    22.89     3.29     4.61  9999.00  9999.00  9999.00
