stn_id       p       t2      rh2      spd      dir      vis    rain6   rain24   tmax24   tmin24 
 00001   983.40    19.70    88.72     2.00    40.00    12.00     2.00     2.00    34.50    19.70
 00002  1003.70    20.30    60.65     1.00   340.00    13.00     0.00     1.00    31.40    17.40
 00003   925.00    19.50    71.73     3.00    90.00     7.00     0.00     0.00    29.30    16.40
 00004   858.50    14.50    26.77     1.00   250.00    30.00     0.00     0.00    22.20     7.00
 00005   883.60    16.40    23.86     1.00   140.00    30.00     0.00     0.00    22.10     8.50
 00006   882.20    17.40    18.93     7.00   160.00    30.00     0.00     0.00    19.60     7.10
 00007  1008.50    12.90   100.00     2.00    90.00     9.00     0.10     6.20    13.90     9.80
 00008   986.40    12.70    79.15     2.00   180.00    10.00     0.00     0.00    15.30     8.90
 00009   960.10     6.00    49.99     1.00   180.00    30.00     0.00     0.01    15.70    -2.60
 00010   983.90    14.40    96.79     2.00   290.00    30.00     0.20    18.20    17.10    11.20
 00011   998.50    16.70    47.68     2.00   180.00    15.00     0.00     0.00    21.90     6.20
 00012  1009.80    21.70    49.67     1.00   270.00    16.00     0.00     0.00    26.90    14.50
 00013  1003.60    20.50    82.81     4.00   360.00    25.00     0.00     4.00    22.20    20.20
 00014  1001.10    22.30    87.82     1.00   320.00    16.00     0.00    36.00    22.80    20.10
 00015   992.20    17.10    86.81     3.00    40.00     3.00     0.00     0.00    33.50    17.00
 00016   962.60    24.70    44.79     2.00   290.00    25.00     0.00     0.00    31.70    21.80
 00017  9999.00  9999.00  9999.00  9999.00  9999.00  9999.00  9999.00     0.00    33.20    21.00
 00018  1006.40    21.70    94.00     2.00   360.00     6.00     0.00     8.00    22.50    20.30
 00019   946.00    19.60    87.03     2.00   250.00    12.00     1.00     2.00    30.20    18.10
 00020  1004.60    22.30    78.94     4.00   290.00     9.00     0.30    10.40    22.90    19.60
 00021   907.20    14.80    58.95     2.00   200.00    23.00     0.00     0.00    22.40    14.50
 00022  1013.90    20.20    53.79     2.00    40.00    16.00     0.00     0.00    25.20    14.20
 00023   930.90    10.10    59.90     2.00   270.00    22.00     0.00     0.00    23.70     8.00
 00024   959.60    12.40    51.02     5.00   290.00    30.00     0.00     0.00    22.30    11.70
 00025   810.80    18.00    63.82     1.00   200.00    18.00     0.00     0.00    27.70    14.40
 00026  1003.40    25.10    77.85     1.00   340.00    14.00     0.00    23.00    25.40    21.90
 00027   996.00    22.30    88.92     2.00   290.00     8.00     0.00     0.00    28.80    19.40
 00028   977.00    22.40    81.98     2.00   160.00     8.00     0.00     0.00    32.00    17.80
 00029   999.40    27.70    87.71     2.00   160.00     9.00     0.00     0.40    30.70    25.20
 00030   988.40    27.60    85.62     3.00    70.00     6.00     0.00     0.00    34.60    24.20
 00031   628.60     3.80    80.07     1.00    90.00    30.00     4.00     4.00    15.40     3.10
 00032   996.00    25.10    97.03     1.00   140.00     4.80     2.00     4.00    29.60    23.10
 00033   999.40    29.30    68.61     3.00   160.00    16.00     0.00     0.00    37.00    27.30
 00034  1008.30    30.10    87.90     3.00   200.00     8.00     0.00     0.00    32.50    29.10
 00035  1004.90    29.10    82.73     3.00   180.00    13.00     0.00     0.00    32.90    27.20
 00036   838.20    21.40    55.86     1.00   140.00    21.00     0.00     0.00    33.00    21.20
 00037   998.90    24.80    92.99     2.00   250.00     7.00     2.00     2.60    29.40    22.60
 00038  1000.50    24.70    94.69     0.00     0.00     2.50     0.00     1.00    29.50    23.60
 00039  1004.40    24.00    98.79     4.00   250.00     2.10     0.00     0.30    26.80    23.80
 00040  1001.30    25.90    98.22     6.00   200.00  9999.00     0.00    31.00    27.40    24.90
 00041   812.60    10.60   100.00    13.00   340.00     0.00     9.00    27.60    14.20    10.60
 00042  1003.00    22.30    88.92     3.00   290.00     3.70     0.00    29.90    22.30    19.90
 00043  1001.00    24.70    89.09     1.00    20.00     6.00     0.00     0.50    28.40    22.00
 00044   994.00    22.20    98.17     2.00   200.00     4.20     0.10    31.10    25.30    20.50
 00045  1001.30    25.90    98.22     6.00   200.00  9999.00     0.00    31.00    27.40    24.90
 00046   962.00    23.40   100.00     2.00   160.00    16.00    25.00    25.10    29.40    22.40
 00047  1000.80    24.90    89.11     2.00   290.00     4.30     0.60     9.60    24.90    22.00
 00048   656.90     5.40    79.73     1.00   110.00    22.00     6.00     7.00    16.70     4.50
 00049   602.90     2.00    82.80     1.00   250.00    30.00     0.00     0.00     6.80     0.80
 00050   999.00    25.60    88.08     4.00   220.00     6.00     0.00     0.00    26.70    22.80
