stn_id       p       t2      rh2      spd      dir      vis    rain6   rain24   tmax24   tmin24 
 00001   988.26     9.97    91.51     0.77   121.61    17.75  9999.00  9999.00  9999.00  9999.00
 00002  1013.94    -1.19    56.37     2.25   164.33    24.10  9999.00  9999.00  9999.00  9999.00
 00003   916.30    -4.79    52.89     1.38   268.19    22.36  9999.00  9999.00  9999.00  9999.00
 00004   844.42    -6.50    42.53     1.68   212.50    22.86  9999.00  9999.00  9999.00  9999.00
 00005   880.05    -6.46    33.23     1.03   127.13    26.44  9999.00  9999.00  9999.00  9999.00
 00006   890.00    -5.37    30.30     3.50   240.63    29.43  9999.00  9999.00  9999.00  9999.00
 00007  1019.62    -5.64    26.51     2.49   330.14    29.17  9999.00  9999.00  9999.00  9999.00
 00008  1000.76    -6.61    43.61     2.50   320.93    35.40  9999.00  9999.00  9999.00  9999.00
 00009   943.64   -15.27    74.98     3.77   213.54    56.56  9999.00  9999.00  9999.00  9999.00
 00010   972.36    -6.73    48.63     3.63   285.82    34.99  9999.00  9999.00  9999.00  9999.00
 00011  1006.31    -8.26    74.55     3.43   312.14    42.14  9999.00  9999.00  9999.00  9999.00
 00012  1029.84    -2.71    29.29     0.70   322.95    24.90  9999.00  9999.00  9999.00  9999.00
 00013  1028.11     4.96    79.49     2.32    48.41    18.51  9999.00  9999.00  9999.00  9999.00
 00014  1023.25     8.32    75.43     2.55   224.92    18.35  9999.00  9999.00  9999.00  9999.00
 00015  1013.73    -0.62    28.97     2.31   101.49    19.44  9999.00  9999.00  9999.00  9999.00
 00016   971.16     2.48    65.19     1.19   148.56    18.10  9999.00  9999.00  9999.00  9999.00
 00017  1014.66     6.60    51.26     2.50    53.22    18.64  9999.00  9999.00  9999.00  9999.00
 00018  1027.01     6.00    62.91     2.33    26.62    18.17  9999.00  9999.00  9999.00  9999.00
 00019   951.44     7.72    74.90     1.49   293.60    20.65  9999.00  9999.00  9999.00  9999.00
 00020  1028.35     8.45    77.20     4.55   330.69    18.32  9999.00  9999.00  9999.00  9999.00
 00021   898.65    -5.81    67.74     2.35   140.78    26.10  9999.00  9999.00  9999.00  9999.00
 00022  1032.84    -1.68    25.13     2.09   151.10    22.51  9999.00  9999.00  9999.00  9999.00
 00023   922.83    -3.11    63.09     1.69   180.45    36.59  9999.00  9999.00  9999.00  9999.00
 00024   953.81    -7.95    95.65     6.99   118.56    15.10  9999.00  9999.00  9999.00  9999.00
 00025   802.69     7.58    92.31     3.50    91.39    20.47  9999.00  9999.00  9999.00  9999.00
 00026  1024.38    11.31    79.36     3.32    11.61    18.34  9999.00  9999.00  9999.00  9999.00
 00027  1020.82    12.21    78.56     2.69   113.82    17.81  9999.00  9999.00  9999.00  9999.00
 00028   990.60    10.75    88.99     1.50   350.39    16.67  9999.00  9999.00  9999.00  9999.00
 00029  1017.60    18.60    66.25     3.39    24.43    20.23  9999.00  9999.00  9999.00  9999.00
 00030  1007.95    19.08    74.80     2.26    19.45    22.13  9999.00  9999.00  9999.00  9999.00
 00031   573.26    -5.38    15.67     3.10   225.63    30.75  9999.00  9999.00  9999.00  9999.00
 00032   988.56    13.20    94.00     1.39    48.20    13.31  9999.00  9999.00  9999.00  9999.00
 00033  1019.37    21.29    77.29     3.13   104.46    21.58  9999.00  9999.00  9999.00  9999.00
 00034  1019.16    25.97    67.22     9.02    31.71    22.72  9999.00  9999.00  9999.00  9999.00
 00035  1018.53    20.17    81.75     1.51   356.65    21.43  9999.00  9999.00  9999.00  9999.00
 00036   782.06     4.56    78.24     1.62    84.15    20.71  9999.00  9999.00  9999.00  9999.00
 00037   978.62    12.53    93.72     1.05    46.54    11.56  9999.00  9999.00  9999.00  9999.00
 00038  1005.43    16.77    78.03     1.15   175.18    19.24  9999.00  9999.00  9999.00  9999.00
 00039  1019.70    19.82    79.13     9.26    43.65    17.11  9999.00  9999.00  9999.00  9999.00
 00040  1016.55    21.39    65.25     4.55    43.96    19.84  9999.00  9999.00  9999.00  9999.00
 00041   984.22     5.75    83.39     1.82     7.68    17.44  9999.00  9999.00  9999.00  9999.00
 00042  1027.93     6.80    68.93     2.76    31.32    18.30  9999.00  9999.00  9999.00  9999.00
 00043  1017.63    10.60    82.04     2.07    22.50    18.69  9999.00  9999.00  9999.00  9999.00
 00044   997.54     9.67    76.42     2.02    32.69    17.76  9999.00  9999.00  9999.00  9999.00
 00045  1016.55    21.39    65.25     4.55    43.96    19.84  9999.00  9999.00  9999.00  9999.00
 00046   952.97     9.52    88.72     1.84    13.89    18.33  9999.00  9999.00  9999.00  9999.00
 00047  1014.61    13.19    68.21     4.08   352.35    17.86  9999.00  9999.00  9999.00  9999.00
 00048   604.34    -3.08    30.20     1.55    72.49    33.68  9999.00  9999.00  9999.00  9999.00
 00049   577.86   -10.30    98.92     0.57   162.03     2.51  9999.00  9999.00  9999.00  9999.00
 00050  1012.28    16.52    85.04     4.91    33.63    18.04  9999.00  9999.00  9999.00  9999.00
