stn_id       p       t2      rh2      spd      dir      vis    rain6   rain24   tmax24   tmin24 
 00001   960.73    21.11    94.19     1.14    73.61    19.43     1.98     2.10    27.65    19.04
 00002   986.90    17.34    84.14     0.71   286.46    20.01     0.00     6.90    17.17    12.40
 00003   894.96    12.74    93.13     0.53    95.42     2.99     0.01     1.34    15.54     9.27
 00004   828.45     8.48    95.20     3.59    18.73    13.03     1.15     4.19    12.45     8.21
 00005   866.07     6.48    79.59     6.49    11.49    13.74     0.01    11.94    16.48     5.36
 00006   880.13     3.27    87.06     5.31     7.68    16.74     0.06    24.28    16.73     2.51
 00007   995.92    13.60    88.36     7.00    24.04     3.02     4.89     6.28    23.05    13.67
 00008   985.87    11.49    42.69     6.24    33.90    21.56    -0.00     0.04    19.35     9.91
 00009   951.72     6.35    37.57     2.01   322.37    36.94    -0.00     0.09     9.70    -1.28
 00010   964.12    11.83    89.00     0.85    61.42     5.91     0.17     0.17    23.88     8.53
 00011   996.63    12.14    47.35     5.44    40.58    24.09     0.00     0.93    16.81     9.15
 00012  1002.93    16.74    89.45     4.14     5.13     3.07     1.19     8.20    19.24    16.35
 00013   997.84    20.43    95.60     4.19   320.58    18.02     3.22    21.84    30.11    20.54
 00014   994.53    23.42    90.36     3.37   205.68     5.07    12.17    15.21    30.69    22.06
 00015   984.01    15.91    98.44     5.53   348.25     3.52     0.89    10.72    19.02    15.63
 00016   947.80    16.61    58.97     2.26   210.43    20.49     0.00     1.30    20.27    15.04
 00017   987.29    18.32    82.45     1.54    37.08    21.04     0.01     0.39    20.48    15.11
 00018   997.97    19.28    91.05     4.36   330.00    22.66     0.95    16.83    29.26    18.86
 00019   927.68    18.40    83.59     0.84   204.01    24.95     0.03     0.82    26.77    17.93
 00020  1000.49    22.60    95.05     4.45   185.86     1.29    12.52    14.38    29.13    22.06
 00021   895.45    -2.19    57.32     2.01   130.76    27.96    -0.00     1.88     4.39    -3.61
 00022  1004.46    16.44    89.24     4.47    16.07     7.75     1.73    17.29    17.75    15.69
 00023   924.87    -0.45    59.23     1.30   223.02    25.89    -0.00     1.00     8.17    -3.11
 00024   948.96     0.33    62.76     3.18   306.98    28.00    -0.00     0.25     9.13    -0.97
 00025   789.81    17.71    61.68     4.42   247.14    25.70     0.00     0.00    27.10    15.72
 00026   997.56    24.26    89.55     3.23   223.28    19.25    18.20    33.49    30.36    22.21
 00027   994.92    22.32    95.66     3.71   324.05    20.92     4.57    29.87    29.20    21.73
 00028   964.11    21.63    94.92     1.46    70.83    10.77     3.17    14.73    29.04    21.45
 00029  1000.09    26.38    87.09     4.83   179.01    24.63     0.20     1.24    30.03    23.96
 00030   985.72    27.08    85.28     4.53   161.98    29.72     0.00     0.17    31.01    24.38
 00031   571.29    -6.15    84.84     1.57   236.35    25.44     0.00     0.70     8.84    -6.91
 00032   970.33    23.87    86.49     3.50   217.03    20.82     0.04     0.62    27.27    20.17
 00033  1001.56    23.20    93.02     8.85   170.79    24.40     0.00     0.02    28.70    21.22
 00034  1007.20    27.87    84.92     6.28   169.55    29.86     0.00     0.00    28.46    27.78
 00035  1002.01    29.07    73.05     8.03   187.90    28.25     0.00     0.00    34.32    26.57
 00036   769.41    14.48    80.96     0.75    43.01    21.73     0.06     0.07    26.87    13.14
 00037   960.90    24.07    86.98     2.70   209.84    22.58     0.02     0.90    27.58    19.96
 00038   989.59    25.88    83.60     2.64   210.97    24.50     0.24     0.90    29.83    22.33
 00039  1002.70    26.10    88.55     7.82   214.74    22.90     2.09     4.40    27.70    24.76
 00040  1001.32    26.28    88.07     3.80   231.35    24.93     0.55     2.11    28.67    24.89
 00041   958.14    20.39    98.23     1.26   233.08     4.75    16.46    28.71    28.62    19.90
 00042   997.88    21.79    97.84     3.08   287.50     1.95    10.91    37.87    30.94    21.35
 00043   991.91    23.20    94.54     2.90   232.41     6.06    15.89    35.37    30.10    22.93
 00044   973.63    21.63    96.49     1.22   239.21     2.61    23.42    41.31    30.72    20.22
 00045  1001.32    26.28    88.07     3.80   231.35    24.93     0.55     2.11    28.67    24.89
 00046   935.53    22.54    80.98     4.93   195.71    22.66     0.02     0.02    28.38    20.04
 00047   992.60    23.75    92.99     4.80   198.36    20.12     0.37     1.90    26.21    22.20
 00048   601.78    -2.95    85.96     1.20   171.68    17.29    -0.00     2.26    10.98    -3.64
 00049   574.21    -6.05    97.09     0.58    64.54     6.58     0.29     4.95     0.86    -6.32
 00050   994.78    26.12    86.20     6.16   218.99    21.45     0.73     1.86    29.22    24.04
