stn_id       p       t2      rh2      spd      dir      vis    rain6   rain24   tmax24   tmin24 
 00001   988.97    -0.13    93.48     0.33   216.33    17.91  9999.00  9999.00  9999.00  9999.00
 00002  1007.20    -3.10    30.69     4.11   278.90    27.33  9999.00  9999.00  9999.00  9999.00
 00003   910.55    -9.91    34.43     2.13   280.84    25.12  9999.00  9999.00  9999.00  9999.00
 00004   836.72   -16.10    61.21     4.57   274.15    26.21  9999.00  9999.00  9999.00  9999.00
 00005   873.60   -18.01    67.31     1.62   291.40    32.06  9999.00  9999.00  9999.00  9999.00
 00006   883.04   -15.75    67.07     4.94   266.15    36.63  9999.00  9999.00  9999.00  9999.00
 00007  1013.55   -11.49    71.52     2.12   205.44    37.46  9999.00  9999.00  9999.00  9999.00
 00008   996.08   -13.94    47.27     3.14   236.26    42.45  9999.00  9999.00  9999.00  9999.00
 00009   943.81   -34.15   100.00     0.75    29.51    24.44  9999.00  9999.00  9999.00  9999.00
 00010   974.72   -17.38    51.69     1.77   211.09    41.29  9999.00  9999.00  9999.00  9999.00
 00011  1001.99   -15.62    67.53     2.96   215.62    46.12  9999.00  9999.00  9999.00  9999.00
 00012  1022.89    -4.84    26.02     3.02   325.95    29.78  9999.00  9999.00  9999.00  9999.00
 00013  1026.72    -2.13    49.65     2.02   282.95    21.13  9999.00  9999.00  9999.00  9999.00
 00014  1022.87     0.29    57.70     2.80   321.49    21.59  9999.00  9999.00  9999.00  9999.00
 00015  1007.09    -5.59    42.61     3.15   203.32    22.54  9999.00  9999.00  9999.00  9999.00
 00016   971.16    -5.71    33.38     2.09   237.38    20.20  9999.00  9999.00  9999.00  9999.00
 00017  1010.01    -2.37    34.48     5.83   290.39    20.51  9999.00  9999.00  9999.00  9999.00
 00018  1025.76    -4.04    72.38     1.50   255.13    20.30  9999.00  9999.00  9999.00  9999.00
 00019   950.60    -2.92    74.56     1.54   308.18    22.73  9999.00  9999.00  9999.00  9999.00
 00020  1027.57    -0.06    48.59     5.43   306.00    10.25  9999.00  9999.00  9999.00  9999.00
 00021   901.39   -18.97    53.96     2.96   166.59    43.23  9999.00  9999.00  9999.00  9999.00
 00022  1025.60    -6.40    28.56     1.99   284.95    26.97  9999.00  9999.00  9999.00  9999.00
 00023   930.64   -13.33    38.61     1.68   208.37    40.21  9999.00  9999.00  9999.00  9999.00
 00024   960.10   -23.46    82.39     3.42   117.76    39.81  9999.00  9999.00  9999.00  9999.00
 00025   795.66     3.10    99.48     2.12   140.01     1.46  9999.00  9999.00  9999.00  9999.00
 00026  1025.84     0.76    58.11     2.85   245.68    19.74  9999.00  9999.00  9999.00  9999.00
 00027  1022.47     1.33    49.82     2.50   347.03    18.77  9999.00  9999.00  9999.00  9999.00
 00028   989.98     0.07    71.49     1.24   351.56    17.42  9999.00  9999.00  9999.00  9999.00
 00029  1018.36     5.44    48.26     5.17     5.29    21.00  9999.00  9999.00  9999.00  9999.00
 00030  1008.92     7.46    48.46     3.82     6.59    22.03  9999.00  9999.00  9999.00  9999.00
 00031   565.85   -13.40    39.51     2.39   221.31    37.78  9999.00  9999.00  9999.00  9999.00
 00032   986.31     4.88    81.40     3.03   302.66    19.33  9999.00  9999.00  9999.00  9999.00
 00033  1018.12    13.64    90.46     8.87     4.57     6.27  9999.00  9999.00  9999.00  9999.00
 00034  1014.02    25.19    85.09    12.81    24.19     8.36  9999.00  9999.00  9999.00  9999.00
 00035  1016.48    16.93    80.21     5.63    15.60    19.54  9999.00  9999.00  9999.00  9999.00
 00036   776.51    -4.68    76.04     2.03    41.50    12.77  9999.00  9999.00  9999.00  9999.00
 00037   976.48     4.11    84.10     2.65   300.85    19.22  9999.00  9999.00  9999.00  9999.00
 00038  1004.14     7.42    76.99     2.18   313.68    20.80  9999.00  9999.00  9999.00  9999.00
 00039  1017.67    12.33    78.99     7.08   260.45    19.89  9999.00  9999.00  9999.00  9999.00
 00040  1015.07    11.43    78.18     4.29    42.26    21.25  9999.00  9999.00  9999.00  9999.00
 00041   982.65    -4.44    76.25     0.84   186.27    19.73  9999.00  9999.00  9999.00  9999.00
 00042  1027.39    -2.18    63.22     1.50   254.47    20.85  9999.00  9999.00  9999.00  9999.00
 00043  1018.92     0.76    62.52     1.73    26.06    19.96  9999.00  9999.00  9999.00  9999.00
 00044   997.81    -0.42    81.91     1.27   248.43    19.89  9999.00  9999.00  9999.00  9999.00
 00045  1015.07    11.43    78.18     4.29    42.26    21.25  9999.00  9999.00  9999.00  9999.00
 00046   950.91     0.84    84.27     2.36    43.18    18.56  9999.00  9999.00  9999.00  9999.00
 00047  1012.29     4.83    73.55     5.49   320.35    13.46  9999.00  9999.00  9999.00  9999.00
 00048   596.83    -6.70    48.47     1.90   166.19    39.68  9999.00  9999.00  9999.00  9999.00
 00049   569.95   -13.64    84.80     0.40   193.55    16.92  9999.00  9999.00  9999.00  9999.00
 00050  1009.97     7.37    78.75     3.74   337.21    20.27  9999.00  9999.00  9999.00  9999.00
