stn_id       p       t2      rh2      spd      dir      vis    rain6   rain24   tmax24   tmin24 
 00001   985.18     3.40    70.28     0.42   148.41    17.04     0.12  9999.00  9999.00  9999.00
 00002  1006.74     3.28    15.95     1.99   260.37    27.32     0.00  9999.00  9999.00  9999.00
 00003   908.94    -1.55    16.64     3.43   243.62    25.08     0.00  9999.00  9999.00  9999.00
 00004   835.62    -9.38    33.91     4.67   267.29    26.17     0.00  9999.00  9999.00  9999.00
 00005   871.83    -8.83    28.45     5.96   231.22    31.99     0.00  9999.00  9999.00  9999.00
 00006   879.88    -8.73    30.28     9.21   265.68    36.54     0.00  9999.00  9999.00  9999.00
 00007  1016.09    -4.83    15.09     3.31   224.40    37.59     0.00  9999.00  9999.00  9999.00
 00008   997.88    -8.27    27.45     4.29   219.71    42.54     0.00  9999.00  9999.00  9999.00
 00009   942.46   -22.76    76.04     0.45    44.67    49.97     0.02  9999.00  9999.00  9999.00
 00010   974.16    -9.66    32.93     4.27   290.41    41.33     0.00  9999.00  9999.00  9999.00
 00011  1005.45   -11.29    51.00     2.86   218.61    46.18     0.00  9999.00  9999.00  9999.00
 00012  1023.06     1.35    11.58     2.25   216.42    29.80     0.00  9999.00  9999.00  9999.00
 00013  1026.43     3.00    37.34     3.54   321.59    21.18     0.00  9999.00  9999.00  9999.00
 00014  1021.42     4.20    44.11     3.41   330.80    21.62     0.00  9999.00  9999.00  9999.00
 00015  1008.94     1.60    15.53     2.89   227.92    22.60     0.00  9999.00  9999.00  9999.00
 00016   968.90     0.40    27.09     1.98   251.30    20.21     0.00  9999.00  9999.00  9999.00
 00017  1011.28     2.31    17.62     2.57   268.65    20.56     0.00  9999.00  9999.00  9999.00
 00018  1025.87     2.49    39.48     2.94   325.67    20.34     0.00  9999.00  9999.00  9999.00
 00019   946.70     3.71    52.40     0.56   181.13    21.61     0.10  9999.00  9999.00  9999.00
 00020  1025.70     6.82    55.31     5.39   316.11    21.20     0.00  9999.00  9999.00  9999.00
 00021   903.11   -12.40    29.10     0.62   192.95    43.21     0.00  9999.00  9999.00  9999.00
 00022  1026.61     2.46    10.28     4.12   235.54    27.01     0.00  9999.00  9999.00  9999.00
 00023   932.47   -13.97    41.97     0.80   169.94    40.20     0.00  9999.00  9999.00  9999.00
 00024   962.28   -23.95    90.15     2.86   121.45    35.38     0.00  9999.00  9999.00  9999.00
 00025   793.69    11.47    56.76     5.39   221.01    18.92     0.00  9999.00  9999.00  9999.00
 00026  1024.54     4.05    48.59     4.14     9.96    19.75     0.00  9999.00  9999.00  9999.00
 00027  1021.04     4.78    46.06     4.18     3.60    18.78     0.00  9999.00  9999.00  9999.00
 00028   987.99     3.43    54.68     3.34    28.85    17.41     0.00  9999.00  9999.00  9999.00
 00029  1015.53    11.44    59.77     4.82     4.99    21.00     0.00  9999.00  9999.00  9999.00
 00030  1006.42     9.89    51.41     3.96   336.19    22.00     0.01  9999.00  9999.00  9999.00
 00031   567.03    -1.56     9.24     7.20   258.02    37.89     0.00  9999.00  9999.00  9999.00
 00032   985.07     7.18    81.30     2.56   318.16    16.12     0.13  9999.00  9999.00  9999.00
 00033  1016.68    12.47    87.98     6.40   349.54     9.15     0.69  9999.00  9999.00  9999.00
 00034  1012.66    25.18    87.07    10.92    26.77     9.39     0.98  9999.00  9999.00  9999.00
 00035  1014.84    17.42    80.88     5.44     3.23    16.98     0.42  9999.00  9999.00  9999.00
 00036   773.19    -0.67    74.00     0.89   145.82    17.62     0.51  9999.00  9999.00  9999.00
 00037   975.12     6.03    84.96     2.32   309.69    16.41     0.13  9999.00  9999.00  9999.00
 00038  1001.53    14.50    66.74     2.66   354.70    20.80     0.04  9999.00  9999.00  9999.00
 00039  1015.76    14.95    75.16    10.36    27.62    16.91     0.35  9999.00  9999.00  9999.00
 00040  1012.76    16.95    66.75     5.69    27.13    21.25     0.00  9999.00  9999.00  9999.00
 00041   981.49     0.23    57.14     1.81     4.45    19.75     0.00  9999.00  9999.00  9999.00
 00042  1026.80     2.73    43.96     3.01   320.80    20.89     0.00  9999.00  9999.00  9999.00
 00043  1017.35     4.32    52.01     3.75    15.92    19.96     0.00  9999.00  9999.00  9999.00
 00044   996.38     2.78    63.80     1.58    93.91    19.86     0.09  9999.00  9999.00  9999.00
 00045  1012.76    16.95    66.75     5.69    27.13    21.25     0.00  9999.00  9999.00  9999.00
 00046   948.86     1.08    91.26     2.72    48.05    15.51     0.29  9999.00  9999.00  9999.00
 00047  1012.11     3.48    75.95     5.85   326.33    14.04     0.47  9999.00  9999.00  9999.00
 00048   597.39     1.88     8.22     4.14   245.88    39.73     0.00  9999.00  9999.00  9999.00
 00049   571.12    -4.45    39.10     3.02   214.78    29.89     0.00  9999.00  9999.00  9999.00
 00050  1008.25    13.01    66.47     5.84    19.11    19.82     0.01  9999.00  9999.00  9999.00
