stn_id       p       t2      rh2      spd      dir      vis    rain6   rain24   tmax24   tmin24 
 00001   988.71    -0.79    83.62     1.02    99.83    18.95     0.00  9999.00  9999.00  9999.00
 00002  1009.56    -3.90    34.27     3.15   253.80    27.35     0.00  9999.00  9999.00  9999.00
 00003   911.81   -11.84    53.26     1.90   231.85    25.15     0.00  9999.00  9999.00  9999.00
 00004   837.09   -14.82    62.57     3.12   222.29    26.23     0.00  9999.00  9999.00  9999.00
 00005   872.44   -15.81    73.07     2.63   210.08    32.00     0.00  9999.00  9999.00  9999.00
 00006   879.22   -11.32    49.20     7.80   236.48    36.46     0.00  9999.00  9999.00  9999.00
 00007  1017.86   -14.42    69.93     1.16   150.84    37.34     0.00  9999.00  9999.00  9999.00
 00008   998.98   -15.37    66.62     2.63   211.02    42.40     0.00  9999.00  9999.00  9999.00
 00009   942.66   -36.16    99.93     1.01    66.57    26.61     0.03  9999.00  9999.00  9999.00
 00010   975.29   -14.18    73.33     2.68   278.57    41.14     0.00  9999.00  9999.00  9999.00
 00011  1004.70   -16.51    70.80     2.73   204.57    46.18     0.00  9999.00  9999.00  9999.00
 00012  1025.16    -7.41    37.92     1.75   246.45    29.75     0.00  9999.00  9999.00  9999.00
 00013  1028.05    -3.12    67.07     2.69   307.26    21.07     0.00  9999.00  9999.00  9999.00
 00014  1023.96    -3.19    83.44     1.68   278.03    21.50     0.00  9999.00  9999.00  9999.00
 00015  1010.72    -5.46    31.44     1.32   185.44    22.54     0.00  9999.00  9999.00  9999.00
 00016   968.61    -9.86    61.47     1.23   109.60    20.10     0.00  9999.00  9999.00  9999.00
 00017  1013.35    -2.21    39.54     3.57   289.40    20.51     0.00  9999.00  9999.00  9999.00
 00018  1027.55    -3.47    70.42     2.29   313.76    20.25     0.00  9999.00  9999.00  9999.00
 00019   950.19    -2.29    68.15     1.01   314.37    22.68     0.00  9999.00  9999.00  9999.00
 00020  1028.96    -1.50    66.04     4.00   300.77    21.09     0.00  9999.00  9999.00  9999.00
 00021   902.10   -12.54    32.12     1.29   138.34    43.29     0.00  9999.00  9999.00  9999.00
 00022  1028.66    -6.03    33.07     2.22   207.28    26.96     0.00  9999.00  9999.00  9999.00
 00023   932.66   -14.58    53.41     0.66   170.32    40.27     0.00  9999.00  9999.00  9999.00
 00024   959.52   -22.56    95.38     2.00   281.75    40.63     0.01  9999.00  9999.00  9999.00
 00025   798.12     4.06    90.65     2.16   134.66    12.33     0.10  9999.00  9999.00  9999.00
 00026  1026.82    -0.04    62.76     2.35   349.20    19.70     0.00  9999.00  9999.00  9999.00
 00027  1023.71    -0.95    72.67     2.08   348.31    18.75     0.00  9999.00  9999.00  9999.00
 00028   990.73     0.55    78.64     1.66    77.17    17.40     0.00  9999.00  9999.00  9999.00
 00029  1020.05     5.89    60.29     4.71     6.72    21.02     0.00  9999.00  9999.00  9999.00
 00030  1010.84     8.38    52.67     4.26     9.47    22.06     0.00  9999.00  9999.00  9999.00
 00031   565.83   -13.88    24.96     2.94   227.76    37.54     0.00  9999.00  9999.00  9999.00
 00032   987.54     6.95    66.18     2.98   305.48    19.27     0.00  9999.00  9999.00  9999.00
 00033  1020.53    12.69    84.08     9.39   358.09     7.10     0.00  9999.00  9999.00  9999.00
 00034  1017.22    24.08    74.09    14.56    19.12    20.17     0.12  9999.00  9999.00  9999.00
 00035  1018.59    15.72    78.47     4.95   181.82    22.02     0.04  9999.00  9999.00  9999.00
 00036   778.59    -5.97    80.03     1.08    28.19    17.21     0.21  9999.00  9999.00  9999.00
 00037   977.73     6.21    69.53     2.55   303.76    19.18     0.00  9999.00  9999.00  9999.00
 00038  1005.42    10.08    60.30     2.69   315.79    20.76     0.00  9999.00  9999.00  9999.00
 00039  1018.76    13.44    69.63     7.39   251.77    20.60     0.00  9999.00  9999.00  9999.00
 00040  1015.99    12.78    69.62     5.66   346.93    21.22     0.00  9999.00  9999.00  9999.00
 00041   984.18    -5.48    75.24     1.89   329.26    19.66     0.00  9999.00  9999.00  9999.00
 00042  1028.77    -3.00    75.39     2.15   272.56    20.79     0.00  9999.00  9999.00  9999.00
 00043  1020.04    -1.43    73.21     2.15    34.95    19.91     0.00  9999.00  9999.00  9999.00
 00044   999.24    -2.27    90.94     1.01   247.42    19.84     0.00  9999.00  9999.00  9999.00
 00045  1015.99    12.78    69.62     5.66   346.93    21.22     0.00  9999.00  9999.00  9999.00
 00046   952.30    -1.24    83.65     2.06     9.45    19.77     0.00  9999.00  9999.00  9999.00
 00047  1013.87     6.37    62.46     5.97   324.25    20.48     0.00  9999.00  9999.00  9999.00
 00048   596.33    -8.46    54.78     2.49   174.50    39.48     0.00  9999.00  9999.00  9999.00
 00049   570.91   -14.52    82.93     1.19   195.84    11.70     0.20  9999.00  9999.00  9999.00
 00050  1011.04     9.40    66.16     3.94   334.51    20.23     0.00  9999.00  9999.00  9999.00
