stn_id       p       t2      rh2      spd      dir      vis    rain6   rain24   tmax24   tmin24 
 00001   982.82    10.96    83.28     2.06   316.15    19.15  9999.00  9999.00  9999.00  9999.00
 00002  1003.21    -1.33    65.17     3.18   276.79    26.76  9999.00  9999.00  9999.00  9999.00
 00003   908.98    -4.62    65.19     2.72   302.50    24.93  9999.00  9999.00  9999.00  9999.00
 00004   837.60   -12.69    91.31     2.16   273.41    25.51  9999.00  9999.00  9999.00  9999.00
 00005   874.63   -11.81    93.16     1.22   209.28    24.37  9999.00  9999.00  9999.00  9999.00
 00006   883.88    -9.74    72.62     5.59   281.55    33.17  9999.00  9999.00  9999.00  9999.00
 00007  1011.59    -8.80    96.94     1.35    38.96    21.67  9999.00  9999.00  9999.00  9999.00
 00008   995.02   -11.83    94.70     2.06     9.60    42.10  9999.00  9999.00  9999.00  9999.00
 00009   941.46   -14.02    90.16     3.12   229.40    52.69  9999.00  9999.00  9999.00  9999.00
 00010   970.04    -6.99    74.15     2.01   293.69    41.38  9999.00  9999.00  9999.00  9999.00
 00011  1003.23   -17.71    99.32     2.34   189.49     1.11  9999.00  9999.00  9999.00  9999.00
 00012  1018.94    -0.81    64.62     4.07   290.12    29.01  9999.00  9999.00  9999.00  9999.00
 00013  1020.37     6.22    82.66     1.67   282.42    13.91  9999.00  9999.00  9999.00  9999.00
 00014  1015.56     9.89    74.15     0.78   292.52    21.05  9999.00  9999.00  9999.00  9999.00
 00015  1003.08    -2.78    87.52     2.13   312.96    22.85  9999.00  9999.00  9999.00  9999.00
 00016   966.26     6.29    57.38     2.01   218.52    21.57  9999.00  9999.00  9999.00  9999.00
 00017  1005.94     5.67    58.04     5.55   289.24    21.33  9999.00  9999.00  9999.00  9999.00
 00018  1019.81     5.11    86.72     1.71   264.29     7.31  9999.00  9999.00  9999.00  9999.00
 00019   946.69    11.58    63.17     1.42   235.06    24.30  9999.00  9999.00  9999.00  9999.00
 00020  1021.19     9.13    73.24     1.83   346.76    21.45  9999.00  9999.00  9999.00  9999.00
 00021   891.12    -6.19    77.43     3.72   154.42    38.48  9999.00  9999.00  9999.00  9999.00
 00022  1022.18    -4.05    83.25     2.37   257.78    26.69  9999.00  9999.00  9999.00  9999.00
 00023   916.49    -2.43    65.46     2.27   284.45    37.00  9999.00  9999.00  9999.00  9999.00
 00024   943.87    -9.25    83.40     8.90   117.20    30.40  9999.00  9999.00  9999.00  9999.00
 00025   795.81    13.19    48.53     3.95   256.28    18.91  9999.00  9999.00  9999.00  9999.00
 00026  1019.55     6.58    90.61     2.27   238.55     4.97  9999.00  9999.00  9999.00  9999.00
 00027  1016.86     6.96    86.31     3.50   344.81    18.94  9999.00  9999.00  9999.00  9999.00
 00028   984.27     8.17    79.17     2.48    26.38    18.03  9999.00  9999.00  9999.00  9999.00
 00029  1011.13    21.25    70.27     1.68    41.04    20.74  9999.00  9999.00  9999.00  9999.00
 00030  1001.39    15.82    84.55     3.75    16.24    21.88  9999.00  9999.00  9999.00  9999.00
 00031   568.14    -3.20     6.78     2.61   281.23    36.25  9999.00  9999.00  9999.00  9999.00
 00032   982.29    14.86    79.72     1.19    93.43    18.79  9999.00  9999.00  9999.00  9999.00
 00033  1011.29    20.40    96.80     4.26    97.51     0.14  9999.00  9999.00  9999.00  9999.00
 00034  1012.17    25.78    88.25     6.48    37.79    12.66  9999.00  9999.00  9999.00  9999.00
 00035  1010.43    25.18    79.89     2.70    78.62    11.04  9999.00  9999.00  9999.00  9999.00
 00036   776.52     8.35    62.72     0.62    88.84    19.63  9999.00  9999.00  9999.00  9999.00
 00037   972.36    14.83    78.99     1.12   112.17    18.70  9999.00  9999.00  9999.00  9999.00
 00038   999.50    21.32    57.57     0.42   119.57    20.42  9999.00  9999.00  9999.00  9999.00
 00039  1013.41    20.80    67.63     7.23    41.37    20.20  9999.00  9999.00  9999.00  9999.00
 00040  1011.10    21.81    60.15     3.57    63.16    20.97  9999.00  9999.00  9999.00  9999.00
 00041   977.07     5.50    90.76     0.98   349.05     2.19  9999.00  9999.00  9999.00  9999.00
 00042  1021.03     5.90    92.89     1.74   277.69     4.03  9999.00  9999.00  9999.00  9999.00
 00043  1012.85     6.82    90.66     1.44    11.67    10.38  9999.00  9999.00  9999.00  9999.00
 00044   991.31     8.67    93.38     1.69   266.85     3.17  9999.00  9999.00  9999.00  9999.00
 00045  1011.10    21.81    60.15     3.57    63.16    20.97  9999.00  9999.00  9999.00  9999.00
 00046   946.02    14.98    86.08     1.80   306.09    11.92  9999.00  9999.00  9999.00  9999.00
 00047  1007.75    15.25    74.29     1.62    70.75    20.18  9999.00  9999.00  9999.00  9999.00
 00048   600.88    -5.51    48.49     1.92    34.05    38.01  9999.00  9999.00  9999.00  9999.00
 00049   572.17    -6.56    56.30     2.42   213.08    28.73  9999.00  9999.00  9999.00  9999.00
 00050  1005.86    19.43    63.00     4.13    39.25    19.80  9999.00  9999.00  9999.00  9999.00
