stn_id       p       t2      rh2      spd      dir      vis    rain6   rain24   tmax24   tmin24 
 00001   992.68     2.00    67.65     1.19   168.56    22.58     0.03     0.23     2.96     1.52
 00002  1017.05   -16.01    60.52     3.37   275.78    26.38     0.00     0.00   -10.35   -15.91
 00003   915.88   -25.49    85.79     2.35   269.66    24.83     0.00     0.00   -16.09   -27.88
 00004   839.78   -29.15    92.91     2.12   242.91    24.72     0.00     0.20   -21.81   -29.69
 00005   878.41   -24.32    87.89     1.11   226.60    27.47     0.00     0.01   -21.71   -27.95
 00006   887.99   -23.92    80.39     4.87   264.84    29.84     0.00     0.20   -21.83   -28.41
 00007  1017.70   -19.68    84.50     3.22   290.57    36.67     0.05     1.13   -14.66   -19.55
 00008   995.99   -22.62    89.28     2.58   281.46    41.62     0.06     2.08   -17.66   -22.39
 00009   949.05   -29.99    91.99     2.49   299.07    52.21     0.00     0.00   -25.04   -37.79
 00010   963.79   -20.63    77.29     7.11   287.60    36.25     0.33     5.45   -15.49   -20.59
 00011  1001.36   -21.72    83.45     5.17   318.70    45.31     0.03     0.85   -19.56   -21.62
 00012  1033.39   -20.25    74.99     2.29   265.95    28.41     0.00     0.00   -11.68   -20.30
 00013  1035.13    -5.19    42.89     4.13   330.39    22.01     0.00     1.77     1.99    -5.59
 00014  1030.84    -3.50    47.70     3.36   301.96    21.56     0.00     3.10     4.27    -3.45
 00015  1017.80   -18.23    76.23     2.23   244.57    23.47     0.00     0.01   -11.66   -21.00
 00016   974.48   -11.90    62.84     2.34    70.86    23.62     0.00     0.00    -4.17   -13.50
 00017  1021.44   -12.55    68.25     4.12   286.23    22.64     0.00     0.00    -6.05   -13.07
 00018  1034.76    -5.37    48.33     3.69   324.15    21.34     0.00     0.69    -0.13    -5.29
 00019   953.57    -0.98    69.84     1.22   271.03    26.48     0.02     0.12     2.31    -0.90
 00020  1035.08    -4.37    43.27     6.92   313.94    22.00     0.00     4.01     6.60    -4.28
 00021   898.65   -19.90    81.01     1.07   182.51    38.60     0.00     0.02   -18.91   -25.43
 00022  1036.79   -16.60    75.50     3.24   278.07    26.60     0.00     0.00   -10.72   -16.47
 00023   926.53   -11.94    40.01     1.11   209.57    34.27     0.00     0.00    -9.55   -19.12
 00024   956.74   -20.42    72.21     1.92   114.80    33.82     0.00     0.00   -17.62   -24.14
 00025   799.08     4.96    88.59     2.33   106.17    18.83     0.03     1.30    10.42     4.37
 00026  1033.88    -0.35    43.55     3.29   281.16    19.92     0.00     2.86     2.39    -0.56
 00027  1030.56     0.97    44.91     2.95    18.28    19.76     0.00     0.13     2.04    -0.23
 00028   996.40     0.82    44.06     3.43    22.22    19.04     0.00     0.02     2.08     0.30
 00029  1022.75     8.04    32.41     6.64    20.60    20.81     0.00     3.16    23.06     6.38
 00030  1013.09     7.73    32.27     5.98    11.27    22.10     0.00     2.35    22.99     7.37
 00031   571.97    -2.52    13.77     3.86   229.73    34.54     0.00     0.00     7.42   -10.04
 00032   993.47     4.62    63.95     3.01   311.79    18.03     0.17    12.45    21.08     4.46
 00033  1021.98    13.02    79.49     7.82     4.53    12.50     0.17     6.44    22.74    12.65
 00034  1016.62    25.74    84.43    15.32    33.82     6.42     0.86     2.17    28.09    25.37
 00035  1020.20    16.22    79.11     6.30    10.39    15.19     0.29     4.07    25.71    16.23
 00036   777.58     3.32    71.28     1.41    57.13    20.95     0.00     0.08     8.06    -2.14
 00037   983.40     3.67    63.31     2.73   307.93    18.19     0.31    11.44    20.28     3.56
 00038  1010.70     7.10    72.99     2.81   215.81    20.12     2.43     6.14    22.61     6.96
 00039  1025.06    11.22    71.01    10.58    82.65    11.17     2.76    13.50    24.02    10.08
 00040  1021.15    10.08    69.42     8.94    16.92    19.68     0.58     4.82    24.04    10.08
 00041   990.11    -6.14    60.00     1.80   328.29    19.98     0.00     3.29    -0.74    -6.10
 00042  1035.68    -4.42    50.97     3.14   306.71    21.44     0.00     3.80     1.59    -4.74
 00043  1026.93     0.33    40.18     2.79    29.20    19.99     0.00     9.92     3.43    -0.40
 00044  1005.53     0.05    46.39     2.49   336.75    19.65     0.00    14.22     4.50    -0.54
 00045  1021.15    10.08    69.42     8.94    16.92    19.68     0.58     4.82    24.04    10.08
 00046   956.58    -0.58    58.96     3.58    16.21    19.00     0.00     6.09     7.96    -0.57
 00047  1020.83     2.59    57.48     6.00   340.06    12.83     0.20    10.72    13.28     2.63
 00048   602.58    -4.93    42.53     1.61   123.21    36.37     0.00     0.00    -0.79   -15.42
 00049   575.81    -2.90    45.40     0.52   191.84    27.65     0.00     0.00     3.24   -11.48
 00050  1017.33     8.12    55.07     4.98   330.86    18.44     1.11     6.42    22.56     6.99
