stn_id       p       t2      rh2      spd      dir      vis    rain6   rain24   tmax24   tmin24 
 00001   965.26    30.63    74.94     2.16   305.51    25.18     3.59  9999.00  9999.00  9999.00
 00002   989.56    29.78    70.63     1.95   132.24    13.88     3.00  9999.00  9999.00  9999.00
 00003   900.09    28.06    37.84     3.32   161.33    24.73     0.00  9999.00  9999.00  9999.00
 00004   833.76    25.52    34.48     2.43   197.90    24.77     0.03  9999.00  9999.00  9999.00
 00005   866.26    29.47    22.22     4.91   230.17    27.48     0.01  9999.00  9999.00  9999.00
 00006   876.66    27.61    20.04     6.97   266.92    28.63     0.14  9999.00  9999.00  9999.00
 00007  1000.67    29.45    65.52     1.60   232.76    25.13     0.16  9999.00  9999.00  9999.00
 00008   985.41    29.61    46.08     2.16   281.29    27.38     0.01  9999.00  9999.00  9999.00
 00009   935.91    21.06    35.38     5.50   248.46    39.73     0.27  9999.00  9999.00  9999.00
 00010   965.16    27.17    69.70     0.62   116.54    24.60     0.49  9999.00  9999.00  9999.00
 00011   991.91    29.10    47.14     2.30   245.64    29.92     0.00  9999.00  9999.00  9999.00
 00012  1004.90    29.88    68.59     2.84   142.79    24.25     1.22  9999.00  9999.00  9999.00
 00013  1004.51    31.42    67.31     4.21   126.74    23.39     0.16  9999.00  9999.00  9999.00
 00014  1001.68    31.20    70.13     2.73   119.87    23.70     0.55  9999.00  9999.00  9999.00
 00015   990.34    29.21    67.48     1.65    95.03    20.51     0.55  9999.00  9999.00  9999.00
 00016   950.17    23.50    89.17     1.00   163.96    16.87     3.49  9999.00  9999.00  9999.00
 00017   991.49    26.61    87.70     2.61    33.87     8.15     2.91  9999.00  9999.00  9999.00
 00018  1002.73    32.11    61.11     2.50   136.10    23.86     0.31  9999.00  9999.00  9999.00
 00019   931.69    27.79    67.34     1.00   173.37    26.95     0.01  9999.00  9999.00  9999.00
 00020  1009.18    29.31    70.42     5.15   124.68    19.69     0.06  9999.00  9999.00  9999.00
 00021   890.80    27.89    25.61     2.75   196.51    27.89     0.00  9999.00  9999.00  9999.00
 00022  1007.79    30.54    69.44     3.08   151.86    21.76     0.26  9999.00  9999.00  9999.00
 00023   917.03    27.07    22.66     1.44    87.00    23.40     0.00  9999.00  9999.00  9999.00
 00024   941.78    25.51    25.20     4.62   299.69    25.75     0.00  9999.00  9999.00  9999.00
 00025   795.33    23.00    78.53     1.91   155.87    19.32     0.31  9999.00  9999.00  9999.00
 00026  1001.90    32.18    67.00     0.95   182.92    26.30     0.16  9999.00  9999.00  9999.00
 00027   997.43    33.41    61.11     1.86   238.73    26.74     0.04  9999.00  9999.00  9999.00
 00028   967.86    31.63    70.88     0.51   143.99    23.76     1.40  9999.00  9999.00  9999.00
 00029  1002.37    30.26    76.98     2.42   194.72    22.04     0.68  9999.00  9999.00  9999.00
 00030   991.10    27.77    84.45     2.98   153.54    16.65     0.98  9999.00  9999.00  9999.00
 00031   577.91    14.24    57.80     1.14    68.61    23.10     0.19  9999.00  9999.00  9999.00
 00032   973.71    26.70    80.54     1.26   193.40    17.51     1.41  9999.00  9999.00  9999.00
 00033  1004.73    22.09    98.62     3.50    95.62     2.59     0.08  9999.00  9999.00  9999.00
 00034  1008.24    27.36    85.93     4.04   170.93    17.80     1.86  9999.00  9999.00  9999.00
 00035  1003.95    31.59    67.26     3.29   152.81    29.69     0.32  9999.00  9999.00  9999.00
 00036   775.76    22.50    73.42     2.38   198.08    24.16     0.82  9999.00  9999.00  9999.00
 00037   964.22    27.15    80.91     0.97   184.11    19.91     2.49  9999.00  9999.00  9999.00
 00038   991.34    28.73    76.96     1.21   219.27    20.91     2.66  9999.00  9999.00  9999.00
 00039  1005.25    25.92    87.77     5.38   193.42    19.49     0.63  9999.00  9999.00  9999.00
 00040  1003.05    27.60    84.47     4.22   198.94    22.74     0.80  9999.00  9999.00  9999.00
 00041   964.51    29.29    67.88     1.15   131.46    24.06     0.92  9999.00  9999.00  9999.00
 00042  1004.14    31.85    63.54     2.17   125.16    24.44     0.21  9999.00  9999.00  9999.00
 00043   995.66    31.83    67.45     0.74   297.15    24.61     0.63  9999.00  9999.00  9999.00
 00044   978.60    29.55    70.84     0.75   214.80    25.02     3.45  9999.00  9999.00  9999.00
 00045  1003.05    27.60    84.47     4.22   198.94    22.74     0.80  9999.00  9999.00  9999.00
 00046   938.51    26.91    72.12     2.55   219.88    26.05     0.26  9999.00  9999.00  9999.00
 00047   997.34    24.74    92.70     2.05    88.84     3.44    17.29  9999.00  9999.00  9999.00
 00048   608.02    15.84    66.08     0.86   193.98    28.86     0.59  9999.00  9999.00  9999.00
 00049   581.26    10.26    86.25     2.43   202.32    10.17     2.05  9999.00  9999.00  9999.00
 00050   997.41    26.99    84.17     3.71   187.92    20.94     0.85  9999.00  9999.00  9999.00
