stn_id       p       t2      rh2      spd      dir      vis    rain6   rain24   tmax24   tmin24 
 00001   963.78    25.63    92.33     1.10   160.65    25.80     0.00  9999.00  9999.00  9999.00
 00002   984.23    24.14    83.60     2.05   321.13    25.47     0.00  9999.00  9999.00  9999.00
 00003   896.20    21.09    40.78     2.24    48.29    24.42     0.02  9999.00  9999.00  9999.00
 00004   830.99    16.04    46.53     1.09   339.30    24.66     0.00  9999.00  9999.00  9999.00
 00005   866.30    14.65    56.60     2.47   352.88    27.43     0.00  9999.00  9999.00  9999.00
 00006   877.29    13.55    71.03     2.04   331.55    28.38     0.01  9999.00  9999.00  9999.00
 00007   993.32    21.79    89.31     3.73   206.61    19.53     0.50  9999.00  9999.00  9999.00
 00008   977.65    21.42    88.29     2.96   220.04    27.12     1.65  9999.00  9999.00  9999.00
 00009   939.91    16.74    59.58     1.16    11.98    39.30     0.00  9999.00  9999.00  9999.00
 00010   959.05    18.62    99.83     1.10   116.02     0.39    19.69  9999.00  9999.00  9999.00
 00011   984.42    19.70    88.92     1.82   251.64    29.41     0.02  9999.00  9999.00  9999.00
 00012   999.89    23.73    88.83     2.04    69.41    24.18     0.00  9999.00  9999.00  9999.00
 00013   999.48    26.81    86.34     1.83   262.03    20.05     0.10  9999.00  9999.00  9999.00
 00014   997.19    25.76    89.04     2.72   206.90     9.64     3.04  9999.00  9999.00  9999.00
 00015   984.00    25.52    85.47     1.92   116.03    16.03     0.43  9999.00  9999.00  9999.00
 00016   945.87    22.12    69.78     1.62   204.96    25.34     0.00  9999.00  9999.00  9999.00
 00017   984.49    25.97    81.76     1.38   300.72    23.80     0.00  9999.00  9999.00  9999.00
 00018   998.47    25.76    89.66     1.51   178.92    12.29     0.00  9999.00  9999.00  9999.00
 00019   928.98    23.65    77.91     0.96   292.44    26.73     0.00  9999.00  9999.00  9999.00
 00020  1002.59    26.90    87.46     2.62   206.67    12.31     0.81  9999.00  9999.00  9999.00
 00021   886.74    18.02    55.76     2.38   147.09    27.72     0.11  9999.00  9999.00  9999.00
 00022  1001.86    23.86    89.61     1.74   250.48    21.60     0.22  9999.00  9999.00  9999.00
 00023   913.50    15.93    41.42     1.04   201.14    23.31     0.00  9999.00  9999.00  9999.00
 00024   936.94    17.36    39.21     2.61   302.29    25.61     0.00  9999.00  9999.00  9999.00
 00025   793.39    16.84    93.62     0.95   138.86    14.46     0.80  9999.00  9999.00  9999.00
 00026   998.98    25.05    94.11     3.77   219.75    17.64     3.98  9999.00  9999.00  9999.00
 00027   995.74    25.51    90.98     2.69   194.22    25.96     1.42  9999.00  9999.00  9999.00
 00028   966.95    24.09    93.76     2.04   189.10    17.66    10.58  9999.00  9999.00  9999.00
 00029  1000.40    26.83    88.39     2.30   234.43    28.06     0.06  9999.00  9999.00  9999.00
 00030   989.81    25.13    90.53     0.94   229.73    30.39     0.00  9999.00  9999.00  9999.00
 00031   575.58     5.69    94.86     0.85   333.86    10.40     0.49  9999.00  9999.00  9999.00
 00032   970.38    24.44    92.22     1.37   237.46    21.32     0.06  9999.00  9999.00  9999.00
 00033  1003.45    23.20    97.99     1.80   229.13     0.21     0.05  9999.00  9999.00  9999.00
 00034  1006.10    27.57    86.22     4.82   217.72    30.17     0.29  9999.00  9999.00  9999.00
 00035  1002.67    26.70    90.65     1.33   211.16    30.80     0.00  9999.00  9999.00  9999.00
 00036   775.57    13.83    92.33     0.33   100.42     8.68     0.60  9999.00  9999.00  9999.00
 00037   960.98    24.31    92.38     1.11   229.94    19.22     0.04  9999.00  9999.00  9999.00
 00038   988.94    26.44    88.36     1.10   240.69    26.40     0.19  9999.00  9999.00  9999.00
 00039  1001.96    25.65    94.54     5.73   212.61    18.35     0.36  9999.00  9999.00  9999.00
 00040  1000.52    26.50    91.57     2.49   237.22    25.93     0.01  9999.00  9999.00  9999.00
 00041   960.43    22.78    99.52     1.18   154.13     1.00    16.44  9999.00  9999.00  9999.00
 00042   999.79    25.92    88.09     2.05   204.77    22.76     2.05  9999.00  9999.00  9999.00
 00043   993.59    24.52    95.89     2.14   215.11    11.91    13.07  9999.00  9999.00  9999.00
 00044   975.40    23.72    96.81     0.87   175.79     0.70    14.81  9999.00  9999.00  9999.00
 00045  1000.52    26.50    91.57     2.49   237.22    25.93     0.01  9999.00  9999.00  9999.00
 00046   936.09    23.59    97.71     2.68   207.77     7.49     0.37  9999.00  9999.00  9999.00
 00047   992.88    24.39    97.39     1.06   223.06     9.26     0.18  9999.00  9999.00  9999.00
 00048   606.29     8.51    87.00     0.71    67.32    21.23     2.95  9999.00  9999.00  9999.00
 00049   578.51     4.58    96.87     0.45   104.23     2.10     2.34  9999.00  9999.00  9999.00
 00050   994.09    25.38    97.85     3.38   211.70     2.59     2.64  9999.00  9999.00  9999.00
