stn_id       p       t2      rh2      spd      dir      vis    rain6   rain24   tmax24   tmin24 
 00001   966.18    30.83    73.53     2.14   221.55    25.87  9999.00  9999.00  9999.00  9999.00
 00002   991.49    27.77    78.96     1.84   132.63    23.52  9999.00  9999.00  9999.00  9999.00
 00003   901.44    27.15    41.68     2.36   111.08    24.77  9999.00  9999.00  9999.00  9999.00
 00004   835.10    24.52    40.92     1.75   193.68    24.83  9999.00  9999.00  9999.00  9999.00
 00005   867.80    27.35    33.57     4.79   205.48    27.57  9999.00  9999.00  9999.00  9999.00
 00006   876.21    30.60    13.52     7.36   241.15    28.61  9999.00  9999.00  9999.00  9999.00
 00007  1001.93    28.84    69.41     1.49   242.53    25.24  9999.00  9999.00  9999.00  9999.00
 00008   986.60    28.32    54.45     2.10   269.82    27.43  9999.00  9999.00  9999.00  9999.00
 00009   936.64    19.92    39.32     5.66   247.65    39.80  9999.00  9999.00  9999.00  9999.00
 00010   966.62    25.49    76.50     0.60   270.90    28.98  9999.00  9999.00  9999.00  9999.00
 00011   993.10    27.62    54.49     0.72   215.56    29.97  9999.00  9999.00  9999.00  9999.00
 00012  1007.22    28.82    73.47     3.18   135.04    21.13  9999.00  9999.00  9999.00  9999.00
 00013  1006.16    30.01    69.99     4.20   127.10    23.80  9999.00  9999.00  9999.00  9999.00
 00014  1003.49    29.95    72.85     2.69   142.15    24.77  9999.00  9999.00  9999.00  9999.00
 00015   992.13    29.29    68.85     0.80   272.38    20.55  9999.00  9999.00  9999.00  9999.00
 00016   950.88    23.02    91.83     1.18   258.61     4.17  9999.00  9999.00  9999.00  9999.00
 00017   992.80    26.65    87.99     2.43    39.89     4.01  9999.00  9999.00  9999.00  9999.00
 00018  1004.15    30.88    62.80     3.31   125.12    23.98  9999.00  9999.00  9999.00  9999.00
 00019   932.65    25.96    76.84     1.03   194.27    27.21  9999.00  9999.00  9999.00  9999.00
 00020  1010.26    29.16    70.05     4.41   129.43    20.99  9999.00  9999.00  9999.00  9999.00
 00021   891.16    24.86    31.50     0.84   269.65    27.91  9999.00  9999.00  9999.00  9999.00
 00022  1010.13    27.13    78.98     2.32   147.73    21.79  9999.00  9999.00  9999.00  9999.00
 00023   917.71    22.01    29.44     1.24    62.36    23.41  9999.00  9999.00  9999.00  9999.00
 00024   942.47    20.62    37.98     4.83   307.32    25.78  9999.00  9999.00  9999.00  9999.00
 00025   796.44    20.64    84.23     2.52   133.79    21.51  9999.00  9999.00  9999.00  9999.00
 00026  1003.53    30.67    69.23     1.01   160.08    26.19  9999.00  9999.00  9999.00  9999.00
 00027   999.36    31.96    65.62     1.94   178.92    26.79  9999.00  9999.00  9999.00  9999.00
 00028   969.58    30.31    76.29     0.26   229.78    25.82  9999.00  9999.00  9999.00  9999.00
 00029  1004.10    28.65    82.46     1.96   169.75    25.38  9999.00  9999.00  9999.00  9999.00
 00030   992.42    27.24    84.59     2.70   152.23    22.74  9999.00  9999.00  9999.00  9999.00
 00031   578.24    10.37    65.44     1.20   316.51    22.88  9999.00  9999.00  9999.00  9999.00
 00032   975.21    25.50    83.46     1.61   161.26     5.17  9999.00  9999.00  9999.00  9999.00
 00033  1006.36    24.21    97.90     2.25   119.19     0.38  9999.00  9999.00  9999.00  9999.00
 00034  1009.18    28.00    85.32     3.59   148.08    30.87  9999.00  9999.00  9999.00  9999.00
 00035  1005.55    31.01    71.35     2.96   169.66    31.12  9999.00  9999.00  9999.00  9999.00
 00036   777.08    19.39    81.10     1.63   202.36    17.81  9999.00  9999.00  9999.00  9999.00
 00037   965.65    25.76    83.93     1.57   170.37     6.57  9999.00  9999.00  9999.00  9999.00
 00038   993.39    25.22    94.83     0.77   285.82     5.37  9999.00  9999.00  9999.00  9999.00
 00039  1006.70    25.54    91.26     4.61   202.82    19.15  9999.00  9999.00  9999.00  9999.00
 00040  1004.79    26.87    85.40     3.37   206.00    22.03  9999.00  9999.00  9999.00  9999.00
 00041   965.82    28.55    68.26     2.18   159.71    24.52  9999.00  9999.00  9999.00  9999.00
 00042  1005.63    30.76    66.07     2.39   143.92    23.68  9999.00  9999.00  9999.00  9999.00
 00043   997.31    30.77    70.27     1.75   224.86    27.13  9999.00  9999.00  9999.00  9999.00
 00044   979.96    28.99    73.24     1.30   161.38    22.39  9999.00  9999.00  9999.00  9999.00
 00045  1004.79    26.87    85.40     3.37   206.00    22.03  9999.00  9999.00  9999.00  9999.00
 00046   940.25    23.69    86.93     2.93   188.53    21.64  9999.00  9999.00  9999.00  9999.00
 00047   998.75    23.64    98.44     1.91   102.64     0.88  9999.00  9999.00  9999.00  9999.00
 00048   608.96    11.78    80.86     0.74   178.74    26.83  9999.00  9999.00  9999.00  9999.00
 00049   581.54     7.98    78.78     0.99   221.97    19.50  9999.00  9999.00  9999.00  9999.00
 00050   998.94    25.42    92.05     2.86   180.57    19.97  9999.00  9999.00  9999.00  9999.00
