stn_id       p       t2      rh2      spd      dir      vis    rain6   rain24   tmax24   tmin24 
 00001   983.35     5.78    79.28     2.37   329.07    21.29     0.00     0.00    11.20    -0.22
 00002  1004.98   -12.61    90.47     1.26   203.04    26.48     0.00     0.00    -7.73   -18.45
 00003   907.83   -12.00    73.64     0.60    59.42    24.79     0.00     0.00    -9.89   -23.23
 00004   835.66   -12.34    78.63     2.75   226.88    25.07     0.00     0.00    -3.19   -18.29
 00005   872.92   -18.51    95.35     1.45   118.84    28.56     0.00     0.00   -12.26   -22.46
 00006   881.47    -9.98    74.39     4.64   270.20    31.40     0.00     0.00    -3.43   -17.17
 00007  1013.33    -9.29    71.95     3.96   164.88    36.88     0.00     0.00    -7.23   -16.96
 00008   994.28   -10.74    75.04     5.65   199.22    41.83     0.00     0.00    -8.04   -17.71
 00009   944.37   -21.94    99.66     1.83   345.48    23.18     0.45     2.35   -14.99   -27.53
 00010   973.92   -15.33    79.41     1.60   229.66    41.52     0.00     0.00    -7.81   -17.45
 00011  1000.36   -13.10    83.34     7.79   194.66    45.78     0.00     0.00   -13.15   -27.35
 00012  1021.90   -13.84    94.14     2.28   219.92    28.64     0.00     0.00    -6.06   -18.22
 00013  1028.20    -4.38    80.70     2.31   170.42    21.71     0.00     0.00     3.69   -11.29
 00014  1025.30    -2.63    66.01     2.03   149.78    21.55     0.00     0.00     4.39   -10.60
 00015  1006.40    -6.24    63.48     3.40   182.06    23.07     0.00     0.00    -1.07   -16.09
 00016   966.27    -4.94    69.05     1.25   220.81    22.41     0.00     0.00     0.29   -10.74
 00017  1009.10    -9.14    93.46     2.17   224.35    21.85     0.00     0.00    -2.14   -17.79
 00018  1026.14    -1.97    78.11     2.25   150.27    20.96     0.00     0.00     6.04    -6.47
 00019   947.75     4.90    82.67     1.08    17.91    21.84     0.07     0.08     6.04     0.21
 00020  1031.51    -2.93    73.39     2.39   279.64    21.76     0.00     0.00     5.07    -5.76
 00021   897.56    -4.37    55.18     3.49   157.99    39.80     0.00     0.00     0.07   -10.70
 00022  1025.38   -13.38    86.79     3.58   214.89    26.58     0.00     0.00    -3.90   -17.20
 00023   921.70     1.10    51.21     2.61   158.85    35.68     0.00     0.00     5.00    -4.09
 00024   953.05   -12.24    83.16     4.15   124.52    36.06     0.00     0.00   -10.37   -14.76
 00025   798.34     7.80    81.35     1.93   216.53    18.94     0.04     0.04    11.29    -0.51
 00026  1025.79     1.39    72.34     1.45   105.72    19.81     0.00     0.00     7.66    -4.39
 00027  1019.82     3.47    74.70     2.33    79.25    19.38     0.00     0.00    10.53    -4.07
 00028   986.18     6.26    74.28     1.40    89.65    18.46     0.00     0.00    10.23    -4.12
 00029  1020.10     7.91    65.24     1.95    58.57    20.90     0.00     0.00    15.31     2.47
 00030  1008.49     8.12    70.26     2.08    68.40    22.07     0.00     0.00    14.18     2.70
 00031   572.76    -2.15    10.42     1.51    90.49    35.54     0.00     0.00     0.56   -11.48
 00032   991.55     2.78    71.13     2.53    28.83    18.58     0.00     0.00     9.98    -3.44
 00033  1019.87    17.46    77.77     8.13    50.14    23.14     0.02     0.11    17.39    14.47
 00034  1017.83    26.79    67.88    11.27    46.05    25.83     0.11     0.81    27.11    24.72
 00035  1018.56    19.70    72.29     4.19    30.70    23.23     0.01     0.03    19.95    16.43
 00036   777.65     5.14    79.70     1.66   184.13    20.76     0.04     0.18     8.39     0.80
 00037   981.30     2.01    70.77     1.82    45.16    18.50     0.00     0.00    10.18    -4.45
 00038  1009.06     7.90    49.71     2.02    91.89    20.32     0.00     0.00    16.03     0.11
 00039  1022.98    14.37    70.36    10.79    31.30    18.89     0.04     0.04    15.59     8.88
 00040  1020.29    13.58    59.63     7.77    36.49    16.84     0.00     0.00    17.08     7.15
 00041   983.53    -0.00    58.60     1.48    93.35    19.86     0.00     0.00     5.60    -7.37
 00042  1028.09    -3.22    71.04     2.13   100.41    21.21     0.00     0.00     5.20   -10.49
 00043  1018.55     0.08    80.88     2.43    36.37    19.92     0.00     0.00     7.75    -4.38
 00044   998.79     1.86    69.60     1.86    82.33    19.69     0.00     0.00     7.53    -4.89
 00045  1020.29    13.58    59.63     7.77    36.49    16.84     0.00     0.00    17.08     7.15
 00046   952.47     1.06    75.95     1.77    67.44    19.22     0.00     0.00    10.88    -4.31
 00047  1018.40     7.51    54.54     2.18   140.00    20.09     0.00     0.00    10.46    -0.91
 00048   606.45    -4.45    43.37     1.87    28.57    37.48     0.00     0.12    -0.66   -13.05
 00049   576.80    -6.19    87.38     0.49   169.79    28.23     0.01     0.09    -0.94   -16.44
 00050  1015.77     9.49    63.76     5.48    12.46    19.37     0.01     0.01    13.52     0.73
