stn_id       p       t2      rh2      spd      dir      vis    rain6   rain24   tmax24   tmin24 
 00001   994.72     3.34    85.19     2.06   325.44    21.83  9999.00  9999.00  9999.00  9999.00
 00002  1019.52   -20.38    93.34     2.48   286.98    26.64  9999.00  9999.00  9999.00  9999.00
 00003   918.73   -21.78    88.76     1.15    45.64    24.96  9999.00  9999.00  9999.00  9999.00
 00004   842.76   -20.74    81.68     2.24   234.29    23.01  9999.00  9999.00  9999.00  9999.00
 00005   882.32   -22.95    95.67     1.71    67.12    27.35  9999.00  9999.00  9999.00  9999.00
 00006   893.26   -25.07    99.96     3.91   244.88    31.10  9999.00  9999.00  9999.00  9999.00
 00007  1027.67   -16.17    78.41     2.57   174.04    37.11  9999.00  9999.00  9999.00  9999.00
 00008  1008.03   -16.00    82.23     4.27   220.91    42.06  9999.00  9999.00  9999.00  9999.00
 00009   956.96   -26.91    97.16     2.35   226.49    52.76  9999.00  9999.00  9999.00  9999.00
 00010   983.61   -19.28    78.38     4.07   273.03    41.78  9999.00  9999.00  9999.00  9999.00
 00011  1014.74   -22.79    99.77     3.63   212.46    46.07  9999.00  9999.00  9999.00  9999.00
 00012  1036.38   -18.84    86.91     1.80   289.45    28.78  9999.00  9999.00  9999.00  9999.00
 00013  1040.27    -6.47    62.01     0.53   279.98    21.95  9999.00  9999.00  9999.00  9999.00
 00014  1036.75    -7.62    69.27     1.70   265.20    21.70  9999.00  9999.00  9999.00  9999.00
 00015  1019.64   -13.87    71.69     2.69   172.66    23.36  9999.00  9999.00  9999.00  9999.00
 00016   977.34    -8.34    63.19     0.96   193.80    22.93  9999.00  9999.00  9999.00  9999.00
 00017  1021.13    -7.55    70.87     3.56   227.04    22.23  9999.00  9999.00  9999.00  9999.00
 00018  1039.70    -6.07    45.97     1.00   316.08    21.23  9999.00  9999.00  9999.00  9999.00
 00019   957.02     3.05    91.07     1.20   281.11    25.89  9999.00  9999.00  9999.00  9999.00
 00020  1041.37    -4.45    44.35     3.87   303.26    21.96  9999.00  9999.00  9999.00  9999.00
 00021   903.72    -8.47    69.58     2.08    84.41    26.93  9999.00  9999.00  9999.00  9999.00
 00022  1039.70   -16.29    84.04     2.94   248.15    26.78  9999.00  9999.00  9999.00  9999.00
 00023   925.22    -7.12    69.98     3.68   123.81    35.26  9999.00  9999.00  9999.00  9999.00
 00024   962.35   -15.70    84.04     5.83   115.49    30.83  9999.00  9999.00  9999.00  9999.00
 00025   802.39     5.21    82.30     2.46   117.21    18.60  9999.00  9999.00  9999.00  9999.00
 00026  1037.33    -3.59    55.63     3.76   284.81    19.97  9999.00  9999.00  9999.00  9999.00
 00027  1033.23    -2.28    65.20     2.90   116.29    19.63  9999.00  9999.00  9999.00  9999.00
 00028   998.97    -1.30    64.26     2.57    38.77    18.77  9999.00  9999.00  9999.00  9999.00
 00029  1027.38     8.58    37.19     5.08    18.04    20.95  9999.00  9999.00  9999.00  9999.00
 00030  1016.71     5.70    50.32     3.26    33.59    22.18  9999.00  9999.00  9999.00  9999.00
 00031   576.88    -1.54     5.78     0.83   275.29    35.37  9999.00  9999.00  9999.00  9999.00
 00032   998.95     1.75    48.46     2.96   358.65    17.42  9999.00  9999.00  9999.00  9999.00
 00033  1026.42    12.70    84.43     9.06   358.25    12.00  9999.00  9999.00  9999.00  9999.00
 00034  1020.56    24.96    79.05    15.22    45.57     9.71  9999.00  9999.00  9999.00  9999.00
 00035  1024.28    15.19    83.74     5.35   189.95    13.96  9999.00  9999.00  9999.00  9999.00
 00036   783.69     2.74    80.80     2.04    27.54    11.83  9999.00  9999.00  9999.00  9999.00
 00037   988.72    -0.02    55.34     1.81   274.85    18.22  9999.00  9999.00  9999.00  9999.00
 00038  1015.82     7.32    32.59     2.66    21.23    20.33  9999.00  9999.00  9999.00  9999.00
 00039  1028.98    10.68    76.57    13.32    16.81    11.48  9999.00  9999.00  9999.00  9999.00
 00040  1025.97    10.19    53.29    10.42    22.17    11.72  9999.00  9999.00  9999.00  9999.00
 00041   994.23    -7.07    59.10     1.78    53.71    20.03  9999.00  9999.00  9999.00  9999.00
 00042  1040.32    -6.68    62.23     1.87   135.31    21.43  9999.00  9999.00  9999.00  9999.00
 00043  1030.20    -3.89    60.26     2.35    83.17    20.07  9999.00  9999.00  9999.00  9999.00
 00044  1008.83    -4.11    58.22     1.89    51.82    19.78  9999.00  9999.00  9999.00  9999.00
 00045  1025.97    10.19    53.29    10.42    22.17    11.72  9999.00  9999.00  9999.00  9999.00
 00046   959.91    -1.31    64.85     2.07    17.98    19.24  9999.00  9999.00  9999.00  9999.00
 00047  1027.27     0.78    55.25     4.87   334.35    20.13  9999.00  9999.00  9999.00  9999.00
 00048   609.74    -7.82    42.95     1.94   131.69    37.29  9999.00  9999.00  9999.00  9999.00
 00049   579.77    -9.30    54.56     1.21    92.55    28.23  9999.00  9999.00  9999.00  9999.00
 00050  1022.00     6.10    61.45     7.91     6.70    18.56  9999.00  9999.00  9999.00  9999.00
