stn_id       p       t2      rh2      spd      dir      vis    rain6   rain24   tmax24   tmin24 
 00001   967.68    17.60    95.74     0.98   265.75    15.98  9999.00  9999.00  9999.00  9999.00
 00002  1000.39    13.36    68.44     2.09   295.62    20.19  9999.00  9999.00  9999.00  9999.00
 00003   907.98     7.18    87.49     1.59    36.19    15.73  9999.00  9999.00  9999.00  9999.00
 00004   838.00     5.99    61.43     2.43    99.43    17.30  9999.00  9999.00  9999.00  9999.00
 00005   875.19     8.09    45.86     2.53    57.57    17.28  9999.00  9999.00  9999.00  9999.00
 00006   887.68     6.34    50.86     1.03   183.12    17.27  9999.00  9999.00  9999.00  9999.00
 00007  1007.76    13.39    49.57     2.75   353.37    19.67  9999.00  9999.00  9999.00  9999.00
 00008   991.28    12.53    44.46     0.85    85.55    21.70  9999.00  9999.00  9999.00  9999.00
 00009   943.76    10.51    24.45     3.73   218.74    36.81  9999.00  9999.00  9999.00  9999.00
 00010   969.85    10.87    48.63     0.25    64.88    22.38  9999.00  9999.00  9999.00  9999.00
 00011   998.23    16.17    41.55     2.00   211.24    24.22  9999.00  9999.00  9999.00  9999.00
 00012  1016.64    17.12    34.60     3.43    28.73    18.83  9999.00  9999.00  9999.00  9999.00
 00013  1009.75    15.88    80.51     3.95   102.16    23.51  9999.00  9999.00  9999.00  9999.00
 00014  1005.04    16.31    85.64     4.08   335.30    20.95  9999.00  9999.00  9999.00  9999.00
 00015   998.23    15.84    51.48     4.23    25.22    19.12  9999.00  9999.00  9999.00  9999.00
 00016   957.93    11.65    88.12     2.73    30.94    18.46  9999.00  9999.00  9999.00  9999.00
 00017  1000.80    15.08    63.65     3.30   315.73    21.30  9999.00  9999.00  9999.00  9999.00
 00018  1009.72    16.59    71.06     4.09     9.79    23.44  9999.00  9999.00  9999.00  9999.00
 00019   932.52    17.83    88.18     1.20   280.81    25.15  9999.00  9999.00  9999.00  9999.00
 00020  1009.99    15.61    92.56     4.95   319.73     5.10  9999.00  9999.00  9999.00  9999.00
 00021   892.77     1.17    58.56     1.63   165.86    27.79  9999.00  9999.00  9999.00  9999.00
 00022  1019.32    16.66    47.69     3.20    34.47    18.43  9999.00  9999.00  9999.00  9999.00
 00023   919.89     3.54    54.13     1.59   194.31    25.75  9999.00  9999.00  9999.00  9999.00
 00024   945.18     6.56    66.67     3.00    94.21    27.64  9999.00  9999.00  9999.00  9999.00
 00025   790.63    19.46    41.65     2.38   250.92    25.80  9999.00  9999.00  9999.00  9999.00
 00026  1007.40    16.77    82.21     5.44     7.73    24.49  9999.00  9999.00  9999.00  9999.00
 00027  1005.88    14.00    86.05     5.40   358.64    12.29  9999.00  9999.00  9999.00  9999.00
 00028   974.63    13.54    85.30     4.55    34.35     4.90  9999.00  9999.00  9999.00  9999.00
 00029   999.68    24.89    90.41     2.88    61.85    24.50  9999.00  9999.00  9999.00  9999.00
 00030   987.63    25.19    93.55     3.28   191.44    10.68  9999.00  9999.00  9999.00  9999.00
 00031   569.73    -4.77    63.11     2.16   224.95    25.31  9999.00  9999.00  9999.00  9999.00
 00032   970.58    20.58    98.51     2.10    88.94     0.86  9999.00  9999.00  9999.00  9999.00
 00033   999.27    23.43    96.25     6.57   170.27     6.45  9999.00  9999.00  9999.00  9999.00
 00034  1005.21    28.24    89.47     6.40   180.60    29.43  9999.00  9999.00  9999.00  9999.00
 00035   999.39    29.53    79.92     7.61   185.29    28.39  9999.00  9999.00  9999.00  9999.00
 00036   772.93    13.32    67.68     1.68   321.30    21.41  9999.00  9999.00  9999.00  9999.00
 00037   960.92    21.56    97.94     1.44    94.35     5.20  9999.00  9999.00  9999.00  9999.00
 00038   988.17    25.31    90.60     1.44   219.47    25.25  9999.00  9999.00  9999.00  9999.00
 00039  1001.48    25.04    91.95     6.51   217.60     8.94  9999.00  9999.00  9999.00  9999.00
 00040   999.81    26.17    87.37     5.63   224.86    23.41  9999.00  9999.00  9999.00  9999.00
 00041   967.73    13.17    91.87     2.29     5.93    23.90  9999.00  9999.00  9999.00  9999.00
 00042  1010.06    16.06    82.92     3.88   350.33    23.78  9999.00  9999.00  9999.00  9999.00
 00043  1000.91    16.95    84.45     4.61    14.04    25.71  9999.00  9999.00  9999.00  9999.00
 00044   980.27    17.69    83.74     3.84    32.86    24.18  9999.00  9999.00  9999.00  9999.00
 00045   999.81    26.17    87.37     5.63   224.86    23.41  9999.00  9999.00  9999.00  9999.00
 00046   936.56    20.04    94.05     2.18   312.58    12.31  9999.00  9999.00  9999.00  9999.00
 00047   995.85    18.90    86.62     4.72   349.10    22.27  9999.00  9999.00  9999.00  9999.00
 00048   600.63    -0.10    79.59     1.04   184.80    26.52  9999.00  9999.00  9999.00  9999.00
 00049   573.98    -1.70    96.70     1.77   177.96     4.47  9999.00  9999.00  9999.00  9999.00
 00050   993.47    24.80    92.11     3.66   214.23    20.63  9999.00  9999.00  9999.00  9999.00
