stn_id       p       t2      rh2      spd      dir      vis    rain6   rain24   tmax24   tmin24 
 00001   973.86    17.47    81.31     2.16   101.40    16.31  9999.00  9999.00  9999.00  9999.00
 00002  1000.24    23.75    31.99     3.00   152.84    20.17  9999.00  9999.00  9999.00  9999.00
 00003   906.92    18.26    44.19     1.76    98.94    18.86  9999.00  9999.00  9999.00  9999.00
 00004   838.21    15.27    45.24     3.28   128.44    17.38  9999.00  9999.00  9999.00  9999.00
 00005   873.58    18.12    36.05     2.55   138.64    17.40  9999.00  9999.00  9999.00  9999.00
 00006   884.73    17.75    30.42     1.59   147.45    17.39  9999.00  9999.00  9999.00  9999.00
 00007  1010.99    18.35    29.19     4.11   356.81    19.69  9999.00  9999.00  9999.00  9999.00
 00008   993.73    15.83    22.05     6.74   322.96    21.74  9999.00  9999.00  9999.00  9999.00
 00009   950.64     9.35    31.80     4.04   340.16    37.05  9999.00  9999.00  9999.00  9999.00
 00010   966.62    14.61    26.19     7.98   295.80    22.34  9999.00  9999.00  9999.00  9999.00
 00011   997.17    14.12    21.06     9.38   310.71    24.25  9999.00  9999.00  9999.00  9999.00
 00012  1017.07    24.61    27.20     3.93    99.67    18.87  9999.00  9999.00  9999.00  9999.00
 00013  1016.82    20.71    51.56     2.13   101.72    23.72  9999.00  9999.00  9999.00  9999.00
 00014  1012.78    20.34    58.79     2.82    69.71    24.75  9999.00  9999.00  9999.00  9999.00
 00015  1001.35    23.80    28.93     0.52   156.38    19.11  9999.00  9999.00  9999.00  9999.00
 00016   958.66    15.66    65.10     1.54   238.78    10.72  9999.00  9999.00  9999.00  9999.00
 00017  1002.34    22.04    36.94     2.63   134.50    21.40  9999.00  9999.00  9999.00  9999.00
 00018  1015.20    20.91    51.02     3.50    99.03    23.67  9999.00  9999.00  9999.00  9999.00
 00019   938.05    14.43    85.51     1.59    61.87    12.26  9999.00  9999.00  9999.00  9999.00
 00020  1018.64    21.11    53.30     3.66    66.69    22.19  9999.00  9999.00  9999.00  9999.00
 00021   895.36    12.24    49.58     2.00   142.86    27.75  9999.00  9999.00  9999.00  9999.00
 00022  1019.92    25.11    27.72     2.13    87.12    18.40  9999.00  9999.00  9999.00  9999.00
 00023   922.41    15.39    40.38     1.06   336.88    25.81  9999.00  9999.00  9999.00  9999.00
 00024   946.73    12.37    46.30     0.98    52.62    27.77  9999.00  9999.00  9999.00  9999.00
 00025   795.16    23.23    40.57     5.72   247.38    26.05  9999.00  9999.00  9999.00  9999.00
 00026  1012.72    22.17    62.07     4.13    49.51    25.97  9999.00  9999.00  9999.00  9999.00
 00027  1008.40    23.05    61.93     1.86    65.06    25.61  9999.00  9999.00  9999.00  9999.00
 00028   977.16    19.69    72.13     2.25    27.47    23.06  9999.00  9999.00  9999.00  9999.00
 00029  1008.39    24.46    66.64     2.53    57.53    26.74  9999.00  9999.00  9999.00  9999.00
 00030   997.95    21.93    75.93     2.23    44.84    30.34  9999.00  9999.00  9999.00  9999.00
 00031   571.95     2.15    17.86     3.56   226.46    25.29  9999.00  9999.00  9999.00  9999.00
 00032   980.11    21.27    64.66     3.73    65.71    23.10  9999.00  9999.00  9999.00  9999.00
 00033  1009.12    21.82    96.43     7.38    86.05     0.33  9999.00  9999.00  9999.00  9999.00
 00034  1010.49    27.62    86.68     3.36    78.73    28.33  9999.00  9999.00  9999.00  9999.00
 00035  1008.17    29.39    74.88     5.30    82.15    17.04  9999.00  9999.00  9999.00  9999.00
 00036   774.21    17.70    54.20     1.37   226.09    24.16  9999.00  9999.00  9999.00  9999.00
 00037   970.27    22.11    62.12     2.85    75.53    23.07  9999.00  9999.00  9999.00  9999.00
 00038   996.47    25.29    60.26     3.00    68.16    25.62  9999.00  9999.00  9999.00  9999.00
 00039  1011.11    22.67    71.70    10.41    39.45    24.90  9999.00  9999.00  9999.00  9999.00
 00040  1007.77    24.15    66.51     7.95    55.41    26.07  9999.00  9999.00  9999.00  9999.00
 00041   973.78    19.08    57.85     2.38    97.02    24.34  9999.00  9999.00  9999.00  9999.00
 00042  1016.36    20.36    56.98     3.69    87.69    24.31  9999.00  9999.00  9999.00  9999.00
 00043  1005.84    22.29    64.29     3.84    46.46    26.49  9999.00  9999.00  9999.00  9999.00
 00044   987.37    20.01    66.56     3.78    60.53    24.67  9999.00  9999.00  9999.00  9999.00
 00045  1007.77    24.15    66.51     7.95    55.41    26.07  9999.00  9999.00  9999.00  9999.00
 00046   943.42    21.42    68.78     1.63    47.29    25.27  9999.00  9999.00  9999.00  9999.00
 00047  1005.44    21.36    60.40     4.43    31.73    23.58  9999.00  9999.00  9999.00  9999.00
 00048   602.51     5.89    41.10     2.98   212.89    27.72  9999.00  9999.00  9999.00  9999.00
 00049   576.35    -0.62    62.99     2.29   205.54    23.90  9999.00  9999.00  9999.00  9999.00
 00050  1003.57    23.17    65.40     6.40    43.19    24.43  9999.00  9999.00  9999.00  9999.00
