stn_id       p       t2      rh2      spd      dir      vis    rain6   rain24   tmax24   tmin24 
 00001   970.32     9.89    96.93     1.04    76.92    21.86  9999.00  9999.00  9999.00  9999.00
 00002   998.31     1.89    66.19     2.87   322.50    25.60  9999.00  9999.00  9999.00  9999.00
 00003   901.35    -3.33    69.74     2.08   285.16    24.06  9999.00  9999.00  9999.00  9999.00
 00004   832.41    -3.18    41.50     1.48   107.00    23.97  9999.00  9999.00  9999.00  9999.00
 00005   868.29    -5.94    38.17     1.65   109.72    26.39  9999.00  9999.00  9999.00  9999.00
 00006   881.17   -10.75    74.03     1.45    84.49    28.26  9999.00  9999.00  9999.00  9999.00
 00007  1014.16    -7.19    44.73     4.34    19.88    33.64  9999.00  9999.00  9999.00  9999.00
 00008   996.66   -12.40    62.65     3.45   280.91    38.29  9999.00  9999.00  9999.00  9999.00
 00009   944.40   -29.34    93.97     3.73   291.27    39.94  9999.00  9999.00  9999.00  9999.00
 00010   967.56    -5.14    87.81     4.06   303.63    38.13  9999.00  9999.00  9999.00  9999.00
 00011  1001.39   -17.64    86.28     5.10   286.25    42.21  9999.00  9999.00  9999.00  9999.00
 00012  1016.21    -0.22    51.41     2.72    39.28    26.92  9999.00  9999.00  9999.00  9999.00
 00013  1011.05    10.04    74.18     2.43   216.13    20.91  9999.00  9999.00  9999.00  9999.00
 00014  1009.37    12.96    73.48     2.95   222.04    20.38  9999.00  9999.00  9999.00  9999.00
 00015   994.21     5.67    89.50     2.32    86.84    22.43  9999.00  9999.00  9999.00  9999.00
 00016   951.83     2.85    84.39     0.26   118.23    22.48  9999.00  9999.00  9999.00  9999.00
 00017   993.98     4.52    93.02     1.98   330.10    21.50  9999.00  9999.00  9999.00  9999.00
 00018  1009.02    12.87    78.39     3.92   188.41    20.32  9999.00  9999.00  9999.00  9999.00
 00019   933.68     8.28    91.01     0.84   258.81    23.63  9999.00  9999.00  9999.00  9999.00
 00020  1014.53    13.33    85.44     2.60   210.43    20.95  9999.00  9999.00  9999.00  9999.00
 00021   890.82    -9.75    95.61     1.26    86.25    23.77  9999.00  9999.00  9999.00  9999.00
 00022  1018.19     2.38    52.69     5.90    71.81    25.30  9999.00  9999.00  9999.00  9999.00
 00023   920.33   -10.34    83.67     0.56   185.73    22.29  9999.00  9999.00  9999.00  9999.00
 00024   949.91   -20.90    97.84     3.47   305.19    33.75  9999.00  9999.00  9999.00  9999.00
 00025   794.41    11.33    99.19     2.94   243.24     3.19  9999.00  9999.00  9999.00  9999.00
 00026  1011.03    13.68    89.18     2.24   101.04     7.42  9999.00  9999.00  9999.00  9999.00
 00027  1004.18    15.58    80.57     3.45   169.96    19.16  9999.00  9999.00  9999.00  9999.00
 00028   971.95    15.23    87.73     1.54   186.13    13.38  9999.00  9999.00  9999.00  9999.00
 00029  1008.22    19.35    91.02     1.46    63.41    20.52  9999.00  9999.00  9999.00  9999.00
 00030   995.64    16.84    96.09     1.69   200.40    22.05  9999.00  9999.00  9999.00  9999.00
 00031   569.10   -10.05    56.15     1.98   214.47    34.23  9999.00  9999.00  9999.00  9999.00
 00032   980.21    12.25    80.97     1.62   302.40    17.97  9999.00  9999.00  9999.00  9999.00
 00033  1010.09    19.87    91.28     3.96   172.13     0.46  9999.00  9999.00  9999.00  9999.00
 00034  1012.17    26.40    80.37     1.35   233.15    26.40  9999.00  9999.00  9999.00  9999.00
 00035  1009.65    20.13    93.19     1.77   266.62    23.56  9999.00  9999.00  9999.00  9999.00
 00036   773.58     6.15    99.10     1.12   138.54     0.85  9999.00  9999.00  9999.00  9999.00
 00037   970.49    11.76    83.90     1.14   306.22    17.89  9999.00  9999.00  9999.00  9999.00
 00038   998.33    13.26    76.90     1.04   309.40    19.95  9999.00  9999.00  9999.00  9999.00
 00039  1011.93    17.91    80.82     2.62   329.20    19.64  9999.00  9999.00  9999.00  9999.00
 00040  1009.31    17.50    76.26     2.35   350.25    20.66  9999.00  9999.00  9999.00  9999.00
 00041   971.23    11.97    71.22     2.17   189.63    18.66  9999.00  9999.00  9999.00  9999.00
 00042  1011.58    10.18    72.89     2.15   193.24    20.36  9999.00  9999.00  9999.00  9999.00
 00043  1003.98    13.90    87.72     1.96   110.46    19.38  9999.00  9999.00  9999.00  9999.00
 00044   987.44    11.19    89.44     1.07    63.78     3.05  9999.00  9999.00  9999.00  9999.00
 00045  1009.31    17.50    76.26     2.35   350.25    20.66  9999.00  9999.00  9999.00  9999.00
 00046   943.94    13.78    67.12     1.27   173.82    18.69  9999.00  9999.00  9999.00  9999.00
 00047  1004.41    15.51    86.10     2.99   309.35    19.28  9999.00  9999.00  9999.00  9999.00
 00048   601.64   -13.28    96.61     1.41    36.25     9.86  9999.00  9999.00  9999.00  9999.00
 00049   573.99   -13.46    94.60     0.54   160.07    10.44  9999.00  9999.00  9999.00  9999.00
 00050  1004.16    12.43    84.24     1.94   320.63    19.13  9999.00  9999.00  9999.00  9999.00
