stn_id       p       t2      rh2      spd      dir      vis    rain6   rain24   tmax24   tmin24 
 00001   975.45    12.43    95.28     1.58   294.51    21.69  9999.00  9999.00  9999.00  9999.00
 00002  1012.12    -4.01    92.58     1.28   308.18    22.02  9999.00  9999.00  9999.00  9999.00
 00003   910.80    -5.48    92.02     1.37    47.95    20.49  9999.00  9999.00  9999.00  9999.00
 00004   836.66    -5.47    88.78     2.45   188.96    15.24  9999.00  9999.00  9999.00  9999.00
 00005   872.24    -2.30    96.74     2.74   191.10    10.68  9999.00  9999.00  9999.00  9999.00
 00006   881.12    -1.11    84.80     4.22   246.49    19.99  9999.00  9999.00  9999.00  9999.00
 00007  1023.67   -10.71    26.91     5.69    22.93    34.57  9999.00  9999.00  9999.00  9999.00
 00008  1009.90   -15.44    48.66     1.71    34.15    39.40  9999.00  9999.00  9999.00  9999.00
 00009   959.97   -32.82    94.25     2.13   236.60    50.41  9999.00  9999.00  9999.00  9999.00
 00010   983.94   -14.17    35.41     2.39   307.81    39.30  9999.00  9999.00  9999.00  9999.00
 00011  1018.57   -27.27    93.03     2.54   267.40    43.45  9999.00  9999.00  9999.00  9999.00
 00012  1028.56    -2.14    68.85     0.85   313.36    27.31  9999.00  9999.00  9999.00  9999.00
 00013  1011.25    12.68    93.80     4.85    35.80     6.27  9999.00  9999.00  9999.00  9999.00
 00014  1005.66    15.91    97.79     1.25   333.52     6.17  9999.00  9999.00  9999.00  9999.00
 00015  1006.52     2.53    90.09     5.76    29.24    13.41  9999.00  9999.00  9999.00  9999.00
 00016   965.58     3.16    95.27     0.88   311.90     8.19  9999.00  9999.00  9999.00  9999.00
 00017  1010.35    -0.35    89.59     4.76    18.55     6.52  9999.00  9999.00  9999.00  9999.00
 00018  1010.55    11.72    93.69     6.07    38.03     9.82  9999.00  9999.00  9999.00  9999.00
 00019   941.16    11.46    91.31     0.93   256.93    11.51  9999.00  9999.00  9999.00  9999.00
 00020  1011.04    17.13    97.75     3.55   302.52    13.49  9999.00  9999.00  9999.00  9999.00
 00021   891.00   -11.56    90.96     1.19   184.42    30.39  9999.00  9999.00  9999.00  9999.00
 00022  1031.47    -2.40    21.54     3.49    40.91    25.76  9999.00  9999.00  9999.00  9999.00
 00023   918.40   -12.06    71.76     0.82   116.80    30.92  9999.00  9999.00  9999.00  9999.00
 00024   950.10   -15.89    84.79     3.51   111.34    32.42  9999.00  9999.00  9999.00  9999.00
 00025   795.26     7.79    91.08     1.54   254.11    19.00  9999.00  9999.00  9999.00  9999.00
 00026  1008.57    14.80    95.85     3.76   332.01     1.47  9999.00  9999.00  9999.00  9999.00
 00027  1010.05     7.17    93.41     7.42   335.68    15.99  9999.00  9999.00  9999.00  9999.00
 00028   977.38     9.06    92.66     4.61    22.46    14.50  9999.00  9999.00  9999.00  9999.00
 00029  1006.69    22.58    98.18     1.15   125.21     9.40  9999.00  9999.00  9999.00  9999.00
 00030   994.65    21.86    99.28     2.06   147.29     6.29  9999.00  9999.00  9999.00  9999.00
 00031   570.87    -8.92    30.21     1.29   213.19    34.35  9999.00  9999.00  9999.00  9999.00
 00032   977.17    14.18    95.88     1.13   283.75    16.43  9999.00  9999.00  9999.00  9999.00
 00033  1008.27    21.29    93.88     3.92   163.87     0.15  9999.00  9999.00  9999.00  9999.00
 00034  1011.06    27.28    85.62     2.55   115.99    26.28  9999.00  9999.00  9999.00  9999.00
 00035  1007.74    23.44    95.71     2.11   191.46    14.93  9999.00  9999.00  9999.00  9999.00
 00036   775.56     3.39    94.19     0.89    93.24    18.42  9999.00  9999.00  9999.00  9999.00
 00037   967.53    13.84    96.63     0.90   281.18    17.32  9999.00  9999.00  9999.00  9999.00
 00038   996.08    15.56    96.63     0.97   296.80    19.61  9999.00  9999.00  9999.00  9999.00
 00039  1009.20    19.97    94.82     1.68   285.94    17.38  9999.00  9999.00  9999.00  9999.00
 00040  1007.46    19.55    94.22     1.79    42.40    20.68  9999.00  9999.00  9999.00  9999.00
 00041   968.19    13.70    99.17     0.74   335.29     4.15  9999.00  9999.00  9999.00  9999.00
 00042  1010.48    13.54    96.94     4.19    28.81    10.74  9999.00  9999.00  9999.00  9999.00
 00043  1001.77    16.42    98.62     2.44   314.92     6.58  9999.00  9999.00  9999.00  9999.00
 00044   982.43    15.73    95.40     0.73   144.77    18.55  9999.00  9999.00  9999.00  9999.00
 00045  1007.46    19.55    94.22     1.79    42.40    20.68  9999.00  9999.00  9999.00  9999.00
 00046   942.10    16.88    88.83     1.43   171.25    16.27  9999.00  9999.00  9999.00  9999.00
 00047  1000.31    16.51    99.13     1.99   292.28     0.74  9999.00  9999.00  9999.00  9999.00
 00048   604.74   -16.96    95.18     2.26   132.85     9.72  9999.00  9999.00  9999.00  9999.00
 00049   573.61   -11.54    83.47     1.10    33.68    25.29  9999.00  9999.00  9999.00  9999.00
 00050  1001.38    15.74    94.05     1.39   298.01    19.14  9999.00  9999.00  9999.00  9999.00
