stn_id       p       t2      rh2      spd      dir      vis    rain6   rain24   tmax24   tmin24 
 00001   980.01     2.81    93.63     1.47   102.81    18.71     0.00  9999.00  9999.00  9999.00
 00002  1003.53    -8.29    36.18     1.55   301.48    27.15     0.00  9999.00  9999.00  9999.00
 00003   905.08    -9.00    49.71     2.17   218.33    25.02     0.00  9999.00  9999.00  9999.00
 00004   832.17   -10.41    58.15     4.21   240.66    26.14     0.00  9999.00  9999.00  9999.00
 00005   867.79   -14.26    70.32     1.40   283.30    31.75     0.00  9999.00  9999.00  9999.00
 00006   876.80   -11.33    67.39     6.29   259.05    36.10     0.07  9999.00  9999.00  9999.00
 00007  1015.92    -9.68    26.76     4.68   154.83    36.10     0.00  9999.00  9999.00  9999.00
 00008   999.39   -15.90    33.99     4.05   153.35    41.62     0.00  9999.00  9999.00  9999.00
 00009   953.59   -48.42    99.29     1.05   206.83    54.26     0.00  9999.00  9999.00  9999.00
 00010   978.75   -18.68    64.10     2.12   278.62    40.67     0.00  9999.00  9999.00  9999.00
 00011  1010.38   -22.64    72.53     2.43    92.03    46.35     0.00  9999.00  9999.00  9999.00
 00012  1021.41    -7.47    21.57     1.28   160.97    29.43     0.00  9999.00  9999.00  9999.00
 00013  1025.73    -2.20    76.90     2.37    75.97    20.73     0.00  9999.00  9999.00  9999.00
 00014  1021.71     3.09    83.34     1.38   334.94    21.06     0.00  9999.00  9999.00  9999.00
 00015  1005.85    -1.60    30.90     5.53   189.71    22.26     0.00  9999.00  9999.00  9999.00
 00016   962.59    -6.62    77.75     1.05   160.10    19.82     0.00  9999.00  9999.00  9999.00
 00017  1008.54    -5.47    52.79     1.44   232.06    20.26     0.00  9999.00  9999.00  9999.00
 00018  1023.97    -1.46    62.77     2.88    92.15    19.93     0.00  9999.00  9999.00  9999.00
 00019   942.48     1.95    82.97     1.05    20.67    20.91     0.07  9999.00  9999.00  9999.00
 00020  1027.54     2.03    81.93     3.12     6.07    20.75     0.00  9999.00  9999.00  9999.00
 00021   897.33    -9.64    66.26     1.71   133.26    26.96     0.34  9999.00  9999.00  9999.00
 00022  1024.57    -5.71    19.71     2.44   169.57    26.66     0.00  9999.00  9999.00  9999.00
 00023   929.02   -11.60    85.30     2.29   258.01    28.80     0.11  9999.00  9999.00  9999.00
 00024   954.67   -19.77    95.87     1.06   117.19    20.18     0.63  9999.00  9999.00  9999.00
 00025   794.70     6.16    99.73     2.50   201.41     3.00     0.03  9999.00  9999.00  9999.00
 00026  1020.43     4.39    65.03     3.09    14.26    19.37     0.00  9999.00  9999.00  9999.00
 00027  1016.54     6.85    72.66     1.53   327.54    18.49     0.03  9999.00  9999.00  9999.00
 00028   984.18     5.48    80.04     1.69   105.66     3.52     0.87  9999.00  9999.00  9999.00
 00029  1014.30    13.20    73.05     2.71     6.51    20.86     0.00  9999.00  9999.00  9999.00
 00030  1004.23     9.10    74.59     2.05    37.89    21.92     0.00  9999.00  9999.00  9999.00
 00031   567.43    -9.99    38.19     2.85   229.46    36.90     0.00  9999.00  9999.00  9999.00
 00032   986.81     8.50    57.86     1.89   352.06    19.00     0.00  9999.00  9999.00  9999.00
 00033  1014.58    19.75    82.17     5.57    15.03    18.45     0.02  9999.00  9999.00  9999.00
 00034  1013.31    26.03    84.70     9.90    53.06    12.99     0.84  9999.00  9999.00  9999.00
 00035  1013.33    21.37    84.04     3.50    25.19    21.21     0.03  9999.00  9999.00  9999.00
 00036   772.63    -4.41    98.38     1.72    89.36     1.00     0.00  9999.00  9999.00  9999.00
 00037   976.83     7.53    67.03     1.20   268.75    18.91     0.00  9999.00  9999.00  9999.00
 00038  1003.55    13.16    78.49     0.73   121.26     9.51     0.13  9999.00  9999.00  9999.00
 00039  1017.46    14.97    73.51    11.69    19.87    12.59     0.69  9999.00  9999.00  9999.00
 00040  1014.50    15.42    74.09     7.72    28.96    16.62     0.11  9999.00  9999.00  9999.00
 00041   980.51     0.35    76.25     1.49    94.45    19.29     0.00  9999.00  9999.00  9999.00
 00042  1025.29    -0.57    77.23     2.80    83.15    20.42     0.00  9999.00  9999.00  9999.00
 00043  1013.43     3.96    76.19     1.87    23.80    19.60     0.00  9999.00  9999.00  9999.00
 00044   994.18     4.48    63.52     2.31    59.59    19.47     0.00  9999.00  9999.00  9999.00
 00045  1014.50    15.42    74.09     7.72    28.96    16.62     0.11  9999.00  9999.00  9999.00
 00046   948.68     3.85    96.23     1.11    82.65    19.53     0.00  9999.00  9999.00  9999.00
 00047  1013.31     9.70    62.69     3.69   329.31    20.15     0.00  9999.00  9999.00  9999.00
 00048   597.04    -5.85    43.52     2.46   174.12    38.89     0.00  9999.00  9999.00  9999.00
 00049   571.50   -12.87    93.03     1.10   236.81    19.04     0.11  9999.00  9999.00  9999.00
 00050  1010.21    11.78    58.75     6.50     8.71    19.05     0.19  9999.00  9999.00  9999.00
