stn_id       p       t2      rh2      spd      dir      vis    rain6   rain24   tmax24   tmin24 
 00001   989.72    18.20  9999.00     1.00    40.00     0.60  9999.00  9999.00  9999.00  9999.00
 00002  1009.86    20.70  9999.00     2.00   140.00    15.00  9999.00  9999.00  9999.00  9999.00
 00003   929.37    21.00  9999.00     1.00   180.00    30.00  9999.00  9999.00  9999.00  9999.00
 00004   864.91    15.00  9999.00     2.00   320.00    30.00  9999.00  9999.00  9999.00  9999.00
 00005   899.58    15.60  9999.00     3.00   200.00    30.00  9999.00  9999.00  9999.00  9999.00
 00006   888.88    15.50  9999.00     5.00   270.00    30.00  9999.00  9999.00  9999.00  9999.00
 00007  1013.80    11.00  9999.00     2.00   360.00    30.00  9999.00  9999.00  9999.00  9999.00
 00008   992.17     5.50  9999.00     1.00   270.00     9.00  9999.00  9999.00  9999.00  9999.00
 00009   966.48    -1.80  9999.00     1.00   290.00    30.00  9999.00  9999.00  9999.00  9999.00
 00010   986.40    10.60  9999.00     5.00   340.00    30.00  9999.00  9999.00  9999.00  9999.00
 00011  1001.76     6.40  9999.00     2.00   290.00    19.00  9999.00  9999.00  9999.00  9999.00
 00012  1015.32    19.30  9999.00     2.00   200.00    20.00  9999.00  9999.00  9999.00  9999.00
 00013  1015.36    25.10  9999.00     0.00   110.00    14.00  9999.00  9999.00  9999.00  9999.00
 00014  1010.83    25.10  9999.00     1.00    70.00     9.00  9999.00  9999.00  9999.00  9999.00
 00015   999.46    19.10  9999.00     3.00    70.00    30.00  9999.00  9999.00  9999.00  9999.00
 00016   969.04    22.40  9999.00     1.00    40.00    18.00  9999.00  9999.00  9999.00  9999.00
 00017  1003.90    26.40  9999.00     2.00    70.00    15.00  9999.00  9999.00  9999.00  9999.00
 00018  1013.05    24.80  9999.00     1.00   180.00    14.00  9999.00  9999.00  9999.00  9999.00
 00019   950.21    20.10  9999.00     2.00   250.00     4.40  9999.00  9999.00  9999.00  9999.00
 00020  1015.22    23.70  9999.00     0.00     0.00    29.00  9999.00  9999.00  9999.00  9999.00
 00021   906.71    16.60  9999.00     2.00   360.00    15.00  9999.00  9999.00  9999.00  9999.00
 00022  1019.90    17.60  9999.00     3.00   180.00    30.00  9999.00  9999.00  9999.00  9999.00
 00023   929.08    17.10  9999.00     2.00    40.00    30.00  9999.00  9999.00  9999.00  9999.00
 00024   958.46    16.80  9999.00     6.00   140.00    28.00  9999.00  9999.00  9999.00  9999.00
 00025   812.70    20.90    70.56     4.00   140.00    30.00  9999.00  9999.00  9999.00  9999.00
 00026  1010.19    25.20  9999.00     1.00   360.00    19.00  9999.00  9999.00  9999.00  9999.00
 00027  1009.23    20.10  9999.00     1.00   250.00     1.70  9999.00  9999.00  9999.00  9999.00
 00028   986.53    18.80  9999.00     1.00    20.00     2.40  9999.00  9999.00  9999.00  9999.00
 00029  1007.97    30.30  9999.00     1.00   220.00    30.00  9999.00  9999.00  9999.00  9999.00
 00030   996.87    30.40  9999.00     2.00   160.00    30.00  9999.00  9999.00  9999.00  9999.00
 00031   625.10    12.00     8.24     2.00   160.00    30.00  9999.00  9999.00  9999.00  9999.00
 00032  1004.42    23.40  9999.00     2.00   290.00    10.00  9999.00  9999.00  9999.00  9999.00
 00033  1010.10    26.90  9999.00     1.00    70.00    30.00  9999.00  9999.00  9999.00  9999.00
 00034  1010.60    30.60  9999.00     1.00    40.00    30.00  9999.00  9999.00  9999.00  9999.00
 00035  1009.38    25.90  9999.00     0.00     0.00  9999.00  9999.00  9999.00  9999.00  9999.00
 00036   842.30    13.80    93.03     1.00    40.00    22.00  9999.00  9999.00  9999.00  9999.00
 00037  1008.80    22.40  9999.00     2.00   270.00     6.00  9999.00  9999.00  9999.00  9999.00
 00038  1009.52    27.50  9999.00     4.00   110.00    13.00  9999.00  9999.00  9999.00  9999.00
 00039  1011.24    25.40  9999.00     3.00    90.00    20.00  9999.00  9999.00  9999.00  9999.00
 00040  1007.53    24.90  9999.00     3.00   110.00    19.00  9999.00  9999.00  9999.00  9999.00
 00041   820.00    11.30   100.00     2.00   340.00     1.20  9999.00  9999.00  9999.00  9999.00
 00042  1014.37    24.80  9999.00     0.00   140.00    17.00  9999.00  9999.00  9999.00  9999.00
 00043  1013.39    21.30  9999.00     2.00   220.00  9999.00  9999.00  9999.00  9999.00  9999.00
 00044  1007.06    21.80  9999.00     1.00   200.00  9999.00  9999.00  9999.00  9999.00  9999.00
 00045  1007.53    24.90  9999.00     3.00   110.00    19.00  9999.00  9999.00  9999.00  9999.00
 00046   971.28    22.90  9999.00     3.00    20.00     8.00  9999.00  9999.00  9999.00  9999.00
 00047  1011.03    23.30  9999.00     1.00    70.00     4.90  9999.00  9999.00  9999.00  9999.00
 00048   653.20    14.80     9.36     4.00   270.00    30.00  9999.00  9999.00  9999.00  9999.00
 00049   602.40     5.00    42.94     8.00   250.00    30.00  9999.00  9999.00  9999.00  9999.00
 00050  1011.14    25.50  9999.00     4.00    90.00    29.00  9999.00  9999.00  9999.00  9999.00
