stn_id       p       t2      rh2      spd      dir      vis    rain6   rain24   tmax24   tmin24 
 00001   956.21    24.33    88.78     1.63   173.97    26.92  9999.00  9999.00  9999.00  9999.00
 00002   973.46    26.12    50.07     1.82   277.35    25.80  9999.00  9999.00  9999.00  9999.00
 00003   888.60    19.38    70.02     1.77   216.43    24.66  9999.00  9999.00  9999.00  9999.00
 00004   823.43    14.62    46.93     2.04   178.10    23.10  9999.00  9999.00  9999.00  9999.00
 00005   855.27    17.42    26.33     0.72   189.99    23.06  9999.00  9999.00  9999.00  9999.00
 00006   864.59    13.60    38.43     3.48   230.34    22.20  9999.00  9999.00  9999.00  9999.00
 00007   980.46    20.50    82.04     4.87   173.26    23.53  9999.00  9999.00  9999.00  9999.00
 00008   964.41    20.31    81.90     4.41   205.57    24.31  9999.00  9999.00  9999.00  9999.00
 00009   932.91    17.43    87.48     2.73    69.39    34.66  9999.00  9999.00  9999.00  9999.00
 00010   948.29    13.35    98.65     0.37    91.15     5.79  9999.00  9999.00  9999.00  9999.00
 00011   972.61    17.71    88.32     4.81   110.69    25.36  9999.00  9999.00  9999.00  9999.00
 00012   987.70    20.96    40.68     2.04   325.09    23.51  9999.00  9999.00  9999.00  9999.00
 00013   997.58    23.40    90.91     2.35   202.36    28.16  9999.00  9999.00  9999.00  9999.00
 00014   995.95    25.06    95.59     1.65   196.91    28.87  9999.00  9999.00  9999.00  9999.00
 00015   976.02    25.60    68.06     5.40   197.78    23.77  9999.00  9999.00  9999.00  9999.00
 00016   939.14    21.21    85.58     1.40   178.53    25.66  9999.00  9999.00  9999.00  9999.00
 00017   978.32    24.09    76.75     2.90   194.65    26.30  9999.00  9999.00  9999.00  9999.00
 00018   995.81    24.20    86.53     2.76   188.03    28.03  9999.00  9999.00  9999.00  9999.00
 00019   922.96    22.55    70.87     0.83   319.22    27.87  9999.00  9999.00  9999.00  9999.00
 00020  1001.62    21.81    96.73     1.84   186.98    23.11  9999.00  9999.00  9999.00  9999.00
 00021   883.15    17.11    54.61     2.01   152.38    25.11  9999.00  9999.00  9999.00  9999.00
 00022   990.85    23.61    37.61     1.48   168.51    22.85  9999.00  9999.00  9999.00  9999.00
 00023   909.31    17.80    54.98     2.33   197.09    21.69  9999.00  9999.00  9999.00  9999.00
 00024   932.03    18.10    62.15     1.66   313.77    23.53  9999.00  9999.00  9999.00  9999.00
 00025   792.04    16.78    97.83     2.71   215.76    21.80  9999.00  9999.00  9999.00  9999.00
 00026   997.81    28.27    77.31     4.73   208.39    29.31  9999.00  9999.00  9999.00  9999.00
 00027   993.44    28.11    77.15     5.01   193.66    28.84  9999.00  9999.00  9999.00  9999.00
 00028   963.46    25.79    84.11     4.92   193.12    27.15  9999.00  9999.00  9999.00  9999.00
 00029  1002.16    25.04    95.87     2.62   199.39    29.55  9999.00  9999.00  9999.00  9999.00
 00030   989.39    25.63    83.99     3.26   180.03    32.07  9999.00  9999.00  9999.00  9999.00
 00031   574.92     4.16    84.60     1.73   195.92    22.26  9999.00  9999.00  9999.00  9999.00
 00032   970.56    23.46    94.64     1.49   253.28    22.91  9999.00  9999.00  9999.00  9999.00
 00033  1004.62    23.11    94.22     5.11   178.86    32.26  9999.00  9999.00  9999.00  9999.00
 00034  1008.69    27.67    90.25     4.66   185.68    32.91  9999.00  9999.00  9999.00  9999.00
 00035  1004.49    26.27    89.21     4.70   195.06    32.04  9999.00  9999.00  9999.00  9999.00
 00036   769.94    17.71    85.94     1.86   190.56    24.70  9999.00  9999.00  9999.00  9999.00
 00037   961.27    23.58    94.07     1.25   263.63    24.93  9999.00  9999.00  9999.00  9999.00
 00038   989.90    23.19    98.60     1.21   244.58    27.87  9999.00  9999.00  9999.00  9999.00
 00039  1002.58    25.45    93.60     6.43   215.95    26.84  9999.00  9999.00  9999.00  9999.00
 00040  1001.85    25.41    93.45     4.88   239.82    28.35  9999.00  9999.00  9999.00  9999.00
 00041   959.61    24.95    95.24     2.30   200.08    28.18  9999.00  9999.00  9999.00  9999.00
 00042   997.81    25.98    90.95     2.34   208.28    28.57  9999.00  9999.00  9999.00  9999.00
 00043   992.38    27.99    78.49     4.67   202.51    29.76  9999.00  9999.00  9999.00  9999.00
 00044   974.93    25.89    85.28     1.89   224.24    27.79  9999.00  9999.00  9999.00  9999.00
 00045  1001.85    25.41    93.45     4.88   239.82    28.35  9999.00  9999.00  9999.00  9999.00
 00046   937.51    22.53    96.47     2.82   214.92    27.20  9999.00  9999.00  9999.00  9999.00
 00047   991.85    25.16    97.60     1.94   232.22    14.45  9999.00  9999.00  9999.00  9999.00
 00048   604.86     8.91    69.94     1.53   192.64    26.41  9999.00  9999.00  9999.00  9999.00
 00049   578.91     3.99    98.90     1.33   163.76     3.78  9999.00  9999.00  9999.00  9999.00
 00050   994.64    24.97    96.69     2.93   218.35    24.90  9999.00  9999.00  9999.00  9999.00
