stn_id       p       t2      rh2      spd      dir      vis    rain6   rain24   tmax24   tmin24 
 00001   955.12    31.83    63.46     1.49   279.16    26.31  9999.00  9999.00  9999.00  9999.00
 00002   969.09    42.26    12.06     3.74   301.51    25.70  9999.00  9999.00  9999.00  9999.00
 00003   885.69    35.37    15.16     4.90   267.13    24.58  9999.00  9999.00  9999.00  9999.00
 00004   821.42    28.05    26.38     5.97   244.25    23.15  9999.00  9999.00  9999.00  9999.00
 00005   852.75    30.85    12.83     6.52   307.74    23.11  9999.00  9999.00  9999.00  9999.00
 00006   863.63    26.72    23.33     8.08   290.83    22.31  9999.00  9999.00  9999.00  9999.00
 00007   981.71    30.74    52.13     1.97   213.71    23.61  9999.00  9999.00  9999.00  9999.00
 00008   966.69    27.79    48.06     3.25   221.20    24.34  9999.00  9999.00  9999.00  9999.00
 00009   933.24    26.29    54.22     1.65    75.16    34.61  9999.00  9999.00  9999.00  9999.00
 00010   948.48    22.44    89.47     0.64    31.13    25.47  9999.00  9999.00  9999.00  9999.00
 00011   974.58    23.02    81.54     2.34   111.52    10.68  9999.00  9999.00  9999.00  9999.00
 00012   983.60    40.32    15.09     5.27   220.27    23.52  9999.00  9999.00  9999.00  9999.00
 00013   994.32    31.43    78.65     2.66   233.12    23.11  9999.00  9999.00  9999.00  9999.00
 00014   993.23    32.75    70.85     2.57   205.44    28.85  9999.00  9999.00  9999.00  9999.00
 00015   973.57    33.61    45.35     6.28   193.91    23.79  9999.00  9999.00  9999.00  9999.00
 00016   937.66    31.97    39.61     0.46   150.76    25.63  9999.00  9999.00  9999.00  9999.00
 00017   976.45    33.46    47.90     3.99   215.47    26.31  9999.00  9999.00  9999.00  9999.00
 00018   992.08    32.00    74.83     3.69   188.56    27.99  9999.00  9999.00  9999.00  9999.00
 00019   922.26    29.30    50.77     0.51   165.59    27.87  9999.00  9999.00  9999.00  9999.00
 00020   998.89    29.08    87.54     3.11   170.92    26.52  9999.00  9999.00  9999.00  9999.00
 00021   882.30    28.71    24.05     2.86   224.34    25.07  9999.00  9999.00  9999.00  9999.00
 00022   987.03    40.46    21.36     5.28   213.48    22.90  9999.00  9999.00  9999.00  9999.00
 00023   910.39    23.58    43.65     2.97   260.06    20.27  9999.00  9999.00  9999.00  9999.00
 00024   932.60    28.42    27.50     2.10   321.21    23.47  9999.00  9999.00  9999.00  9999.00
 00025   790.17    23.98    61.37     5.68   244.55    24.80  9999.00  9999.00  9999.00  9999.00
 00026   994.76    33.39    64.20     4.86   207.31    29.34  9999.00  9999.00  9999.00  9999.00
 00027   990.09    32.92    66.00     4.16   195.95    28.83  9999.00  9999.00  9999.00  9999.00
 00028   960.21    31.19    65.89     5.24   197.30    27.11  9999.00  9999.00  9999.00  9999.00
 00029   999.24    31.51    69.57     4.35   188.43    29.56  9999.00  9999.00  9999.00  9999.00
 00030   986.13    31.25    70.60     5.46   168.20    32.05  9999.00  9999.00  9999.00  9999.00
 00031   573.26    17.14    29.45     2.89   228.47    22.19  9999.00  9999.00  9999.00  9999.00
 00032   967.50    31.00    66.75     3.94   182.73    22.68  9999.00  9999.00  9999.00  9999.00
 00033  1001.36    26.16    82.64     4.49   145.29    32.22  9999.00  9999.00  9999.00  9999.00
 00034  1007.06    28.28    85.84     4.16   189.01    34.44  9999.00  9999.00  9999.00  9999.00
 00035  1001.69    30.73    71.05     6.26   182.69    32.03  9999.00  9999.00  9999.00  9999.00
 00036   768.47    24.41    61.16     3.93   183.73    24.84  9999.00  9999.00  9999.00  9999.00
 00037   958.06    33.07    59.68     2.52   198.92    24.94  9999.00  9999.00  9999.00  9999.00
 00038   987.21    32.05    63.70     3.12   215.85    27.88  9999.00  9999.00  9999.00  9999.00
 00039  1000.64    27.79    82.16     9.59   201.65    26.88  9999.00  9999.00  9999.00  9999.00
 00040   999.70    28.50    82.66     7.67   210.20    28.44  9999.00  9999.00  9999.00  9999.00
 00041   957.36    29.93    71.93     4.21   215.14    28.25  9999.00  9999.00  9999.00  9999.00
 00042   994.66    33.17    68.73     3.79   222.32    28.61  9999.00  9999.00  9999.00  9999.00
 00043   989.14    33.29    61.37     4.37   203.19    29.76  9999.00  9999.00  9999.00  9999.00
 00044   972.13    32.05    66.87     3.31   280.16    27.82  9999.00  9999.00  9999.00  9999.00
 00045   999.70    28.50    82.66     7.67   210.20    28.44  9999.00  9999.00  9999.00  9999.00
 00046   934.94    28.50    68.94     3.99   208.26    27.71  9999.00  9999.00  9999.00  9999.00
 00047   989.75    28.84    77.36     6.08   181.18    26.29  9999.00  9999.00  9999.00  9999.00
 00048   602.94    18.47    39.24     2.05   195.12    26.35  9999.00  9999.00  9999.00  9999.00
 00049   578.87     7.81    94.45     1.84   195.83     1.54  9999.00  9999.00  9999.00  9999.00
 00050   992.48    29.86    73.76     7.17   198.17    26.37  9999.00  9999.00  9999.00  9999.00
