stn_id       p       t2      rh2      spd      dir      vis    rain6   rain24   tmax24   tmin24 
 00001   965.02    13.98    84.88     1.12   269.68    20.17     0.00  9999.00  9999.00  9999.00
 00002   997.39     9.96    92.02     6.04    20.92     1.70     8.16  9999.00  9999.00  9999.00
 00003   902.02     4.01    94.56     4.52    44.54     4.07     1.46  9999.00  9999.00  9999.00
 00004   832.26     0.85    95.16     2.83    92.60    10.29     1.09  9999.00  9999.00  9999.00
 00005   871.65     1.42    89.27     3.42    50.01     4.47     1.28  9999.00  9999.00  9999.00
 00006   886.18    -1.88    94.47     4.51    72.49    12.30     2.03  9999.00  9999.00  9999.00
 00007  1016.69     8.36    41.29     6.00    26.91    22.21     0.00  9999.00  9999.00  9999.00
 00008  1003.33     5.66    35.75     4.02   213.97    25.01     0.00  9999.00  9999.00  9999.00
 00009   950.87   -10.90    77.95     3.58   266.94    42.02     0.00  9999.00  9999.00  9999.00
 00010   976.99     2.40    96.62     1.26   254.50    25.66     0.00  9999.00  9999.00  9999.00
 00011  1010.50     4.98    36.83     4.38   321.19    27.94     0.00  9999.00  9999.00  9999.00
 00012  1018.29     8.76    87.05     6.59    30.89     1.43     6.93  9999.00  9999.00  9999.00
 00013  1003.42    17.43    85.09     7.19   133.53    17.21     8.87  9999.00  9999.00  9999.00
 00014  1003.44    17.52    81.06     2.32   139.16    15.64     0.17  9999.00  9999.00  9999.00
 00015   990.55    13.45    94.38     6.32    71.68     3.72     8.63  9999.00  9999.00  9999.00
 00016   951.71     8.86    91.50     1.27   218.73     3.48     5.29  9999.00  9999.00  9999.00
 00017   990.18    11.19    92.63     7.49    18.42     5.47     4.64  9999.00  9999.00  9999.00
 00018   999.86    17.70    88.91     5.34   140.66     1.63     4.16  9999.00  9999.00  9999.00
 00019   930.31    13.58    79.91     0.28   203.00    19.82     0.04  9999.00  9999.00  9999.00
 00020  1010.83    19.51    71.57     6.30   143.38    19.92     0.13  9999.00  9999.00  9999.00
 00021   903.71    -7.08    37.85     1.40   145.86    31.91     0.00  9999.00  9999.00  9999.00
 00022  1018.43     9.87    89.88     8.43    47.43     1.25    14.77  9999.00  9999.00  9999.00
 00023   928.77    -4.58    45.14     2.35   126.84    28.75     0.00  9999.00  9999.00  9999.00
 00024   958.68    -3.31    30.06     1.01   274.96    31.56     0.00  9999.00  9999.00  9999.00
 00025   790.69    12.39    56.74     3.75   246.47    23.20     0.00  9999.00  9999.00  9999.00
 00026   999.91    23.66    76.22     4.28   192.32    17.79     0.09  9999.00  9999.00  9999.00
 00027   995.51    18.46    95.86     3.67   331.23     6.03    28.50  9999.00  9999.00  9999.00
 00028   963.68    18.84    98.84     2.31    45.96     3.96    32.70  9999.00  9999.00  9999.00
 00029  1002.17    23.49    97.00     3.54   152.57    21.73     0.52  9999.00  9999.00  9999.00
 00030   987.88    25.26    92.10     4.40   171.17    25.19     0.00  9999.00  9999.00  9999.00
 00031   567.82    -5.55    50.34     2.56   216.15    27.30     0.00  9999.00  9999.00  9999.00
 00032   976.07    14.62    93.24     1.48   319.47    19.01     0.00  9999.00  9999.00  9999.00
 00033  1003.24    22.59    95.48     8.29   166.65     5.49     0.00  9999.00  9999.00  9999.00
 00034  1008.57    27.91    79.84     6.49   161.49    25.55     0.01  9999.00  9999.00  9999.00
 00035  1003.51    26.45    89.21     6.01   177.23    24.04     0.00  9999.00  9999.00  9999.00
 00036   767.41     9.94    54.56     2.84   180.05    22.15     0.00  9999.00  9999.00  9999.00
 00037   966.49    14.75    93.14     0.89   252.90    19.05     0.00  9999.00  9999.00  9999.00
 00038   993.76    20.22    89.38     0.56   124.64    21.45     0.04  9999.00  9999.00  9999.00
 00039  1007.18    21.87    79.29     4.11    73.89    20.57     0.01  9999.00  9999.00  9999.00
 00040  1005.01    22.99    86.40     2.51    85.27     8.56     0.72  9999.00  9999.00  9999.00
 00041   963.20    15.18    92.07     2.35   134.00    19.77     1.04  9999.00  9999.00  9999.00
 00042  1002.86    18.26    77.35     3.86   123.24    20.05     1.36  9999.00  9999.00  9999.00
 00043   993.15    23.75    75.97     6.53   186.28    21.48     0.11  9999.00  9999.00  9999.00
 00044   978.20    18.11    78.09     2.48    90.69    18.71     0.00  9999.00  9999.00  9999.00
 00045  1005.01    22.99    86.40     2.51    85.27     8.56     0.72  9999.00  9999.00  9999.00
 00046   938.41    18.51    90.06     2.50   165.08    20.73     0.00  9999.00  9999.00  9999.00
 00047  1000.25    19.96    83.58     3.09   183.05    19.99     0.00  9999.00  9999.00  9999.00
 00048   598.70    -3.76    69.76     1.22   172.78    30.65     0.01  9999.00  9999.00  9999.00
 00049   572.09    -7.46    96.56     0.53   175.83    13.85     0.51  9999.00  9999.00  9999.00
 00050   999.48    19.17    82.87     2.51   314.41    20.31     0.00  9999.00  9999.00  9999.00
