stn_id       p       t2      rh2      spd      dir      vis    rain6   rain24   tmax24   tmin24 
 00001   965.43    14.77    83.84     1.03   260.52    20.16  9999.00  9999.00  9999.00  9999.00
 00002   998.80     9.94    89.64     5.57    20.08     1.53  9999.00  9999.00  9999.00  9999.00
 00003   903.40     3.89    94.60     4.52    16.59     4.19  9999.00  9999.00  9999.00  9999.00
 00004   833.13     1.06    93.43     3.19    99.16     9.19  9999.00  9999.00  9999.00  9999.00
 00005   872.46     1.11    86.27     4.28    44.72    11.08  9999.00  9999.00  9999.00  9999.00
 00006   887.80    -1.78    92.74     5.27    62.11     7.88  9999.00  9999.00  9999.00  9999.00
 00007  1016.63     9.98    46.55     5.84    20.81    22.25  9999.00  9999.00  9999.00  9999.00
 00008  1002.80     7.00    39.47     3.59   336.79    25.04  9999.00  9999.00  9999.00  9999.00
 00009   949.64    -9.19    74.26     3.72   261.98    42.06  9999.00  9999.00  9999.00  9999.00
 00010   977.60     4.63    92.48     0.97   247.47    25.72  9999.00  9999.00  9999.00  9999.00
 00011  1009.19     5.22    47.49     2.61   279.68    27.97  9999.00  9999.00  9999.00  9999.00
 00012  1019.05    10.82    85.12     5.14    37.16     2.85  9999.00  9999.00  9999.00  9999.00
 00013  1005.52    18.03    84.14     7.56   128.89    16.61  9999.00  9999.00  9999.00  9999.00
 00014  1005.24    18.68    73.98     3.46   133.76    20.94  9999.00  9999.00  9999.00  9999.00
 00015   993.15    13.04    92.18     6.09    66.78     1.92  9999.00  9999.00  9999.00  9999.00
 00016   952.41     9.08    90.27     1.27   207.89     4.63  9999.00  9999.00  9999.00  9999.00
 00017   991.53    11.02    91.31     8.19    22.72     6.38  9999.00  9999.00  9999.00  9999.00
 00018  1001.51    18.62    85.81     6.75   135.25     7.32  9999.00  9999.00  9999.00  9999.00
 00019   930.83    13.84    77.83     0.78   280.02    20.23  9999.00  9999.00  9999.00  9999.00
 00020  1013.20    19.13    71.64     6.92   130.20    19.95  9999.00  9999.00  9999.00  9999.00
 00021   903.35    -5.45    35.66     2.17   142.32    31.93  9999.00  9999.00  9999.00  9999.00
 00022  1019.55    13.28    93.00     6.31    70.02     1.00  9999.00  9999.00  9999.00  9999.00
 00023   929.57    -4.08    45.80     1.86   134.59    28.80  9999.00  9999.00  9999.00  9999.00
 00024   958.39    -3.42    39.36     2.40   291.20    31.58  9999.00  9999.00  9999.00  9999.00
 00025   791.36    14.23    47.71     4.31   251.99    23.19  9999.00  9999.00  9999.00  9999.00
 00026  1000.59    24.73    71.03     5.87   185.66    20.89  9999.00  9999.00  9999.00  9999.00
 00027   995.42    22.84    86.87     3.80   238.24     4.73  9999.00  9999.00  9999.00  9999.00
 00028   964.34    19.27    99.09     2.57    26.88     1.10  9999.00  9999.00  9999.00  9999.00
 00029  1003.86    23.21    96.30     4.25   145.87    22.00  9999.00  9999.00  9999.00  9999.00
 00030   988.37    24.86    94.57     5.12   161.93    25.26  9999.00  9999.00  9999.00  9999.00
 00031   567.32    -4.20    32.51     3.21   215.38    27.29  9999.00  9999.00  9999.00  9999.00
 00032   977.90    15.20    92.07     1.45   234.96    19.18  9999.00  9999.00  9999.00  9999.00
 00033  1004.58    23.00    92.92     7.96   156.82     5.79  9999.00  9999.00  9999.00  9999.00
 00034  1010.11    28.00    78.88     5.54   158.64    24.91  9999.00  9999.00  9999.00  9999.00
 00035  1004.89    26.66    88.03     4.94   172.06    24.04  9999.00  9999.00  9999.00  9999.00
 00036   767.77    11.84    45.59     2.95   181.43    22.13  9999.00  9999.00  9999.00  9999.00
 00037   968.28    15.15    92.19     0.98   132.99    19.14  9999.00  9999.00  9999.00  9999.00
 00038   995.32    20.81    85.28     0.63   143.17    21.31  9999.00  9999.00  9999.00  9999.00
 00039  1008.63    22.21    78.62     5.83    17.92    20.75  9999.00  9999.00  9999.00  9999.00
 00040  1006.51    23.32    84.14     3.43    63.91    16.97  9999.00  9999.00  9999.00  9999.00
 00041   964.71    16.45    88.30     2.29   127.60    20.11  9999.00  9999.00  9999.00  9999.00
 00042  1004.70    18.86    79.01     5.19   115.57    20.66  9999.00  9999.00  9999.00  9999.00
 00043   994.44    24.50    72.97     7.44   181.22    20.30  9999.00  9999.00  9999.00  9999.00
 00044   978.96    20.00    72.83     2.70   118.05    20.29  9999.00  9999.00  9999.00  9999.00
 00045  1006.51    23.32    84.14     3.43    63.91    16.97  9999.00  9999.00  9999.00  9999.00
 00046   940.01    19.20    85.38     2.73   160.43    20.75  9999.00  9999.00  9999.00  9999.00
 00047  1002.13    19.50    82.60     2.39   186.38    20.00  9999.00  9999.00  9999.00  9999.00
 00048   598.59    -1.68    61.31     0.92   173.56    30.66  9999.00  9999.00  9999.00  9999.00
 00049   572.42    -7.19    98.78     0.76   167.08     4.79  9999.00  9999.00  9999.00  9999.00
 00050  1001.11    19.46    80.83     3.23   305.84    20.38  9999.00  9999.00  9999.00  9999.00
