stn_id       p       t2      rh2      spd      dir      vis    rain6   rain24   tmax24   tmin24 
 00001   964.19    21.07    92.85     0.94    95.30    27.33  9999.00  9999.00  9999.00  9999.00
 00002   985.69    22.32    48.10     2.44   265.18    27.74  9999.00  9999.00  9999.00  9999.00
 00003   898.70    16.16    58.83     1.31   277.03    26.32  9999.00  9999.00  9999.00  9999.00
 00004   832.97    12.13    68.90     0.97   119.08    25.04  9999.00  9999.00  9999.00  9999.00
 00005   867.51    12.37    64.49     2.35   181.88    25.62  9999.00  9999.00  9999.00  9999.00
 00006   878.22    12.49    65.63     1.41   236.66    24.84  9999.00  9999.00  9999.00  9999.00
 00007   991.26    19.63    85.23     2.56   267.90    24.80  9999.00  9999.00  9999.00  9999.00
 00008   972.68    17.80    98.45     2.78   304.60     4.14  9999.00  9999.00  9999.00  9999.00
 00009   941.40    13.27    87.70     1.26   177.21    33.69  9999.00  9999.00  9999.00  9999.00
 00010   954.26    16.07    99.04     1.01   102.64     7.47  9999.00  9999.00  9999.00  9999.00
 00011   981.04    17.21    91.54     4.66    30.58    18.23  9999.00  9999.00  9999.00  9999.00
 00012  1000.77    21.74    68.92     1.53   102.90    25.72  9999.00  9999.00  9999.00  9999.00
 00013   999.61    22.63    94.81     1.30   117.77    15.89  9999.00  9999.00  9999.00  9999.00
 00014   996.57    24.22    90.57     1.40   226.28    26.59  9999.00  9999.00  9999.00  9999.00
 00015   985.14    20.67    82.21     1.97   300.74    25.07  9999.00  9999.00  9999.00  9999.00
 00016   946.37    18.65    86.55     0.81   146.58    26.61  9999.00  9999.00  9999.00  9999.00
 00017   987.11    23.73    71.94     2.49    67.20    27.28  9999.00  9999.00  9999.00  9999.00
 00018   998.25    22.67    96.37     1.44   129.84    22.61  9999.00  9999.00  9999.00  9999.00
 00019   929.65    20.95    80.86     1.50   290.63    28.38  9999.00  9999.00  9999.00  9999.00
 00020  1001.96    23.50    96.31     2.08    82.27    19.11  9999.00  9999.00  9999.00  9999.00
 00021   884.02    25.11    30.69     2.70   191.47    24.92  9999.00  9999.00  9999.00  9999.00
 00022  1003.07    23.75    57.74     2.70    19.37    24.72  9999.00  9999.00  9999.00  9999.00
 00023   911.41    21.84    31.20     2.15   234.47    20.66  9999.00  9999.00  9999.00  9999.00
 00024   932.36    26.01    30.43     3.75   296.13    22.53  9999.00  9999.00  9999.00  9999.00
 00025   793.24    14.59    77.66     1.00    31.60    25.11  9999.00  9999.00  9999.00  9999.00
 00026   997.02    24.69    86.59     1.70    61.69    26.53  9999.00  9999.00  9999.00  9999.00
 00027   993.63    24.45    88.05     1.60   317.20    29.36  9999.00  9999.00  9999.00  9999.00
 00028   965.01    22.82    88.24     0.94    82.60    27.43  9999.00  9999.00  9999.00  9999.00
 00029   993.67    25.92    93.84     2.67   129.39    15.20  9999.00  9999.00  9999.00  9999.00
 00030   984.43    26.35    83.19     2.05   321.50    31.99  9999.00  9999.00  9999.00  9999.00
 00031   575.36     6.03    92.07     0.84   191.58    18.40  9999.00  9999.00  9999.00  9999.00
 00032   965.73    24.36    87.41     1.86    19.40    17.18  9999.00  9999.00  9999.00  9999.00
 00033   997.55    22.78    99.31     4.70   274.88     0.49  9999.00  9999.00  9999.00  9999.00
 00034  1000.26    27.70    88.95     8.47   261.88    24.35  9999.00  9999.00  9999.00  9999.00
 00035   996.66    27.09    83.73     2.02   309.08    16.87  9999.00  9999.00  9999.00  9999.00
 00036   775.81    14.20    71.73     1.28    48.97    24.95  9999.00  9999.00  9999.00  9999.00
 00037   956.47    24.80    86.77     1.21    70.37    15.46  9999.00  9999.00  9999.00  9999.00
 00038   982.81    24.57    96.84     0.42   146.07    24.18  9999.00  9999.00  9999.00  9999.00
 00039   995.75    25.57    88.09     3.46    94.20    26.89  9999.00  9999.00  9999.00  9999.00
 00040   994.13    25.39    93.23     2.51    75.23    29.54  9999.00  9999.00  9999.00  9999.00
 00041   959.58    22.99    98.80     1.14   107.41    18.43  9999.00  9999.00  9999.00  9999.00
 00042   999.50    23.34    94.50     1.79    67.51    29.56  9999.00  9999.00  9999.00  9999.00
 00043   990.88    23.93    86.91     1.07    43.16    30.57  9999.00  9999.00  9999.00  9999.00
 00044   972.59    24.90    96.31     0.76   322.07    28.52  9999.00  9999.00  9999.00  9999.00
 00045   994.13    25.39    93.23     2.51    75.23    29.54  9999.00  9999.00  9999.00  9999.00
 00046   930.90    23.46    96.83     0.78     8.68    17.40  9999.00  9999.00  9999.00  9999.00
 00047   991.18    24.10    95.95     1.71    31.14     9.50  9999.00  9999.00  9999.00  9999.00
 00048   606.06     8.42    93.28     0.47   135.46     9.72  9999.00  9999.00  9999.00  9999.00
 00049   578.98     4.55    98.52     0.67   245.42     4.89  9999.00  9999.00  9999.00  9999.00
 00050   988.21    26.31    79.76     2.55    30.90    27.40  9999.00  9999.00  9999.00  9999.00
