stn_id       p       t2      rh2      spd      dir      vis    rain6   rain24   tmax24   tmin24 
 00001   968.04    18.36    91.25     1.41   273.38     6.81  9999.00  9999.00  9999.00  9999.00
 00002   991.40    18.68    53.82     2.24   321.53    21.79  9999.00  9999.00  9999.00  9999.00
 00003   901.59    11.52    61.99     1.92   283.09    20.82  9999.00  9999.00  9999.00  9999.00
 00004   835.27     6.01    79.87     2.18    41.65    19.28  9999.00  9999.00  9999.00  9999.00
 00005   870.67     5.77    77.16     1.89   168.77    19.03  9999.00  9999.00  9999.00  9999.00
 00006   879.87     8.07    58.21     3.44   257.61    18.53  9999.00  9999.00  9999.00  9999.00
 00007   998.01    12.94    73.68     1.99   202.62    20.69  9999.00  9999.00  9999.00  9999.00
 00008   983.16    11.32    84.32     1.22   277.69    22.61  9999.00  9999.00  9999.00  9999.00
 00009   942.93     6.87    91.08     1.81   261.93    37.20  9999.00  9999.00  9999.00  9999.00
 00010   960.14     9.98    88.84     2.92   269.75    24.07  9999.00  9999.00  9999.00  9999.00
 00011   989.79     9.99    74.85     2.08   325.11    24.79  9999.00  9999.00  9999.00  9999.00
 00012  1005.93    18.25    53.67     2.74   342.50    19.94  9999.00  9999.00  9999.00  9999.00
 00013  1007.73    19.05    75.26     0.95    99.89    23.40  9999.00  9999.00  9999.00  9999.00
 00014  1003.76    18.13    91.25     1.39    35.13    26.07  9999.00  9999.00  9999.00  9999.00
 00015   990.06    17.77    61.66     2.25   158.54    20.56  9999.00  9999.00  9999.00  9999.00
 00016   953.48    14.43    91.33     1.23   198.10    23.11  9999.00  9999.00  9999.00  9999.00
 00017   991.76    18.43    64.16     2.76   264.05    23.46  9999.00  9999.00  9999.00  9999.00
 00018  1006.03    18.97    86.72     3.46    84.20    12.43  9999.00  9999.00  9999.00  9999.00
 00019   933.37    18.24    82.18     1.48   243.77    26.32  9999.00  9999.00  9999.00  9999.00
 00020  1009.83    15.87    94.38     1.75   287.38    23.51  9999.00  9999.00  9999.00  9999.00
 00021   890.72    12.49    39.69     2.96   152.14    26.22  9999.00  9999.00  9999.00  9999.00
 00022  1008.16    19.70    48.93     3.47   341.72    19.50  9999.00  9999.00  9999.00  9999.00
 00023   917.60    13.73    24.78     2.05   162.61    24.72  9999.00  9999.00  9999.00  9999.00
 00024   943.61    14.39    46.42     1.06   122.67    26.49  9999.00  9999.00  9999.00  9999.00
 00025   792.18    18.53    80.70     2.32   160.33    26.19  9999.00  9999.00  9999.00  9999.00
 00026  1002.43    23.37    84.78     2.48   144.59    27.40  9999.00  9999.00  9999.00  9999.00
 00027  1000.27    19.22    88.53     3.97   333.48    25.66  9999.00  9999.00  9999.00  9999.00
 00028   969.54    18.83    92.01     1.81   338.65    25.14  9999.00  9999.00  9999.00  9999.00
 00029  1001.21    25.09    96.24     1.84   150.04    16.78  9999.00  9999.00  9999.00  9999.00
 00030   989.16    24.87    90.60     1.83   138.62    31.73  9999.00  9999.00  9999.00  9999.00
 00031   573.46    -0.65    65.15     2.21   211.66    23.34  9999.00  9999.00  9999.00  9999.00
 00032   973.41    22.03    85.79     0.88    79.91    22.81  9999.00  9999.00  9999.00  9999.00
 00033  1002.14    23.25    97.85     3.27   125.84     0.30  9999.00  9999.00  9999.00  9999.00
 00034  1005.50    27.84    90.34     2.03   175.13    31.67  9999.00  9999.00  9999.00  9999.00
 00035  1001.79    27.09    91.88     2.45   162.81    30.24  9999.00  9999.00  9999.00  9999.00
 00036   773.56    15.79    76.90     1.40    18.87    23.97  9999.00  9999.00  9999.00  9999.00
 00037   963.91    21.66    87.88     0.79    68.24    22.84  9999.00  9999.00  9999.00  9999.00
 00038   990.73    22.33    89.65     0.64   336.89    14.03  9999.00  9999.00  9999.00  9999.00
 00039  1003.89    24.87    78.48     4.59    29.45    24.74  9999.00  9999.00  9999.00  9999.00
 00040  1001.73    23.99    85.31     3.03    41.61    26.32  9999.00  9999.00  9999.00  9999.00
 00041   965.02    20.87    89.72     1.14    62.24    25.88  9999.00  9999.00  9999.00  9999.00
 00042  1007.06    19.85    73.96     3.25    51.46    25.20  9999.00  9999.00  9999.00  9999.00
 00043   996.30    22.96    90.17     1.18    73.55    27.89  9999.00  9999.00  9999.00  9999.00
 00044   978.44    22.62    86.94     1.48    60.88    25.43  9999.00  9999.00  9999.00  9999.00
 00045  1001.73    23.99    85.31     3.03    41.61    26.32  9999.00  9999.00  9999.00  9999.00
 00046   937.93    21.68    99.31     0.66   139.19     1.26  9999.00  9999.00  9999.00  9999.00
 00047   997.55    20.52    95.00     0.90    35.61     4.70  9999.00  9999.00  9999.00  9999.00
 00048   604.22     5.10    64.44     1.71   194.86    26.61  9999.00  9999.00  9999.00  9999.00
 00049   577.64    -1.22    98.61     0.79    67.87     1.20  9999.00  9999.00  9999.00  9999.00
 00050   996.35    24.70    71.12     2.69    18.57    24.21  9999.00  9999.00  9999.00  9999.00
