stn_id       p       t2      rh2      spd      dir      vis    rain6   rain24   tmax24   tmin24 
 00001   973.96    11.41    88.86     0.44    58.93    21.92     0.00  9999.00  9999.00  9999.00
 00002  1000.46     2.21    47.85     1.37   316.45    25.62     0.00  9999.00  9999.00  9999.00
 00003   904.56    -3.65    42.34     0.69   298.50    24.10     0.00  9999.00  9999.00  9999.00
 00004   833.75    -5.31    23.61     1.90   249.51    23.98     0.00  9999.00  9999.00  9999.00
 00005   869.30    -9.96    67.52     1.03   107.56    26.40     0.00  9999.00  9999.00  9999.00
 00006   881.99   -12.49    67.00     1.36   218.88    28.25     0.00  9999.00  9999.00  9999.00
 00007  1013.78    -8.13    42.14     3.76   353.86    33.58     0.00  9999.00  9999.00  9999.00
 00008   994.27   -12.88    68.24     4.61   297.67    38.18     0.02  9999.00  9999.00  9999.00
 00009   943.37   -30.69    96.19     3.57   287.93    48.78     0.02  9999.00  9999.00  9999.00
 00010   964.47    -5.92    66.48     6.38   284.37    37.85     0.10  9999.00  9999.00  9999.00
 00011   998.94   -16.82    86.14     6.61   286.30    42.10     0.02  9999.00  9999.00  9999.00
 00012  1017.80    -0.40    51.10     2.58    73.98    26.93     0.00  9999.00  9999.00  9999.00
 00013  1013.27     8.55    85.45     2.25   252.61    20.94     0.00  9999.00  9999.00  9999.00
 00014  1010.45     6.34    91.91     1.86   236.11    20.38     0.00  9999.00  9999.00  9999.00
 00015   997.76     5.08    74.85     2.76    54.70    22.46     0.00  9999.00  9999.00  9999.00
 00016   956.11     0.32    91.97     1.32   106.47    22.54     0.00  9999.00  9999.00  9999.00
 00017   998.79     6.37    69.59     2.56   305.79    21.55     0.00  9999.00  9999.00  9999.00
 00018  1011.94     8.39    90.21     1.87   280.32    20.34     0.00  9999.00  9999.00  9999.00
 00019   937.44     9.26    94.60     1.10   243.76     5.63     0.03  9999.00  9999.00  9999.00
 00020  1016.06     7.79    87.95     2.64   228.08    20.93     0.00  9999.00  9999.00  9999.00
 00021   887.46    -9.13    89.97     0.81   156.66    36.19     0.03  9999.00  9999.00  9999.00
 00022  1020.44     1.94    41.54     3.78    62.19    25.32     0.00  9999.00  9999.00  9999.00
 00023   916.55    -8.38    72.09     0.39    86.90    30.92     0.12  9999.00  9999.00  9999.00
 00024   945.54   -17.82    84.48     1.45   298.52    33.20     0.00  9999.00  9999.00  9999.00
 00025   795.51    10.83    97.20     1.29   278.45    18.67     0.24  9999.00  9999.00  9999.00
 00026  1011.60     9.61    92.17     2.00   224.42    19.25     0.00  9999.00  9999.00  9999.00
 00027  1006.87    12.73    83.90     1.50   133.70    19.21     0.00  9999.00  9999.00  9999.00
 00028   975.03    15.07    79.76     1.66   180.32    18.68     0.00  9999.00  9999.00  9999.00
 00029  1009.57    19.17    87.93     1.27    29.44    13.17     0.23  9999.00  9999.00  9999.00
 00030   997.09    18.15    96.79     1.68   149.59    22.12     0.00  9999.00  9999.00  9999.00
 00031   571.45    -8.19    30.64     1.98   203.91    34.31     0.00  9999.00  9999.00  9999.00
 00032   980.95     8.12    91.34     1.53   301.70    17.97     0.00  9999.00  9999.00  9999.00
 00033  1011.39    21.86    94.78     2.21   174.02     1.61     0.00  9999.00  9999.00  9999.00
 00034  1012.55    26.85    83.31     3.86    33.14    26.37     0.03  9999.00  9999.00  9999.00
 00035  1010.57    22.09    89.85     0.84   231.78    23.59     0.00  9999.00  9999.00  9999.00
 00036   775.35     7.48    86.11     1.16   128.10    20.97     0.00  9999.00  9999.00  9999.00
 00037   971.22     7.78    92.17     1.05   301.99    17.90     0.00  9999.00  9999.00  9999.00
 00038   999.59    11.26    77.27     1.19   312.74    19.97     0.00  9999.00  9999.00  9999.00
 00039  1012.91    17.61    76.63     2.97   337.21    19.65     0.00  9999.00  9999.00  9999.00
 00040  1010.82    16.63    68.03     2.48   347.73    20.67     0.00  9999.00  9999.00  9999.00
 00041   972.34     7.43    79.11     1.04   117.35    19.05     0.00  9999.00  9999.00  9999.00
 00042  1013.57     7.69    83.12     1.73   201.67    20.38     0.00  9999.00  9999.00  9999.00
 00043  1005.00    10.64    88.31     1.85   189.06    19.38     0.00  9999.00  9999.00  9999.00
 00044   987.30     6.62    91.49     1.28   124.18    18.95     0.00  9999.00  9999.00  9999.00
 00045  1010.82    16.63    68.03     2.48   347.73    20.67     0.00  9999.00  9999.00  9999.00
 00046   945.02    11.43    72.98     1.58   142.02    18.72     0.00  9999.00  9999.00  9999.00
 00047  1005.22    11.60    94.50     2.77   307.19     7.83     0.00  9999.00  9999.00  9999.00
 00048   604.10   -10.07    92.88     1.33   180.00     7.09     0.00  9999.00  9999.00  9999.00
 00049   575.80    -9.90    98.42     1.30    26.99     3.00     0.01  9999.00  9999.00  9999.00
 00050  1005.10    10.52    87.79     2.05   315.46    19.15     0.00  9999.00  9999.00  9999.00
