stn_id       p       t2      rh2      spd      dir      vis    rain6   rain24   tmax24   tmin24 
 00001   979.40    31.40    68.56     3.00   160.00     8.00     0.10  9999.00  9999.00  9999.00
 00002  1002.50    22.40    70.88     2.00    40.00     9.00     0.00  9999.00  9999.00  9999.00
 00003   924.80    20.80    75.75     1.00   360.00     9.00     0.00  9999.00  9999.00  9999.00
 00004   858.60    20.80    49.73     6.00   290.00    30.00     0.00  9999.00  9999.00  9999.00
 00005  9999.00  9999.00  9999.00  9999.00  9999.00  9999.00  9999.00  9999.00  9999.00  9999.00
 00006   880.20    15.50    83.85     5.00   200.00    26.00     0.60  9999.00  9999.00  9999.00
 00007  1005.80    27.90    19.81     2.00    40.00    30.00     0.00  9999.00  9999.00  9999.00
 00008   985.60    23.10    22.89     5.00   360.00    23.00     0.00  9999.00  9999.00  9999.00
 00009   959.00    16.20    45.90     2.00    90.00    30.00     0.30  9999.00  9999.00  9999.00
 00010   981.00    22.70    22.79     6.00   340.00    29.00     0.00  9999.00  9999.00  9999.00
 00011   998.90    23.30    20.88     3.00   290.00    30.00     0.00  9999.00  9999.00  9999.00
 00012  1008.80    23.70    60.62     2.00    40.00    11.00     0.00  9999.00  9999.00  9999.00
 00013  1004.90    22.40    95.20     4.00   360.00     4.00     0.10  9999.00  9999.00  9999.00
 00014  1001.60    30.00    65.87     1.00    70.00     4.80     0.00  9999.00  9999.00  9999.00
 00015   991.70    24.00    60.68     1.00    70.00     6.00     0.20  9999.00  9999.00  9999.00
 00016   962.90    28.50    52.67     1.00   270.00    30.00     0.00  9999.00  9999.00  9999.00
 00017   998.70    25.00    64.90     1.00   340.00    13.00     0.00  9999.00  9999.00  9999.00
 00018  1007.00    23.40    85.76     3.00   320.00     9.00     0.00  9999.00  9999.00  9999.00
 00019   941.90    33.70    42.57     2.00   140.00    18.00     0.00  9999.00  9999.00  9999.00
 00020  1007.20    27.20    73.94     2.00    40.00    15.00     0.00  9999.00  9999.00  9999.00
 00021   912.90    18.60    22.88     3.00   360.00    30.00     0.00  9999.00  9999.00  9999.00
 00022  1012.50    25.20    46.75     1.00   200.00    13.00     0.00  9999.00  9999.00  9999.00
 00023   936.60    17.90    25.76     8.00   340.00    30.00     0.00  9999.00  9999.00  9999.00
 00024   962.60    19.00    31.72     3.00   320.00    30.00     0.00  9999.00  9999.00  9999.00
 00025   809.80    30.20    42.43     4.00   180.00    21.00     0.00  9999.00  9999.00  9999.00
 00026  1000.20    33.80    58.68     4.00    40.00    14.00     0.00  9999.00  9999.00  9999.00
 00027   994.70    25.70    84.92     5.00   320.00  9999.00     0.00  9999.00  9999.00  9999.00
 00028   973.90    33.00    63.67     2.00    40.00    12.00     0.00  9999.00  9999.00  9999.00
 00029   995.30    38.00    44.16     2.00   270.00    30.00     0.00  9999.00  9999.00  9999.00
 00030   988.30    35.80    43.37     2.00   290.00    23.00     0.00  9999.00  9999.00  9999.00
 00031   627.90    20.30    15.83     2.00    70.00    30.00     0.00  9999.00  9999.00  9999.00
 00032   994.30    34.30    44.65     4.00    40.00    30.00     0.00  9999.00  9999.00  9999.00
 00033   998.50    31.80    62.69     6.00   290.00    23.00     0.00  9999.00  9999.00  9999.00
 00034  1004.80    32.10    68.69     2.00   290.00    28.00     0.00  9999.00  9999.00  9999.00
 00035  1002.50    35.30    51.36     1.00    20.00    29.00     0.00  9999.00  9999.00  9999.00
 00036   835.50    35.50    19.59     2.00   180.00    30.00     0.00  9999.00  9999.00  9999.00
 00037   996.70    34.70    46.43     5.00   140.00    30.00     0.00  9999.00  9999.00  9999.00
 00038   995.10    37.20    37.46     3.00   340.00    30.00     0.00  9999.00  9999.00  9999.00
 00039   999.80    31.40    59.62     6.00    40.00    25.00     0.00  9999.00  9999.00  9999.00
 00040   996.30    30.80    67.63     2.00   180.00     8.00     0.00  9999.00  9999.00  9999.00
 00041  9999.00  9999.00  9999.00  9999.00  9999.00  9999.00  9999.00  9999.00  9999.00  9999.00
 00042  1003.40    24.80    84.84     2.00   340.00     3.00     0.00  9999.00  9999.00  9999.00
 00043   997.00    34.10    64.66     4.00   360.00    17.00     0.00  9999.00  9999.00  9999.00
 00044   990.70    31.40    61.47     3.00   290.00    25.00     0.00  9999.00  9999.00  9999.00
 00045   996.30    30.80    67.63     2.00   180.00     8.00     0.00  9999.00  9999.00  9999.00
 00046   958.10    35.70    43.60     4.00   360.00    30.00     0.10  9999.00  9999.00  9999.00
 00047  1001.40    31.80    64.62     3.00   140.00    19.00     0.00  9999.00  9999.00  9999.00
 00048   655.70    21.30    20.75     2.00   250.00    20.00     0.00  9999.00  9999.00  9999.00
 00049   605.40    11.70    44.88     7.00   250.00    30.00     0.00  9999.00  9999.00  9999.00
 00050   995.40    31.80    55.47     8.00    70.00    30.00     0.00  9999.00  9999.00  9999.00
