stn_id       p       t2      rh2      spd      dir      vis    rain6   rain24   tmax24   tmin24 
 00001   980.87     9.91    84.29     0.88   297.68    18.26     0.15  9999.00  9999.00  9999.00
 00002  1009.06    -3.38    76.38     0.58   186.39    26.67     0.00  9999.00  9999.00  9999.00
 00003   912.19    -7.68    83.65     0.72    78.42    24.19     0.00  9999.00  9999.00  9999.00
 00004   839.13    -2.54    57.46     0.80    32.16    25.28     0.00  9999.00  9999.00  9999.00
 00005   877.51    -9.16    81.60     0.78   213.11    29.07     0.00  9999.00  9999.00  9999.00
 00006   887.48    -3.19    61.49     2.15   233.64    32.12     0.00  9999.00  9999.00  9999.00
 00007  1017.71    -3.48    62.49     2.45   353.85    37.07     0.01  9999.00  9999.00  9999.00
 00008   999.45    -7.91    65.14     3.77   273.80    42.04     0.00  9999.00  9999.00  9999.00
 00009   950.60   -17.28    84.41     0.38   273.63    51.24     0.05  9999.00  9999.00  9999.00
 00010   973.55    -1.34    59.97     4.55   290.42    41.50     0.01  9999.00  9999.00  9999.00
 00011  1006.63   -12.69    96.63     2.95   301.72    13.87     0.02  9999.00  9999.00  9999.00
 00012  1025.79    -1.95    65.83     0.57   253.21    28.87     0.00  9999.00  9999.00  9999.00
 00013  1024.30     9.59    59.94     1.97   324.36    21.60     0.00  9999.00  9999.00  9999.00
 00014  1020.19    11.55    60.15     1.82    12.05    21.51     0.00  9999.00  9999.00  9999.00
 00015  1009.26    -1.50    93.07     1.07   136.83    20.62     0.06  9999.00  9999.00  9999.00
 00016   966.96     2.41    64.98     0.72   162.47    22.12     0.00  9999.00  9999.00  9999.00
 00017  1011.25    -1.44    93.06     0.80   261.11    19.98     0.00  9999.00  9999.00  9999.00
 00018  1023.52     8.68    64.78     1.66   317.63    20.85     0.00  9999.00  9999.00  9999.00
 00019   944.41     8.91    72.93     0.54   160.98    24.87     0.05  9999.00  9999.00  9999.00
 00020  1025.77    10.70    73.19     3.17   311.23    21.65     0.00  9999.00  9999.00  9999.00
 00021   899.96     0.42    83.50     0.93   156.42    40.13     0.58  9999.00  9999.00  9999.00
 00022  1028.84    -0.91    67.90     2.14   301.07    26.71     0.00  9999.00  9999.00  9999.00
 00023   929.46    -0.56    93.61     4.35   285.48    20.41     1.86  9999.00  9999.00  9999.00
 00024   953.98    -9.39    90.96     5.62   124.61    28.57     1.60  9999.00  9999.00  9999.00
 00025   799.07    12.62    63.56     5.36   251.34    18.98     0.02  9999.00  9999.00  9999.00
 00026  1021.55    12.44    66.49     2.32    15.37    19.77     0.00  9999.00  9999.00  9999.00
 00027  1017.61    12.18    69.38     2.61   347.87    19.29     0.00  9999.00  9999.00  9999.00
 00028   984.77     9.73    82.63     1.96    21.25    18.31     0.00  9999.00  9999.00  9999.00
 00029  1015.14    21.69    51.57     2.21    17.53    20.88     0.00  9999.00  9999.00  9999.00
 00030  1004.66    21.38    57.16     1.70    37.52    22.07     0.00  9999.00  9999.00  9999.00
 00031   573.93    -0.35     3.76     4.19   303.31    35.89     0.00  9999.00  9999.00  9999.00
 00032   986.16    16.75    78.69     1.39   318.86    13.76     0.25  9999.00  9999.00  9999.00
 00033  1016.57    20.83    77.24     5.51    65.32    23.06     0.00  9999.00  9999.00  9999.00
 00034  1015.50    26.49    83.94     7.68    55.43    11.60     1.83  9999.00  9999.00  9999.00
 00035  1015.44    25.14    68.55     5.39    38.65    23.10     0.10  9999.00  9999.00  9999.00
 00036   777.77    10.26    57.79     2.77   205.05    20.68     0.08  9999.00  9999.00  9999.00
 00037   976.38    16.38    80.10     1.09   302.28    13.15     0.24  9999.00  9999.00  9999.00
 00038  1003.00    22.43    56.25     1.63    49.00    20.36     0.45  9999.00  9999.00  9999.00
 00039  1017.13    21.40    69.42     7.32    27.97    20.10     0.28  9999.00  9999.00  9999.00
 00040  1014.31    22.44    62.52     5.28    35.60    20.92     0.37  9999.00  9999.00  9999.00
 00041   980.32    12.10    64.67     1.41    17.33    19.84     0.00  9999.00  9999.00  9999.00
 00042  1024.51     9.04    69.87     1.08   312.82    21.15     0.00  9999.00  9999.00  9999.00
 00043  1014.55    13.38    66.88     2.14    22.60    19.90     0.00  9999.00  9999.00  9999.00
 00044   994.76    14.03    71.82     1.45    52.45    19.70     0.00  9999.00  9999.00  9999.00
 00045  1014.31    22.44    62.52     5.28    35.60    20.92     0.37  9999.00  9999.00  9999.00
 00046   949.51    18.39    50.73     1.85    55.23    19.29     0.00  9999.00  9999.00  9999.00
 00047  1011.58    17.67    68.24     3.03    25.29    20.11     0.85  9999.00  9999.00  9999.00
 00048   605.86    -5.67    43.33     1.43    85.38    37.78     0.00  9999.00  9999.00  9999.00
 00049   576.25    -4.78    57.34     2.00   205.75    28.42     0.05  9999.00  9999.00  9999.00
 00050  1009.39    21.09    62.95     4.76    21.44    19.67     0.03  9999.00  9999.00  9999.00
