stn_id       p       t2      rh2      spd      dir      vis    rain6   rain24   tmax24   tmin24 
 00001   963.53    28.72    75.86     1.30   278.72    23.20  9999.00  9999.00  9999.00  9999.00
 00002   982.28    30.73    61.02     1.93   154.76    25.48  9999.00  9999.00  9999.00  9999.00
 00003   894.03    31.23    18.71     3.58    17.54    24.51  9999.00  9999.00  9999.00  9999.00
 00004   830.53    23.72    20.00     4.55   325.17    24.63  9999.00  9999.00  9999.00  9999.00
 00005   864.15    25.34    19.13     6.15   322.41    27.36  9999.00  9999.00  9999.00  9999.00
 00006   874.10    23.26    21.71     8.32   307.00    28.50  9999.00  9999.00  9999.00  9999.00
 00007   992.76    22.07    93.02     3.44   186.42     0.77  9999.00  9999.00  9999.00  9999.00
 00008   976.95    21.50    86.41     1.67   258.31     0.41  9999.00  9999.00  9999.00  9999.00
 00009   937.09    20.28    42.99     1.67   324.54    39.41  9999.00  9999.00  9999.00  9999.00
 00010   959.59    21.97    89.99     3.14   106.49    18.14  9999.00  9999.00  9999.00  9999.00
 00011   983.97    22.48    92.62     4.69   186.90     1.87  9999.00  9999.00  9999.00  9999.00
 00012   996.76    28.77    66.31     3.80   204.58    24.14  9999.00  9999.00  9999.00  9999.00
 00013   999.36    29.74    73.38     3.11   216.02    19.22  9999.00  9999.00  9999.00  9999.00
 00014   997.19    28.99    79.67     1.10   195.76    24.70  9999.00  9999.00  9999.00  9999.00
 00015   983.38    27.87    72.20     1.29   320.39    20.40  9999.00  9999.00  9999.00  9999.00
 00016   946.52    30.11    54.15     2.23   257.30    25.40  9999.00  9999.00  9999.00  9999.00
 00017   984.01    32.36    55.84     1.66   269.03    23.79  9999.00  9999.00  9999.00  9999.00
 00018   997.68    29.78    71.94     2.61   269.33    10.96  9999.00  9999.00  9999.00  9999.00
 00019   929.52    29.66    66.25     1.76   235.21    27.20  9999.00  9999.00  9999.00  9999.00
 00020  1002.62    29.61    75.16     2.53   154.12    21.00  9999.00  9999.00  9999.00  9999.00
 00021   887.73    29.68    17.60     4.25   193.31    27.73  9999.00  9999.00  9999.00  9999.00
 00022  1000.26    28.80    63.36     1.90   243.70    21.58  9999.00  9999.00  9999.00  9999.00
 00023   914.67    29.44    16.18     2.11   344.00    23.32  9999.00  9999.00  9999.00  9999.00
 00024   938.13    29.75    16.00     5.65   305.51    25.63  9999.00  9999.00  9999.00  9999.00
 00025   792.52    22.41    68.40     2.19   136.67    18.26  9999.00  9999.00  9999.00  9999.00
 00026   999.14    28.20    83.13     3.04   211.64    20.44  9999.00  9999.00  9999.00  9999.00
 00027   995.25    27.63    88.56     3.21   183.37     4.91  9999.00  9999.00  9999.00  9999.00
 00028   965.70    27.25    86.71     3.31   202.93    13.90  9999.00  9999.00  9999.00  9999.00
 00029  1000.13    29.05    78.37     1.69   157.71    28.21  9999.00  9999.00  9999.00  9999.00
 00030   988.54    29.30    78.60     2.47   138.91    29.96  9999.00  9999.00  9999.00  9999.00
 00031   574.64    13.72    57.09     0.76   169.95    22.31  9999.00  9999.00  9999.00  9999.00
 00032   970.06    29.07    71.95     2.05   225.95    23.48  9999.00  9999.00  9999.00  9999.00
 00033  1002.12    22.60    98.56     3.06   103.70     0.51  9999.00  9999.00  9999.00  9999.00
 00034  1005.91    28.35    85.64     4.85   197.67    29.62  9999.00  9999.00  9999.00  9999.00
 00035  1001.41    30.58    70.20     3.85   151.50    30.83  9999.00  9999.00  9999.00  9999.00
 00036   775.06    19.80    78.44     0.61   130.00    14.80  9999.00  9999.00  9999.00  9999.00
 00037   960.80    29.74    72.12     1.32   255.07    23.46  9999.00  9999.00  9999.00  9999.00
 00038   988.42    30.15    73.80     2.09   205.87    26.42  9999.00  9999.00  9999.00  9999.00
 00039  1001.94    27.00    87.89     6.38   198.06    25.36  9999.00  9999.00  9999.00  9999.00
 00040  1000.34    28.00    84.73     4.42   198.97    26.98  9999.00  9999.00  9999.00  9999.00
 00041   960.75    27.82    75.34     2.48   213.34    19.12  9999.00  9999.00  9999.00  9999.00
 00042   999.60    29.53    76.64     1.03   251.31    22.62  9999.00  9999.00  9999.00  9999.00
 00043   993.41    28.62    79.07     3.48   222.59    25.64  9999.00  9999.00  9999.00  9999.00
 00044   975.98    27.00    84.59     0.94   192.53    21.86  9999.00  9999.00  9999.00  9999.00
 00045  1000.34    28.00    84.73     4.42   198.97    26.98  9999.00  9999.00  9999.00  9999.00
 00046   936.04    27.57    72.52     2.68   221.65    25.96  9999.00  9999.00  9999.00  9999.00
 00047   992.93    27.37    87.82     2.78   197.80    18.51  9999.00  9999.00  9999.00  9999.00
 00048   605.66    13.82    63.87     0.78    38.55    28.07  9999.00  9999.00  9999.00  9999.00
 00049   579.06     8.55    83.09     2.45   204.68    10.92  9999.00  9999.00  9999.00  9999.00
 00050   993.92    28.84    80.45     4.55   193.42    24.87  9999.00  9999.00  9999.00  9999.00
