stn_id       p       t2      rh2      spd      dir      vis    rain6   rain24   tmax24   tmin24 
 00001   960.11    31.13    60.37     1.07   157.90    25.66  9999.00  9999.00  9999.00  9999.00
 00002   989.36    24.50    62.98     1.60    68.51    25.40  9999.00  9999.00  9999.00  9999.00
 00003   898.14    20.92    73.89     3.69   162.46     8.09  9999.00  9999.00  9999.00  9999.00
 00004   830.41    20.83    42.24     1.67   159.41    24.04  9999.00  9999.00  9999.00  9999.00
 00005   863.77    24.81    24.56     4.30   286.26    27.29  9999.00  9999.00  9999.00  9999.00
 00006   876.48    21.96    21.28     4.57   338.97    28.41  9999.00  9999.00  9999.00  9999.00
 00007   998.83    26.19    56.84     2.75    15.48    25.19  9999.00  9999.00  9999.00  9999.00
 00008   985.41    24.57    54.91     2.64    47.43    27.26  9999.00  9999.00  9999.00  9999.00
 00009   944.35    19.35    41.66     1.21    12.79    38.93  9999.00  9999.00  9999.00  9999.00
 00010   964.61    22.24    83.83     1.30   100.51    29.50  9999.00  9999.00  9999.00  9999.00
 00011   993.11    24.52    54.63     1.34   286.26    29.58  9999.00  9999.00  9999.00  9999.00
 00012  1004.31    27.50    52.64     1.22   164.27    24.11  9999.00  9999.00  9999.00  9999.00
 00013  1001.21    28.35    65.85     2.91    28.99    23.72  9999.00  9999.00  9999.00  9999.00
 00014   997.82    27.18    79.85     2.52   254.82    24.00  9999.00  9999.00  9999.00  9999.00
 00015   987.96    27.73    50.35     2.70    65.89    20.35  9999.00  9999.00  9999.00  9999.00
 00016   944.28    30.36    52.41     0.86    59.06    25.28  9999.00  9999.00  9999.00  9999.00
 00017   989.12    26.13    81.33     1.64    82.54    17.30  9999.00  9999.00  9999.00  9999.00
 00018  1000.10    29.41    64.92     3.29    48.12    23.85  9999.00  9999.00  9999.00  9999.00
 00019   927.37    25.65    76.61     1.52   101.51    18.94  9999.00  9999.00  9999.00  9999.00
 00020  1003.63    23.63    86.20     4.18   320.89    20.74  9999.00  9999.00  9999.00  9999.00
 00021   887.10    22.91    32.61     4.35   341.87    27.62  9999.00  9999.00  9999.00  9999.00
 00022  1006.86    28.49    46.78     2.14   134.73    21.57  9999.00  9999.00  9999.00  9999.00
 00023   911.19    28.83    19.71     3.28   298.07    23.24  9999.00  9999.00  9999.00  9999.00
 00024   933.92    30.02    18.72     4.11   293.45    25.52  9999.00  9999.00  9999.00  9999.00
 00025   789.56    19.99    83.45     1.44   153.36     5.78  9999.00  9999.00  9999.00  9999.00
 00026   998.21    30.00    71.17     1.64    62.75    22.53  9999.00  9999.00  9999.00  9999.00
 00027   993.84    30.98    69.32     2.38    32.74    23.36  9999.00  9999.00  9999.00  9999.00
 00028   963.86    31.16    59.52     1.82    65.65    25.61  9999.00  9999.00  9999.00  9999.00
 00029   996.55    30.57    66.40     0.69   151.13    27.93  9999.00  9999.00  9999.00  9999.00
 00030   985.50    26.97    88.33     2.27   125.54    25.21  9999.00  9999.00  9999.00  9999.00
 00031   570.77    14.21    51.34     1.77   196.62    22.17  9999.00  9999.00  9999.00  9999.00
 00032   968.85    26.98    82.43     1.61   207.83    20.14  9999.00  9999.00  9999.00  9999.00
 00033   999.27    21.83    95.37     5.27   101.23     0.71  9999.00  9999.00  9999.00  9999.00
 00034  1002.54    28.55    82.16     1.24   190.93    33.26  9999.00  9999.00  9999.00  9999.00
 00035   998.80    28.51    81.92     1.77   113.59    17.82  9999.00  9999.00  9999.00  9999.00
 00036   770.13    22.67    52.55     0.72   190.16    24.21  9999.00  9999.00  9999.00  9999.00
 00037   959.46    27.65    82.11     1.34   197.88    21.54  9999.00  9999.00  9999.00  9999.00
 00038   986.24    29.13    81.17     1.33   165.06    22.89  9999.00  9999.00  9999.00  9999.00
 00039   999.54    26.75    89.58     5.17   178.39    25.35  9999.00  9999.00  9999.00  9999.00
 00040   997.43    28.22    82.54     3.84   194.86    26.40  9999.00  9999.00  9999.00  9999.00
 00041   961.19    25.71    81.13     1.79    31.53    18.52  9999.00  9999.00  9999.00  9999.00
 00042  1001.08    28.37    72.10     2.88    45.34    24.37  9999.00  9999.00  9999.00  9999.00
 00043   992.18    29.14    75.87     1.25   102.19    24.69  9999.00  9999.00  9999.00  9999.00
 00044   974.51    28.31    74.81     0.80   234.13    24.90  9999.00  9999.00  9999.00  9999.00
 00045   997.43    28.22    82.54     3.84   194.86    26.40  9999.00  9999.00  9999.00  9999.00
 00046   934.19    27.84    70.12     1.17   268.09    25.49  9999.00  9999.00  9999.00  9999.00
 00047   992.23    25.91    92.02     1.77   141.26     9.16  9999.00  9999.00  9999.00  9999.00
 00048   600.35    15.97    51.79     1.09   213.61    28.66  9999.00  9999.00  9999.00  9999.00
 00049   575.57     7.74    92.75     1.99   198.54     5.51  9999.00  9999.00  9999.00  9999.00
 00050   991.87    27.89    86.72     2.81   170.19    24.50  9999.00  9999.00  9999.00  9999.00
