stn_id       p       t2      rh2      spd      dir      vis    rain6   rain24   tmax24   tmin24 
 00001   981.38     7.24    94.24     1.06    34.43    19.18     0.05  9999.00  9999.00  9999.00
 00002  1010.72   -14.47    92.67     1.80   287.85    26.79     0.00  9999.00  9999.00  9999.00
 00003   912.44   -19.66    99.76     1.39   298.18    17.26     0.00  9999.00  9999.00  9999.00
 00004   838.71   -21.01    99.88     1.42   132.03     9.36     0.00  9999.00  9999.00  9999.00
 00005   876.85   -18.86    99.98     1.24   110.85    16.57     0.00  9999.00  9999.00  9999.00
 00006   886.54   -12.18    93.03     3.24   191.38    32.67     0.03  9999.00  9999.00  9999.00
 00007  1016.75   -13.75    83.17     7.18    55.90    36.64     0.20  9999.00  9999.00  9999.00
 00008  1000.43   -18.61    83.14     6.15     7.27    42.13     0.16  9999.00  9999.00  9999.00
 00009   956.05   -34.72    99.42     2.04   198.94    52.93     0.00  9999.00  9999.00  9999.00
 00010   968.40   -13.07    69.98     4.37   320.43    40.86     2.61  9999.00  9999.00  9999.00
 00011  1008.99   -21.97    82.28     6.43     8.96    46.05     0.00  9999.00  9999.00  9999.00
 00012  1027.54    -8.51    68.97     2.93   126.52    29.03     0.00  9999.00  9999.00  9999.00
 00013  1024.71     0.10    74.83     2.78   310.07    21.53     0.00  9999.00  9999.00  9999.00
 00014  1020.41     3.42    80.23     2.57   324.41    21.53     0.00  9999.00  9999.00  9999.00
 00015  1009.56    -6.16    75.71     2.82    14.23    23.00     0.00  9999.00  9999.00  9999.00
 00016   966.38    -3.64    75.21     1.41   106.82    21.81     0.00  9999.00  9999.00  9999.00
 00017  1012.28    -4.19    81.05     1.62   320.22    21.56     0.00  9999.00  9999.00  9999.00
 00018  1024.35    -0.73    81.08     2.32   316.95    20.78     0.00  9999.00  9999.00  9999.00
 00019   944.08     7.48    96.73     0.78   111.65    13.95     1.23  9999.00  9999.00  9999.00
 00020  1025.16     2.24    68.65     4.74   303.70    21.55     0.00  9999.00  9999.00  9999.00
 00021   899.25   -10.78    74.19     4.17   151.58    40.63     0.00  9999.00  9999.00  9999.00
 00022  1030.46    -4.85    61.25     4.21    33.55    26.78     0.00  9999.00  9999.00  9999.00
 00023   926.90   -10.64    74.76     2.17   172.71    36.79     0.03  9999.00  9999.00  9999.00
 00024   955.07    -9.29    93.49     4.11   116.60    18.49     0.10  9999.00  9999.00  9999.00
 00025   798.83     2.81    93.19     0.76   213.73    14.86     0.00  9999.00  9999.00  9999.00
 00026  1021.64     7.88    90.44     4.20    15.16    14.56     0.00  9999.00  9999.00  9999.00
 00027  1016.99     6.55    97.58     2.77   345.68    15.02     0.00  9999.00  9999.00  9999.00
 00028   984.77     6.18    98.84     2.06    13.37     0.35     0.03  9999.00  9999.00  9999.00
 00029  1014.34    13.89    89.27     2.93    13.32    20.90     0.00  9999.00  9999.00  9999.00
 00030  1003.69    13.19    98.96     1.33   337.26     0.38     0.00  9999.00  9999.00  9999.00
 00031   571.68   -13.19    24.81     2.11   225.15    36.11     0.00  9999.00  9999.00  9999.00
 00032   985.65     9.51    89.04     2.35   308.72     2.50     0.00  9999.00  9999.00  9999.00
 00033  1015.32    20.64    83.12     5.05    31.21    23.00     0.00  9999.00  9999.00  9999.00
 00034  1014.78    25.69    88.90     6.49    31.58     7.82     3.39  9999.00  9999.00  9999.00
 00035  1014.20    22.72    83.15     3.62    28.15    22.03     0.02  9999.00  9999.00  9999.00
 00036   778.74     0.25    98.72     1.05   105.56     0.84     0.02  9999.00  9999.00  9999.00
 00037   975.90     8.41    93.85     1.94   307.81     0.76     0.00  9999.00  9999.00  9999.00
 00038  1002.62    12.30    86.81     1.86   320.40    20.42     0.00  9999.00  9999.00  9999.00
 00039  1016.39    18.07    76.22     7.68    79.99    20.18     0.00  9999.00  9999.00  9999.00
 00040  1013.32    17.16    78.27     3.71    47.41    20.96     0.00  9999.00  9999.00  9999.00
 00041   981.13     1.13    84.21     1.38   279.07    19.31     0.00  9999.00  9999.00  9999.00
 00042  1025.41     0.82    81.08     2.24   290.19    21.11     0.00  9999.00  9999.00  9999.00
 00043  1014.41     8.63    94.53     3.05    32.27    14.77     0.02  9999.00  9999.00  9999.00
 00044   994.70    10.04    93.12     0.78   132.34    19.53     0.04  9999.00  9999.00  9999.00
 00045  1013.32    17.16    78.27     3.71    47.41    20.96     0.00  9999.00  9999.00  9999.00
 00046   949.27     8.32    98.24     1.95    50.09     0.45     0.00  9999.00  9999.00  9999.00
 00047  1012.07     9.14    97.16     3.40   317.36     3.75     0.00  9999.00  9999.00  9999.00
 00048   605.09   -19.37    61.67     1.42   179.63    38.05     0.00  9999.00  9999.00  9999.00
 00049   575.22   -17.92    55.17     1.06    33.20    28.70     0.00  9999.00  9999.00  9999.00
 00050  1008.94    13.76    81.10     4.19   326.50    19.76     0.00  9999.00  9999.00  9999.00
