stn_id       p       t2      rh2      spd      dir      vis    rain6   rain24   tmax24   tmin24 
 00001   980.20     7.61    91.94     1.28   280.94    19.36  9999.00  9999.00  9999.00  9999.00
 00002  1008.14   -12.02    91.25     2.06   288.79    26.74  9999.00  9999.00  9999.00  9999.00
 00003   911.38   -19.22    98.43     1.77   277.78    23.01  9999.00  9999.00  9999.00  9999.00
 00004   837.71   -19.08    99.57     1.76   111.08     1.08  9999.00  9999.00  9999.00  9999.00
 00005   876.01   -17.82    99.97     1.69    50.79    25.41  9999.00  9999.00  9999.00  9999.00
 00006   886.65   -11.56    96.56     2.18   213.95    27.89  9999.00  9999.00  9999.00  9999.00
 00007  1011.94   -11.99    85.42     8.70   356.35    32.36  9999.00  9999.00  9999.00  9999.00
 00008   995.47   -15.34    83.19     7.94     2.44    41.45  9999.00  9999.00  9999.00  9999.00
 00009   956.45   -35.48    99.73     1.95   206.11    52.95  9999.00  9999.00  9999.00  9999.00
 00010   963.51   -10.89    81.52     4.94   334.71    10.72  9999.00  9999.00  9999.00  9999.00
 00011  1005.69   -19.53    81.57     7.39    10.74    45.97  9999.00  9999.00  9999.00  9999.00
 00012  1024.69    -7.02    65.96     3.38    74.27    28.98  9999.00  9999.00  9999.00  9999.00
 00013  1021.86     0.38    76.11     2.55   306.23    21.49  9999.00  9999.00  9999.00  9999.00
 00014  1017.48     3.40    83.15     2.51   323.59    21.49  9999.00  9999.00  9999.00  9999.00
 00015  1006.81    -5.76    75.38     2.89     8.86    22.95  9999.00  9999.00  9999.00  9999.00
 00016   964.79    -2.26    72.72     1.64    80.99    21.80  9999.00  9999.00  9999.00  9999.00
 00017  1008.98    -2.35    72.04     2.32   304.76    21.52  9999.00  9999.00  9999.00  9999.00
 00018  1021.46    -0.53    79.81     2.08   325.22    20.74  9999.00  9999.00  9999.00  9999.00
 00019   942.96     7.58    95.79     0.65   110.88    13.26  9999.00  9999.00  9999.00  9999.00
 00020  1022.23     3.24    65.47     5.13   306.52    21.51  9999.00  9999.00  9999.00  9999.00
 00021   900.64    -7.78    81.32     1.86   157.82    34.81  9999.00  9999.00  9999.00  9999.00
 00022  1027.14    -4.37    62.82     4.58    74.58    26.72  9999.00  9999.00  9999.00  9999.00
 00023   928.63    -7.45    81.34     1.77   158.96    36.65  9999.00  9999.00  9999.00  9999.00
 00024   956.09    -9.83    93.46     3.44   127.98    18.67  9999.00  9999.00  9999.00  9999.00
 00025   797.99     4.29    83.06     1.11   214.27    18.95  9999.00  9999.00  9999.00  9999.00
 00026  1018.88     7.77    94.49     2.67   146.34    13.58  9999.00  9999.00  9999.00  9999.00
 00027  1014.63     7.15    96.47     2.20   345.13    19.18  9999.00  9999.00  9999.00  9999.00
 00028   982.66     5.51    99.52     1.38    34.97     0.24  9999.00  9999.00  9999.00  9999.00
 00029  1012.31    13.33    94.26     2.15    13.94    20.87  9999.00  9999.00  9999.00  9999.00
 00030  1001.88    12.85    98.93     1.72   324.87     5.94  9999.00  9999.00  9999.00  9999.00
 00031   571.66   -10.65    20.76     1.84   213.60    36.10  9999.00  9999.00  9999.00  9999.00
 00032   983.45     7.97    93.42     2.40   313.00    18.69  9999.00  9999.00  9999.00  9999.00
 00033  1013.52    20.63    86.52     5.02    18.79    22.99  9999.00  9999.00  9999.00  9999.00
 00034  1013.06    25.72    90.28     6.88    36.58    14.04  9999.00  9999.00  9999.00  9999.00
 00035  1012.52    22.77    81.41     3.46    22.41    22.17  9999.00  9999.00  9999.00  9999.00
 00036   777.79    -0.15    99.21     1.32   101.35     0.41  9999.00  9999.00  9999.00  9999.00
 00037   973.79     7.02    95.99     1.87   317.11    12.61  9999.00  9999.00  9999.00  9999.00
 00038  1000.49    10.63    94.01     1.47   308.12    20.38  9999.00  9999.00  9999.00  9999.00
 00039  1014.00    17.42    81.47     5.23   113.82    20.15  9999.00  9999.00  9999.00  9999.00
 00040  1011.41    16.27    83.44     3.23    42.70    20.93  9999.00  9999.00  9999.00  9999.00
 00041   978.40     1.23    89.12     1.61   346.93    19.26  9999.00  9999.00  9999.00  9999.00
 00042  1022.41     1.16    80.17     2.31   300.12    21.07  9999.00  9999.00  9999.00  9999.00
 00043  1011.98     8.47    98.31     1.91    50.39     1.38  9999.00  9999.00  9999.00  9999.00
 00044   992.61     9.18    97.23     0.94   203.24    18.89  9999.00  9999.00  9999.00  9999.00
 00045  1011.41    16.27    83.44     3.23    42.70    20.93  9999.00  9999.00  9999.00  9999.00
 00046   947.43     7.20    99.35     1.67    34.03     5.72  9999.00  9999.00  9999.00  9999.00
 00047  1009.39     9.04    96.53     3.66   335.30     3.17  9999.00  9999.00  9999.00  9999.00
 00048   605.00   -18.15    65.54     1.36   178.68    38.04  9999.00  9999.00  9999.00  9999.00
 00049   575.28   -17.74    63.91     1.13    32.10    28.70  9999.00  9999.00  9999.00  9999.00
 00050  1006.43    11.24    90.14     3.26   311.88    19.72  9999.00  9999.00  9999.00  9999.00
