stn_id       p       t2      rh2      spd      dir      vis    rain6   rain24   tmax24   tmin24 
 00001   983.62     7.85    94.60     1.71   167.00    20.86     0.76     5.41     9.89     7.31
 00002  1000.14    -7.67    96.14     0.76   115.79     3.61     0.01     0.04    -4.90   -12.89
 00003   904.65    -6.73    83.09     2.12   247.25    24.79     0.00     0.00    -4.30   -16.52
 00004   832.97   -10.61    80.16     2.78   230.90    25.21     0.01     0.01    -3.21   -13.67
 00005   869.05   -13.61    99.41     1.01    59.22     2.11     0.03     0.22    -9.67   -15.16
 00006   877.29    -6.88    74.02     5.22   238.78    32.15     0.00     0.00    -1.42   -12.43
 00007  1009.71     0.77    88.98     3.78   170.59    36.79     0.00     0.00     3.06   -15.62
 00008   992.97    -3.02    83.43     2.97   183.75    40.42     0.00     0.00     0.22   -10.38
 00009   951.73   -25.93   100.00     0.58   249.40    50.45     0.00     0.11   -18.83   -26.23
 00010   972.69    -8.22    82.61     1.28   221.57    41.47     0.00     0.00     1.83   -11.82
 00011  1001.67   -11.20    95.03     1.98   190.07    45.72     0.00     0.02    -6.65   -14.32
 00012  1016.92    -8.61    97.89     2.25   196.22    27.51     0.01     0.01    -4.51   -12.06
 00013  1019.58     7.68    95.56     1.79   125.84    21.52     0.00     0.00    12.97     0.76
 00014  1017.08     6.32    97.38     1.65   198.68    15.80     0.00     0.00    13.82    -0.95
 00015  1000.27     1.35    89.57     2.68   187.11    22.89     0.06     0.13     3.10    -6.42
 00016   962.59     0.51    79.73     0.92   215.36    21.92     0.00     1.24     6.09    -0.68
 00017  1003.40     1.73    84.23     4.10   247.00    21.52     0.01     0.01     3.10    -7.35
 00018  1018.56     6.02    93.63     1.66   299.37    20.76     0.00     0.00    12.09    -0.01
 00019   945.91     8.92    80.97     1.47   270.59    24.65     0.00     0.01    13.28     5.65
 00020  1023.11     8.41    84.58     2.82   151.13    21.57     0.00     0.00    16.62     1.96
 00021   890.34    -9.24    83.29     2.84   169.94    30.87     0.01     0.03    -2.85    -9.15
 00022  1020.37    -4.70    97.87     2.96   255.46    24.68     0.01     0.03    -3.43   -10.96
 00023   920.47     0.24    71.70     6.13   266.79    29.77     0.00     0.00     1.69    -9.94
 00024   944.47    -7.65    75.97     6.47   115.50    24.52     0.00     0.05    -7.31   -12.64
 00025   799.82     8.68    82.64     2.01   212.06    19.00     0.03     0.05    13.93     5.44
 00026  1018.35    10.29    90.06     1.59    65.05    19.74     0.00     0.00    15.59     4.88
 00027  1016.28     8.64    83.81     2.99   323.53    19.22     0.00     0.00    13.25     3.83
 00028   985.44     8.25    87.10     0.76    77.40    16.58     0.26     1.03    10.07     5.06
 00029  1014.77    18.15    77.88     1.65   325.35    20.90     0.00     0.00    23.58    12.78
 00030  1004.00    18.91    81.49     1.68    89.91    22.08     0.00     0.00    22.87    12.61
 00031   574.17    -4.19     5.85     1.52    84.21    36.04     0.00     0.00    -1.93   -13.46
 00032   986.69    12.28    88.14     2.02    36.54    18.72     0.00     0.01    18.38     7.80
 00033  1015.76    20.80    92.52     5.88    79.37    21.59     1.13     8.91    21.76    19.51
 00034  1015.66    27.07    82.19     8.99    58.02    16.77     0.81     9.01    27.49    25.63
 00035  1014.77    23.91    83.57     3.56    63.43    17.30     0.47     7.49    25.63    21.29
 00036   780.77     6.40    81.25     1.13   217.43    16.65     0.26     0.45     9.99     1.72
 00037   976.80    11.93    87.60     1.58    62.19    18.64     0.00     0.02    18.81     7.53
 00038  1003.66    16.35    79.74     1.94   105.13    20.42     0.00     0.00    24.34     9.86
 00039  1017.78    19.88    76.89     8.80    32.58    20.18     0.04     0.07    21.88    17.61
 00040  1014.86    20.58    78.35     7.39    56.38    20.98     0.00     0.00    23.70    16.84
 00041   977.61     8.98    87.96     1.52   144.34    19.80     0.00     0.00    15.19     1.35
 00042  1019.72     6.45    94.60     2.23   312.14    21.06     0.00     0.00    14.53     1.42
 00043  1011.86    10.34    94.83     1.75    86.34    19.88     0.00     0.00    15.96     3.52
 00044   992.77    10.64    92.12     1.38    75.54    16.06     0.00     0.01    15.48     3.77
 00045  1014.86    20.58    78.35     7.39    56.38    20.98     0.00     0.00    23.70    16.84
 00046   949.03    11.94    84.41     1.88    54.45    19.34     0.00     0.00    20.00     4.55
 00047  1011.79    15.45    84.16     2.91   152.56    20.17     0.00     0.01    19.05     8.88
 00048   608.19    -8.81    36.54     1.79   130.39    38.00     0.00     0.00    -5.13   -19.28
 00049   577.73    -7.65    49.45     0.62   216.64    28.64     0.00     0.01    -3.82   -17.78
 00050  1010.25    16.69    77.64     4.17    18.82    19.75     0.00     0.00    22.03    13.81
