stn_id       p       t2      rh2      spd      dir      vis    rain6   rain24   tmax24   tmin24 
 00001   975.31    17.38    64.59     0.50   227.57    19.37     0.27  9999.00  9999.00  9999.00
 00002   997.09    23.14    31.14     1.73    84.16    21.00     0.00  9999.00  9999.00  9999.00
 00003   904.64    18.21    24.44     0.90   153.54    19.19     0.00  9999.00  9999.00  9999.00
 00004   835.98    12.38    30.78     2.15   238.85    18.33     0.10  9999.00  9999.00  9999.00
 00005   871.39    14.82    18.72     2.46   208.07    19.39     0.00  9999.00  9999.00  9999.00
 00006   881.24    16.70     7.68     4.15   296.39    20.28     0.00  9999.00  9999.00  9999.00
 00007  1004.50    18.70    48.26     4.62   248.28    23.32     0.93  9999.00  9999.00  9999.00
 00008   988.30    15.72    51.28     6.76   219.00    26.68     0.00  9999.00  9999.00  9999.00
 00009   937.32     0.83    30.31     7.97   300.99    44.89     0.07  9999.00  9999.00  9999.00
 00010   967.91    15.68    23.88     3.12   262.31    27.45     0.03  9999.00  9999.00  9999.00
 00011   992.29    16.18    44.77     7.92   226.74    30.16     0.00  9999.00  9999.00  9999.00
 00012  1012.43    23.28    21.32     1.14   169.46    20.56     0.00  9999.00  9999.00  9999.00
 00013  1016.61    16.49    70.09     4.31   115.34    14.54     0.09  9999.00  9999.00  9999.00
 00014  1012.89    15.12    87.28     1.65    51.36     7.15     0.84  9999.00  9999.00  9999.00
 00015   998.71    22.06    26.36     4.06   208.98    18.58     0.00  9999.00  9999.00  9999.00
 00016   956.35    19.99    41.29     1.62    42.47    18.30     0.00  9999.00  9999.00  9999.00
 00017   999.74    23.02    25.00     2.34   166.24    18.99     0.00  9999.00  9999.00  9999.00
 00018  1014.10    18.62    60.85     4.41   108.60    19.74     0.00  9999.00  9999.00  9999.00
 00019   938.72    16.76    76.94     1.88   144.59    10.77     0.62  9999.00  9999.00  9999.00
 00020  1019.76    17.93    65.06     3.52   103.55    13.19     0.06  9999.00  9999.00  9999.00
 00021   887.17     8.47    67.96     2.70   330.11    31.49     0.00  9999.00  9999.00  9999.00
 00022  1015.49    23.23    27.23     0.79   276.55    19.49     0.00  9999.00  9999.00  9999.00
 00023   913.73    11.62    42.16     4.37    94.33    29.75     0.00  9999.00  9999.00  9999.00
 00024   940.47    10.28    45.96     0.78   284.85    32.43     0.09  9999.00  9999.00  9999.00
 00025   794.21    19.01    41.34     6.61   257.55    22.67     0.27  9999.00  9999.00  9999.00
 00026  1012.63    15.37    87.56     2.49    26.21     5.70     7.29  9999.00  9999.00  9999.00
 00027  1009.84    13.21    88.97     3.26   338.64    18.93     1.94  9999.00  9999.00  9999.00
 00028   978.47    13.37    81.58     2.09   104.74    17.82     0.06  9999.00  9999.00  9999.00
 00029  1007.99    24.33    71.99     1.63   173.90    20.61     0.13  9999.00  9999.00  9999.00
 00030   998.76    16.90    87.99     2.33   314.40    10.42    12.02  9999.00  9999.00  9999.00
 00031   569.78     2.54    13.51     4.48   285.96    27.71     0.07  9999.00  9999.00  9999.00
 00032   979.87    16.22    90.27     1.60    66.54     7.30     3.47  9999.00  9999.00  9999.00
 00033  1009.17    21.76    93.67     3.48    90.66     8.19     0.25  9999.00  9999.00  9999.00
 00034  1011.49    27.31    79.93     4.45    79.81    24.06     0.58  9999.00  9999.00  9999.00
 00035  1008.57    28.12    73.88     4.20   145.61    12.42     1.07  9999.00  9999.00  9999.00
 00036   775.10     9.43    68.63     0.87   146.88    21.36     0.05  9999.00  9999.00  9999.00
 00037   970.14    15.93    94.74     1.06    39.66     5.79     4.10  9999.00  9999.00  9999.00
 00038   996.51    25.23    62.24     1.66   126.24    20.78     0.00  9999.00  9999.00  9999.00
 00039  1010.64    22.48    74.98     8.38    40.61    19.79     0.02  9999.00  9999.00  9999.00
 00040  1008.08    24.74    68.35     3.31    64.16    21.35     0.00  9999.00  9999.00  9999.00
 00041   973.22    14.57    76.85     1.48   116.67     8.72     0.24  9999.00  9999.00  9999.00
 00042  1016.06    14.97    82.09     3.25    78.47     6.00     0.50  9999.00  9999.00  9999.00
 00043  1006.42    14.36    90.16     1.23   276.51     3.87     7.93  9999.00  9999.00  9999.00
 00044   987.30    13.63    92.57     1.94    59.25     1.24     5.94  9999.00  9999.00  9999.00
 00045  1008.08    24.74    68.35     3.31    64.16    21.35     0.00  9999.00  9999.00  9999.00
 00046   943.19    17.41    92.15     1.64    43.78     4.37     3.29  9999.00  9999.00  9999.00
 00047  1005.54    17.47    90.07     3.10   341.39     1.46     2.76  9999.00  9999.00  9999.00
 00048   601.84     0.90    41.85     1.29   196.80    30.62     0.12  9999.00  9999.00  9999.00
 00049   573.96    -3.47    61.18     2.65   210.07    23.85     0.24  9999.00  9999.00  9999.00
 00050  1002.97    22.77    69.33     4.99    41.30    19.66     0.02  9999.00  9999.00  9999.00
