stn_id       p       t2      rh2      spd      dir      vis    rain6   rain24   tmax24   tmin24 
 00001   977.44    11.29    91.01     1.18    74.29    12.28  9999.00  9999.00  9999.00  9999.00
 00002  1001.14     7.12    65.08     1.06   290.93    21.11  9999.00  9999.00  9999.00  9999.00
 00003   906.83     3.94    60.52     0.47   288.07    19.30  9999.00  9999.00  9999.00  9999.00
 00004   836.08     3.56    26.02     2.11   163.22    18.46  9999.00  9999.00  9999.00  9999.00
 00005   870.72     2.07    36.77     1.20    77.26    19.67  9999.00  9999.00  9999.00  9999.00
 00006   879.84     4.51    16.82     5.09   229.97    20.68  9999.00  9999.00  9999.00  9999.00
 00007  1013.59     5.54    62.62     4.04   170.35    23.75  9999.00  9999.00  9999.00  9999.00
 00008   995.78     4.62    49.08     5.03   229.42    27.24  9999.00  9999.00  9999.00  9999.00
 00009   940.09    -1.10    70.08     4.33   214.47    45.78  9999.00  9999.00  9999.00  9999.00
 00010   975.40     2.97    47.70     1.02   223.73    28.09  9999.00  9999.00  9999.00  9999.00
 00011  1002.36     2.79    36.08     2.17   201.38    30.95  9999.00  9999.00  9999.00  9999.00
 00012  1018.57     6.35    43.78     1.13    55.76    20.80  9999.00  9999.00  9999.00  9999.00
 00013  1020.98    10.22    67.24     2.45   120.90    19.89  9999.00  9999.00  9999.00  9999.00
 00014  1018.59     9.34    78.54     0.75   151.57    20.08  9999.00  9999.00  9999.00  9999.00
 00015  1002.73    11.12    48.92     3.42   162.62    18.58  9999.00  9999.00  9999.00  9999.00
 00016   959.27     7.94    74.87     1.46   106.44    18.26  9999.00  9999.00  9999.00  9999.00
 00017  1003.25    10.26    70.08     1.56   208.29    18.97  9999.00  9999.00  9999.00  9999.00
 00018  1018.75    10.36    71.56     2.59    88.67    19.64  9999.00  9999.00  9999.00  9999.00
 00019   941.04     9.41    89.55     0.75   318.87    14.30  9999.00  9999.00  9999.00  9999.00
 00020  1025.34    11.23    68.88     0.62   178.83    19.41  9999.00  9999.00  9999.00  9999.00
 00021   892.64     1.46    79.28     1.57   170.31    33.08  9999.00  9999.00  9999.00  9999.00
 00022  1021.56     8.72    43.96     1.20   162.72    19.63  9999.00  9999.00  9999.00  9999.00
 00023   919.79    -0.94    80.69     1.49   189.83    30.18  9999.00  9999.00  9999.00  9999.00
 00024   946.06    -1.60    92.21     2.15   299.22    32.86  9999.00  9999.00  9999.00  9999.00
 00025   794.04    11.04    84.46     1.52   131.89    19.35  9999.00  9999.00  9999.00  9999.00
 00026  1017.85    11.95    79.90     1.78    53.22    20.34  9999.00  9999.00  9999.00  9999.00
 00027  1013.53    10.27    92.37     1.63    12.69     2.30  9999.00  9999.00  9999.00  9999.00
 00028   981.94     7.96    92.13     0.85   326.32    11.41  9999.00  9999.00  9999.00  9999.00
 00029  1012.45    14.63    88.22     1.42    59.39    21.66  9999.00  9999.00  9999.00  9999.00
 00030  1001.71    13.96    86.39     1.73    30.76    23.82  9999.00  9999.00  9999.00  9999.00
 00031   567.62    -8.15    62.37     2.00   227.15    27.66  9999.00  9999.00  9999.00  9999.00
 00032   985.94     9.78    89.20     1.67    50.99    18.16  9999.00  9999.00  9999.00  9999.00
 00033  1012.52    19.85    97.03     6.88    75.87     0.80  9999.00  9999.00  9999.00  9999.00
 00034  1014.06    26.93    78.84     4.67    67.31    22.72  9999.00  9999.00  9999.00  9999.00
 00035  1011.81    23.51    89.77     3.32    92.09    19.45  9999.00  9999.00  9999.00  9999.00
 00036   774.05     5.09    92.50     1.28    31.96    19.16  9999.00  9999.00  9999.00  9999.00
 00037   975.92     9.44    91.94     1.20    25.46    18.23  9999.00  9999.00  9999.00  9999.00
 00038  1002.76    13.68    93.00     0.59    21.98    20.66  9999.00  9999.00  9999.00  9999.00
 00039  1016.70    15.42    83.95     9.32    23.70    10.05  9999.00  9999.00  9999.00  9999.00
 00040  1014.04    15.63    82.15     5.89    29.16    18.76  9999.00  9999.00  9999.00  9999.00
 00041   977.73     9.36    72.00     1.74   103.10    19.27  9999.00  9999.00  9999.00  9999.00
 00042  1020.56    10.10    72.24     2.29   110.67    19.91  9999.00  9999.00  9999.00  9999.00
 00043  1010.97    11.58    88.43     1.73    48.27    19.89  9999.00  9999.00  9999.00  9999.00
 00044   992.26     9.62    85.48     2.05    66.01    19.49  9999.00  9999.00  9999.00  9999.00
 00045  1014.04    15.63    82.15     5.89    29.16    18.76  9999.00  9999.00  9999.00  9999.00
 00046   947.29    10.81    95.76     1.14    64.13    19.07  9999.00  9999.00  9999.00  9999.00
 00047  1012.04    12.04    78.97     3.55   159.21    19.23  9999.00  9999.00  9999.00  9999.00
 00048   597.79    -5.57    69.77     1.29   155.82    29.40  9999.00  9999.00  9999.00  9999.00
 00049   570.74   -13.28    99.65     0.59   129.35     6.82  9999.00  9999.00  9999.00  9999.00
 00050  1009.33    13.22    79.27     4.99    12.19    18.50  9999.00  9999.00  9999.00  9999.00
