stn_id       p       t2      rh2      spd      dir      vis    rain6   rain24   tmax24   tmin24 
 00001   975.25     7.70    79.10     1.56    35.30    18.24  9999.00  9999.00  9999.00  9999.00
 00002   995.96    -3.36    45.04     1.95   294.74    26.78  9999.00  9999.00  9999.00  9999.00
 00003   901.76    -3.29    25.84     1.12   280.37    24.96  9999.00  9999.00  9999.00  9999.00
 00004   831.57    -5.97    24.10     1.86   206.96    26.16  9999.00  9999.00  9999.00  9999.00
 00005   866.97    -9.32    46.36     1.26    50.97    31.29  9999.00  9999.00  9999.00  9999.00
 00006   876.62    -7.37    44.11     3.87   251.28    35.12  9999.00  9999.00  9999.00  9999.00
 00007  1007.23    -3.45    41.67     3.91   143.92    34.25  9999.00  9999.00  9999.00  9999.00
 00008   992.55   -10.11    51.37     2.43   151.75    40.48  9999.00  9999.00  9999.00  9999.00
 00009   938.68   -16.48    96.27     0.84   264.00    49.39  9999.00  9999.00  9999.00  9999.00
 00010   970.93   -18.46    95.39     2.40   258.09    38.83  9999.00  9999.00  9999.00  9999.00
 00011  1001.04   -17.19    87.18     3.61   169.87    46.24  9999.00  9999.00  9999.00  9999.00
 00012  1012.17    -3.88    51.42     1.80   230.29    28.49  9999.00  9999.00  9999.00  9999.00
 00013  1017.79    -0.10    81.89     2.49   173.80    19.66  9999.00  9999.00  9999.00  9999.00
 00014  1015.64    -0.84    83.97     2.08   205.02    19.72  9999.00  9999.00  9999.00  9999.00
 00015   997.73     1.70    45.71     3.49   183.72    21.53  9999.00  9999.00  9999.00  9999.00
 00016   955.80    -0.38    55.42     1.03   104.09    19.10  9999.00  9999.00  9999.00  9999.00
 00017   998.83     0.12    82.56     1.90   210.70    19.61  9999.00  9999.00  9999.00  9999.00
 00018  1015.95     2.93    82.77     2.85   170.41    19.02  9999.00  9999.00  9999.00  9999.00
 00019   938.84     4.64    91.36     1.46   325.93    13.25  9999.00  9999.00  9999.00  9999.00
 00020  1021.59    -1.15    86.50     2.21   217.65    19.61  9999.00  9999.00  9999.00  9999.00
 00021   893.98   -11.00    51.62     0.54   168.06    43.19  9999.00  9999.00  9999.00  9999.00
 00022  1015.38    -2.15    49.14     2.51   217.22    25.80  9999.00  9999.00  9999.00  9999.00
 00023   920.26    -7.97    43.65     1.64   177.39    40.15  9999.00  9999.00  9999.00  9999.00
 00024   951.76   -22.59    99.11     3.85   128.87    34.79  9999.00  9999.00  9999.00  9999.00
 00025   795.91     6.85    84.08     2.23   223.14    19.44  9999.00  9999.00  9999.00  9999.00
 00026  1016.83     4.62    77.17     1.62   157.38    18.64  9999.00  9999.00  9999.00  9999.00
 00027  1011.83     3.93    83.97     2.31   161.78    17.90  9999.00  9999.00  9999.00  9999.00
 00028   979.23     6.74    79.22     0.87   143.21    16.76  9999.00  9999.00  9999.00  9999.00
 00029  1014.18    10.36    80.20     2.10    41.89    20.51  9999.00  9999.00  9999.00  9999.00
 00030  1002.97     8.01    73.19     2.66   118.31    21.74  9999.00  9999.00  9999.00  9999.00
 00031   574.78    -4.27    48.00     2.32   196.55    35.00  9999.00  9999.00  9999.00  9999.00
 00032   985.58     3.74    83.12     1.75   331.43    18.22  9999.00  9999.00  9999.00  9999.00
 00033  1015.46    18.10    69.18     3.81     8.40    21.51  9999.00  9999.00  9999.00  9999.00
 00034  1013.99    25.73    85.88     8.73    55.11     7.05  9999.00  9999.00  9999.00  9999.00
 00035  1014.19    18.59    79.59     3.35   336.93    20.59  9999.00  9999.00  9999.00  9999.00
 00036   775.22     7.31    75.84     1.91   141.54    20.31  9999.00  9999.00  9999.00  9999.00
 00037   975.60     3.46    82.72     1.22   268.36    18.12  9999.00  9999.00  9999.00  9999.00
 00038  1003.53     9.22    72.04     0.72    43.48    19.93  9999.00  9999.00  9999.00  9999.00
 00039  1016.80    15.73    69.69     8.64    20.98    19.66  9999.00  9999.00  9999.00  9999.00
 00040  1014.73    14.03    68.58     6.39    36.17    20.48  9999.00  9999.00  9999.00  9999.00
 00041   975.70     0.72    76.14     1.63   152.97    18.26  9999.00  9999.00  9999.00  9999.00
 00042  1017.89     0.27    84.48     2.20   154.79    19.33  9999.00  9999.00  9999.00  9999.00
 00043  1010.30     4.57    76.86     1.24   139.61    18.90  9999.00  9999.00  9999.00  9999.00
 00044   991.19     3.43    77.72     1.36    99.46    18.57  9999.00  9999.00  9999.00  9999.00
 00045  1014.73    14.03    68.58     6.39    36.17    20.48  9999.00  9999.00  9999.00  9999.00
 00046   947.59     1.42    90.33     1.12   117.37    18.86  9999.00  9999.00  9999.00  9999.00
 00047  1010.88     6.58    76.95     2.02   317.92    19.13  9999.00  9999.00  9999.00  9999.00
 00048   605.38     3.03    25.96     2.56   174.51    37.30  9999.00  9999.00  9999.00  9999.00
 00049   579.41    -4.54    64.14     0.51   188.17    29.48  9999.00  9999.00  9999.00  9999.00
 00050  1009.33     9.90    69.36     4.54   330.18    19.25  9999.00  9999.00  9999.00  9999.00
