stn_id       p       t2      rh2      spd      dir      vis    rain6   rain24   tmax24   tmin24 
 00001   959.69    26.29    79.74     1.64    53.06    25.93     1.76  9999.00  9999.00  9999.00
 00002   978.05    27.57    54.63     2.45   209.20    24.63     0.00  9999.00  9999.00  9999.00
 00003   892.73    22.46    57.32     1.76   193.95    23.63     0.00  9999.00  9999.00  9999.00
 00004   828.42    20.09    48.65     3.94   235.04    21.99     0.03  9999.00  9999.00  9999.00
 00005   861.00    21.55    22.65     3.02    85.70    21.61     0.00  9999.00  9999.00  9999.00
 00006   871.44    21.04    34.43     4.13   212.77    20.76     0.00  9999.00  9999.00  9999.00
 00007   990.47    20.20    94.80     3.93   193.20    22.72     0.00  9999.00  9999.00  9999.00
 00008   972.63    20.55    86.37     2.88   203.89    20.77     0.11  9999.00  9999.00  9999.00
 00009   936.19    16.29    89.27     1.64   113.56    35.65     0.50  9999.00  9999.00  9999.00
 00010   954.84    16.55    99.48     1.16   183.13     8.39     1.89  9999.00  9999.00  9999.00
 00011   979.43    20.60    92.18     2.08   166.94    25.32     0.13  9999.00  9999.00  9999.00
 00012   995.74    25.60    52.38     1.47    69.45    22.34     0.00  9999.00  9999.00  9999.00
 00013  1002.18    25.43    87.96     2.67   198.29    27.64     0.04  9999.00  9999.00  9999.00
 00014  1000.39    25.64    89.03     2.44   199.01    28.05     0.00  9999.00  9999.00  9999.00
 00015   982.25    27.91    72.45     5.52   193.41    23.04     0.00  9999.00  9999.00  9999.00
 00016   941.96    23.96    80.37     1.91   168.82    25.11     0.00  9999.00  9999.00  9999.00
 00017   983.61    27.15    81.68     5.00   194.73    25.83     0.00  9999.00  9999.00  9999.00
 00018  1000.53    26.01    91.77     3.89   197.72    27.48     0.00  9999.00  9999.00  9999.00
 00019   926.29    22.35    92.85     1.18    72.54     4.13     8.66  9999.00  9999.00  9999.00
 00020  1005.89    24.89    94.25     3.37   181.52    22.00     0.00  9999.00  9999.00  9999.00
 00021   881.43    18.72    32.62     2.74   154.92    25.20     0.00  9999.00  9999.00  9999.00
 00022   997.80    27.65    45.94     2.91    84.17    21.85     0.00  9999.00  9999.00  9999.00
 00023   905.12    21.01    38.56     4.45   190.29    22.53     0.03  9999.00  9999.00  9999.00
 00024   929.34    23.75    21.83     4.96   124.21    24.27     0.00  9999.00  9999.00  9999.00
 00025   792.11    18.04    89.59     1.96   189.36    25.70     0.05  9999.00  9999.00  9999.00
 00026  1001.36    26.09    92.12     2.22   204.31    28.69     0.00  9999.00  9999.00  9999.00
 00027   997.00    26.57    83.12     3.00   177.04    28.48     0.00  9999.00  9999.00  9999.00
 00028   967.29    24.68    85.45     3.57   192.80    26.99     0.00  9999.00  9999.00  9999.00
 00029  1003.08    23.90    97.08     1.29   190.16    28.70     0.00  9999.00  9999.00  9999.00
 00030   990.95    25.02    93.56     3.24   155.18    29.19     0.03  9999.00  9999.00  9999.00
 00031   573.97     6.51    73.98     1.53   191.43    22.28     0.20  9999.00  9999.00  9999.00
 00032   973.71    22.40    98.53     1.09   346.39     1.16     0.02  9999.00  9999.00  9999.00
 00033  1004.76    23.44    96.02     4.76   151.30     0.22     0.07  9999.00  9999.00  9999.00
 00034  1007.16    27.57    86.94     2.94   131.71    33.94     0.00  9999.00  9999.00  9999.00
 00035  1004.20    26.26    94.59     2.54   167.96    31.63     0.01  9999.00  9999.00  9999.00
 00036   771.69    16.37    96.69     0.81   158.95    17.60     3.75  9999.00  9999.00  9999.00
 00037   964.27    23.03    98.90     0.80   236.00     1.34     0.01  9999.00  9999.00  9999.00
 00038   991.41    23.11    99.84     0.90   295.17     1.03     0.00  9999.00  9999.00  9999.00
 00039  1004.32    24.55    98.03     2.15   263.21    18.97     0.00  9999.00  9999.00  9999.00
 00040  1002.70    24.72    99.16     1.88   282.49     0.44     0.00  9999.00  9999.00  9999.00
 00041   963.97    22.39    98.27     1.11   148.48    23.50     0.00  9999.00  9999.00  9999.00
 00042  1002.61    25.71    86.37     2.47   191.64    27.89     0.00  9999.00  9999.00  9999.00
 00043   995.60    25.51    86.69     1.83   190.53    29.17     0.00  9999.00  9999.00  9999.00
 00044   978.16    23.63    96.02     0.88   146.55    26.99     0.00  9999.00  9999.00  9999.00
 00045  1002.70    24.72    99.16     1.88   282.49     0.44     0.00  9999.00  9999.00  9999.00
 00046   938.80    21.73    96.30     1.64   186.33    22.17     0.00  9999.00  9999.00  9999.00
 00047   997.70    23.11    98.66     0.91   247.22     2.61     0.03  9999.00  9999.00  9999.00
 00048   603.98     9.46    72.31     1.71   180.32    26.32     1.36  9999.00  9999.00  9999.00
 00049   578.78     3.74    99.32     1.42   195.15     0.98     1.21  9999.00  9999.00  9999.00
 00050   996.74    24.13    99.51     1.03   321.73     2.70     0.00  9999.00  9999.00  9999.00
