stn_id       p       t2      rh2      spd      dir      vis    rain6   rain24   tmax24   tmin24 
 00001   965.72    24.72    82.29     0.65    94.02    26.87  9999.00  9999.00  9999.00  9999.00
 00002   988.67    29.48    38.56     0.76   323.65    24.35  9999.00  9999.00  9999.00  9999.00
 00003   900.57    24.13    41.46     0.71   175.56    23.40  9999.00  9999.00  9999.00  9999.00
 00004   834.42    20.14    50.40     2.19   211.89    21.75  9999.00  9999.00  9999.00  9999.00
 00005   867.60    20.99    40.58     2.28   161.49    21.30  9999.00  9999.00  9999.00  9999.00
 00006   876.39    25.58    28.96     5.29   212.99    20.37  9999.00  9999.00  9999.00  9999.00
 00007  1002.49    25.77    57.18     5.26   194.21    22.64  9999.00  9999.00  9999.00  9999.00
 00008   984.73    25.98    51.73     7.95   209.04    23.91  9999.00  9999.00  9999.00  9999.00
 00009   939.87    16.08    82.49     3.33    91.79    36.04  9999.00  9999.00  9999.00  9999.00
 00010   968.27    20.78    85.47     0.56   181.39    25.65  9999.00  9999.00  9999.00  9999.00
 00011   990.27    25.73    60.71     7.12   199.59    25.43  9999.00  9999.00  9999.00  9999.00
 00012  1005.45    27.54    58.61     2.43   101.66    22.10  9999.00  9999.00  9999.00  9999.00
 00013  1002.96    22.03    97.01     2.03    99.88     1.54  9999.00  9999.00  9999.00  9999.00
 00014  1000.62    24.33    93.85     1.64   135.32    10.48  9999.00  9999.00  9999.00  9999.00
 00015   989.48    25.86    54.68     1.93   112.02    22.81  9999.00  9999.00  9999.00  9999.00
 00016   949.45    23.69    68.12     0.70    81.63    25.02  9999.00  9999.00  9999.00  9999.00
 00017   989.64    25.70    65.72     1.42    95.19    25.62  9999.00  9999.00  9999.00  9999.00
 00018  1001.20    22.46    98.52     1.81   141.34     0.97  9999.00  9999.00  9999.00  9999.00
 00019   930.98    23.22    74.24     0.65    34.19    27.71  9999.00  9999.00  9999.00  9999.00
 00020  1006.83    24.11    96.24     2.17   165.34     5.98  9999.00  9999.00  9999.00  9999.00
 00021   887.07    14.50    70.68     2.27   154.87    25.44  9999.00  9999.00  9999.00  9999.00
 00022  1008.51    28.04    53.32     2.88   103.73    21.68  9999.00  9999.00  9999.00  9999.00
 00023   912.23    12.31    51.55     1.76   187.95    22.97  9999.00  9999.00  9999.00  9999.00
 00024   938.53    13.18    53.58     1.97   273.48    24.79  9999.00  9999.00  9999.00  9999.00
 00025   794.35    16.14    89.30     0.80   109.82    25.83  9999.00  9999.00  9999.00  9999.00
 00026  1003.00    22.97    96.43     2.36   213.09     1.26  9999.00  9999.00  9999.00  9999.00
 00027   999.48    22.39    97.13     0.57   249.46     1.55  9999.00  9999.00  9999.00  9999.00
 00028   969.12    22.33    94.27     1.03    55.59     8.71  9999.00  9999.00  9999.00  9999.00
 00029  1002.31    25.22    92.95     2.90   127.50    28.55  9999.00  9999.00  9999.00  9999.00
 00030   989.86    24.49    97.37     1.63   185.45     5.77  9999.00  9999.00  9999.00  9999.00
 00031   575.75     4.64    87.56     0.66   220.69    21.69  9999.00  9999.00  9999.00  9999.00
 00032   974.35    25.65    90.45     1.18   205.18    22.39  9999.00  9999.00  9999.00  9999.00
 00033  1003.58    23.42    97.17     4.81   156.91     7.16  9999.00  9999.00  9999.00  9999.00
 00034  1007.52    28.19    85.47     5.02   158.01    33.52  9999.00  9999.00  9999.00  9999.00
 00035  1003.41    28.42    86.68     4.12   177.70    31.06  9999.00  9999.00  9999.00  9999.00
 00036   775.20    15.35    93.66     0.64    85.15    13.84  9999.00  9999.00  9999.00  9999.00
 00037   964.92    25.30    90.94     1.00   198.82    23.42  9999.00  9999.00  9999.00  9999.00
 00038   992.52    27.00    88.28     1.42   128.05    25.73  9999.00  9999.00  9999.00  9999.00
 00039  1006.08    26.23    91.29     2.70   198.39    25.14  9999.00  9999.00  9999.00  9999.00
 00040  1003.99    26.84    91.05     2.44   123.22    26.46  9999.00  9999.00  9999.00  9999.00
 00041   962.91    21.47    97.57     1.23   220.00     0.45  9999.00  9999.00  9999.00  9999.00
 00042  1003.05    22.45    95.99     1.74    42.74     0.36  9999.00  9999.00  9999.00  9999.00
 00043   997.33    22.69    96.80     1.92   212.20     1.15  9999.00  9999.00  9999.00  9999.00
 00044   978.38    24.01    94.21     1.24   245.71    15.93  9999.00  9999.00  9999.00  9999.00
 00045  1003.99    26.84    91.05     2.44   123.22    26.46  9999.00  9999.00  9999.00  9999.00
 00046   938.92    24.31    89.03     2.20   183.93    26.22  9999.00  9999.00  9999.00  9999.00
 00047   997.21    24.93    93.62     1.99   176.21    15.33  9999.00  9999.00  9999.00  9999.00
 00048   606.33     6.58    66.63     0.68   187.54    26.33  9999.00  9999.00  9999.00  9999.00
 00049   579.39     0.56    95.40     0.95    43.04    10.67  9999.00  9999.00  9999.00  9999.00
 00050   998.30    26.93    88.25     2.52   206.55    24.86  9999.00  9999.00  9999.00  9999.00
