stn_id       p       t2      rh2      spd      dir      vis    rain6   rain24   tmax24   tmin24 
 00001   978.80    20.22    74.62     1.25   101.70    24.00  9999.00  9999.00  9999.00  9999.00
 00002  1003.36    20.31    50.82     1.64   130.05    23.14  9999.00  9999.00  9999.00  9999.00
 00003   909.67    17.04    35.21     1.77   173.15    22.23  9999.00  9999.00  9999.00  9999.00
 00004   841.15    11.29    46.81     1.77   300.90    22.39  9999.00  9999.00  9999.00  9999.00
 00005   876.06    14.26    35.17     2.91   206.01    25.18  9999.00  9999.00  9999.00  9999.00
 00006   886.73    14.39    30.53     1.61   140.71    26.28  9999.00  9999.00  9999.00  9999.00
 00007  1013.64    14.57    68.04     2.01    27.84    25.50  9999.00  9999.00  9999.00  9999.00
 00008   998.37    12.97    47.02     1.83    37.61    27.00  9999.00  9999.00  9999.00  9999.00
 00009   952.18     8.45    72.46     1.84   237.62    32.99  9999.00  9999.00  9999.00  9999.00
 00010   975.05    10.69    66.63     1.82   308.33    27.87  9999.00  9999.00  9999.00  9999.00
 00011  1005.61    12.99    44.22     1.10   291.24    28.34  9999.00  9999.00  9999.00  9999.00
 00012  1019.41    19.61    62.00     1.27   165.52    23.21  9999.00  9999.00  9999.00  9999.00
 00013  1018.80    19.88    73.93     0.90   262.25    22.54  9999.00  9999.00  9999.00  9999.00
 00014  1015.33    18.87    75.99     1.82   340.42    23.38  9999.00  9999.00  9999.00  9999.00
 00015  1003.66    19.06    53.51     1.26    20.00    20.11  9999.00  9999.00  9999.00  9999.00
 00016   960.56    19.99    63.28     1.84    53.07    22.06  9999.00  9999.00  9999.00  9999.00
 00017  1005.34    20.60    58.21     1.09    97.18    21.37  9999.00  9999.00  9999.00  9999.00
 00018  1017.57    20.30    68.00     1.37   188.61    22.05  9999.00  9999.00  9999.00  9999.00
 00019   942.63    17.29    85.89     1.84   146.65    21.99  9999.00  9999.00  9999.00  9999.00
 00020  1021.22    18.78    77.89     2.83    25.57    21.93  9999.00  9999.00  9999.00  9999.00
 00021   894.06    18.11    40.54     3.17   305.84    25.94  9999.00  9999.00  9999.00  9999.00
 00022  1022.48    20.62    58.67     0.47   145.82    21.39  9999.00  9999.00  9999.00  9999.00
 00023   918.45    19.93    42.42     3.51   129.55    21.71  9999.00  9999.00  9999.00  9999.00
 00024   947.59    16.46    55.04     4.65   129.82    24.04  9999.00  9999.00  9999.00  9999.00
 00025   799.02    14.20    80.11     3.00   117.15    24.68  9999.00  9999.00  9999.00  9999.00
 00026  1016.06    20.35    70.54     3.64   103.27    23.01  9999.00  9999.00  9999.00  9999.00
 00027  1012.59    21.02    71.61     1.74    29.14    22.72  9999.00  9999.00  9999.00  9999.00
 00028   981.53    18.94    84.40     2.31    13.41    17.50  9999.00  9999.00  9999.00  9999.00
 00029  1009.77    20.09    92.93     4.62   329.55     1.00  9999.00  9999.00  9999.00  9999.00
 00030  1000.17    20.65    81.68     3.50   315.42    14.88  9999.00  9999.00  9999.00  9999.00
 00031   572.40    11.34    15.15     6.07   237.90    28.22  9999.00  9999.00  9999.00  9999.00
 00032   982.43    19.89    72.48     3.28    69.18    21.92  9999.00  9999.00  9999.00  9999.00
 00033  1009.77    22.23    89.12     7.71    53.66     8.29  9999.00  9999.00  9999.00  9999.00
 00034  1010.50    27.34    84.43     4.95    45.25    22.42  9999.00  9999.00  9999.00  9999.00
 00035  1008.71    25.87    83.69     5.38    35.34    14.58  9999.00  9999.00  9999.00  9999.00
 00036   779.47    12.82    78.85     0.68   204.63    15.89  9999.00  9999.00  9999.00  9999.00
 00037   972.67    20.46    70.06     2.50    80.44    21.85  9999.00  9999.00  9999.00  9999.00
 00038   998.19    24.17    71.76     1.97    98.26    24.43  9999.00  9999.00  9999.00  9999.00
 00039  1012.67    23.05    73.09    11.63    36.28    23.81  9999.00  9999.00  9999.00  9999.00
 00040  1009.48    24.30    73.14     8.21    60.44    25.13  9999.00  9999.00  9999.00  9999.00
 00041   977.26    16.73    67.12     1.77    31.12    22.10  9999.00  9999.00  9999.00  9999.00
 00042  1018.91    19.37    77.41     1.11    62.93    22.66  9999.00  9999.00  9999.00  9999.00
 00043  1009.30    19.99    73.83     2.72    34.05    23.47  9999.00  9999.00  9999.00  9999.00
 00044   990.34    19.32    64.26     2.18    39.70    22.56  9999.00  9999.00  9999.00  9999.00
 00045  1009.48    24.30    73.14     8.21    60.44    25.13  9999.00  9999.00  9999.00  9999.00
 00046   945.74    19.94    79.64     2.64    12.61    21.15  9999.00  9999.00  9999.00  9999.00
 00047  1008.06    20.07    83.89     2.86    35.60     6.80  9999.00  9999.00  9999.00  9999.00
 00048   603.31    12.42    36.62     2.07   182.87    32.29  9999.00  9999.00  9999.00  9999.00
 00049   578.73     3.62    82.78     3.29   204.14    14.27  9999.00  9999.00  9999.00  9999.00
 00050  1005.36    22.32    68.33     7.05    37.03    23.28  9999.00  9999.00  9999.00  9999.00
