stn_id       p       t2      rh2      spd      dir      vis    rain6   rain24   tmax24   tmin24 
 00001   962.02    34.33    48.47     2.48   341.35    25.77  9999.00  9999.00  9999.00  9999.00
 00002   985.07    30.30    73.95     1.53   304.05    14.96  9999.00  9999.00  9999.00  9999.00
 00003   897.11    27.66    64.27     2.73    31.44    22.91  9999.00  9999.00  9999.00  9999.00
 00004   832.67    22.02    66.67     3.56   343.59    24.79  9999.00  9999.00  9999.00  9999.00
 00005   866.36    25.56    39.44     2.87   249.95    27.67  9999.00  9999.00  9999.00  9999.00
 00006   875.74    28.02    20.52     6.10   308.43    28.83  9999.00  9999.00  9999.00  9999.00
 00007   993.70    30.84    58.43     1.16   159.89    24.99  9999.00  9999.00  9999.00  9999.00
 00008   979.35    29.85    59.44     1.53   150.96    27.39  9999.00  9999.00  9999.00  9999.00
 00009   934.17    24.09    51.38     2.58   161.91    40.73  9999.00  9999.00  9999.00  9999.00
 00010   959.92    25.94    83.07     0.61   118.67    29.25  9999.00  9999.00  9999.00  9999.00
 00011   986.41    28.40    72.10     1.63   146.92    30.21  9999.00  9999.00  9999.00  9999.00
 00012   998.98    31.65    67.53     1.27   229.90    24.35  9999.00  9999.00  9999.00  9999.00
 00013   999.86    29.19    75.56     1.57   109.76    23.71  9999.00  9999.00  9999.00  9999.00
 00014   997.41    26.21    87.65     2.30   233.46    14.17  9999.00  9999.00  9999.00  9999.00
 00015   984.55    32.21    55.27     0.91    40.44    20.50  9999.00  9999.00  9999.00  9999.00
 00016   947.37    32.19    45.03     4.89   255.84    25.50  9999.00  9999.00  9999.00  9999.00
 00017   985.50    32.42    65.96     1.22    95.32    23.74  9999.00  9999.00  9999.00  9999.00
 00018   998.19    30.38    67.33     0.94    89.51    23.98  9999.00  9999.00  9999.00  9999.00
 00019   929.95    27.20    76.83     1.85   295.62    27.16  9999.00  9999.00  9999.00  9999.00
 00020  1003.14    27.14    79.62     2.79    80.14    21.05  9999.00  9999.00  9999.00  9999.00
 00021   892.63    23.15    28.49     3.98    17.01    28.07  9999.00  9999.00  9999.00  9999.00
 00022  1001.90    32.88    56.40     0.92   192.07    21.72  9999.00  9999.00  9999.00  9999.00
 00023   918.17    24.63    28.06     1.87    26.94    23.46  9999.00  9999.00  9999.00  9999.00
 00024   944.02    22.62    28.93     3.90   315.85    25.86  9999.00  9999.00  9999.00  9999.00
 00025   793.17    22.37    73.82     2.34   169.96    23.81  9999.00  9999.00  9999.00  9999.00
 00026   997.30    31.58    68.01     2.81    19.67    23.53  9999.00  9999.00  9999.00  9999.00
 00027   993.60    33.86    54.36     1.48   257.07    26.91  9999.00  9999.00  9999.00  9999.00
 00028   964.06    32.34    65.31     1.24    59.04    26.07  9999.00  9999.00  9999.00  9999.00
 00029   996.82    31.56    73.68     1.78   291.68    28.54  9999.00  9999.00  9999.00  9999.00
 00030   987.48    29.94    80.32     1.90   160.19    28.58  9999.00  9999.00  9999.00  9999.00
 00031   575.47    14.22    47.03     2.01   133.28    23.42  9999.00  9999.00  9999.00  9999.00
 00032   968.09    25.81    87.58     1.32    75.86    15.50  9999.00  9999.00  9999.00  9999.00
 00033  1001.06    23.99    97.79     4.48   243.26     0.57  9999.00  9999.00  9999.00  9999.00
 00034  1004.79    28.73    85.80     3.26   203.12    34.13  9999.00  9999.00  9999.00  9999.00
 00035  1000.58    31.26    72.66     1.39   241.79    11.07  9999.00  9999.00  9999.00  9999.00
 00036   774.30    22.54    69.71     2.10   148.01    24.32  9999.00  9999.00  9999.00  9999.00
 00037   958.63    25.90    87.90     1.02    72.36    20.54  9999.00  9999.00  9999.00  9999.00
 00038   985.74    28.57    86.72     0.52   174.87    16.12  9999.00  9999.00  9999.00  9999.00
 00039   998.58    26.49    91.70     3.00   187.50    25.43  9999.00  9999.00  9999.00  9999.00
 00040   996.63    29.04    83.46     3.42   253.70    16.02  9999.00  9999.00  9999.00  9999.00
 00041   960.17    27.78    75.59     1.52    64.80    24.49  9999.00  9999.00  9999.00  9999.00
 00042   999.87    29.19    77.41     2.19    61.02    24.40  9999.00  9999.00  9999.00  9999.00
 00043   991.15    32.65    57.73     1.38    45.63    27.24  9999.00  9999.00  9999.00  9999.00
 00044   973.98    27.42    81.10     1.85    89.45    22.75  9999.00  9999.00  9999.00  9999.00
 00045   996.63    29.04    83.46     3.42   253.70    16.02  9999.00  9999.00  9999.00  9999.00
 00046   933.89    26.13    84.95     0.77   199.49    18.96  9999.00  9999.00  9999.00  9999.00
 00047   991.60    25.77    86.10     1.39   331.01    23.35  9999.00  9999.00  9999.00  9999.00
 00048   606.19    16.79    46.42     1.33   176.85    28.64  9999.00  9999.00  9999.00  9999.00
 00049   580.12     9.04    75.54     2.24   202.59    14.56  9999.00  9999.00  9999.00  9999.00
 00050   990.93    27.89    84.84     1.92   165.77    24.68  9999.00  9999.00  9999.00  9999.00
