stn_id       p       t2      rh2      spd      dir      vis    rain6   rain24   tmax24   tmin24 
 00001   970.17    18.99    92.11     1.57   237.50    22.30  9999.00  9999.00  9999.00  9999.00
 00002   992.77    17.43    31.98     3.58   277.09    20.15  9999.00  9999.00  9999.00  9999.00
 00003   903.88    10.01    37.71     2.30   309.24    18.44  9999.00  9999.00  9999.00  9999.00
 00004   836.37     4.63    38.99     3.95   286.07    16.72  9999.00  9999.00  9999.00  9999.00
 00005   870.12     1.74    44.31     2.99   293.82    16.34  9999.00  9999.00  9999.00  9999.00
 00006   877.26     6.37    35.27     8.71   262.39    16.11  9999.00  9999.00  9999.00  9999.00
 00007  1005.88     5.27    43.75     2.67    48.90    20.10  9999.00  9999.00  9999.00  9999.00
 00008   988.94     1.06    51.34     2.37   250.43    21.97  9999.00  9999.00  9999.00  9999.00
 00009   947.86    -6.03    65.05     2.27   331.60    37.20  9999.00  9999.00  9999.00  9999.00
 00010   964.46     3.01    56.59     2.93   278.60    22.49  9999.00  9999.00  9999.00  9999.00
 00011   995.59     2.38    69.83     2.73   327.91    24.07  9999.00  9999.00  9999.00  9999.00
 00012  1010.07    13.93    44.76     3.29    41.19    18.70  9999.00  9999.00  9999.00  9999.00
 00013  1008.48    17.16    85.32     1.32    89.79    19.64  9999.00  9999.00  9999.00  9999.00
 00014  1005.20    18.00    92.08     1.18   167.12    22.70  9999.00  9999.00  9999.00  9999.00
 00015   991.94    15.81    88.47     1.67   167.84    19.33  9999.00  9999.00  9999.00  9999.00
 00016   957.57    15.25    82.45     1.28    76.59    19.36  9999.00  9999.00  9999.00  9999.00
 00017   993.80    17.56    76.84     2.02   265.42    20.23  9999.00  9999.00  9999.00  9999.00
 00018  1007.04    16.52    94.93     1.91    97.68    19.76  9999.00  9999.00  9999.00  9999.00
 00019   938.04    17.91    78.62     2.00    44.75    24.13  9999.00  9999.00  9999.00  9999.00
 00020  1011.73    19.06    86.75     4.75   143.79    15.54  9999.00  9999.00  9999.00  9999.00
 00021   895.60     6.37    63.13     1.87   183.38    29.70  9999.00  9999.00  9999.00  9999.00
 00022  1010.87    15.85    42.97     6.61    63.82    18.61  9999.00  9999.00  9999.00  9999.00
 00023   922.24     4.89    76.35     1.97   155.62    26.62  9999.00  9999.00  9999.00  9999.00
 00024   950.63     1.01    67.94     2.28    78.19    29.41  9999.00  9999.00  9999.00  9999.00
 00025   794.91    20.00    23.91     2.92   249.37    24.43  9999.00  9999.00  9999.00  9999.00
 00026  1005.91    20.59    98.19     0.74    55.99    13.31  9999.00  9999.00  9999.00  9999.00
 00027  1001.97    20.28    98.78     1.20    44.55    21.47  9999.00  9999.00  9999.00  9999.00
 00028   971.49    19.11    98.10     1.00   316.99    13.24  9999.00  9999.00  9999.00  9999.00
 00029  1005.68    23.37    95.10     2.82   156.43    24.01  9999.00  9999.00  9999.00  9999.00
 00030   991.79    24.48    88.93     3.66   157.32    27.18  9999.00  9999.00  9999.00  9999.00
 00031   577.32     1.78    12.65     0.58   174.95    26.54  9999.00  9999.00  9999.00  9999.00
 00032   977.49    19.54    89.83     0.83   273.84    14.43  9999.00  9999.00  9999.00  9999.00
 00033  1006.84    22.55    92.38     7.53   144.19     6.50  9999.00  9999.00  9999.00  9999.00
 00034  1010.98    27.59    79.44     2.68    89.33    27.97  9999.00  9999.00  9999.00  9999.00
 00035  1007.02    26.33    87.93     4.04   158.18    26.40  9999.00  9999.00  9999.00  9999.00
 00036   774.74    15.08    57.21     2.31   136.46    23.36  9999.00  9999.00  9999.00  9999.00
 00037   967.88    19.35    91.99     0.53   192.54    16.98  9999.00  9999.00  9999.00  9999.00
 00038   995.22    20.09    96.95     1.21   156.59    22.97  9999.00  9999.00  9999.00  9999.00
 00039  1008.47    22.59    86.12     5.08     8.24    22.34  9999.00  9999.00  9999.00  9999.00
 00040  1006.68    23.34    90.81     2.56    55.74    23.25  9999.00  9999.00  9999.00  9999.00
 00041   967.58    17.27    97.29     0.99   154.67    21.17  9999.00  9999.00  9999.00  9999.00
 00042  1008.17    17.07    93.78     1.00   124.14    22.40  9999.00  9999.00  9999.00  9999.00
 00043   999.39    21.14    97.32     0.62   102.64     9.58  9999.00  9999.00  9999.00  9999.00
 00044   981.87    18.36    98.39     1.11    86.44    18.93  9999.00  9999.00  9999.00  9999.00
 00045  1006.68    23.34    90.81     2.56    55.74    23.25  9999.00  9999.00  9999.00  9999.00
 00046   941.10    19.90    90.82     1.65   191.98    22.25  9999.00  9999.00  9999.00  9999.00
 00047  1001.13    19.88    90.96     1.00   304.51    17.31  9999.00  9999.00  9999.00  9999.00
 00048   609.78     2.04    28.12     1.66    15.25    30.03  9999.00  9999.00  9999.00  9999.00
 00049   580.74    -3.70    85.43     2.04    21.53    16.11  9999.00  9999.00  9999.00  9999.00
 00050  1000.90    20.72    88.38     2.81   321.30    21.88  9999.00  9999.00  9999.00  9999.00
