stn_id       p       t2      rh2      spd      dir      vis    rain6   rain24   tmax24   tmin24 
 00001   965.17    22.89    86.57     0.87   102.40    26.81     0.00  9999.00  9999.00  9999.00
 00002   988.22    32.10    23.91     2.17   208.04    24.17     0.00  9999.00  9999.00  9999.00
 00003   900.33    24.09    33.69     1.91   194.93    23.25     0.00  9999.00  9999.00  9999.00
 00004   833.51    20.50    40.83     2.99   205.57    21.56     0.00  9999.00  9999.00  9999.00
 00005   866.31    22.26    33.54     3.30   192.33    21.11     0.00  9999.00  9999.00  9999.00
 00006   874.43    27.07    25.50     6.77   203.54    20.17     0.00  9999.00  9999.00  9999.00
 00007  1000.33    26.36    53.87     6.66   181.45    22.47     0.06  9999.00  9999.00  9999.00
 00008   983.88    26.65    55.84     7.32   197.97    23.84    -0.00  9999.00  9999.00  9999.00
 00009   940.07    15.67    78.17     2.15    92.53    36.17     0.12  9999.00  9999.00  9999.00
 00010   967.92    18.59    83.35     0.79   115.90    25.60     0.00  9999.00  9999.00  9999.00
 00011   990.27    27.06    52.20     5.37   168.70    25.38     0.01  9999.00  9999.00  9999.00
 00012  1003.09    30.98    30.16     1.39   163.51    21.86     0.00  9999.00  9999.00  9999.00
 00013  1004.18    21.26    89.82     4.74    97.77     8.83     7.21  9999.00  9999.00  9999.00
 00014  1000.57    22.11    92.25     1.51   106.12    26.38     9.03  9999.00  9999.00  9999.00
 00015   990.11    30.26    42.24     3.54   196.49    22.71     0.00  9999.00  9999.00  9999.00
 00016   948.84    21.49    64.17     1.84    93.98    24.92     0.00  9999.00  9999.00  9999.00
 00017   990.84    25.41    54.37     1.99   107.45    25.54     0.00  9999.00  9999.00  9999.00
 00018  1002.06    21.15    89.40     4.93    93.32    17.02     8.01  9999.00  9999.00  9999.00
 00019   930.48    23.24    76.33     0.30   283.44    27.67     0.87  9999.00  9999.00  9999.00
 00020  1008.96    20.54    92.10     7.10    97.80     0.22    42.70  9999.00  9999.00  9999.00
 00021   883.96    18.97    51.53     1.22   158.42    25.37     0.00  9999.00  9999.00  9999.00
 00022  1006.28    32.98    27.91     3.15   197.18    21.47     0.00  9999.00  9999.00  9999.00
 00023   912.82    14.91    69.30     3.78   252.93    11.56     0.80  9999.00  9999.00  9999.00
 00024   933.65    18.53    32.91     1.20   297.36    24.78     0.02  9999.00  9999.00  9999.00
 00025   792.56    15.30    95.81     2.03    82.67     5.30    12.12  9999.00  9999.00  9999.00
 00026  1001.20    22.62    90.15     1.21   178.30    21.56     5.98  9999.00  9999.00  9999.00
 00027   998.02    22.48    89.36     0.95   270.33    28.25     1.18  9999.00  9999.00  9999.00
 00028   968.41    21.49    92.90     0.49   135.06    26.89     0.00  9999.00  9999.00  9999.00
 00029  1000.84    25.57    97.22     3.15   174.75     8.53    10.12  9999.00  9999.00  9999.00
 00030   989.31    25.05    97.60     1.63   130.64     5.46    10.97  9999.00  9999.00  9999.00
 00031   575.47     4.36    80.63     1.06   232.36    22.34     0.01  9999.00  9999.00  9999.00
 00032   973.05    22.65    97.71     1.60   148.53     1.08     0.89  9999.00  9999.00  9999.00
 00033  1002.92    23.01    96.93     4.99   178.82     0.74     0.01  9999.00  9999.00  9999.00
 00034  1007.11    28.00    89.60     6.91   168.88    33.70     0.01  9999.00  9999.00  9999.00
 00035  1002.79    28.41    85.99     5.80   192.41    31.42     0.01  9999.00  9999.00  9999.00
 00036   774.79    14.43    94.15     0.65   201.21    14.15     3.25  9999.00  9999.00  9999.00
 00037   963.53    22.56    97.67     1.60   150.31     2.93     1.23  9999.00  9999.00  9999.00
 00038   991.04    26.22    91.77     1.68   169.80    22.99     1.01  9999.00  9999.00  9999.00
 00039  1004.83    25.45    96.33     4.93   206.17    17.17     0.59  9999.00  9999.00  9999.00
 00040  1002.63    26.88    89.43     4.84   202.93    19.28     1.20  9999.00  9999.00  9999.00
 00041   962.57    19.59    97.21     0.89   133.90     3.68    13.04  9999.00  9999.00  9999.00
 00042  1003.04    20.58    94.64     2.85    95.85     0.71    30.15  9999.00  9999.00  9999.00
 00043   994.98    23.53    88.69     1.50   186.94    26.36     3.39  9999.00  9999.00  9999.00
 00044   976.56    22.09    95.32     1.19   115.64     8.64     4.69  9999.00  9999.00  9999.00
 00045  1002.63    26.88    89.43     4.84   202.93    19.28     1.20  9999.00  9999.00  9999.00
 00046   936.99    22.70    94.80     3.29   177.68    25.95     4.12  9999.00  9999.00  9999.00
 00047   996.77    22.67    96.90     1.94   183.58     1.58     0.73  9999.00  9999.00  9999.00
 00048   606.60     4.88    58.45     1.01   175.39    26.31     0.00  9999.00  9999.00  9999.00
 00049   579.03     2.05    92.04     1.28    31.44     8.88     0.01  9999.00  9999.00  9999.00
 00050   996.99    25.33    97.11     4.48   206.75     7.18     1.27  9999.00  9999.00  9999.00
