stn_id       p       t2      rh2      spd      dir      vis    rain6   rain24   tmax24   tmin24 
 00001   990.72     7.49    87.93     0.66   298.50     9.56  9999.00  9999.00  9999.00  9999.00
 00002  1018.17     1.08    33.74     0.80    20.72    27.01  9999.00  9999.00  9999.00  9999.00
 00003   917.35    -1.14    29.94     0.82   165.36    25.07  9999.00  9999.00  9999.00  9999.00
 00004   843.89    -5.29    35.46     0.95   296.35    25.62  9999.00  9999.00  9999.00  9999.00
 00005   882.15    -8.70    43.52     0.49   161.16    29.90  9999.00  9999.00  9999.00  9999.00
 00006   894.11   -12.49    68.30     3.19   256.52    33.35  9999.00  9999.00  9999.00  9999.00
 00007  1025.41    -9.33    39.07     2.05   258.92    37.37  9999.00  9999.00  9999.00  9999.00
 00008  1004.72   -12.57    63.36     4.53   255.11    42.29  9999.00  9999.00  9999.00  9999.00
 00009   953.31   -19.18    62.54     2.76   275.13    52.95  9999.00  9999.00  9999.00  9999.00
 00010   976.85   -11.87    56.87     5.48   281.02    41.52  9999.00  9999.00  9999.00  9999.00
 00011  1009.90   -16.74    84.17     3.40   263.05    46.10  9999.00  9999.00  9999.00  9999.00
 00012  1035.05    -1.29    30.94     2.42    79.95    29.29  9999.00  9999.00  9999.00  9999.00
 00013  1029.66     7.38    74.35     2.95   216.39    21.58  9999.00  9999.00  9999.00  9999.00
 00014  1025.16     5.73    90.67     2.47   324.42    20.31  9999.00  9999.00  9999.00  9999.00
 00015  1016.52     3.56    38.16     1.71    18.45    23.06  9999.00  9999.00  9999.00  9999.00
 00016   974.44     2.09    61.10     1.12   240.20    21.72  9999.00  9999.00  9999.00  9999.00
 00017  1018.89     3.54    37.29     1.90     7.98    21.53  9999.00  9999.00  9999.00  9999.00
 00018  1029.19     8.20    64.78     2.38    16.13    20.81  9999.00  9999.00  9999.00  9999.00
 00019   952.98     7.92    59.62     0.54   236.64    24.45  9999.00  9999.00  9999.00  9999.00
 00020  1029.98     6.75    78.31     3.58   305.61    21.56  9999.00  9999.00  9999.00  9999.00
 00021   902.34   -13.97    68.50     3.68   151.62    41.01  9999.00  9999.00  9999.00  9999.00
 00022  1037.67     0.28    21.27     3.29    79.09    26.94  9999.00  9999.00  9999.00  9999.00
 00023   928.90   -10.12    78.97     2.05   154.98    32.62  9999.00  9999.00  9999.00  9999.00
 00024   959.87   -12.77    97.32     4.00   115.28    11.37  9999.00  9999.00  9999.00  9999.00
 00025   801.26     8.86    79.38     2.66   178.76    14.31  9999.00  9999.00  9999.00  9999.00
 00026  1027.39     8.08    73.02     4.64   101.81    19.83  9999.00  9999.00  9999.00  9999.00
 00027  1025.13     8.09    75.18     3.74   342.44    19.25  9999.00  9999.00  9999.00  9999.00
 00028   993.40     4.96    81.94     3.46    28.40    15.33  9999.00  9999.00  9999.00  9999.00
 00029  1019.05    11.82    67.71     5.23     4.87    20.87  9999.00  9999.00  9999.00  9999.00
 00030  1010.81    13.35    61.15     4.66     3.27    22.12  9999.00  9999.00  9999.00  9999.00
 00031   571.09    -8.85    36.41     1.63   238.57    36.35  9999.00  9999.00  9999.00  9999.00
 00032   988.61    15.33    74.25     2.73    20.68    18.87  9999.00  9999.00  9999.00  9999.00
 00033  1019.07    17.66    84.97     8.42    22.59    13.77  9999.00  9999.00  9999.00  9999.00
 00034  1015.31    26.11    90.39     8.95    51.66    10.77  9999.00  9999.00  9999.00  9999.00
 00035  1017.33    20.36    80.08     6.52    22.45    15.24  9999.00  9999.00  9999.00  9999.00
 00036   782.30    -1.17    83.67     1.64    21.67    16.07  9999.00  9999.00  9999.00  9999.00
 00037   978.77    15.30    76.28     1.73    73.07    18.80  9999.00  9999.00  9999.00  9999.00
 00038  1004.91    20.01    67.42     2.96    14.06    20.52  9999.00  9999.00  9999.00  9999.00
 00039  1018.78    19.91    73.88    12.36    25.42    20.28  9999.00  9999.00  9999.00  9999.00
 00040  1015.83    21.00    67.78     8.54    33.85    21.04  9999.00  9999.00  9999.00  9999.00
 00041   985.59     3.28    93.88     1.67    16.48    11.66  9999.00  9999.00  9999.00  9999.00
 00042  1029.97     6.53    77.50     1.51   325.99    21.16  9999.00  9999.00  9999.00  9999.00
 00043  1020.63     8.15    73.02     3.54    17.34    19.98  9999.00  9999.00  9999.00  9999.00
 00044   999.47     9.14    80.24     1.69    92.41    19.69  9999.00  9999.00  9999.00  9999.00
 00045  1015.83    21.00    67.78     8.54    33.85    21.04  9999.00  9999.00  9999.00  9999.00
 00046   953.04    10.36    83.60     2.24   353.13    15.70  9999.00  9999.00  9999.00  9999.00
 00047  1015.13    14.21    73.91     4.50   349.06    20.25  9999.00  9999.00  9999.00  9999.00
 00048   602.88    -6.20    50.25     1.02   128.62    38.24  9999.00  9999.00  9999.00  9999.00
 00049   574.34   -10.13    64.86     0.80   230.44    28.82  9999.00  9999.00  9999.00  9999.00
 00050  1011.52    19.15    65.41     7.64    21.75    19.89  9999.00  9999.00  9999.00  9999.00
