stn_id       p       t2      rh2      spd      dir      vis    rain6   rain24   tmax24   tmin24 
 00001   978.30    19.80   100.00     3.00   180.00     4.70     0.10     5.10    22.70    19.50
 00002   998.50    17.50    62.90     1.00   340.00     6.00     0.00     0.00    26.80    14.50
 00003   920.40    14.60    57.69     1.00    20.00    11.00     0.00     0.00    28.60    11.90
 00004   852.00    20.50    40.74     9.00   220.00    25.00     0.00     0.00    24.60     7.10
 00005   876.70    15.40    28.91     2.00    20.00    29.00     0.00     0.00    19.80    11.10
 00006   872.30    19.40    25.78    10.00   200.00    12.00     0.00     0.00    23.60    13.10
 00007  1002.20    14.90    42.72     3.00   200.00    26.00     0.00     0.00    19.70     3.70
 00008   977.00    13.60    23.83     4.00   160.00    14.00     0.00     0.00    15.30     7.20
 00009   957.00    -0.80    32.20     2.00    90.00    30.00     0.00     0.00     4.20   -10.70
 00010   981.50     7.80    38.82     1.00   360.00    10.00     0.00     0.30    14.70     2.20
 00011   992.60     7.40    68.95     5.00    90.00    29.00     0.00     0.00    13.70     2.90
 00012  1004.80    15.20    55.89     1.00    40.00    10.00     0.00     0.00    27.20    10.30
 00013  1003.00    18.60    83.12     3.00    70.00     3.60     0.00     0.00    32.70    18.00
 00014  1000.80    20.70    92.21     2.00    90.00     4.30     1.00     2.00    31.60    20.00
 00015   988.80    19.90    54.80     1.00   270.00    12.00     0.00     0.00    25.80    16.20
 00016   957.10    17.40    72.79     2.00   340.00    10.00     0.00     0.00    26.90    14.60
 00017  9999.00  9999.00  9999.00  9999.00  9999.00  9999.00  9999.00     0.00    24.30    20.10
 00018  1004.70    18.50    90.92     1.00    40.00     8.00     0.00     0.00    32.10    17.90
 00019  9999.00  9999.00  9999.00  9999.00  9999.00  9999.00  9999.00     0.00    31.50    19.20
 00020  1006.40    21.00    81.82     2.00   140.00    24.00     0.00     0.00    32.10    20.40
 00021  9999.00  9999.00  9999.00  9999.00  9999.00  9999.00  9999.00     5.00     7.40     1.00
 00022  1008.50    15.50    65.95     1.00    40.00     6.00     0.00     0.00    26.00    10.10
 00023   948.00    -4.30    80.72     1.00   180.00    30.00     0.00     0.40     3.20    -4.30
 00024   977.60    -4.30    51.97     1.00   220.00    30.00     0.00     0.00     3.10    -5.70
 00025   808.50    16.80    68.89     1.00   220.00    12.00     0.00     0.00    28.90    14.40
 00026  1000.00    21.30   100.00     1.00    20.00     6.00     0.60    83.60    21.90    20.70
 00027   992.10    20.90    96.94     2.00   360.00     4.00     0.00    57.70    21.00    19.70
 00028   972.80    19.70    98.76     4.00    20.00     4.70    19.00    42.00    27.00    19.70
 00029   996.30    25.60    88.62     2.00   160.00    15.00     0.00     1.00    26.90    24.60
 00030   987.60    20.90    95.74     1.00   140.00    11.00     8.00     8.00    30.70    20.50
 00031   622.30     3.20    28.39     1.00   180.00    19.00     0.00     0.00    16.80     3.20
 00032   996.10    21.60    98.16     2.00   290.00  9999.00     3.00    12.10    26.80    21.40
 00033   997.30    27.10    74.84     3.00   160.00    17.00     0.00     0.00    34.50    26.00
 00034  1006.60    28.10    83.63     5.00   180.00     8.00     0.00     0.00    31.30    27.50
 00035  1002.60    27.60    81.58     4.00   180.00    16.00     0.00     0.00    30.60    26.30
 00036   836.90    15.70    71.99     1.00   360.00    20.00     0.30     3.20    32.10    14.90
 00037   998.90    21.20    92.81     1.00   220.00  9999.00     1.00    15.60    25.70    21.20
 00038   998.60    24.40    92.97     2.00   360.00     3.00     0.00     8.00    26.60    23.20
 00039  1003.00    21.40    98.77     3.00   220.00     0.30     1.00    56.00    22.70    21.10
 00040   999.80    24.60    97.02     7.00   200.00     6.00     0.10    11.10    26.80    23.50
 00041   810.70    12.00   100.00     6.00    70.00     0.10     3.00     8.10    14.00    11.20
 00042  1001.00    21.90    87.78     4.00    70.00     3.90     0.00     2.00    31.30    21.00
 00043   997.90    20.20   100.00     1.00   250.00     2.70     0.00    62.00    22.20    19.60
 00044   992.10    20.10    98.76     1.00   180.00     3.10     0.10    51.00    24.40    19.60
 00045   999.80    24.60    97.02     7.00   200.00     6.00     0.10    11.10    26.80    23.50
 00046   960.00    19.20   100.00     3.00   250.00  9999.00    35.00    40.00    29.80    19.20
 00047  1000.60    21.10    98.77     1.00   250.00     3.60     5.00    47.40    25.80    20.50
 00048   655.00     5.70    59.64     2.00    90.00    15.00     0.00     0.00    16.20     5.70
 00049   602.20    -0.80    83.06     1.00   220.00    30.00     2.00     3.00     9.80    -1.10
 00050   997.70    22.20    96.97     6.00   200.00     0.10     0.60    15.60    26.00    21.60
