stn_id       p       t2      rh2      spd      dir      vis    rain6   rain24   tmax24   tmin24 
 00001   974.59    11.38    86.79     1.97   101.66     6.32  9999.00  9999.00  9999.00  9999.00
 00002  1005.24     1.72    96.47     1.63   276.49    21.51  9999.00  9999.00  9999.00  9999.00
 00003   908.66    -1.55    94.79     1.59    24.72    19.69  9999.00  9999.00  9999.00  9999.00
 00004   837.00    -7.23    75.89     1.62    97.72    19.75  9999.00  9999.00  9999.00  9999.00
 00005   875.10    -8.03    32.28     1.88    46.32    22.52  9999.00  9999.00  9999.00  9999.00
 00006   886.12    -7.25    26.92     2.77   242.86    25.11  9999.00  9999.00  9999.00  9999.00
 00007  1011.11    -2.71    89.78     1.96   181.05    26.50  9999.00  9999.00  9999.00  9999.00
 00008   992.80    -4.52    31.07     3.63   238.45    31.65  9999.00  9999.00  9999.00  9999.00
 00009   940.50    -9.82    70.88     2.55   238.61    53.47  9999.00  9999.00  9999.00  9999.00
 00010   970.59    -8.77    53.02     2.24   234.78    32.75  9999.00  9999.00  9999.00  9999.00
 00011   998.00    -6.10    36.08     2.39   218.68    37.21  9999.00  9999.00  9999.00  9999.00
 00012  1020.82    -2.11    77.54     2.11   329.87    22.27  9999.00  9999.00  9999.00  9999.00
 00013  1020.37     6.18    87.30     2.53   344.05    18.55  9999.00  9999.00  9999.00  9999.00
 00014  1015.49     9.57    86.65     2.99   325.14    18.44  9999.00  9999.00  9999.00  9999.00
 00015  1005.22     3.19    89.08     1.31   225.45    18.15  9999.00  9999.00  9999.00  9999.00
 00016   961.10     3.17    84.76     1.01   131.69    17.67  9999.00  9999.00  9999.00  9999.00
 00017  1006.81     0.85    89.18     1.21   222.88    18.24  9999.00  9999.00  9999.00  9999.00
 00018  1019.82     7.60    79.58     2.31   347.76    18.19  9999.00  9999.00  9999.00  9999.00
 00019   938.66    10.60    89.80     0.24   178.44    14.87  9999.00  9999.00  9999.00  9999.00
 00020  1020.56     9.40    90.82     4.19   322.34    18.30  9999.00  9999.00  9999.00  9999.00
 00021   884.99     3.04    56.06     4.75   150.08    35.82  9999.00  9999.00  9999.00  9999.00
 00022  1023.38     2.43    94.64     2.98   297.34    20.25  9999.00  9999.00  9999.00  9999.00
 00023   915.73    -2.22    90.16     0.77   203.45    18.69  9999.00  9999.00  9999.00  9999.00
 00024   941.08    -3.07    82.67     0.93   135.58    35.32  9999.00  9999.00  9999.00  9999.00
 00025   794.70     9.75    75.25     2.11   229.47    21.54  9999.00  9999.00  9999.00  9999.00
 00026  1018.01     8.74    82.42     3.52   101.74    18.32  9999.00  9999.00  9999.00  9999.00
 00027  1014.23     7.35    84.56     2.02    16.14    18.13  9999.00  9999.00  9999.00  9999.00
 00028   980.86     6.56    81.28     2.15    16.55    16.70  9999.00  9999.00  9999.00  9999.00
 00029  1010.34    16.97    81.54     3.15    12.35    20.44  9999.00  9999.00  9999.00  9999.00
 00030   998.01    16.64    92.31     3.11    71.84    19.40  9999.00  9999.00  9999.00  9999.00
 00031   569.92    -7.48    75.01     1.71   208.62    27.07  9999.00  9999.00  9999.00  9999.00
 00032   981.02    16.00    95.75     1.34    88.03    13.06  9999.00  9999.00  9999.00  9999.00
 00033  1011.18    21.69    87.07     2.86   157.54    21.18  9999.00  9999.00  9999.00  9999.00
 00034  1012.26    26.84    76.16     4.34    76.70    21.95  9999.00  9999.00  9999.00  9999.00
 00035  1010.40    22.18    84.11     0.28   204.93    20.97  9999.00  9999.00  9999.00  9999.00
 00036   773.18     6.23    82.33     1.36    37.65    17.03  9999.00  9999.00  9999.00  9999.00
 00037   971.24    15.63    94.68     0.93   182.49    14.46  9999.00  9999.00  9999.00  9999.00
 00038   998.06    14.90    96.27     1.07   326.11    19.19  9999.00  9999.00  9999.00  9999.00
 00039  1011.89    20.89    88.69     6.51    28.09    15.67  9999.00  9999.00  9999.00  9999.00
 00040  1009.12    19.35    93.46     2.42   349.76    20.05  9999.00  9999.00  9999.00  9999.00
 00041   976.90     6.55    95.33     1.66   108.61    17.83  9999.00  9999.00  9999.00  9999.00
 00042  1020.47     8.48    85.45     2.07   338.23    18.22  9999.00  9999.00  9999.00  9999.00
 00043  1011.34     8.80    84.78     2.93    21.71    19.40  9999.00  9999.00  9999.00  9999.00
 00044   990.94    10.13    93.86     1.13   299.68     9.42  9999.00  9999.00  9999.00  9999.00
 00045  1009.12    19.35    93.46     2.42   349.76    20.05  9999.00  9999.00  9999.00  9999.00
 00046   945.81    11.51    91.12     1.48    46.04    18.61  9999.00  9999.00  9999.00  9999.00
 00047  1006.79    14.19    76.72     4.77   352.13    17.05  9999.00  9999.00  9999.00  9999.00
 00048   600.90    -3.31    66.99     1.41   189.68    32.54  9999.00  9999.00  9999.00  9999.00
 00049   573.97    -7.68    97.41     1.48   187.41     6.14  9999.00  9999.00  9999.00  9999.00
 00050  1004.40    18.10    92.21     3.63    13.52    18.25  9999.00  9999.00  9999.00  9999.00
