stn_id       p       t2      rh2      spd      dir      vis    rain6   rain24   tmax24   tmin24 
 00001   978.50    25.30    94.14     1.00    90.00     4.30     0.60     0.60    31.00    23.20
 00002  1003.70    20.80    87.69     0.00     0.00     2.50     0.00     0.00    22.90    17.90
 00003   926.40    18.00    89.15     1.00    70.00    12.00     0.00     0.10    22.40    16.20
 00004   860.60    16.90    74.64     2.00   320.00    26.00     0.10     0.10    24.20    12.80
 00005   887.40    23.10    20.81     3.00   110.00    30.00     0.00     0.00    27.50    18.70
 00006   890.10    17.90    37.82     1.00    40.00    30.00     0.00     0.00    28.00    12.10
 00007  1009.70    17.40    67.68     1.00   360.00    30.00     0.40     0.40    28.10    16.50
 00008   989.40    18.60    36.72     3.00    20.00    22.00     0.00     0.00    25.00    13.90
 00009   963.50    10.10    54.97     2.00   110.00    30.00     0.00     0.00    18.20    -1.40
 00010   983.00    19.80    40.86     6.00   320.00    18.00     0.00     0.00    25.80    13.20
 00011  1003.20    17.30    48.85     2.00   340.00    30.00     0.00     0.00    22.50     9.70
 00012  1010.40    24.50    66.89     2.00    40.00     6.00     0.00     0.00    27.50    18.60
 00013  1005.30    27.70    85.63     2.00   320.00     9.00     0.00     0.20    35.60    24.70
 00014  1003.70    29.20    66.53     2.00   180.00    15.00     0.00     0.00    36.90    26.10
 00015   993.60    18.60    85.84     5.00    70.00     9.00     0.30     8.30    18.60    17.20
 00016   963.10    17.80   100.00     1.00    70.00     2.30     8.00    14.40    19.30    17.10
 00017  9999.00  9999.00  9999.00  9999.00  9999.00  9999.00  9999.00     0.00    22.20    18.30
 00018  1007.70    25.90    90.82     2.00   320.00  9999.00     0.00     1.70    34.00    24.90
 00019   942.20    22.50    78.95     1.00   290.00    21.00     0.00     0.00    29.60    22.00
 00020  1008.70    28.30    71.88     2.00   220.00    24.00     0.00     0.00    33.60    24.00
 00021   913.90     9.00    90.27     2.00   360.00    28.00     1.00     4.00    20.60     9.00
 00022  1014.20    23.00    74.68     2.00   320.00     4.60     0.00     0.00    25.10    17.50
 00023   937.60     9.60    57.67     2.00   270.00    30.00     0.00     4.00    17.30     8.60
 00024   965.40    11.20    58.08     2.00   290.00    30.00     0.00     3.00    15.90     6.20
 00025   811.70    21.00    67.89     2.00   200.00    22.00     0.00     0.00    29.90    17.70
 00026  1003.10    32.80    66.78     2.00    40.00    15.00     0.00     0.00    35.80    28.30
 00027   995.90    24.60    94.69     4.00   320.00     2.60     0.00     0.00    35.20    24.60
 00028   976.80    28.60    73.70     1.00    90.00    11.00     0.00     0.00    34.10    23.20
 00029  1001.90    28.20    74.55     3.00   180.00    26.00     0.00     0.00    34.60    24.00
 00030   992.60    28.10    81.63     4.00   160.00    18.00     0.00     2.00    31.80    25.60
 00031   628.30     5.80    42.85     3.00   180.00    30.00     0.00     0.00    24.10     5.80
 00032  1000.10    26.80    73.88     3.00   340.00    30.00     0.00     0.00    31.40    24.90
 00033  1002.30    28.60    78.79     1.00   140.00    24.00     0.00     0.00    32.70    26.60
 00034  1007.70    30.80    69.71     3.00    90.00    22.00     0.00     0.10    33.50    28.30
 00035  1006.80    29.50    79.86     2.00    70.00    22.00     0.00     0.00    33.50    27.00
 00036   835.70    25.10    37.70     1.00    70.00    27.00     0.00     0.00    36.50    23.20
 00037  1003.10    27.00    75.75     2.00   270.00    26.00     0.00     0.00    32.00    23.90
 00038  1001.70    27.60    77.71     2.00   320.00    11.00     0.00     0.00    34.50    24.30
 00039  1005.60    26.90    80.02     5.00    40.00    24.00     0.00     0.00    28.70    26.00
 00040  1002.10    27.70    79.63     1.00    20.00    12.00     0.00     0.00    28.80    24.90
 00041   818.40    19.00    75.95     3.00   250.00    19.00     0.00     0.00    22.10    17.50
 00042  1004.50    27.30    88.74     1.00   250.00    12.00     0.00     7.00    36.30    24.20
 00043  1000.70    31.10    72.76     1.00   250.00    14.00     0.00     0.00    36.40    26.20
 00044   995.50    30.00    69.57     2.00   360.00     7.00     0.00     0.00    36.10    25.50
 00045  1002.10    27.70    79.63     1.00    20.00    12.00     0.00     0.00    28.80    24.90
 00046   964.00    26.10    83.93     2.00    70.00     8.00     0.00     0.00    33.60    22.10
 00047  1005.80    26.30    86.02     1.00   270.00     7.00     0.00     0.70    30.30    23.90
 00048   656.70    11.90    36.85     2.00    20.00    15.00     0.00     0.00    22.90    11.00
 00049   604.70     3.00    74.85     1.00   110.00    23.00     0.00     0.90     7.80    -0.10
 00050  1000.70    27.00    76.68     6.00    40.00    30.00     0.00     0.00    29.70    25.50
