stn_id       p       t2      rh2      spd      dir      vis    rain6   rain24   tmax24   tmin24 
 00001   965.05    30.10    55.03     0.16   138.40    26.82     0.01  9999.00  9999.00  9999.00
 00002   985.98    36.34    25.16     4.20   117.06    24.34     0.00  9999.00  9999.00  9999.00
 00003   897.47    30.88    23.91     3.89   118.95    23.34     0.04  9999.00  9999.00  9999.00
 00004   832.35    25.33    27.67     2.87   177.82    21.69     0.02  9999.00  9999.00  9999.00
 00005   865.09    29.37    17.09     6.35   201.69    21.26     0.00  9999.00  9999.00  9999.00
 00006   874.69    29.80    17.68     5.30   209.25    20.36     0.46  9999.00  9999.00  9999.00
 00007   999.27    32.37    42.67     5.28   210.56    22.62     0.00  9999.00  9999.00  9999.00
 00008   982.05    33.18    40.54     7.58   216.72    23.91     0.00  9999.00  9999.00  9999.00
 00009   937.62    16.33    97.83     3.75    73.96     2.94     3.87  9999.00  9999.00  9999.00
 00010   964.27    31.63    48.51     1.03   231.22    25.57     0.00  9999.00  9999.00  9999.00
 00011   986.77    33.71    41.21     7.53   202.94    25.40     0.00  9999.00  9999.00  9999.00
 00012  1002.15    36.72    23.26     4.82   140.59    22.03     0.01  9999.00  9999.00  9999.00
 00013  1001.78    24.59    83.88     2.54   258.68    24.68     6.79  9999.00  9999.00  9999.00
 00014   999.06    28.48    80.34     2.09   216.25    12.00     0.52  9999.00  9999.00  9999.00
 00015   986.39    32.10    38.95     3.67    90.76    22.76     0.00  9999.00  9999.00  9999.00
 00016   946.96    31.68    35.63     1.02    47.43    24.94     0.00  9999.00  9999.00  9999.00
 00017   987.30    31.88    43.94     2.16    57.40    25.59     0.00  9999.00  9999.00  9999.00
 00018  1000.71    24.27    83.68     1.80   225.38    15.83     2.48  9999.00  9999.00  9999.00
 00019   930.36    29.05    55.59     2.34   204.04    25.95     0.44  9999.00  9999.00  9999.00
 00020  1004.04    27.75    82.88     6.51   202.07    12.30     4.15  9999.00  9999.00  9999.00
 00021   885.47    25.20    23.88     3.79   215.12    25.34     0.00  9999.00  9999.00  9999.00
 00022  1005.98    33.52    28.95     5.88   121.11    21.63     0.00  9999.00  9999.00  9999.00
 00023   911.65    23.53    26.50     7.56   261.54    22.79     0.22  9999.00  9999.00  9999.00
 00024   936.20    23.51    23.96     3.47   164.89    24.69     0.01  9999.00  9999.00  9999.00
 00025   794.05    23.82    50.27     1.45   118.31    25.77     0.05  9999.00  9999.00  9999.00
 00026  1002.34    24.86    89.47     3.60   223.37     6.97    17.52  9999.00  9999.00  9999.00
 00027   998.72    26.37    77.52     3.37   174.77    24.22     0.51  9999.00  9999.00  9999.00
 00028   968.14    28.55    62.94     0.76   186.14    26.92     0.24  9999.00  9999.00  9999.00
 00029  1002.53    28.15    79.83     2.55   173.43     5.74     4.34  9999.00  9999.00  9999.00
 00030   990.48    25.18    90.00     2.21   265.13     3.33    19.63  9999.00  9999.00  9999.00
 00031   575.53    14.51    40.65     1.26   194.81    22.33     0.34  9999.00  9999.00  9999.00
 00032   972.85    30.31    60.61     4.04   205.54    21.54     0.01  9999.00  9999.00  9999.00
 00033  1003.70    25.40    95.84     1.40   122.52     8.56     0.13  9999.00  9999.00  9999.00
 00034  1007.96    28.46    83.93     6.41   169.17    29.27     0.01  9999.00  9999.00  9999.00
 00035  1003.20    31.54    67.42     5.11   178.02    30.40     0.19  9999.00  9999.00  9999.00
 00036   774.51    23.52    53.86     1.74   192.68    24.94     0.15  9999.00  9999.00  9999.00
 00037   963.33    31.64    56.11     3.60   206.87    23.46     0.00  9999.00  9999.00  9999.00
 00038   991.50    30.92    63.01     3.34   193.93    26.52     0.55  9999.00  9999.00  9999.00
 00039  1005.18    27.62    83.46     6.37   193.95    25.18     0.11  9999.00  9999.00  9999.00
 00040  1003.50    28.63    81.82     4.46   179.52    27.13     0.66  9999.00  9999.00  9999.00
 00041   962.75    22.99    94.42     1.93   228.09     0.39    24.14  9999.00  9999.00  9999.00
 00042  1002.08    25.14    83.41     1.90   245.38    19.45     9.02  9999.00  9999.00  9999.00
 00043   996.53    25.26    84.71     2.04   237.30     6.48    10.75  9999.00  9999.00  9999.00
 00044   978.24    25.87    87.53     4.24   274.22     1.35     5.90  9999.00  9999.00  9999.00
 00045  1003.50    28.63    81.82     4.46   179.52    27.13     0.66  9999.00  9999.00  9999.00
 00046   938.43    27.85    64.99     4.47   210.98    26.39     0.33  9999.00  9999.00  9999.00
 00047   995.69    27.61    82.24     5.89   176.24    24.34     0.02  9999.00  9999.00  9999.00
 00048   606.16    16.83    38.37     1.78   163.16    26.34     0.28  9999.00  9999.00  9999.00
 00049   580.23     8.40    72.63     2.54   196.54    14.86     1.18  9999.00  9999.00  9999.00
 00050   997.18    29.91    71.33     5.60   195.18    24.85     0.12  9999.00  9999.00  9999.00
