stn_id       p       t2      rh2      spd      dir      vis    rain6   rain24   tmax24   tmin24 
 00001   972.63     7.72    94.57     0.87   198.10    19.25  9999.00  9999.00  9999.00  9999.00
 00002  1000.21    -2.82    76.84     0.61   306.82    27.00  9999.00  9999.00  9999.00  9999.00
 00003   902.43    -1.73    70.21     1.23   188.77    24.64  9999.00  9999.00  9999.00  9999.00
 00004   830.15    -2.74    71.01     1.71   160.21    19.29  9999.00  9999.00  9999.00  9999.00
 00005   866.29    -3.91    66.85     1.15    85.22    30.97  9999.00  9999.00  9999.00  9999.00
 00006   875.99    -2.24    75.22     3.75   203.92    35.08  9999.00  9999.00  9999.00  9999.00
 00007  1009.57     2.09    83.14     6.82   195.71    37.35  9999.00  9999.00  9999.00  9999.00
 00008   991.02    -1.86    84.09     6.48   199.35    42.20  9999.00  9999.00  9999.00  9999.00
 00009   935.56   -15.77    95.87     0.95    56.25    17.06  9999.00  9999.00  9999.00  9999.00
 00010   971.99    -3.77    80.84     1.96   212.81    41.36  9999.00  9999.00  9999.00  9999.00
 00011   996.09    -4.48    87.22     7.44   198.11    45.93  9999.00  9999.00  9999.00  9999.00
 00012  1017.81    -4.34    77.57     0.45    83.22    29.43  9999.00  9999.00  9999.00  9999.00
 00013  1021.45     3.66    96.12     3.39   107.34    19.12  9999.00  9999.00  9999.00  9999.00
 00014  1018.35     4.51    96.86     1.21   334.75    21.54  9999.00  9999.00  9999.00  9999.00
 00015  1001.36     0.43    84.86     2.67   147.33    22.62  9999.00  9999.00  9999.00  9999.00
 00016   956.19     2.33    78.41     1.48    71.53    20.53  9999.00  9999.00  9999.00  9999.00
 00017  1002.27    -0.50    89.92     1.47   264.70    20.74  9999.00  9999.00  9999.00  9999.00
 00018  1019.05     2.86    97.93     3.64   115.08    17.32  9999.00  9999.00  9999.00  9999.00
 00019   936.57     6.93    93.07     0.66   275.28    20.52  9999.00  9999.00  9999.00  9999.00
 00020  1024.43     7.89    84.13     3.66   276.42    21.33  9999.00  9999.00  9999.00  9999.00
 00021   887.83    -7.59    85.92     1.86   100.39    11.50  9999.00  9999.00  9999.00  9999.00
 00022  1021.23    -3.27    71.16     2.00   155.58    26.83  9999.00  9999.00  9999.00  9999.00
 00023   918.34   -10.28    80.55     3.64   264.28    24.02  9999.00  9999.00  9999.00  9999.00
 00024   942.78   -12.87    89.90     9.08   288.65    33.02  9999.00  9999.00  9999.00  9999.00
 00025   795.38     4.55    85.83     2.28   217.72    18.94  9999.00  9999.00  9999.00  9999.00
 00026  1017.62     6.31    94.56     2.76    45.25    19.41  9999.00  9999.00  9999.00  9999.00
 00027  1009.72     8.24    86.02     2.67   106.10    18.81  9999.00  9999.00  9999.00  9999.00
 00028   978.70     4.57    96.18     0.68   115.50    17.55  9999.00  9999.00  9999.00  9999.00
 00029  1012.70    13.91    94.41     1.56    37.33     6.42  9999.00  9999.00  9999.00  9999.00
 00030  1000.29    14.90    95.32     1.06   343.05     5.08  9999.00  9999.00  9999.00  9999.00
 00031   570.18   -12.75    36.73     2.45   239.16    37.37  9999.00  9999.00  9999.00  9999.00
 00032   984.45    12.26    87.75     1.95   293.16    18.92  9999.00  9999.00  9999.00  9999.00
 00033  1011.95    19.35    98.89     5.79   104.97     2.31  9999.00  9999.00  9999.00  9999.00
 00034  1013.74    27.21    70.87     6.42    72.62    25.01  9999.00  9999.00  9999.00  9999.00
 00035  1011.50    21.79    96.26     2.12   103.57    12.65  9999.00  9999.00  9999.00  9999.00
 00036   773.60     3.87    76.56     1.95   148.90    20.16  9999.00  9999.00  9999.00  9999.00
 00037   974.72    11.87    90.53     1.53   288.88    18.79  9999.00  9999.00  9999.00  9999.00
 00038  1002.68    13.43    95.98     1.21   322.19    20.67  9999.00  9999.00  9999.00  9999.00
 00039  1016.39    16.65    82.45     5.41   253.93    20.51  9999.00  9999.00  9999.00  9999.00
 00040  1013.82    16.40    85.10     5.36    28.07    21.12  9999.00  9999.00  9999.00  9999.00
 00041   977.78     1.59    99.10     1.38   110.57    19.06  9999.00  9999.00  9999.00  9999.00
 00042  1021.18     2.89    95.49     3.02   109.55    20.91  9999.00  9999.00  9999.00  9999.00
 00043  1010.40     6.04    98.09     2.42    59.91     5.45  9999.00  9999.00  9999.00  9999.00
 00044   992.59     5.69    96.57     1.77    72.82    16.02  9999.00  9999.00  9999.00  9999.00
 00045  1013.82    16.40    85.10     5.36    28.07    21.12  9999.00  9999.00  9999.00  9999.00
 00046   947.47     9.81    97.80     1.20    91.10    19.34  9999.00  9999.00  9999.00  9999.00
 00047  1008.78    13.26    82.68     4.99   336.63    20.44  9999.00  9999.00  9999.00  9999.00
 00048   600.69    -8.04    29.24     0.98   212.44    39.20  9999.00  9999.00  9999.00  9999.00
 00049   571.43   -15.36    98.44     1.21    29.72    28.97  9999.00  9999.00  9999.00  9999.00
 00050  1008.59    13.87    85.96     2.95   327.28    20.13  9999.00  9999.00  9999.00  9999.00
