stn_id       p       t2      rh2      spd      dir      vis    rain6   rain24   tmax24   tmin24 
 00001   966.42    10.97    95.01     1.25   329.62     3.90  9999.00  9999.00  9999.00  9999.00
 00002   997.02    -1.09    85.81     0.92   286.30    27.03  9999.00  9999.00  9999.00  9999.00
 00003   900.73     0.77    97.29     0.90    49.06    22.66  9999.00  9999.00  9999.00  9999.00
 00004   830.07    -0.66    96.54     0.92   191.54    10.13  9999.00  9999.00  9999.00  9999.00
 00005   866.41    -0.93    89.98     2.52   346.08    20.56  9999.00  9999.00  9999.00  9999.00
 00006   879.73    -4.89    88.17     5.01    29.21    20.15  9999.00  9999.00  9999.00  9999.00
 00007  1007.25     5.30    96.80     2.06   194.14     6.39  9999.00  9999.00  9999.00  9999.00
 00008   991.67     2.69    96.54     3.60   279.96    37.84  9999.00  9999.00  9999.00  9999.00
 00009   954.03   -24.46    83.63     4.21   285.19    53.49  9999.00  9999.00  9999.00  9999.00
 00010   969.73     1.04    89.89     1.97   214.91    41.31  9999.00  9999.00  9999.00  9999.00
 00011   998.76    -2.57    95.27     2.78   319.99    45.90  9999.00  9999.00  9999.00  9999.00
 00012  1013.41     1.49    81.40     2.32   345.27    29.46  9999.00  9999.00  9999.00  9999.00
 00013  1008.61    13.69    96.64     1.41   209.42    21.07  9999.00  9999.00  9999.00  9999.00
 00014  1005.82    14.28    95.00     1.43   287.46     1.30  9999.00  9999.00  9999.00  9999.00
 00015   995.32     3.97    99.29     1.38   144.22    10.82  9999.00  9999.00  9999.00  9999.00
 00016   957.36     4.45    86.37     4.94   238.07    11.39  9999.00  9999.00  9999.00  9999.00
 00017   997.73     5.41    83.36     1.92   159.27    16.82  9999.00  9999.00  9999.00  9999.00
 00018  1007.57    10.58    98.88     1.54   304.78    14.82  9999.00  9999.00  9999.00  9999.00
 00019   932.65     9.32    78.36     2.70    22.70    21.74  9999.00  9999.00  9999.00  9999.00
 00020  1011.69    15.37    96.66     1.94   242.62     3.29  9999.00  9999.00  9999.00  9999.00
 00021   913.07   -22.51    84.44     2.67   146.27    42.93  9999.00  9999.00  9999.00  9999.00
 00022  1015.71     2.90    85.53     2.46   162.18    26.75  9999.00  9999.00  9999.00  9999.00
 00023   943.77   -22.06    77.23     1.82   167.95    39.74  9999.00  9999.00  9999.00  9999.00
 00024   972.02   -27.63    92.76     2.46   113.32    37.05  9999.00  9999.00  9999.00  9999.00
 00025   791.15     6.44    75.39     3.03   239.60    18.86  9999.00  9999.00  9999.00  9999.00
 00026  1007.08    14.18    97.37     1.56   189.64    19.39  9999.00  9999.00  9999.00  9999.00
 00027  1002.18    14.74    97.22     1.60   121.90    18.30  9999.00  9999.00  9999.00  9999.00
 00028   969.36    13.80    93.62     1.17    90.60    15.63  9999.00  9999.00  9999.00  9999.00
 00029  1005.21    19.68    99.03     1.29   111.43    11.00  9999.00  9999.00  9999.00  9999.00
 00030   993.35    17.24    99.67     1.56   218.16     0.37  9999.00  9999.00  9999.00  9999.00
 00031   567.10   -11.02    71.10     2.35   217.58    37.49  9999.00  9999.00  9999.00  9999.00
 00032   977.25    16.08    96.57     1.30   298.13    15.00  9999.00  9999.00  9999.00  9999.00
 00033  1007.42    21.28    99.54     2.25   226.25     0.93  9999.00  9999.00  9999.00  9999.00
 00034  1010.26    26.77    80.25     1.50   185.25    24.57  9999.00  9999.00  9999.00  9999.00
 00035  1006.69    22.63    98.17     2.11   195.43     9.38  9999.00  9999.00  9999.00  9999.00
 00036   769.08     2.82    78.15     1.88   157.93    20.01  9999.00  9999.00  9999.00  9999.00
 00037   967.61    15.88    96.94     0.96   298.20    15.34  9999.00  9999.00  9999.00  9999.00
 00038   995.12    17.95    99.59     0.79   330.53    16.00  9999.00  9999.00  9999.00  9999.00
 00039  1008.62    21.43    93.00     2.73   279.55     7.60  9999.00  9999.00  9999.00  9999.00
 00040  1006.18    20.95    92.79     0.78   233.14     5.43  9999.00  9999.00  9999.00  9999.00
 00041   967.97    12.47    96.61     0.79   199.12     7.90  9999.00  9999.00  9999.00  9999.00
 00042  1008.87    13.27    96.95     1.06   231.94    20.50  9999.00  9999.00  9999.00  9999.00
 00043  1000.65    16.15    95.43     0.64   233.89    15.08  9999.00  9999.00  9999.00  9999.00
 00044   982.61    13.83    97.21     0.67    59.75     1.00  9999.00  9999.00  9999.00  9999.00
 00045  1006.18    20.95    92.79     0.78   233.14     5.43  9999.00  9999.00  9999.00  9999.00
 00046   940.83    16.80    99.72     1.96   163.32     4.20  9999.00  9999.00  9999.00  9999.00
 00047  1000.38    17.51    96.66     1.99   248.89     8.01  9999.00  9999.00  9999.00  9999.00
 00048   598.03    -6.93    64.33     1.56   176.61    39.37  9999.00  9999.00  9999.00  9999.00
 00049   570.83   -11.15    94.36     0.42   203.46    21.15  9999.00  9999.00  9999.00  9999.00
 00050  1001.00    18.05    95.39     2.01   317.56     9.61  9999.00  9999.00  9999.00  9999.00
