stn_id       p       t2      rh2      spd      dir      vis    rain6   rain24   tmax24   tmin24 
 00001   969.18    11.00    88.75     1.26   329.47    19.20     0.03  9999.00  9999.00  9999.00
 00002   999.52    -0.44    65.90     1.16   281.75    27.01     0.00  9999.00  9999.00  9999.00
 00003   900.89    -0.40    82.71     1.20    23.74    24.89     0.00  9999.00  9999.00  9999.00
 00004   829.56    -0.74    91.22     1.86   147.00    16.81     0.18  9999.00  9999.00  9999.00
 00005   865.32    -2.04    87.05     1.12    69.33    30.75     0.03  9999.00  9999.00  9999.00
 00006   874.62    -0.89    81.41     4.47   193.65    35.18     0.00  9999.00  9999.00  9999.00
 00007  1009.21     4.71    73.57     5.67   191.32    37.35     0.00  9999.00  9999.00  9999.00
 00008   990.99     2.28    85.56     6.25   218.91    42.30     0.00  9999.00  9999.00  9999.00
 00009   939.06   -17.82    98.14     0.63   141.44    37.75     0.14  9999.00  9999.00  9999.00
 00010   971.33    -0.53    77.22     2.59   252.40    41.35     0.00  9999.00  9999.00  9999.00
 00011   997.36    -2.26    81.85     3.93   217.05    45.98     0.00  9999.00  9999.00  9999.00
 00012  1016.13     0.44    72.05     1.12   345.04    29.43     0.01  9999.00  9999.00  9999.00
 00013  1016.89     9.34    89.00     3.08   133.13    21.20     0.00  9999.00  9999.00  9999.00
 00014  1014.04     9.17    93.50     1.55   258.76    21.55     0.00  9999.00  9999.00  9999.00
 00015   999.53     2.44    90.72     2.61   159.76    22.59     0.00  9999.00  9999.00  9999.00
 00016   952.58     3.57    85.68     1.29   139.95    20.42     0.00  9999.00  9999.00  9999.00
 00017   999.49     3.68    90.63     2.62   136.06    20.69     0.00  9999.00  9999.00  9999.00
 00018  1014.54    10.35    90.54     3.44   117.01    20.36     0.00  9999.00  9999.00  9999.00
 00019   933.90     8.78    90.56     1.12    79.27    22.52     0.03  9999.00  9999.00  9999.00
 00020  1019.87    11.38    86.64     2.44    54.64    21.27     0.00  9999.00  9999.00  9999.00
 00021   895.59   -10.40    94.82     5.88   333.28     6.19     4.11  9999.00  9999.00  9999.00
 00022  1018.96     2.79    68.96     0.56    96.92    26.81     0.06  9999.00  9999.00  9999.00
 00023   929.82   -15.11    92.44     6.74   269.05    14.74     0.69  9999.00  9999.00  9999.00
 00024   952.26   -16.28    86.23     7.57   290.30    40.07     0.13  9999.00  9999.00  9999.00
 00025   794.20     9.28    74.71     2.88   223.64    18.93     0.00  9999.00  9999.00  9999.00
 00026  1013.16    13.39    86.56     1.38    80.57    19.66     0.00  9999.00  9999.00  9999.00
 00027  1007.36    13.25    87.30     1.86   145.63    18.78    -0.00  9999.00  9999.00  9999.00
 00028   974.86    12.66    82.97     1.29    18.46    16.63     0.03  9999.00  9999.00  9999.00
 00029  1010.32    16.43    94.67     1.68    36.06    20.48     0.78  9999.00  9999.00  9999.00
 00030   997.66    16.34    95.57     1.90    94.49    10.50     1.43  9999.00  9999.00  9999.00
 00031   568.04    -5.55    11.65     3.21   189.28    37.33     0.00  9999.00  9999.00  9999.00
 00032   982.71    14.57    89.04     1.39   348.33    19.16     0.01  9999.00  9999.00  9999.00
 00033  1010.39    21.44    98.43     2.88   119.34     4.22     0.27  9999.00  9999.00  9999.00
 00034  1012.38    26.57    82.97     5.87    81.70    24.29     0.16  9999.00  9999.00  9999.00
 00035  1009.92    23.38    89.88     1.96   129.49    21.46     0.56  9999.00  9999.00  9999.00
 00036   772.15     5.83    70.68     2.51   179.08    20.12     0.00  9999.00  9999.00  9999.00
 00037   972.97    14.20    92.93     0.86   275.03    19.07     0.02  9999.00  9999.00  9999.00
 00038  1000.51    15.53    91.73     0.65   314.03    20.70    -0.00  9999.00  9999.00  9999.00
 00039  1013.94    19.63    78.80     6.76    13.97    20.51     0.01  9999.00  9999.00  9999.00
 00040  1011.76    18.51    83.32     4.55    28.94    21.14     0.00  9999.00  9999.00  9999.00
 00041   974.31     7.76    93.45     1.88   121.29    19.72     0.00  9999.00  9999.00  9999.00
 00042  1016.46    10.36    90.51     3.48   108.27    20.86     0.00  9999.00  9999.00  9999.00
 00043  1006.69    13.09    91.27     1.06   132.35    19.85     0.01  9999.00  9999.00  9999.00
 00044   988.53    12.13    91.56     1.69    63.18    19.79     0.00  9999.00  9999.00  9999.00
 00045  1011.76    18.51    83.32     4.55    28.94    21.14     0.00  9999.00  9999.00  9999.00
 00046   945.80    11.78    99.05     1.01    87.17     5.41     1.92  9999.00  9999.00  9999.00
 00047  1007.33    16.81    79.87     3.16   337.48    20.45     0.00  9999.00  9999.00  9999.00
 00048   600.06    -1.09     5.63     2.08   140.36    39.23     0.00  9999.00  9999.00  9999.00
 00049   573.37    -7.55    75.65     1.05   184.00    15.56     0.03  9999.00  9999.00  9999.00
 00050  1006.26    16.81    81.71     3.62   326.34    20.12     0.13  9999.00  9999.00  9999.00
