stn_id       p       t2      rh2      spd      dir      vis    rain6   rain24   tmax24   tmin24 
 00001   977.57     7.83    56.95     2.80   322.14    19.11  9999.00  9999.00  9999.00  9999.00
 00002  1007.33     0.98    99.21     3.25    24.17     1.66  9999.00  9999.00  9999.00  9999.00
 00003   908.45    -1.49    73.01     2.36    90.73    16.42  9999.00  9999.00  9999.00  9999.00
 00004   837.60    -9.35    81.42     3.91   102.64    14.80  9999.00  9999.00  9999.00  9999.00
 00005   878.75   -12.91    57.65     6.95    39.77    21.06  9999.00  9999.00  9999.00  9999.00
 00006   893.95   -16.73    70.54     4.74     6.94    35.69  9999.00  9999.00  9999.00  9999.00
 00007  1018.68    -6.46    48.21     8.96     6.75    24.61  9999.00  9999.00  9999.00  9999.00
 00008  1005.59   -10.58    49.70     8.12     8.64    36.55  9999.00  9999.00  9999.00  9999.00
 00009   961.82   -34.26    93.87     2.94   235.01    53.68  9999.00  9999.00  9999.00  9999.00
 00010   973.65    -4.64    84.14     3.99   338.96    10.16  9999.00  9999.00  9999.00  9999.00
 00011  1015.01   -14.25    59.85     6.43   347.88    46.36  9999.00  9999.00  9999.00  9999.00
 00012  1025.74    -0.19    48.50     6.67    79.50    26.01  9999.00  9999.00  9999.00  9999.00
 00013  1011.49    13.97    95.65     2.95   329.79    20.77  9999.00  9999.00  9999.00  9999.00
 00014  1006.91    15.73    96.09     0.47   311.55    20.78  9999.00  9999.00  9999.00  9999.00
 00015  1000.53     6.30    97.19     6.04    33.15    12.51  9999.00  9999.00  9999.00  9999.00
 00016   968.81     1.78    40.09     2.87   311.65    20.44  9999.00  9999.00  9999.00  9999.00
 00017  1003.61     6.68    58.26     4.58   313.51    19.71  9999.00  9999.00  9999.00  9999.00
 00018  1011.57    12.84    91.48     3.67   323.94    20.25  9999.00  9999.00  9999.00  9999.00
 00019   942.94     5.64    73.16     0.97   216.38     8.83  9999.00  9999.00  9999.00  9999.00
 00020  1012.40    14.04    97.77     1.73   291.29    21.11  9999.00  9999.00  9999.00  9999.00
 00021   911.48   -20.33    42.71     2.43   154.06    43.00  9999.00  9999.00  9999.00  9999.00
 00022  1027.23    -1.35    64.99     6.14    26.41    16.60  9999.00  9999.00  9999.00  9999.00
 00023   941.71   -18.81    42.77     1.39   183.22    39.86  9999.00  9999.00  9999.00  9999.00
 00024   971.46   -26.18    86.54     3.05   114.06    37.40  9999.00  9999.00  9999.00  9999.00
 00025   792.76     6.98    70.09     2.52   238.82    18.89  9999.00  9999.00  9999.00  9999.00
 00026  1008.61    14.52    98.54     1.64   100.03    10.73  9999.00  9999.00  9999.00  9999.00
 00027  1005.73    14.60    94.99     4.95   345.18    15.92  9999.00  9999.00  9999.00  9999.00
 00028   974.96    11.46    97.47     3.83   249.25     0.29  9999.00  9999.00  9999.00  9999.00
 00029  1004.80    21.18    97.96     1.61   118.32    20.80  9999.00  9999.00  9999.00  9999.00
 00030   992.45    20.98    95.73     2.51   170.65    21.95  9999.00  9999.00  9999.00  9999.00
 00031   568.13    -7.06    22.69     3.28   221.07    37.61  9999.00  9999.00  9999.00  9999.00
 00032   976.63    18.57    99.04     1.35   288.16     4.18  9999.00  9999.00  9999.00  9999.00
 00033  1006.98    22.58    97.86     2.35   173.48     0.25  9999.00  9999.00  9999.00  9999.00
 00034  1010.70    27.00    83.13     1.96   161.75    24.86  9999.00  9999.00  9999.00  9999.00
 00035  1006.47    24.51    94.56     2.69   180.75    22.67  9999.00  9999.00  9999.00  9999.00
 00036   772.27     5.81    62.59     1.46    99.47    20.00  9999.00  9999.00  9999.00  9999.00
 00037   967.07    18.21    99.59     1.25   280.44     2.13  9999.00  9999.00  9999.00  9999.00
 00038   994.86    19.93    99.06     0.77   294.63     9.79  9999.00  9999.00  9999.00  9999.00
 00039  1008.08    22.65    93.58     3.40   232.11    17.78  9999.00  9999.00  9999.00  9999.00
 00040  1006.08    22.83    92.67     2.71   214.05    14.75  9999.00  9999.00  9999.00  9999.00
 00041   969.73    13.78    98.87     1.36   344.88    11.89  9999.00  9999.00  9999.00  9999.00
 00042  1011.60    14.91    93.39     3.22   325.85    16.01  9999.00  9999.00  9999.00  9999.00
 00043  1001.88    15.40    99.30     1.43    80.54    10.01  9999.00  9999.00  9999.00  9999.00
 00044   983.00    14.60    98.81     1.54    64.95    13.93  9999.00  9999.00  9999.00  9999.00
 00045  1006.08    22.83    92.67     2.71   214.05    14.75  9999.00  9999.00  9999.00  9999.00
 00046   941.54    17.32    99.95     1.63   215.68     2.43  9999.00  9999.00  9999.00  9999.00
 00047  1000.42    19.11    99.70     1.88   321.78     0.95  9999.00  9999.00  9999.00  9999.00
 00048   597.54    -1.63    20.19     1.62   165.68    39.42  9999.00  9999.00  9999.00  9999.00
 00049   572.27    -9.64    95.87     0.58   207.43    23.80  9999.00  9999.00  9999.00  9999.00
 00050  1000.21    20.31    96.67     2.03   241.90    14.58  9999.00  9999.00  9999.00  9999.00
