stn_id       p       t2      rh2      spd      dir      vis    rain6   rain24   tmax24   tmin24 
 00001  1000.08    12.60  9999.00     1.00   220.00     2.50     0.00  9999.00  9999.00  9999.00
 00002  9999.00  9999.00  9999.00  9999.00  9999.00  9999.00  9999.00  9999.00  9999.00  9999.00
 00003   938.40     6.90    22.13     2.00   320.00    30.00     0.00  9999.00  9999.00  9999.00
 00004   870.00    -5.10    32.99     2.00   250.00    12.00     0.00  9999.00  9999.00  9999.00
 00005  9999.00  9999.00  9999.00  9999.00  9999.00  9999.00  9999.00  9999.00  9999.00  9999.00
 00006   895.60    -3.40    18.50     2.00   220.00    18.00     0.00  9999.00  9999.00  9999.00
 00007  1022.40     0.60    18.22     2.00   340.00    30.00     0.00  9999.00  9999.00  9999.00
 00008   996.60    -5.10    83.15     2.00   270.00     8.00     0.00  9999.00  9999.00  9999.00
 00009   963.10   -11.20    35.95     2.00   200.00    30.00     0.00  9999.00  9999.00  9999.00
 00010   989.40    -2.40    43.47     4.00   320.00    29.00     0.00  9999.00  9999.00  9999.00
 00011  1009.20    -6.70    68.88     3.00   340.00    11.00     0.70  9999.00  9999.00  9999.00
 00012  1027.20     5.60    15.14     2.00    40.00    30.00     0.00  9999.00  9999.00  9999.00
 00013  1025.00    11.90    41.85     3.00    40.00     4.20     0.00  9999.00  9999.00  9999.00
 00014  1022.30    11.50    75.80     1.00   270.00     4.40     0.00  9999.00  9999.00  9999.00
 00015  1010.50     7.50    17.39     4.00    90.00    20.00     0.00  9999.00  9999.00  9999.00
 00016   979.10    10.70    23.96     1.00   160.00    12.00     0.00  9999.00  9999.00  9999.00
 00017  1015.80    12.60    35.78     1.00    90.00     6.00     0.00  9999.00  9999.00  9999.00
 00018  1026.70    12.70    40.88     2.00    40.00    13.00     0.00  9999.00  9999.00  9999.00
 00019   959.20    14.10    40.98     2.00   220.00    10.00     0.00  9999.00  9999.00  9999.00
 00020  1028.70     8.90    67.80     4.00    20.00     7.00     0.00  9999.00  9999.00  9999.00
 00021   919.00    -4.70    72.87     1.00    70.00     2.50     0.00  9999.00  9999.00  9999.00
 00022  1031.40     3.50    19.64     0.00     0.00    23.00     0.00  9999.00  9999.00  9999.00
 00023   939.00    -0.40    48.89     2.00   270.00    19.00     0.00  9999.00  9999.00  9999.00
 00024   973.00    -5.50    73.87     3.00   140.00    20.00     0.00  9999.00  9999.00  9999.00
 00025   814.20    14.90    43.92     1.00   180.00    29.00     0.00  9999.00  9999.00  9999.00
 00026  1021.30    16.10    46.86     2.00    40.00     8.00     0.00  9999.00  9999.00  9999.00
 00027  1013.90    12.60    79.68     5.00   340.00     3.20     0.00  9999.00  9999.00  9999.00
 00028   995.00     9.30    97.99     2.00   340.00     0.90     0.30  9999.00  9999.00  9999.00
 00029  1012.20    18.50    69.71     2.00   360.00    21.00     0.00  9999.00  9999.00  9999.00
 00030  1003.80    20.80    67.90     2.00   320.00    10.00     0.00  9999.00  9999.00  9999.00
 00031   624.60     6.10     3.66     2.00   290.00    24.00     0.00  9999.00  9999.00  9999.00
 00032  1014.70    15.60    58.76     2.00   360.00    19.00     0.00  9999.00  9999.00  9999.00
 00033  1013.10    20.60    69.65     2.00    70.00    25.00     0.00  9999.00  9999.00  9999.00
 00034  1018.00    23.40    65.83     3.00    40.00    21.00     0.00  9999.00  9999.00  9999.00
 00035  1018.10    20.10    84.90     1.00    40.00    15.00     0.00  9999.00  9999.00  9999.00
 00036   841.20    16.40    40.73     0.00    70.00    20.00     0.00  9999.00  9999.00  9999.00
 00037  1017.80    15.50    65.95     4.00   140.00    16.00     0.00  9999.00  9999.00  9999.00
 00038  1014.70    18.50    67.01     4.00   140.00     9.00     0.00  9999.00  9999.00  9999.00
 00039  1020.80    14.30    85.98     4.00    40.00     6.00     0.00  9999.00  9999.00  9999.00
 00040  1015.40    15.40    88.96     6.00    70.00     8.00     0.00  9999.00  9999.00  9999.00
 00041   822.50    -0.20   100.00     7.00    20.00     0.00     0.00  9999.00  9999.00  9999.00
 00042  1023.40    13.20    41.93     2.00    40.00     8.00     0.00  9999.00  9999.00  9999.00
 00043  1018.60    15.80    53.03     2.00    90.00    10.00     0.00  9999.00  9999.00  9999.00
 00044  1011.80    15.10    44.96     2.00    20.00    24.00     0.00  9999.00  9999.00  9999.00
 00045  1015.40    15.40    88.96     6.00    70.00     8.00     0.00  9999.00  9999.00  9999.00
 00046   975.70    17.70    51.72     4.00   340.00    12.00     0.00  9999.00  9999.00  9999.00
 00047  1020.80    13.80    71.67     1.00   200.00     6.00     0.00  9999.00  9999.00  9999.00
 00048   653.10     7.70    11.67     3.00   360.00    30.00     0.00  9999.00  9999.00  9999.00
 00049   601.70    -3.10    79.04     5.00   220.00    30.00     0.00  9999.00  9999.00  9999.00
 00050  1015.80    14.60    62.68     8.00    40.00    11.00     0.00  9999.00  9999.00  9999.00
