stn_id       p       t2      rh2      spd      dir      vis    rain6   rain24   tmax24   tmin24 
 00001   968.73    20.24    84.72     1.73    58.91    25.65  9999.00  9999.00  9999.00  9999.00
 00002   993.72    21.44    85.80     2.83   316.81    24.43  9999.00  9999.00  9999.00  9999.00
 00003   902.45    15.93    88.53     1.54    54.29     2.25  9999.00  9999.00  9999.00  9999.00
 00004   835.54    13.05    71.93     1.64   166.69    24.49  9999.00  9999.00  9999.00  9999.00
 00005   869.11    14.78    46.96     2.49    37.25    27.03  9999.00  9999.00  9999.00  9999.00
 00006   881.05    12.21    57.10     2.52   162.67    27.98  9999.00  9999.00  9999.00  9999.00
 00007  1001.87    16.11    97.06     2.94   192.78    25.46  9999.00  9999.00  9999.00  9999.00
 00008   984.57    15.80    96.98     3.08   241.16    27.00  9999.00  9999.00  9999.00  9999.00
 00009   939.37     8.71    94.10     2.22   217.47    36.34  9999.00  9999.00  9999.00  9999.00
 00010   964.03    12.79    96.82     1.40   231.34    13.55  9999.00  9999.00  9999.00  9999.00
 00011   990.20    14.48    92.84     2.48   257.72    28.42  9999.00  9999.00  9999.00  9999.00
 00012  1009.51    18.56    94.88     1.39    32.64    23.88  9999.00  9999.00  9999.00  9999.00
 00013  1008.88    14.77    95.15     1.92    20.63    23.77  9999.00  9999.00  9999.00  9999.00
 00014  1004.59    17.58    92.56     2.05   223.64    24.96  9999.00  9999.00  9999.00  9999.00
 00015   993.32    21.18    87.45     2.87   180.43    20.30  9999.00  9999.00  9999.00  9999.00
 00016   951.70    17.87    83.18     1.30   136.90    25.14  9999.00  9999.00  9999.00  9999.00
 00017   994.00    20.88    92.57     2.22   173.86    23.39  9999.00  9999.00  9999.00  9999.00
 00018  1007.90    15.52    92.25     1.81    44.04    23.66  9999.00  9999.00  9999.00  9999.00
 00019   934.63    20.85    88.96     1.00   232.56     8.17  9999.00  9999.00  9999.00  9999.00
 00020  1010.25    17.85    93.92     3.54    16.67    22.13  9999.00  9999.00  9999.00  9999.00
 00021   890.55    16.95    59.69     0.91   105.58    27.28  9999.00  9999.00  9999.00  9999.00
 00022  1011.96    19.00    96.23     1.77    52.15    21.46  9999.00  9999.00  9999.00  9999.00
 00023   918.05    10.92    94.41     0.94   160.86    23.35  9999.00  9999.00  9999.00  9999.00
 00024   941.03    16.54    70.98     6.93   291.78    25.50  9999.00  9999.00  9999.00  9999.00
 00025   794.65    15.88    89.59     1.79   114.11    18.66  9999.00  9999.00  9999.00  9999.00
 00026  1003.80    21.01    83.19     3.94    15.44    25.54  9999.00  9999.00  9999.00  9999.00
 00027  1000.41    22.08    74.20     2.35   117.09    25.75  9999.00  9999.00  9999.00  9999.00
 00028   970.92    19.73    93.25     1.52    96.43    25.12  9999.00  9999.00  9999.00  9999.00
 00029   997.57    24.17    75.03     4.26   333.95    27.10  9999.00  9999.00  9999.00  9999.00
 00030   989.82    24.14    81.19     2.44   346.35    29.66  9999.00  9999.00  9999.00  9999.00
 00031   577.51     3.22    94.27     0.85   243.96    24.54  9999.00  9999.00  9999.00  9999.00
 00032   969.50    21.67    89.50     2.06    12.43    20.32  9999.00  9999.00  9999.00  9999.00
 00033  1001.09    21.98    97.40     5.12   280.92     1.06  9999.00  9999.00  9999.00  9999.00
 00034  1002.49    26.91    88.41     4.37   301.59    31.04  9999.00  9999.00  9999.00  9999.00
 00035  1000.23    24.47    93.45     3.26   300.39    18.71  9999.00  9999.00  9999.00  9999.00
 00036   775.46    14.22    88.38     1.04    87.41    22.38  9999.00  9999.00  9999.00  9999.00
 00037   960.17    21.96    90.91     1.39   147.89    20.25  9999.00  9999.00  9999.00  9999.00
 00038   984.98    24.29    85.18     2.91    25.14    25.60  9999.00  9999.00  9999.00  9999.00
 00039   998.77    23.70    89.45    10.45    24.52    17.90  9999.00  9999.00  9999.00  9999.00
 00040   994.79    24.72    86.84     9.25    26.91     4.67  9999.00  9999.00  9999.00  9999.00
 00041   966.28    15.58    94.84     1.23    38.68    24.25  9999.00  9999.00  9999.00  9999.00
 00042  1008.32    15.57    95.86     1.98    57.22    24.32  9999.00  9999.00  9999.00  9999.00
 00043   996.95    22.08    81.59     3.97    25.00    26.07  9999.00  9999.00  9999.00  9999.00
 00044   979.07    19.23    92.25     2.26    52.02    24.60  9999.00  9999.00  9999.00  9999.00
 00045   994.79    24.72    86.84     9.25    26.91     4.67  9999.00  9999.00  9999.00  9999.00
 00046   934.93    21.24    91.89     2.81     9.50    25.30  9999.00  9999.00  9999.00  9999.00
 00047   994.82    22.58    85.84     3.76   154.61    14.73  9999.00  9999.00  9999.00  9999.00
 00048   608.16     6.37    93.43     0.56   267.35    25.24  9999.00  9999.00  9999.00  9999.00
 00049   579.59     3.53    98.28     1.03    14.61     3.61  9999.00  9999.00  9999.00  9999.00
 00050   991.66    22.97    89.87     6.24    22.86    23.08  9999.00  9999.00  9999.00  9999.00
