stn_id       p       t2      rh2      spd      dir      vis    rain6   rain24   tmax24   tmin24 
 00001   982.65    16.43    88.21     0.62   224.44    24.14     0.83  9999.00  9999.00  9999.00
 00002  1008.59    13.34    76.12     1.05   275.04    23.25     0.00  9999.00  9999.00  9999.00
 00003   914.23     7.93    73.63     1.16    60.33    22.36     0.00  9999.00  9999.00  9999.00
 00004   843.84     4.21    78.64     2.05   145.92    22.48     0.00  9999.00  9999.00  9999.00
 00005   879.58     5.98    72.71     2.12    45.68    25.29     0.00  9999.00  9999.00  9999.00
 00006   890.30     5.10    75.85     3.51   189.11    26.39     0.00  9999.00  9999.00  9999.00
 00007  1016.60    10.97    94.58     0.55   219.97     3.07     0.00  9999.00  9999.00  9999.00
 00008  1000.34    10.32    82.77     1.67     7.76    27.08     0.00  9999.00  9999.00  9999.00
 00009   954.75     3.27    74.64     2.26   223.13    33.01     0.00  9999.00  9999.00  9999.00
 00010   977.23     9.29    86.01     2.07   281.52    27.90    -0.00  9999.00  9999.00  9999.00
 00011  1008.04     8.51    67.88     2.42    17.09    28.38     0.00  9999.00  9999.00  9999.00
 00012  1024.64    11.79    77.99     1.11   350.46    23.29     0.00  9999.00  9999.00  9999.00
 00013  1021.95    16.60    84.83     1.97    24.99    22.63     0.00  9999.00  9999.00  9999.00
 00014  1018.26    17.16    87.44     1.20    19.07    23.47     0.02  9999.00  9999.00  9999.00
 00015  1008.19    14.51    62.51     0.77   134.52    20.18     0.00  9999.00  9999.00  9999.00
 00016   965.71    11.87    82.26     0.73   104.81    22.11     0.01  9999.00  9999.00  9999.00
 00017  1009.89    14.69    69.60     1.68    32.06    21.45     0.00  9999.00  9999.00  9999.00
 00018  1020.99    17.21    75.45     2.41    35.49    22.12     0.00  9999.00  9999.00  9999.00
 00019   946.63    15.05    93.11     1.30    20.68    16.30     0.41  9999.00  9999.00  9999.00
 00020  1023.94    18.10    83.40     2.03   174.52    22.00     0.00  9999.00  9999.00  9999.00
 00021   896.49     7.91    77.47     1.42   175.28    26.00     0.00  9999.00  9999.00  9999.00
 00022  1027.38    13.30    71.67     0.38   128.36    21.48     0.00  9999.00  9999.00  9999.00
 00023   921.77     6.38    82.69     2.52   153.03    21.78     0.00  9999.00  9999.00  9999.00
 00024   950.07     4.68    92.15     1.45   117.99    24.08     0.00  9999.00  9999.00  9999.00
 00025   801.09    11.75    95.40     2.64    87.35    14.30     2.58  9999.00  9999.00  9999.00
 00026  1018.60    17.62    90.65     3.82    22.17    23.08     0.41  9999.00  9999.00  9999.00
 00027  1015.09    18.25    89.96     2.88    17.05    22.98     0.34  9999.00  9999.00  9999.00
 00028   984.07    17.41    86.39     2.63    10.62    22.29     0.01  9999.00  9999.00  9999.00
 00029  1011.94    21.04    79.87     3.19    24.73    25.60     0.03  9999.00  9999.00  9999.00
 00030  1002.21    18.75    92.18     3.15   312.23     3.79     1.93  9999.00  9999.00  9999.00
 00031   575.53    -2.50    87.80     2.02   208.76    20.06     0.01  9999.00  9999.00  9999.00
 00032   985.36    18.71    77.41     2.78    41.99    21.99    -0.00  9999.00  9999.00  9999.00
 00033  1011.28    22.04    93.19     6.03    19.65     2.31     1.01  9999.00  9999.00  9999.00
 00034  1012.82    27.51    84.48     5.37    42.90    23.44     0.65  9999.00  9999.00  9999.00
 00035  1010.27    24.91    89.21     1.77   205.34    25.35     0.25  9999.00  9999.00  9999.00
 00036   782.96     9.15    92.93     1.14   139.54    14.21     6.18  9999.00  9999.00  9999.00
 00037   975.60    18.90    80.20     1.88    53.99    21.93    -0.00  9999.00  9999.00  9999.00
 00038  1001.32    21.55    89.70     1.17    50.97    24.52     0.10  9999.00  9999.00  9999.00
 00039  1015.42    22.14    76.01    12.26    30.48    23.79     0.01  9999.00  9999.00  9999.00
 00040  1012.07    22.47    78.35     7.99    41.89    25.09     0.85  9999.00  9999.00  9999.00
 00041   979.89    16.43    87.71     1.72    33.06    22.20     0.00  9999.00  9999.00  9999.00
 00042  1022.18    17.59    85.23     0.64    23.06    22.77     0.05  9999.00  9999.00  9999.00
 00043  1011.66    17.72    90.52     3.41    30.32    23.44     0.03  9999.00  9999.00  9999.00
 00044   993.11    16.72    87.24     3.26    52.84    21.00     0.47  9999.00  9999.00  9999.00
 00045  1012.07    22.47    78.35     7.99    41.89    25.09     0.85  9999.00  9999.00  9999.00
 00046   948.01    18.70    87.17     2.04    59.52    23.29     0.01  9999.00  9999.00  9999.00
 00047  1010.86    19.68    76.24     3.38   342.10    22.65     0.00  9999.00  9999.00  9999.00
 00048   606.93     0.88    95.32     0.66   167.34    14.99     0.00  9999.00  9999.00  9999.00
 00049   580.00    -0.52    98.58     0.92   134.94     3.71     0.12  9999.00  9999.00  9999.00
 00050  1008.20    21.26    70.86     6.76    28.70    23.34     0.00  9999.00  9999.00  9999.00
