stn_id       p       t2      rh2      spd      dir      vis    rain6   rain24   tmax24   tmin24 
 00001   982.97    17.28    95.11     1.80   336.51     7.97  9999.00  9999.00  9999.00  9999.00
 00002  1008.18    14.76    61.11     0.87   263.91    23.23  9999.00  9999.00  9999.00  9999.00
 00003   913.83     9.09    64.65     1.39   299.64    22.37  9999.00  9999.00  9999.00  9999.00
 00004   844.54     2.99    77.88     1.22   132.07    22.51  9999.00  9999.00  9999.00  9999.00
 00005   880.37     5.62    72.03     2.26    45.95    25.32  9999.00  9999.00  9999.00  9999.00
 00006   892.22     4.61    80.69     2.07   167.23    26.45  9999.00  9999.00  9999.00  9999.00
 00007  1014.83    10.60    94.06     2.50    31.27    25.55  9999.00  9999.00  9999.00  9999.00
 00008   998.77     8.18    84.40     2.03   316.23    27.03  9999.00  9999.00  9999.00  9999.00
 00009   956.37    -0.91    85.59     3.00   209.67    33.05  9999.00  9999.00  9999.00  9999.00
 00010   974.59     8.94    88.16     2.32   285.95    27.24  9999.00  9999.00  9999.00  9999.00
 00011  1005.21     6.99    90.78     1.90   316.12    28.32  9999.00  9999.00  9999.00  9999.00
 00012  1024.00    13.13    71.77     1.83   116.85    23.28  9999.00  9999.00  9999.00  9999.00
 00013  1020.98    15.97    86.82     1.96   159.47    22.63  9999.00  9999.00  9999.00  9999.00
 00014  1017.21    14.96    94.65     1.37   259.62    23.47  9999.00  9999.00  9999.00  9999.00
 00015  1007.09    12.26    68.65     1.88    80.97    20.16  9999.00  9999.00  9999.00  9999.00
 00016   965.98    12.73    80.48     1.20    90.80    22.22  9999.00  9999.00  9999.00  9999.00
 00017  1008.52    17.83    75.22     0.76   111.05    21.48  9999.00  9999.00  9999.00  9999.00
 00018  1020.20    16.81    85.26     1.21    60.78    22.14  9999.00  9999.00  9999.00  9999.00
 00019   947.81    16.08    86.32     0.24   307.51    12.57  9999.00  9999.00  9999.00  9999.00
 00020  1022.45    16.50    95.46     2.79   351.30    22.00  9999.00  9999.00  9999.00  9999.00
 00021   900.09    11.67    63.66     0.69   205.37    26.08  9999.00  9999.00  9999.00  9999.00
 00022  1026.48    13.04    74.56     1.80   297.28    21.46  9999.00  9999.00  9999.00  9999.00
 00023   926.21    10.32    74.74     1.21   185.41    21.89  9999.00  9999.00  9999.00  9999.00
 00024   953.00     9.71    85.55     2.07   296.59    24.18  9999.00  9999.00  9999.00  9999.00
 00025   801.52    14.18    83.55     3.74   103.19    24.59  9999.00  9999.00  9999.00  9999.00
 00026  1018.83    17.51    92.40     1.99    34.66    12.81  9999.00  9999.00  9999.00  9999.00
 00027  1015.40    18.74    88.64     1.39   141.37    21.85  9999.00  9999.00  9999.00  9999.00
 00028   983.81    18.37    75.35     1.93    48.15    22.31  9999.00  9999.00  9999.00  9999.00
 00029  1011.38    20.91    87.25     4.10    22.83    24.66  9999.00  9999.00  9999.00  9999.00
 00030  1001.57    20.78    85.42     3.13    16.01    22.17  9999.00  9999.00  9999.00  9999.00
 00031   575.70     6.05    23.92     2.51   220.82    28.23  9999.00  9999.00  9999.00  9999.00
 00032   985.32    18.14    93.67     1.72    69.37    10.31  9999.00  9999.00  9999.00  9999.00
 00033  1011.87    22.97    86.93     4.65    10.77    27.49  9999.00  9999.00  9999.00  9999.00
 00034  1012.81    27.75    82.57     6.38    32.82    30.86  9999.00  9999.00  9999.00  9999.00
 00035  1010.77    23.39    84.26     3.94   348.01    28.04  9999.00  9999.00  9999.00  9999.00
 00036   782.85    10.65    92.97     1.64   327.33     2.48  9999.00  9999.00  9999.00  9999.00
 00037   975.52    18.68    94.85     1.22    92.49    11.86  9999.00  9999.00  9999.00  9999.00
 00038  1001.40    21.41    93.09     2.13   111.89    24.55  9999.00  9999.00  9999.00  9999.00
 00039  1015.64    21.68    87.86    10.79    28.57    20.64  9999.00  9999.00  9999.00  9999.00
 00040  1012.39    22.43    88.54     8.18    47.01    14.85  9999.00  9999.00  9999.00  9999.00
 00041   979.26    15.17    91.50     1.27    76.22    22.22  9999.00  9999.00  9999.00  9999.00
 00042  1020.95    17.03    87.18     1.76    15.06    22.77  9999.00  9999.00  9999.00  9999.00
 00043  1012.01    17.89    88.53     3.03    44.27    23.56  9999.00  9999.00  9999.00  9999.00
 00044   993.41    15.96    90.94     2.66    48.09    22.15  9999.00  9999.00  9999.00  9999.00
 00045  1012.39    22.43    88.54     8.18    47.01    14.85  9999.00  9999.00  9999.00  9999.00
 00046   948.46    18.76    91.81     2.42    11.64    20.41  9999.00  9999.00  9999.00  9999.00
 00047  1010.23    18.61    79.16     4.15   329.33    22.66  9999.00  9999.00  9999.00  9999.00
 00048   606.67     6.10    70.00     1.14   181.85    32.36  9999.00  9999.00  9999.00  9999.00
 00049   580.89     2.05    97.43     1.11   161.70     3.27  9999.00  9999.00  9999.00  9999.00
 00050  1008.46    19.86    90.30     6.07    24.47    21.44  9999.00  9999.00  9999.00  9999.00
