stn_id       p       t2      rh2      spd      dir      vis    rain6   rain24   tmax24   tmin24 
 00001   983.71    12.29    87.39     1.51   186.53    21.55     0.00  9999.00  9999.00  9999.00
 00002  1005.50     0.29    35.00     2.37   297.20    25.05     0.00  9999.00  9999.00  9999.00
 00003   909.80    -3.91    36.26     2.93   302.50    23.50     0.00  9999.00  9999.00  9999.00
 00004   837.06   -10.49    42.80     5.87   304.79    23.23     0.01  9999.00  9999.00  9999.00
 00005   874.23   -11.26    39.11     3.19   311.01    25.35     0.00  9999.00  9999.00  9999.00
 00006   884.19   -14.24    58.41     5.39   280.59    26.48     0.00  9999.00  9999.00  9999.00
 00007  1009.45    -9.50    59.41     3.90   324.28    29.80     0.00  9999.00  9999.00  9999.00
 00008   990.30   -15.91    99.08     3.20   299.83    28.68     0.09  9999.00  9999.00  9999.00
 00009   943.17   -19.18    65.52     2.83   317.36    44.91     0.00  9999.00  9999.00  9999.00
 00010   961.12    -7.11    67.17     4.07   312.57    31.51     0.15  9999.00  9999.00  9999.00
 00011   996.22   -18.82    97.38     3.19   276.59    32.20     0.11  9999.00  9999.00  9999.00
 00012  1021.86    -1.77    26.62     3.94   336.06    25.43     0.00  9999.00  9999.00  9999.00
 00013  1018.70     9.08    53.27     4.54   278.32    19.96     0.00  9999.00  9999.00  9999.00
 00014  1015.41     9.67    63.15     2.66   281.74    19.25     0.00  9999.00  9999.00  9999.00
 00015  1003.80     1.08    40.53     2.59    28.82    21.57     0.00  9999.00  9999.00  9999.00
 00016   966.90     7.53    44.41     1.74   301.02    21.65     0.00  9999.00  9999.00  9999.00
 00017  1008.49     7.59    28.41     5.18   323.08    20.66     0.00  9999.00  9999.00  9999.00
 00018  1019.20     9.96    43.19     4.98   300.12    19.49     0.00  9999.00  9999.00  9999.00
 00019   947.15    10.31    66.07     1.68   311.50    25.36     0.00  9999.00  9999.00  9999.00
 00020  1019.47    10.47    66.41     4.21   289.40    19.87     0.00  9999.00  9999.00  9999.00
 00021   896.18    -3.09    91.80     0.83   134.27    10.70     0.02  9999.00  9999.00  9999.00
 00022  1023.97    -0.03    22.84     6.48   332.50    24.05     0.00  9999.00  9999.00  9999.00
 00023   921.15     1.14    70.56     1.73   145.68    31.87     0.00  9999.00  9999.00  9999.00
 00024   950.85    -5.92    74.59     1.93   150.68    33.29     0.00  9999.00  9999.00  9999.00
 00025   800.87    10.57    66.24     2.23   125.96    19.35     0.00  9999.00  9999.00  9999.00
 00026  1020.01    10.58    72.78     2.62   339.12    18.84     0.00  9999.00  9999.00  9999.00
 00027  1016.94    10.51    74.61     2.36    11.24    19.00     0.00  9999.00  9999.00  9999.00
 00028   985.55    10.14    95.87     1.57   344.38    18.73     0.00  9999.00  9999.00  9999.00
 00029  1013.64    18.50    70.02     3.56    12.42    21.00     0.00  9999.00  9999.00  9999.00
 00030  1003.82    16.58    78.13     2.31    32.81    22.40     0.00  9999.00  9999.00  9999.00
 00031   574.80     1.29    15.10     1.83   163.64    34.11     0.00  9999.00  9999.00  9999.00
 00032   983.60    12.59    75.90     2.24   301.46    17.83     0.00  9999.00  9999.00  9999.00
 00033  1014.76    21.83    71.53     3.98    60.53    23.75     0.00  9999.00  9999.00  9999.00
 00034  1014.02    26.62    77.22    11.23    34.86    23.27     0.48  9999.00  9999.00  9999.00
 00035  1013.83    21.53    74.63     2.87    19.69    23.90     0.00  9999.00  9999.00  9999.00
 00036   781.28    10.10    53.07     0.64    87.32    21.01     0.00  9999.00  9999.00  9999.00
 00037   974.04    11.72    79.78     1.92   299.27    17.74     0.00  9999.00  9999.00  9999.00
 00038  1000.96    17.77    59.43     2.37   340.95    20.02     0.00  9999.00  9999.00  9999.00
 00039  1014.66    20.83    55.20     6.99   217.23    19.64     0.00  9999.00  9999.00  9999.00
 00040  1011.77    22.08    68.65     3.20    47.42    20.86     0.00  9999.00  9999.00  9999.00
 00041   978.22     6.41    76.22     1.94   311.66    18.20     0.00  9999.00  9999.00  9999.00
 00042  1019.94     9.77    58.80     4.21   270.21    19.45     0.00  9999.00  9999.00  9999.00
 00043  1013.43    12.89    75.44     1.02   310.22    19.07     0.00  9999.00  9999.00  9999.00
 00044   993.57     8.65    91.29     1.61   263.49    18.42     0.00  9999.00  9999.00  9999.00
 00045  1011.77    22.08    68.65     3.20    47.42    20.86     0.00  9999.00  9999.00  9999.00
 00046   949.15     9.44    69.21     2.35    44.92    18.59     0.00  9999.00  9999.00  9999.00
 00047  1008.18    13.92    62.62     3.02   339.39    18.75     0.00  9999.00  9999.00  9999.00
 00048   607.67    -1.70    25.12     1.56    78.14    35.73     0.00  9999.00  9999.00  9999.00
 00049   579.43    -2.68    49.77     0.78   214.88    28.13     0.00  9999.00  9999.00  9999.00
 00050  1007.07    17.78    52.63     3.84   347.22    19.10     0.00  9999.00  9999.00  9999.00
