stn_id       p       t2      rh2      spd      dir      vis    rain6   rain24   tmax24   tmin24 
 00001   984.04     8.10    97.79     1.32   292.76    13.12  9999.00  9999.00  9999.00  9999.00
 00002  1004.21    -5.02    82.40     1.10   285.72    24.95  9999.00  9999.00  9999.00  9999.00
 00003   908.30    -6.09    77.35     1.24   261.66    23.39  9999.00  9999.00  9999.00  9999.00
 00004   836.59    -7.70    50.15     2.34   209.92    23.11  9999.00  9999.00  9999.00  9999.00
 00005   871.67    -8.68    47.11     1.48   135.46    25.13  9999.00  9999.00  9999.00  9999.00
 00006   880.42    -7.97    49.25     3.76   196.98    26.15  9999.00  9999.00  9999.00  9999.00
 00007  1013.95    -4.01    90.52     2.98   266.09    29.52  9999.00  9999.00  9999.00  9999.00
 00008   995.59    -6.61    89.66     0.95   183.52    20.92  9999.00  9999.00  9999.00  9999.00
 00009   947.94   -23.05    71.45     2.42   238.91    44.86  9999.00  9999.00  9999.00  9999.00
 00010   973.89    -7.39    51.77     1.07    89.68    22.77  9999.00  9999.00  9999.00  9999.00
 00011  1005.99   -17.10    94.83     2.68    63.03    32.56  9999.00  9999.00  9999.00  9999.00
 00012  1021.83    -6.49    61.73     1.10   337.70    25.22  9999.00  9999.00  9999.00  9999.00
 00013  1021.13     8.88    88.13     2.60   138.67    19.79  9999.00  9999.00  9999.00  9999.00
 00014  1018.60     5.80    96.07     1.39   231.82    19.13  9999.00  9999.00  9999.00  9999.00
 00015  1004.61     3.17    95.20     0.77    99.83    21.30  9999.00  9999.00  9999.00  9999.00
 00016   965.19    -0.57    76.86     0.67   191.96    21.48  9999.00  9999.00  9999.00  9999.00
 00017  1005.95     1.16    75.09     2.44   265.99    20.49  9999.00  9999.00  9999.00  9999.00
 00018  1020.27     8.91    90.85     2.49   273.48     4.42  9999.00  9999.00  9999.00  9999.00
 00019   946.88     7.49    83.15     1.66   266.37    25.18  9999.00  9999.00  9999.00  9999.00
 00020  1024.81    10.60    84.22     1.84   124.91    19.81  9999.00  9999.00  9999.00  9999.00
 00021   900.83    -3.66    74.65     2.11   165.25    37.17  9999.00  9999.00  9999.00  9999.00
 00022  1024.62    -5.63    86.55     1.59    15.60    23.90  9999.00  9999.00  9999.00  9999.00
 00023   928.98    -0.51    90.02     0.58   194.48    31.87  9999.00  9999.00  9999.00  9999.00
 00024   955.77    -5.29    90.53     0.71   148.04    33.28  9999.00  9999.00  9999.00  9999.00
 00025   801.77     7.80    98.59     0.84   214.63    14.63  9999.00  9999.00  9999.00  9999.00
 00026  1020.18     9.32    82.24     2.03   351.55    18.74  9999.00  9999.00  9999.00  9999.00
 00027  1018.37     7.65    83.75     3.47   331.01    16.54  9999.00  9999.00  9999.00  9999.00
 00028   986.46     7.26    87.75     1.42   101.44     7.79  9999.00  9999.00  9999.00  9999.00
 00029  1015.38    13.78    90.25     1.94    13.12    21.02  9999.00  9999.00  9999.00  9999.00
 00030  1003.94    16.46    93.89     1.80    63.54    22.44  9999.00  9999.00  9999.00  9999.00
 00031   577.97    -7.23    14.72     0.45   231.51    34.18  9999.00  9999.00  9999.00  9999.00
 00032   987.05    10.58    90.04     1.67   333.36    17.84  9999.00  9999.00  9999.00  9999.00
 00033  1015.17    21.13    88.17     8.13    65.61    15.88  9999.00  9999.00  9999.00  9999.00
 00034  1014.11    27.24    79.66    11.89    56.01    27.23  9999.00  9999.00  9999.00  9999.00
 00035  1014.23    23.55    84.25     5.34    58.25    20.35  9999.00  9999.00  9999.00  9999.00
 00036   783.38     4.43    91.23     1.29    53.22    16.26  9999.00  9999.00  9999.00  9999.00
 00037   977.20     9.52    93.81     1.22   330.75    17.75  9999.00  9999.00  9999.00  9999.00
 00038  1004.17    11.85    91.13     1.40   317.28    20.07  9999.00  9999.00  9999.00  9999.00
 00039  1017.75    18.00    77.05     9.44    13.69    19.68  9999.00  9999.00  9999.00  9999.00
 00040  1015.35    17.16    76.43     5.00    68.00    20.63  9999.00  9999.00  9999.00  9999.00
 00041   979.00     7.22    94.10     0.84   158.76    18.09  9999.00  9999.00  9999.00  9999.00
 00042  1021.20     8.91    85.04     1.95   159.42    19.33  9999.00  9999.00  9999.00  9999.00
 00043  1013.45     9.18    86.22     0.80    43.42    18.97  9999.00  9999.00  9999.00  9999.00
 00044   994.35     6.64    96.08     1.63   104.42    18.32  9999.00  9999.00  9999.00  9999.00
 00045  1015.35    17.16    76.43     5.00    68.00    20.63  9999.00  9999.00  9999.00  9999.00
 00046   950.07     7.73    95.63     1.07    89.71    18.59  9999.00  9999.00  9999.00  9999.00
 00047  1012.61    11.43    87.80     3.21   325.62    18.74  9999.00  9999.00  9999.00  9999.00
 00048   612.11   -12.36    62.03     1.60   140.96    31.46  9999.00  9999.00  9999.00  9999.00
 00049   581.22    -9.05    43.87     1.40    22.63    28.20  9999.00  9999.00  9999.00  9999.00
 00050  1010.28    15.18    75.52     4.86    29.82    19.14  9999.00  9999.00  9999.00  9999.00
