stn_id       p       t2      rh2      spd      dir      vis    rain6   rain24   tmax24   tmin24 
 00001   989.70    15.50   100.00     0.00   200.00     1.30     0.10     0.10    25.40    15.10
 00002  1002.40    19.00    34.81     2.00   340.00    30.00     0.00     0.00    25.50    11.40
 00003   928.70     6.10    75.96     1.00   110.00    23.00     0.00     0.00    23.90     1.60
 00004   862.20     4.90    50.81     2.00   200.00    30.00     0.00     0.00    18.30     1.50
 00005   888.10    11.60    30.96     3.00   360.00    30.00     0.00     0.00    18.60     7.60
 00006   890.10     3.20    48.80     2.00    40.00    30.00     0.00     0.00    20.10     1.60
 00007  1007.30    12.20    39.84     4.00   340.00    30.00     0.00     0.00    18.20     7.30
 00008   982.90     9.70    27.93     4.00   340.00    10.00     0.00     0.00    19.40     8.00
 00009   958.80     1.40    53.83     8.00   290.00    30.00     0.00     5.00    15.90    -1.20
 00010   976.20     6.70    88.23     0.00    20.00     9.00     0.00     0.00    18.70     3.90
 00011   994.40     8.90    43.82     5.00   360.00    30.00     0.00     0.00    19.90     7.10
 00012  1010.50    15.80    45.80     3.00    20.00    30.00     0.00     0.00    23.70     7.70
 00013  1011.80    18.10    82.00     2.00   220.00     4.30     0.00     0.00    24.70    15.20
 00014  1011.60    17.60    81.94     2.00   200.00     9.00     0.00     0.00    24.10    14.80
 00015   993.50    19.00    43.86     1.00   110.00    10.00     0.00     0.00    23.90    14.60
 00016  9999.00  9999.00  9999.00  9999.00  9999.00  9999.00  9999.00  9999.00  9999.00  9999.00
 00017  1000.90    21.20    41.82     3.00   270.00    23.00     0.00     0.00    27.00    12.00
 00018  1013.60    18.30    82.02     2.00   160.00  9999.00     0.00     0.00    25.10    15.70
 00019   951.10    17.80    93.83     1.00    40.00     4.30     0.00     0.00    25.50    17.60
 00020  1015.20    18.70    86.96     3.00   220.00     8.00     0.00     0.00    23.60    14.50
 00021   915.40     7.00    97.28     1.00    70.00     3.60     3.00     3.00    17.90     7.00
 00022  1013.50    13.40    77.67     2.00   360.00     2.90     0.00     0.00    23.50     8.00
 00023   940.90     4.90    75.76     4.00   250.00    30.00     0.30    10.30     8.70     4.40
 00024   965.90     6.90    76.10     3.00   290.00    30.00     3.00     3.00    13.90     6.40
 00025   814.90    13.50    89.98     2.00   110.00    13.00     4.00     4.00    18.20    12.70
 00026  1012.40    18.60    89.78     2.00   220.00     2.80     0.00     0.00    24.40    17.50
 00027  1003.90    15.90    90.16     2.00   110.00     6.00     0.00     0.00    25.60    13.00
 00028   985.00    13.80   100.00     1.00   200.00     6.00     0.00     0.10    25.10    12.10
 00029  1006.60    22.40    74.58     2.00   360.00    30.00     0.00     0.00    29.80    20.70
 00030   997.70    20.80    86.05     0.00    70.00    19.00     0.00     0.00    25.20    19.80
 00031   626.60     3.40    30.35     3.00   200.00    30.00     0.00     0.00    16.40     3.10
 00032  1006.20    22.50    80.98     2.00   320.00     9.00     0.00     0.00    26.70    21.30
 00033  1005.20    25.40    83.86     2.00    20.00     6.00     0.00     0.00    27.40    24.40
 00034  1008.10    25.80    93.03     6.00    40.00     8.00    19.00    75.90    29.80    25.00
 00035  1009.70    25.10    84.87     0.00   360.00     9.00     0.00     0.00    28.70    23.70
 00036  9999.00  9999.00  9999.00  9999.00  9999.00  9999.00  9999.00     1.00    23.70    12.60
 00037  1009.40    21.20    86.09     1.00   320.00     8.00     0.00     0.00    27.40    20.30
 00038  1008.40    22.90    87.87     1.00   340.00     4.20     0.00     7.00    27.80    21.70
 00039  1012.50    23.50    76.66     3.00    20.00     9.00     0.00     0.00    26.30    23.20
 00040  1008.40    23.90    79.65     3.00    20.00    10.00     0.10     0.40    27.60    23.10
 00041   818.50     9.20    52.76     3.00   320.00    19.00     0.00     0.00    11.80     7.20
 00042  1011.50    17.10    85.69     3.00   220.00    12.00     0.00     0.00    24.50    14.50
 00043  1010.00    17.00   100.00     0.00   270.00     2.60     0.00     0.00    23.50    15.30
 00044  1004.30    16.80    96.23     1.00   110.00     3.10     0.00     0.00    23.20    14.00
 00045  1008.40    23.90    79.65     3.00    20.00    10.00     0.10     0.40    27.60    23.10
 00046   970.00    18.30    82.02     2.00    70.00     7.00     0.00     0.00    24.20    15.80
 00047  1012.10    19.40    78.04     2.00   220.00  9999.00     0.00     0.00    25.70    16.70
 00048   655.90     5.10    68.93     3.00    90.00    30.00     0.00     0.00    15.20     5.10
 00049   602.60     0.40    87.64     2.00   250.00    30.00     0.00     0.00     7.20    -2.60
 00050  1007.90    22.50    77.00     4.00    40.00    10.00     0.00     0.00    27.00    21.80
