stn_id       p       t2      rh2      spd      dir      vis    rain6   rain24   tmax24   tmin24 
 00001   987.18    19.80  9999.00     0.00     0.00     8.00  9999.00  9999.00  9999.00  9999.00
 00002  1009.56    14.70  9999.00     0.00   320.00    19.00  9999.00  9999.00  9999.00  9999.00
 00003   928.63    10.00  9999.00     1.00    20.00    21.00  9999.00  9999.00  9999.00  9999.00
 00004   862.03     4.70  9999.00     2.00   200.00    26.00  9999.00  9999.00  9999.00  9999.00
 00005   896.70    10.60  9999.00     3.00    20.00    30.00  9999.00  9999.00  9999.00  9999.00
 00006   892.10     3.40  9999.00     2.00   140.00    30.00  9999.00  9999.00  9999.00  9999.00
 00007  1013.00     3.60  9999.00     1.00   140.00    30.00  9999.00  9999.00  9999.00  9999.00
 00008   989.43    -0.60  9999.00     0.00     0.00     7.00  9999.00  9999.00  9999.00  9999.00
 00009   967.44    -3.40  9999.00     2.00   220.00    30.00  9999.00  9999.00  9999.00  9999.00
 00010   984.54     6.80  9999.00     4.00   290.00    18.00  9999.00  9999.00  9999.00  9999.00
 00011   997.32     3.90  9999.00     2.00   250.00    26.00  9999.00  9999.00  9999.00  9999.00
 00012  1016.12    13.40  9999.00     1.00   200.00    15.00  9999.00  9999.00  9999.00  9999.00
 00013  1016.66    17.30  9999.00     1.00    20.00    10.00  9999.00  9999.00  9999.00  9999.00
 00014  1012.73    17.60  9999.00     0.00   270.00    14.00  9999.00  9999.00  9999.00  9999.00
 00015   997.30    15.60  9999.00     2.00    90.00     7.00  9999.00  9999.00  9999.00  9999.00
 00016  9999.00  9999.00  9999.00  9999.00  9999.00  9999.00  9999.00  9999.00  9999.00  9999.00
 00017  1003.20    14.40  9999.00     1.00   220.00    12.00  9999.00  9999.00  9999.00  9999.00
 00018  1013.75    18.30  9999.00     1.00   160.00    12.00  9999.00  9999.00  9999.00  9999.00
 00019   949.26    17.90  9999.00     1.00   250.00  9999.00  9999.00  9999.00  9999.00  9999.00
 00020  1016.62    15.50  9999.00     1.00   200.00     3.00  9999.00  9999.00  9999.00  9999.00
 00021   918.50     8.10  9999.00     2.00    20.00    30.00  9999.00  9999.00  9999.00  9999.00
 00022  1019.40    10.90  9999.00     0.00     0.00    20.00  9999.00  9999.00  9999.00  9999.00
 00023   944.47     3.50  9999.00     2.00   200.00    28.00  9999.00  9999.00  9999.00  9999.00
 00024   970.78     6.40  9999.00     1.00   140.00    30.00  9999.00  9999.00  9999.00  9999.00
 00025   815.20    14.10    88.84     1.00    70.00    21.00  9999.00  9999.00  9999.00  9999.00
 00026  1012.68    19.00  9999.00     1.00   290.00    12.00  9999.00  9999.00  9999.00  9999.00
 00027  1009.93    16.40  9999.00     2.00   250.00     7.00  9999.00  9999.00  9999.00  9999.00
 00028   986.92    16.40  9999.00     2.00    20.00    13.00  9999.00  9999.00  9999.00  9999.00
 00029  1010.46    20.90  9999.00     2.00   320.00    18.00  9999.00  9999.00  9999.00  9999.00
 00030  1000.53    22.40  9999.00     1.00    70.00    14.00  9999.00  9999.00  9999.00  9999.00
 00031   625.60    11.40     7.29     3.00   250.00    30.00  9999.00  9999.00  9999.00  9999.00
 00032  1007.50    21.50  9999.00     0.00   360.00    10.00  9999.00  9999.00  9999.00  9999.00
 00033  1011.80    24.70  9999.00     2.00    90.00     8.00  9999.00  9999.00  9999.00  9999.00
 00034  1008.60    26.70  9999.00     4.00    70.00    18.00  9999.00  9999.00  9999.00  9999.00
 00035  1010.58    26.00  9999.00     2.00    40.00    12.00  9999.00  9999.00  9999.00  9999.00
 00036   842.10    17.60    70.90     0.00     0.00    30.00  9999.00  9999.00  9999.00  9999.00
 00037  1011.89    20.60  9999.00     1.00    20.00     9.00  9999.00  9999.00  9999.00  9999.00
 00038  1012.91    22.90  9999.00     1.00   140.00     7.00  9999.00  9999.00  9999.00  9999.00
 00039  1014.13    23.10  9999.00     4.00    20.00    14.00  9999.00  9999.00  9999.00  9999.00
 00040  1009.32    24.10  9999.00     7.00    40.00    12.00  9999.00  9999.00  9999.00  9999.00
 00041   820.50     8.80    53.03     6.00   340.00    22.00  9999.00  9999.00  9999.00  9999.00
 00042  1015.67    18.00  9999.00     1.00   250.00    16.00  9999.00  9999.00  9999.00  9999.00
 00043  1014.79    17.60  9999.00     3.00   140.00    18.00  9999.00  9999.00  9999.00  9999.00
 00044  1009.74    17.00  9999.00     2.00   110.00     6.00  9999.00  9999.00  9999.00  9999.00
 00045  1009.32    24.10  9999.00     7.00    40.00    12.00  9999.00  9999.00  9999.00  9999.00
 00046   974.56    17.30  9999.00     2.00    40.00    10.00  9999.00  9999.00  9999.00  9999.00
 00047  1013.82    19.00  9999.00     2.00   270.00     8.00  9999.00  9999.00  9999.00  9999.00
 00048   652.70     9.60    37.86     2.00   340.00    23.00  9999.00  9999.00  9999.00  9999.00
 00049   603.80     0.70    85.75     1.00   160.00    30.00  9999.00  9999.00  9999.00  9999.00
 00050  1014.43    21.30  9999.00     4.00    20.00     9.00  9999.00  9999.00  9999.00  9999.00
