stn_id       p       t2      rh2      spd      dir      vis    rain6   rain24   tmax24   tmin24 
 00001   984.74    26.60  9999.00     2.00   290.00    26.00  9999.00  9999.00  9999.00  9999.00
 00002  1004.80    23.80  9999.00     1.00    70.00    28.00  9999.00  9999.00  9999.00  9999.00
 00003   924.92    23.90  9999.00     1.00   200.00    30.00  9999.00  9999.00  9999.00  9999.00
 00004   859.94    17.70  9999.00     3.00   320.00    30.00  9999.00  9999.00  9999.00  9999.00
 00005   894.72    17.60  9999.00     5.00   360.00    30.00  9999.00  9999.00  9999.00  9999.00
 00006   890.58    11.30  9999.00     2.00   360.00    30.00  9999.00  9999.00  9999.00  9999.00
 00007  1009.72    14.00  9999.00     1.00   340.00    30.00  9999.00  9999.00  9999.00  9999.00
 00008   986.99    10.00  9999.00     2.00   320.00    11.00  9999.00  9999.00  9999.00  9999.00
 00009   965.71     3.00  9999.00     4.00   320.00    30.00  9999.00  9999.00  9999.00  9999.00
 00010   979.28    13.10  9999.00    11.00   320.00    14.00  9999.00  9999.00  9999.00  9999.00
 00011   995.55     9.50  9999.00     3.00   270.00    30.00  9999.00  9999.00  9999.00  9999.00
 00012  1011.14    22.20  9999.00     1.00   110.00    30.00  9999.00  9999.00  9999.00  9999.00
 00013  1013.86    25.10  9999.00     2.00   290.00    23.00  9999.00  9999.00  9999.00  9999.00
 00014  1009.84    23.70  9999.00     2.00   250.00    20.00  9999.00  9999.00  9999.00  9999.00
 00015  9999.00  9999.00  9999.00  9999.00  9999.00  9999.00  9999.00  9999.00  9999.00  9999.00
 00016  9999.00  9999.00  9999.00  9999.00  9999.00  9999.00  9999.00  9999.00  9999.00  9999.00
 00017   999.84    29.00  9999.00     1.00   220.00    30.00  9999.00  9999.00  9999.00  9999.00
 00018  1010.96    26.30  9999.00     2.00   160.00    27.00  9999.00  9999.00  9999.00  9999.00
 00019   946.15    22.30  9999.00     2.00   160.00     9.00  9999.00  9999.00  9999.00  9999.00
 00020  1013.92    22.40  9999.00     1.00   340.00    23.00  9999.00  9999.00  9999.00  9999.00
 00021   915.30    10.80  9999.00     4.00   360.00    30.00  9999.00  9999.00  9999.00  9999.00
 00022  1015.40    18.80  9999.00     5.00   160.00    13.00  9999.00  9999.00  9999.00  9999.00
 00023   942.79     7.90  9999.00     3.00   320.00    30.00  9999.00  9999.00  9999.00  9999.00
 00024   968.30    10.00  9999.00     1.00   270.00    30.00  9999.00  9999.00  9999.00  9999.00
 00025   812.70    18.70    62.70     2.00   140.00    25.00  9999.00  9999.00  9999.00  9999.00
 00026  1010.19    26.30  9999.00     2.00    70.00    23.00  9999.00  9999.00  9999.00  9999.00
 00027  1007.74    26.90  9999.00     1.00   110.00    16.00  9999.00  9999.00  9999.00  9999.00
 00028   984.29    27.20  9999.00     3.00   340.00    21.00  9999.00  9999.00  9999.00  9999.00
 00029  1007.97    28.40  9999.00     1.00    70.00    30.00  9999.00  9999.00  9999.00  9999.00
 00030   997.56    26.70  9999.00     1.00    70.00    20.00  9999.00  9999.00  9999.00  9999.00
 00031   622.30    16.00     3.90     2.00   290.00    30.00  9999.00  9999.00  9999.00  9999.00
 00032  1004.62    24.30  9999.00     2.00   160.00    10.00  9999.00  9999.00  9999.00  9999.00
 00033  1009.20    26.90  9999.00     3.00    70.00     8.00  9999.00  9999.00  9999.00  9999.00
 00034  1006.90    24.90  9999.00     4.00    90.00     1.90  9999.00  9999.00  9999.00  9999.00
 00035  1008.18    28.10  9999.00     2.00    40.00    27.00  9999.00  9999.00  9999.00  9999.00
 00036   839.90    20.10    63.85     1.00   220.00    16.00  9999.00  9999.00  9999.00  9999.00
 00037  1008.60    25.50  9999.00     4.00   140.00    15.00  9999.00  9999.00  9999.00  9999.00
 00038  1010.02    26.00  9999.00     2.00   110.00     8.00  9999.00  9999.00  9999.00  9999.00
 00039  1011.64    24.80  9999.00     5.00    70.00    15.00  9999.00  9999.00  9999.00  9999.00
 00040  1007.03    25.10  9999.00     7.00    70.00    13.00  9999.00  9999.00  9999.00  9999.00
 00041   818.80    11.00    54.79     4.00   320.00    21.00  9999.00  9999.00  9999.00  9999.00
 00042  1013.18    25.10  9999.00     1.00   270.00    22.00  9999.00  9999.00  9999.00  9999.00
 00043  1012.29    26.00  9999.00     1.00    70.00    22.00  9999.00  9999.00  9999.00  9999.00
 00044  1006.86    24.30  9999.00     2.00   220.00    10.00  9999.00  9999.00  9999.00  9999.00
 00045  1007.03    25.10  9999.00     7.00    70.00    13.00  9999.00  9999.00  9999.00  9999.00
 00046   971.57    25.00  9999.00     4.00    20.00    17.00  9999.00  9999.00  9999.00  9999.00
 00047  1011.33    22.70  9999.00     2.00   110.00    13.00  9999.00  9999.00  9999.00  9999.00
 00048   650.80    18.40    16.78     2.00   290.00    30.00  9999.00  9999.00  9999.00  9999.00
 00049   601.90     4.40    74.00     9.00   250.00    30.00  9999.00  9999.00  9999.00  9999.00
 00050  1011.64    24.10  9999.00     7.00    70.00    16.00  9999.00  9999.00  9999.00  9999.00
