stn_id       p       t2      rh2      spd      dir      vis    rain6   rain24   tmax24   tmin24 
 00001   962.21    21.45    86.17     0.88    42.29    18.95     0.07    12.83    22.35    19.14
 00002   986.32    32.24    30.59     5.12   160.80    23.14     0.00     0.00    38.26    21.06
 00003   897.83    25.54    38.30     4.13   182.68    22.33     0.00     0.00    31.64    16.50
 00004   831.41    19.73    35.99     2.57   158.00    20.54     0.00     0.00    26.73    11.66
 00005   863.88    26.80    24.24     4.00   162.34    19.86     0.00     0.00    32.40    16.31
 00006   873.57    29.28    16.43     4.58   174.57    18.92     0.00     0.00    34.49    20.28
 00007   998.56    24.35    58.46     5.47   173.56    21.68     0.00     0.00    31.72    18.17
 00008   981.65    25.24    63.09     3.57   211.30    23.35     0.00     0.00    30.84    19.54
 00009   942.18    10.60    66.12     2.61   241.60    37.13     0.01     2.12    14.14     8.39
 00010   962.06    21.83    70.83     1.79   243.69    25.40     0.00     0.00    30.54    13.29
 00011   987.22    25.70    55.96     3.09   229.88    25.06     0.00     0.00    31.98    20.33
 00012  1001.07    34.61    21.61     3.74   197.39    20.73     0.00     0.00    41.15    21.53
 00013  1006.07    23.41    71.40     3.27    92.79    26.71     0.00     0.00    29.13    19.53
 00014  1003.12    24.29    82.84     2.43    99.73    26.90     0.00     0.00    29.41    18.11
 00015   988.59    30.95    34.48     2.44   163.59    21.92     0.00     0.00    37.12    24.38
 00016   945.12    25.15    57.19     1.82   106.35    24.28     0.00     0.04    30.70    19.12
 00017   989.69    28.14    34.10     4.59   148.93    24.93     0.00     0.00    34.13    21.07
 00018  1004.02    24.15    66.25     3.52    94.54    26.73     0.00     0.00    29.60    20.15
 00019   927.72    21.27    73.60     3.20    75.67    26.54     0.36     1.70    23.36    18.71
 00020  1010.79    21.06    93.91     3.57   130.98    24.53     0.00     0.00    27.31    17.85
 00021   882.06    24.91    24.14     3.62   334.88    25.44     0.00     0.04    26.12    16.61
 00022  1004.50    34.54    23.32     3.76   209.42    20.49     0.00     0.00    41.25    23.25
 00023   908.25    25.85     9.54     2.86   283.41    23.94     0.00     0.00    26.81    10.77
 00024   931.57    26.92     8.16     5.74   310.66    25.59     0.00     0.00    27.87    14.20
 00025   788.94    20.46    78.44     1.79   206.64    25.96     0.42     3.68    24.01    16.52
 00026  1003.06    22.17    93.93     2.90    57.53     2.11     9.47    20.10    26.37    22.08
 00027   996.58    23.62    92.97     2.52   100.85     8.98     2.61    21.49    27.41    22.01
 00028   965.31    22.39    92.22     2.44     8.92    26.47     0.62    19.35    25.16    21.75
 00029  1000.05    26.39    89.26     3.03   141.75    20.86     2.61    19.98    29.17    24.55
 00030   985.33    27.30    87.82     2.90   137.16    25.29     0.52    13.95    29.18    24.70
 00031   568.15    14.67    20.23     3.98   254.02    22.12     0.47     0.70    15.89     1.02
 00032   974.97    20.22    98.68     1.73    32.99     0.46    30.47    31.73    22.70    18.50
 00033  1000.87    23.64    98.49     3.28   130.57     0.52     1.34     1.59    25.13    22.70
 00034  1005.00    28.56    89.02     2.59   145.37    33.09     0.00     0.05    29.27    27.97
 00035  1000.66    28.04    87.89     3.36   170.42    30.32     3.56    10.89    32.25    26.08
 00036   768.24    19.41    74.47     1.58   179.64    24.80     0.21     2.58    22.98    13.64
 00037   965.42    20.58    99.13     1.16    48.41     1.63    19.81    20.41    23.16    18.64
 00038   991.35    24.27    91.62     1.71   110.25    22.02     0.53     4.48    25.84    22.25
 00039  1005.31    23.94    90.85     5.63    27.42    22.15     0.11     5.31    24.80    23.29
 00040  1002.53    24.74    93.64     4.49    57.97    17.59     2.33     4.69    26.35    23.73
 00041   965.45    22.65    84.55     1.04   130.79    26.63     0.00     0.05    27.73    17.29
 00042  1005.40    25.43    70.59     3.94    91.09    27.00     0.00     0.00    29.84    18.82
 00043   996.06    22.35    86.57     3.98    77.75    13.92     2.81    12.97    25.81    22.19
 00044   979.87    22.29    83.55     1.86    68.73    11.59     3.77     4.70    25.45    20.52
 00045  1002.53    24.74    93.64     4.49    57.97    17.59     2.33     4.69    26.35    23.73
 00046   937.48    22.69    99.20     1.05   139.02     1.42     7.24    11.74    26.25    20.52
 00047   999.80    21.45    95.25     1.42   334.93    13.65     0.28     0.35    24.38    20.04
 00048   599.65    11.18    60.84     1.04   168.92    23.99     1.98     6.46    13.52     4.39
 00049   574.74     1.47    98.25     1.96   180.26     1.09     3.25    18.95     2.98     0.33
 00050   997.81    22.99    90.80     3.65    20.68    23.14     0.94     6.87    25.03    22.08
