stn_id       p       t2      rh2      spd      dir      vis    rain6   rain24   tmax24   tmin24 
 00001   966.47    27.50    62.44     0.38   205.43    26.53     0.02  9999.00  9999.00  9999.00
 00002   984.54    36.38    18.98     1.19   163.13    22.80     0.00  9999.00  9999.00  9999.00
 00003   896.78    31.42    18.99     0.80   256.91    21.98     0.00  9999.00  9999.00  9999.00
 00004   832.10    25.05    25.38     1.91   296.05    20.28     0.00  9999.00  9999.00  9999.00
 00005   864.87    29.66    13.12     3.16   213.93    19.64     0.00  9999.00  9999.00  9999.00
 00006   874.02    31.73    11.44     2.11   243.75    18.78     0.00  9999.00  9999.00  9999.00
 00007   995.80    27.00    46.66     1.32   207.09    21.43     0.00  9999.00  9999.00  9999.00
 00008   980.08    27.81    40.70     3.14   216.30    23.13     0.00  9999.00  9999.00  9999.00
 00009   939.55    19.82    35.95     2.47   320.65    37.12    -0.00  9999.00  9999.00  9999.00
 00010   959.59    24.92    45.69     0.88    62.99    25.12     0.02  9999.00  9999.00  9999.00
 00011   985.35    29.65    34.78     5.38   219.72    24.92     0.00  9999.00  9999.00  9999.00
 00012   999.03    35.81    20.83     2.18   199.22    20.52     0.00  9999.00  9999.00  9999.00
 00013  1002.48    29.59    47.64     3.15   302.01    26.39     0.13  9999.00  9999.00  9999.00
 00014   999.77    28.42    59.38     0.65     7.98    26.64     0.07  9999.00  9999.00  9999.00
 00015   986.26    33.14    25.13     0.70   339.48    21.61     0.00  9999.00  9999.00  9999.00
 00016   947.51    31.01    41.56     1.24    43.59    24.12     0.00  9999.00  9999.00  9999.00
 00017   988.24    34.07    28.13     2.89   236.76    24.64     0.00  9999.00  9999.00  9999.00
 00018  1001.56    30.94    42.19     2.27   312.26    26.44     0.00  9999.00  9999.00  9999.00
 00019   931.57    27.79    48.22     2.47   198.29    27.27    -0.00  9999.00  9999.00  9999.00
 00020  1005.77    26.95    65.29     2.73   117.69    24.22     0.28  9999.00  9999.00  9999.00
 00021   883.57    27.86    19.81     5.53   341.15    25.55     0.01  9999.00  9999.00  9999.00
 00022  1002.51    35.33    22.36     2.91   237.35    20.24     0.00  9999.00  9999.00  9999.00
 00023   911.70    26.05    22.10     1.83   306.73    24.19     0.00  9999.00  9999.00  9999.00
 00024   933.03    27.45    25.12    10.39   287.43    25.83     0.00  9999.00  9999.00  9999.00
 00025   792.85    20.04    70.43     3.82   146.29    23.59     1.01  9999.00  9999.00  9999.00
 00026  1001.99    30.61    47.74     1.87    35.15    27.71     0.00  9999.00  9999.00  9999.00
 00027   998.53    30.22    55.18     1.55    33.68    27.79     0.00  9999.00  9999.00  9999.00
 00028   969.18    27.28    65.60     2.37    32.16    26.60     0.02  9999.00  9999.00  9999.00
 00029   999.44    29.52    79.90     1.62   333.84    12.63     5.11  9999.00  9999.00  9999.00
 00030   988.89    30.93    63.52     1.21   331.72    31.94     0.00  9999.00  9999.00  9999.00
 00031   571.15    14.60    24.16     3.36   242.23    22.36     0.28  9999.00  9999.00  9999.00
 00032   971.59    23.47    87.38     1.74   103.23    10.64     1.59  9999.00  9999.00  9999.00
 00033  1002.54    24.65    98.10     3.87   251.36     0.39     0.07  9999.00  9999.00  9999.00
 00034  1006.39    29.02    86.56     3.49   252.65    32.92     0.16  9999.00  9999.00  9999.00
 00035  1002.19    29.07    82.64     0.30   244.00     7.60    10.03  9999.00  9999.00  9999.00
 00036   775.21    14.32    83.48     0.69   266.56     7.35     1.74  9999.00  9999.00  9999.00
 00037   961.97    23.83    86.33     1.37   120.96     8.60     1.10  9999.00  9999.00  9999.00
 00038   988.06    26.56    90.15     1.66    99.34     2.40    16.57  9999.00  9999.00  9999.00
 00039  1002.42    24.81    90.93     5.39    70.84     5.27     0.90  9999.00  9999.00  9999.00
 00040   999.30    27.48    86.66     3.46   192.72     9.00     4.35  9999.00  9999.00  9999.00
 00041   963.25    28.04    49.13     2.02   354.25    26.40     0.00  9999.00  9999.00  9999.00
 00042  1002.89    29.75    49.90     2.46   325.38    26.73     0.01  9999.00  9999.00  9999.00
 00043   995.92    29.59    56.98     2.22    39.79    28.14     0.06  9999.00  9999.00  9999.00
 00044   977.12    28.63    54.54     1.28    55.36    25.69     0.11  9999.00  9999.00  9999.00
 00045   999.30    27.48    86.66     3.46   192.72     9.00     4.35  9999.00  9999.00  9999.00
 00046   936.63    22.11    96.64     1.12    20.43     4.19     5.68  9999.00  9999.00  9999.00
 00047   994.75    24.28    79.15     0.98   138.09    23.06     0.34  9999.00  9999.00  9999.00
 00048   602.14    12.90    52.20     0.90    90.55    26.18     1.46  9999.00  9999.00  9999.00
 00049   576.12     8.94    65.20     3.45   206.76    21.19     0.28  9999.00  9999.00  9999.00
 00050   994.74    25.44    86.48     4.31    80.24     3.90     1.82  9999.00  9999.00  9999.00
