stn_id       p       t2      rh2      spd      dir      vis    rain6   rain24   tmax24   tmin24 
 00001   964.80    21.13    95.65     0.68   116.47     9.72  9999.00  9999.00  9999.00  9999.00
 00002   983.91    20.56    54.44     2.03   250.02    22.89  9999.00  9999.00  9999.00  9999.00
 00003   897.48    16.78    55.98     1.10   261.68    22.10  9999.00  9999.00  9999.00  9999.00
 00004   831.89    13.31    48.89     2.16   193.96    20.35  9999.00  9999.00  9999.00  9999.00
 00005   865.03    15.85    37.69     1.54    98.63    19.71  9999.00  9999.00  9999.00  9999.00
 00006   873.39    19.55    24.03     5.34   224.77    18.80  9999.00  9999.00  9999.00  9999.00
 00007   997.56    15.97    86.03     2.30   166.18    21.50  9999.00  9999.00  9999.00  9999.00
 00008   981.83    17.48    77.91     3.02   211.81    23.20  9999.00  9999.00  9999.00  9999.00
 00009   941.48     9.10    71.95     2.39   137.58    37.18  9999.00  9999.00  9999.00  9999.00
 00010   961.66    12.43    93.36     0.98   236.30    22.03  9999.00  9999.00  9999.00  9999.00
 00011   988.10    19.77    71.36     1.19   170.51    25.00  9999.00  9999.00  9999.00  9999.00
 00012  1000.34    20.38    59.11     2.40    32.82    20.60  9999.00  9999.00  9999.00  9999.00
 00013  1003.47    17.64    99.65     1.21   115.36     0.86  9999.00  9999.00  9999.00  9999.00
 00014  1000.27    19.60    95.48     1.35   229.37    26.71  9999.00  9999.00  9999.00  9999.00
 00015   986.18    23.02    49.31     4.26   177.21    21.70  9999.00  9999.00  9999.00  9999.00
 00016   946.19    16.57    80.82     1.86   134.78    24.15  9999.00  9999.00  9999.00  9999.00
 00017   987.28    18.91    77.00     1.78   229.98    24.75  9999.00  9999.00  9999.00  9999.00
 00018  1002.15    20.96    85.45     1.14   246.33    26.56  9999.00  9999.00  9999.00  9999.00
 00019   929.48    18.87    73.89     0.91   241.33    27.25  9999.00  9999.00  9999.00  9999.00
 00020  1006.44    17.73    98.38     0.69    66.33    22.02  9999.00  9999.00  9999.00  9999.00
 00021   882.59    17.30    46.43     0.97   135.55    25.52  9999.00  9999.00  9999.00  9999.00
 00022  1002.42    22.66    48.80     2.52   154.61    20.30  9999.00  9999.00  9999.00  9999.00
 00023   911.75    14.43    38.24     1.20   214.40    24.15  9999.00  9999.00  9999.00  9999.00
 00024   934.03    14.97    36.38     7.56   293.58    25.79  9999.00  9999.00  9999.00  9999.00
 00025   790.91    15.88    98.84     0.85   176.87     6.11  9999.00  9999.00  9999.00  9999.00
 00026  1002.01    21.33    86.22     1.72   201.26    27.77  9999.00  9999.00  9999.00  9999.00
 00027   997.91    21.16    92.45     1.13   134.83    27.82  9999.00  9999.00  9999.00  9999.00
 00028   967.72    21.38    89.19     0.49   130.45    26.60  9999.00  9999.00  9999.00  9999.00
 00029   999.08    24.52    99.35     1.31    24.74     1.62  9999.00  9999.00  9999.00  9999.00
 00030   987.83    25.30    94.21     0.86   179.93    30.17  9999.00  9999.00  9999.00  9999.00
 00031   570.92     1.76    75.26     2.13   224.92    22.33  9999.00  9999.00  9999.00  9999.00
 00032   971.78    20.64    97.11     0.76    81.09    14.09  9999.00  9999.00  9999.00  9999.00
 00033  1001.81    23.92    98.01     1.27   186.94     1.51  9999.00  9999.00  9999.00  9999.00
 00034  1005.77    28.15    89.71     5.88   213.55    32.73  9999.00  9999.00  9999.00  9999.00
 00035  1001.14    26.19    97.16     2.15   168.91    18.92  9999.00  9999.00  9999.00  9999.00
 00036   771.91    12.97    95.11     0.47   323.46    12.18  9999.00  9999.00  9999.00  9999.00
 00037   962.26    20.65    98.22     0.49    41.69     8.03  9999.00  9999.00  9999.00  9999.00
 00038   988.90    23.19    98.90     0.70    94.17    13.79  9999.00  9999.00  9999.00  9999.00
 00039  1002.71    23.29    93.79     5.24    34.71    10.45  9999.00  9999.00  9999.00  9999.00
 00040   999.95    24.14    93.00     4.33    35.58    16.63  9999.00  9999.00  9999.00  9999.00
 00041   963.77    20.12    79.86     0.59   268.86    26.49  9999.00  9999.00  9999.00  9999.00
 00042  1003.68    19.62    89.88     1.46   274.75    26.83  9999.00  9999.00  9999.00  9999.00
 00043   995.88    21.41    83.65     1.46    84.61    28.17  9999.00  9999.00  9999.00  9999.00
 00044   977.73    20.29    90.79     0.91    90.85    25.74  9999.00  9999.00  9999.00  9999.00
 00045   999.95    24.14    93.00     4.33    35.58    16.63  9999.00  9999.00  9999.00  9999.00
 00046   936.34    18.95    99.45     0.87    83.14     0.91  9999.00  9999.00  9999.00  9999.00
 00047   995.56    19.69    98.89     1.67   307.93     0.50  9999.00  9999.00  9999.00  9999.00
 00048   600.77     4.84    92.75     0.90   166.11    16.30  9999.00  9999.00  9999.00  9999.00
 00049   574.68     1.14    98.07     1.08   151.26     1.37  9999.00  9999.00  9999.00  9999.00
 00050   995.10    22.30    95.75     2.13    35.48    21.01  9999.00  9999.00  9999.00  9999.00
