stn_id       p       t2      rh2      spd      dir      vis    rain6   rain24   tmax24   tmin24 
 00001   964.15    24.16    60.66     0.96   109.66    21.49  9999.00  9999.00  9999.00  9999.00
 00002   982.05    25.62    30.11     4.62   287.80    20.16  9999.00  9999.00  9999.00  9999.00
 00003   894.76    18.53    28.49     5.97   296.86    18.45  9999.00  9999.00  9999.00  9999.00
 00004   827.43     9.78    35.82     7.15   285.29    16.90  9999.00  9999.00  9999.00  9999.00
 00005   860.20     8.36    37.42     6.83   289.56    16.75  9999.00  9999.00  9999.00  9999.00
 00006   869.06     7.79    18.67     9.82   307.59    16.69  9999.00  9999.00  9999.00  9999.00
 00007   987.26    19.42    49.58     7.10   210.99    20.46  9999.00  9999.00  9999.00  9999.00
 00008   967.46    19.06    16.40     9.13   248.58    22.44  9999.00  9999.00  9999.00  9999.00
 00009   921.80    -0.05    63.20     3.62    80.81    24.30  9999.00  9999.00  9999.00  9999.00
 00010   950.96    12.95    78.49     1.68   197.31    23.19  9999.00  9999.00  9999.00  9999.00
 00011   972.03    16.61    30.76     5.95   230.29    24.72  9999.00  9999.00  9999.00  9999.00
 00012   994.03    23.49    37.05     1.87   204.05    18.84  9999.00  9999.00  9999.00  9999.00
 00013  1005.12    24.00    60.04     3.35   211.24    21.68  9999.00  9999.00  9999.00  9999.00
 00014  1003.62    23.86    60.12     2.51   190.59    22.12  9999.00  9999.00  9999.00  9999.00
 00015   983.22    24.80    46.62     4.79   201.48    19.02  9999.00  9999.00  9999.00  9999.00
 00016   946.45    23.92    50.22     3.12   222.99    18.96  9999.00  9999.00  9999.00  9999.00
 00017   985.30    27.61    39.89     3.40   223.19    19.81  9999.00  9999.00  9999.00  9999.00
 00018  1003.15    23.88    59.96     4.77   189.65    21.34  9999.00  9999.00  9999.00  9999.00
 00019   929.54    21.26    61.77     0.42   173.63    23.43  9999.00  9999.00  9999.00  9999.00
 00020  1009.72    22.14    63.24     5.27   164.71    20.68  9999.00  9999.00  9999.00  9999.00
 00021   888.97    12.99    39.51     2.74   188.71    30.19  9999.00  9999.00  9999.00  9999.00
 00022   997.42    23.45    47.57     4.33   223.07    18.63  9999.00  9999.00  9999.00  9999.00
 00023   914.22    13.03    45.58     3.25   125.72    27.08  9999.00  9999.00  9999.00  9999.00
 00024   943.66     8.78    34.24     4.49   126.56    29.89  9999.00  9999.00  9999.00  9999.00
 00025   791.42    27.02    18.54     7.82   248.94    23.96  9999.00  9999.00  9999.00  9999.00
 00026  1005.01    21.95    76.82     3.34   206.86    16.60  9999.00  9999.00  9999.00  9999.00
 00027   999.86    19.82    87.65     3.23   153.81    18.88  9999.00  9999.00  9999.00  9999.00
 00028   968.58    19.60    86.94     2.56   180.93    10.29  9999.00  9999.00  9999.00  9999.00
 00029  1004.48    26.15    73.11     2.47   164.29    23.46  9999.00  9999.00  9999.00  9999.00
 00030   990.90    26.51    82.57     3.65   174.51    26.52  9999.00  9999.00  9999.00  9999.00
 00031   571.77     5.35     8.71     4.76   254.21    26.69  9999.00  9999.00  9999.00  9999.00
 00032   976.39    20.60    75.06     1.89    98.57    20.13  9999.00  9999.00  9999.00  9999.00
 00033  1006.42    21.84    92.10     6.38   114.32    24.87  9999.00  9999.00  9999.00  9999.00
 00034  1009.56    27.84    76.29     5.19    76.75    27.31  9999.00  9999.00  9999.00  9999.00
 00035  1006.16    28.43    71.02     5.65   153.71    25.54  9999.00  9999.00  9999.00  9999.00
 00036   769.14    24.74    20.58     4.22   214.32    22.90  9999.00  9999.00  9999.00  9999.00
 00037   966.53    21.20    72.54     1.91   105.33    20.09  9999.00  9999.00  9999.00  9999.00
 00038   994.03    25.05    59.71     1.28   153.52    22.40  9999.00  9999.00  9999.00  9999.00
 00039  1008.21    23.02    69.16     3.54   129.39    21.81  9999.00  9999.00  9999.00  9999.00
 00040  1006.06    23.77    68.26     3.86   156.08    22.95  9999.00  9999.00  9999.00  9999.00
 00041   965.79    21.75    63.95     2.42   210.27    21.25  9999.00  9999.00  9999.00  9999.00
 00042  1005.40    24.50    63.35     2.14   223.22    21.80  9999.00  9999.00  9999.00  9999.00
 00043   998.90    20.74    82.60     2.78   186.30    10.47  9999.00  9999.00  9999.00  9999.00
 00044   980.69    23.47    68.78     1.10   278.28    21.41  9999.00  9999.00  9999.00  9999.00
 00045  1006.06    23.77    68.26     3.86   156.08    22.95  9999.00  9999.00  9999.00  9999.00
 00046   939.97    21.78    74.02     0.83   266.33    21.74  9999.00  9999.00  9999.00  9999.00
 00047  1000.96    21.44    72.15     2.27   130.15    20.95  9999.00  9999.00  9999.00  9999.00
 00048   602.32     6.65    21.89     1.99    95.10    28.99  9999.00  9999.00  9999.00  9999.00
 00049   576.32    -0.22    52.81     2.58   219.89    25.82  9999.00  9999.00  9999.00  9999.00
 00050  1000.39    22.49    71.07     2.73   130.21    21.36  9999.00  9999.00  9999.00  9999.00
