stn_id       p       t2      rh2      spd      dir      vis    rain6   rain24   tmax24   tmin24 
 00001   969.56    16.87    91.32     1.55    88.76    21.87     0.00  9999.00  9999.00  9999.00
 00002   996.64     5.86    63.74     1.53   244.44    20.30     0.00  9999.00  9999.00  9999.00
 00003   902.81     1.57    59.56     1.22    42.52    18.50     0.00  9999.00  9999.00  9999.00
 00004   832.67    -1.03    48.58     2.42   168.87    16.83     0.00  9999.00  9999.00  9999.00
 00005   867.51    -1.94    42.36     0.94    84.11    16.61     0.00  9999.00  9999.00  9999.00
 00006   876.91    -1.79    32.13     3.89   220.86    16.50     0.00  9999.00  9999.00  9999.00
 00007   999.50     1.26    23.25     4.84   243.48    20.32     0.00  9999.00  9999.00  9999.00
 00008   976.51     1.04    18.58     7.51   266.07    22.22     0.00  9999.00  9999.00  9999.00
 00009   928.45    -5.94    84.19     3.95   320.52    32.44     0.46  9999.00  9999.00  9999.00
 00010   952.60    -0.30    25.53     5.76   263.59    22.75     0.00  9999.00  9999.00  9999.00
 00011   977.43     1.68    33.04     7.14   262.31    24.32     0.00  9999.00  9999.00  9999.00
 00012  1012.19     3.65    37.35     1.70   281.07    18.92     0.00  9999.00  9999.00  9999.00
 00013  1014.82    10.41    66.00     3.25    86.07    22.00     0.00  9999.00  9999.00  9999.00
 00014  1010.89    15.33    67.18     2.40    22.37    22.47     0.00  9999.00  9999.00  9999.00
 00015   997.77     7.18    42.56     2.27   160.47    19.23     0.00  9999.00  9999.00  9999.00
 00016   953.43     9.08    76.24     1.35   118.33    19.11     0.00  9999.00  9999.00  9999.00
 00017   997.82    12.88    42.07     2.86   188.98    20.06     0.00  9999.00  9999.00  9999.00
 00018  1013.10    11.87    65.75     3.60   102.08    21.66     0.00  9999.00  9999.00  9999.00
 00019   934.26    16.28    82.33     1.02   273.73    23.77     0.05  9999.00  9999.00  9999.00
 00020  1016.79    12.60    66.59     3.70    17.59    20.90     0.00  9999.00  9999.00  9999.00
 00021   888.58     5.48    94.60     3.70   334.86     3.65     0.87  9999.00  9999.00  9999.00
 00022  1014.95     4.80    37.10     1.63    95.78    18.74     0.00  9999.00  9999.00  9999.00
 00023   917.56     4.30    74.33     4.65   252.32    26.86     0.05  9999.00  9999.00  9999.00
 00024   940.15     0.11    89.92     1.44   132.11    29.56     0.00  9999.00  9999.00  9999.00
 00025   794.75    16.25    39.74     2.03   238.46    24.21     0.00  9999.00  9999.00  9999.00
 00026  1008.80    17.37    95.66     3.41    13.53    22.52     0.00  9999.00  9999.00  9999.00
 00027  1005.39    15.89    86.44     2.17   342.88    22.01     0.00  9999.00  9999.00  9999.00
 00028   974.61    14.66    78.83     2.38    32.07    20.85     0.00  9999.00  9999.00  9999.00
 00029  1004.30    22.81    98.34     1.57   317.85     6.97     1.53  9999.00  9999.00  9999.00
 00030   992.99    23.22    88.04     3.18    52.53    26.79     0.02  9999.00  9999.00  9999.00
 00031   573.57    -3.95    47.98     2.41   221.58    26.63     0.00  9999.00  9999.00  9999.00
 00032   976.61    18.11    99.83     1.16    57.76     1.90     2.23  9999.00  9999.00  9999.00
 00033  1005.43    22.61    96.68     4.68   159.31     5.92     0.00  9999.00  9999.00  9999.00
 00034  1009.12    27.40    79.47     3.75   133.50    27.73     0.00  9999.00  9999.00  9999.00
 00035  1005.07    25.75    91.20     2.90   175.59    25.89     0.00  9999.00  9999.00  9999.00
 00036   774.23    10.46    75.84     1.68    75.27    23.20     0.00  9999.00  9999.00  9999.00
 00037   967.02    17.89    99.90     0.91    24.00     1.38     1.88  9999.00  9999.00  9999.00
 00038   992.76    21.27    99.26     0.93    50.15     0.20    24.55  9999.00  9999.00  9999.00
 00039  1007.15    22.76    94.11     3.67    35.15     1.25     4.71  9999.00  9999.00  9999.00
 00040  1003.81    24.10    89.91     3.54   214.08    11.34     0.70  9999.00  9999.00  9999.00
 00041   971.32    14.70    85.16     2.08    64.33    21.47     0.03  9999.00  9999.00  9999.00
 00042  1014.43    13.27    66.51     3.56    82.78    22.13     0.00  9999.00  9999.00  9999.00
 00043  1002.08    17.05    96.74     1.80    22.18    22.50     0.00  9999.00  9999.00  9999.00
 00044   984.05    16.89    95.45     3.02    59.98    19.79     0.03  9999.00  9999.00  9999.00
 00045  1003.81    24.10    89.91     3.54   214.08    11.34     0.70  9999.00  9999.00  9999.00
 00046   940.14    17.96    99.96     1.59    59.86     8.64    12.47  9999.00  9999.00  9999.00
 00047  1002.05    19.48    96.74     3.51    26.65     4.83     0.74  9999.00  9999.00  9999.00
 00048   603.37     1.17    55.84     1.59   147.77    29.93     0.18  9999.00  9999.00  9999.00
 00049   576.91    -3.19    98.87     1.15   189.25     3.40     1.07  9999.00  9999.00  9999.00
 00050   999.71    20.90    98.24     2.66    30.45     3.55     5.42  9999.00  9999.00  9999.00
