stn_id       p       t2      rh2      spd      dir      vis    rain6   rain24   tmax24   tmin24 
 00001   962.96    20.39    93.77     1.68   171.33    22.83     5.67  9999.00  9999.00  9999.00
 00002   990.73     9.18    84.62     1.50   279.66    20.04     0.00  9999.00  9999.00  9999.00
 00003   899.35    10.60    44.29     2.40   281.50    18.30     0.00  9999.00  9999.00  9999.00
 00004   833.42     5.25    45.64     2.56    61.35    16.52     0.00  9999.00  9999.00  9999.00
 00005   869.48     1.51    75.12     2.77   173.14    16.07     0.00  9999.00  9999.00  9999.00
 00006   879.19     2.18    76.42     2.34   234.60    15.78    -0.00  9999.00  9999.00  9999.00
 00007  1000.46    10.96    82.14     3.85   178.01     6.29     0.37  9999.00  9999.00  9999.00
 00008   984.03     6.11    74.77     5.36   189.74    21.36     0.01  9999.00  9999.00  9999.00
 00009   939.22    -4.42    82.96     2.58   356.63    35.86     0.00  9999.00  9999.00  9999.00
 00010   966.68    -3.45    87.63     1.19   244.73    21.95     0.00  9999.00  9999.00  9999.00
 00011   990.78     7.59    64.15     5.53   168.93    22.93     0.02  9999.00  9999.00  9999.00
 00012  1005.76    10.18    88.09     1.29   309.15    18.46     0.01  9999.00  9999.00  9999.00
 00013  1005.19    18.66    81.42     2.11   204.11    22.71     0.00  9999.00  9999.00  9999.00
 00014  1003.00    20.77    80.07     3.26   186.49    23.34     0.00  9999.00  9999.00  9999.00
 00015   988.47    14.89    76.38     2.33    42.40    19.33     0.00  9999.00  9999.00  9999.00
 00016   949.67    13.63    95.04     1.50   207.44    19.46     0.00  9999.00  9999.00  9999.00
 00017   988.42    18.74    83.68     1.45   280.51    20.44     0.00  9999.00  9999.00  9999.00
 00018  1003.55    21.10    86.53     2.84   198.42    22.39     0.00  9999.00  9999.00  9999.00
 00019   930.59    19.93    79.99     1.00   285.15    24.19     0.10  9999.00  9999.00  9999.00
 00020  1009.10    19.88    91.75     3.95   181.93    21.43     0.00  9999.00  9999.00  9999.00
 00021   888.40     6.84    88.11     1.99   242.77     7.96     2.50  9999.00  9999.00  9999.00
 00022  1008.47    10.95    90.60     1.88    54.42    18.49     0.01  9999.00  9999.00  9999.00
 00023   917.34     4.22    66.90     4.49   263.68    24.22     0.01  9999.00  9999.00  9999.00
 00024   938.60     5.35    83.16     3.38   264.16    27.20     0.41  9999.00  9999.00  9999.00
 00025   793.57    19.72    37.10     4.50   256.64    24.82     0.00  9999.00  9999.00  9999.00
 00026  1004.50    21.62    76.95     2.65   189.12    23.37     0.00  9999.00  9999.00  9999.00
 00027   999.41    21.85    88.76     4.67   129.16    22.16    15.88  9999.00  9999.00  9999.00
 00028   967.09    20.95    95.47     2.61    35.21     3.19    42.54  9999.00  9999.00  9999.00
 00029  1006.15    22.38    95.35     1.72   126.29    22.63     0.00  9999.00  9999.00  9999.00
 00030   990.85    24.61    94.77     4.48   155.07    27.57     0.01  9999.00  9999.00  9999.00
 00031   575.62    -1.98    54.54     2.62   220.25    26.21     0.00  9999.00  9999.00  9999.00
 00032   978.39    17.32    99.19     0.85   234.14     0.54     0.03  9999.00  9999.00  9999.00
 00033  1006.44    22.63    95.72     6.57   157.00     5.20     0.00  9999.00  9999.00  9999.00
 00034  1010.87    27.93    84.19     6.61   168.55    29.05     0.06  9999.00  9999.00  9999.00
 00035  1006.32    26.77    87.84     4.88   174.54    26.98     0.01  9999.00  9999.00  9999.00
 00036   773.17    14.04    67.68     1.93    22.18    23.46     0.14  9999.00  9999.00  9999.00
 00037   968.78    17.11    98.97     0.63   140.43     1.55     0.04  9999.00  9999.00  9999.00
 00038   996.13    20.38    97.48     0.33   180.73    18.59     0.26  9999.00  9999.00  9999.00
 00039  1009.63    23.40    92.51     2.72   198.46    11.10     0.39  9999.00  9999.00  9999.00
 00040  1007.43    23.93    90.43     3.94   161.18    10.41     0.77  9999.00  9999.00  9999.00
 00041   966.01    17.27    84.36     2.02   191.58    22.46     0.00  9999.00  9999.00  9999.00
 00042  1005.37    18.70    82.82     2.22   211.83    22.90     0.00  9999.00  9999.00  9999.00
 00043   998.37    22.15    75.55     2.69   175.08    23.75     0.00  9999.00  9999.00  9999.00
 00044   981.38    18.10    84.65     1.68   184.88    22.58     0.00  9999.00  9999.00  9999.00
 00045  1007.43    23.93    90.43     3.94   161.18    10.41     0.77  9999.00  9999.00  9999.00
 00046   941.75    17.67    90.10     1.77   167.52    22.83     0.00  9999.00  9999.00  9999.00
 00047  1002.22    20.84    98.78     2.25   233.75     1.16     0.02  9999.00  9999.00  9999.00
 00048   607.54    -1.52    94.42     0.70   180.07     5.17     0.71  9999.00  9999.00  9999.00
 00049   579.57    -3.40    96.55     0.45   111.08    11.78     0.10  9999.00  9999.00  9999.00
 00050  1002.00    20.44    94.09     0.86   304.73    17.88     0.06  9999.00  9999.00  9999.00
