stn_id       p       t2      rh2      spd      dir      vis    rain6   rain24   tmax24   tmin24 
 00001   959.87    28.47    74.08     2.42   324.42    25.44  9999.00  9999.00  9999.00  9999.00
 00002   976.81    33.31    31.09     2.06   136.88    26.08  9999.00  9999.00  9999.00  9999.00
 00003   891.06    26.61    38.12     2.49   322.75    24.90  9999.00  9999.00  9999.00  9999.00
 00004   827.00    19.12    50.59     2.28   320.66    23.46  9999.00  9999.00  9999.00  9999.00
 00005   860.29    20.71    47.24     2.38   311.45    23.55  9999.00  9999.00  9999.00  9999.00
 00006   868.94    20.04    54.08     6.09   304.42    22.69  9999.00  9999.00  9999.00  9999.00
 00007   991.07    24.24    73.27     3.50   167.36    23.92  9999.00  9999.00  9999.00  9999.00
 00008   975.49    20.50    87.58     4.25    96.46    24.63  9999.00  9999.00  9999.00  9999.00
 00009   937.53    21.85    70.83     1.89   153.10    34.58  9999.00  9999.00  9999.00  9999.00
 00010   958.04    18.88    94.68     1.95   101.33    25.63  9999.00  9999.00  9999.00  9999.00
 00011   985.13    22.89    83.23     3.54   107.50    22.62  9999.00  9999.00  9999.00  9999.00
 00012   991.66    31.17    31.06     2.86   314.60    23.88  9999.00  9999.00  9999.00  9999.00
 00013   997.70    26.84    93.80     2.96   239.59    13.42  9999.00  9999.00  9999.00  9999.00
 00014   995.03    29.85    75.28     2.12   231.84    29.05  9999.00  9999.00  9999.00  9999.00
 00015   976.67    31.44    52.78     3.61   189.74    23.98  9999.00  9999.00  9999.00  9999.00
 00016   940.71    30.55    59.00     1.30   152.81    25.88  9999.00  9999.00  9999.00  9999.00
 00017   978.71    31.22    58.01     3.48   191.06    26.47  9999.00  9999.00  9999.00  9999.00
 00018   996.08    26.76    95.37     3.23   187.30    18.74  9999.00  9999.00  9999.00  9999.00
 00019   926.41    26.47    85.48     1.45   202.15    28.13  9999.00  9999.00  9999.00  9999.00
 00020  1001.25    26.94    96.25     1.31    89.07     6.62  9999.00  9999.00  9999.00  9999.00
 00021   883.67    26.73    33.12     4.13   298.93    25.10  9999.00  9999.00  9999.00  9999.00
 00022   994.74    31.51    44.25     0.81   163.97    23.23  9999.00  9999.00  9999.00  9999.00
 00023   911.44    24.65    38.13     3.27   269.19    21.56  9999.00  9999.00  9999.00  9999.00
 00024   934.37    27.37    30.94     3.89   271.84    23.39  9999.00  9999.00  9999.00  9999.00
 00025   790.98    22.35    72.11     3.00   220.59    25.39  9999.00  9999.00  9999.00  9999.00
 00026   997.66    31.83    59.56     4.86   201.85    29.43  9999.00  9999.00  9999.00  9999.00
 00027   992.76    31.28    59.60     5.04   194.92    28.88  9999.00  9999.00  9999.00  9999.00
 00028   961.67    30.23    65.78     4.69   180.27    27.15  9999.00  9999.00  9999.00  9999.00
 00029  1000.74    29.05    73.74     4.82   170.64    29.67  9999.00  9999.00  9999.00  9999.00
 00030   987.05    29.18    77.23     4.87   166.79    32.07  9999.00  9999.00  9999.00  9999.00
 00031   573.82    15.66    29.32     1.69   226.77    22.19  9999.00  9999.00  9999.00  9999.00
 00032   969.96    27.50    78.14     3.09   184.48    25.15  9999.00  9999.00  9999.00  9999.00
 00033  1003.66    23.90    91.24     7.05   133.42    32.30  9999.00  9999.00  9999.00  9999.00
 00034  1009.53    28.52    84.78     4.74   153.03    34.05  9999.00  9999.00  9999.00  9999.00
 00035  1004.12    27.85    81.50     5.21   155.05    32.15  9999.00  9999.00  9999.00  9999.00
 00036   771.79    19.27    92.15     1.63    32.61    10.11  9999.00  9999.00  9999.00  9999.00
 00037   960.43    28.75    74.29     2.30   175.10    25.17  9999.00  9999.00  9999.00  9999.00
 00038   988.91    28.80    75.48     3.66   181.35    28.08  9999.00  9999.00  9999.00  9999.00
 00039  1002.51    26.78    84.87     9.73   200.78    27.08  9999.00  9999.00  9999.00  9999.00
 00040  1001.89    27.13    86.85     7.85   207.33    28.62  9999.00  9999.00  9999.00  9999.00
 00041   959.32    27.90    75.21     3.01   212.04    24.52  9999.00  9999.00  9999.00  9999.00
 00042   997.79    28.38    86.90     2.10   258.48    18.46  9999.00  9999.00  9999.00  9999.00
 00043   991.84    31.06    62.63     2.39   183.45    29.86  9999.00  9999.00  9999.00  9999.00
 00044   974.48    29.26    71.29     2.09   256.99    27.96  9999.00  9999.00  9999.00  9999.00
 00045  1001.89    27.13    86.85     7.85   207.33    28.62  9999.00  9999.00  9999.00  9999.00
 00046   936.03    26.40    76.41     1.95   195.01    27.87  9999.00  9999.00  9999.00  9999.00
 00047   991.44    27.43    79.87     6.80   189.81    26.49  9999.00  9999.00  9999.00  9999.00
 00048   604.46    15.90    46.73     0.91    75.22    26.42  9999.00  9999.00  9999.00  9999.00
 00049   579.34     6.45    92.58     2.35   201.12     6.72  9999.00  9999.00  9999.00  9999.00
 00050   994.57    27.17    82.50     6.52   199.95    26.57  9999.00  9999.00  9999.00  9999.00
