stn_id       p       t2      rh2      spd      dir      vis    rain6   rain24   tmax24   tmin24 
 00001   959.98    31.67    61.20     1.82   166.12    27.07     0.28  9999.00  9999.00  9999.00
 00002   977.94    38.43    20.52     1.20   109.34    26.40     0.00  9999.00  9999.00  9999.00
 00003   891.50    33.61    20.08     0.86   183.63    25.14     0.00  9999.00  9999.00  9999.00
 00004   827.76    25.90    32.88     2.54   327.58    23.76     0.00  9999.00  9999.00  9999.00
 00005   860.48    30.02    23.09     2.76   320.70    23.92     0.00  9999.00  9999.00  9999.00
 00006   870.64    27.61    27.85     5.64   332.56    23.09     0.00  9999.00  9999.00  9999.00
 00007   987.19    23.91    81.30     4.47   205.73    20.35    14.67  9999.00  9999.00  9999.00
 00008   972.12    24.40    76.69     1.53   260.99    23.16     6.21  9999.00  9999.00  9999.00
 00009   938.01    26.20    34.09     3.45    26.77    34.31     0.00  9999.00  9999.00  9999.00
 00010   954.38    24.24    67.25     3.75   115.21    25.56     0.00  9999.00  9999.00  9999.00
 00011   979.29    28.06    63.39     2.77   124.32    20.60     0.23  9999.00  9999.00  9999.00
 00012   991.74    37.64    21.85     3.04   314.35    24.21     0.00  9999.00  9999.00  9999.00
 00013   998.09    31.14    72.80     6.30   227.21    28.66     0.14  9999.00  9999.00  9999.00
 00014   997.25    28.95    84.64     2.78   252.26     1.54     5.94  9999.00  9999.00  9999.00
 00015   978.48    36.80    30.14     3.10   278.07    24.14     0.07  9999.00  9999.00  9999.00
 00016   939.82    34.72    51.28     1.18    42.23    26.02     0.00  9999.00  9999.00  9999.00
 00017   979.53    38.67    44.62     2.35   192.79    26.64     0.00  9999.00  9999.00  9999.00
 00018   996.35    32.29    69.29     6.34   194.63    28.39     0.05  9999.00  9999.00  9999.00
 00019   925.34    31.29    59.64     1.82   148.26    27.92     0.37  9999.00  9999.00  9999.00
 00020  1002.15    28.75    83.14     4.45   220.51    26.51     8.60  9999.00  9999.00  9999.00
 00021   883.60    28.79    28.06     4.69   345.25    25.05     0.00  9999.00  9999.00  9999.00
 00022   994.76    37.35    23.69     3.47   301.41    23.46     0.00  9999.00  9999.00  9999.00
 00023   911.61    26.99    30.68     3.46   287.83    21.37     0.01  9999.00  9999.00  9999.00
 00024   933.64    28.70    30.93     7.32   298.17    23.22     0.00  9999.00  9999.00  9999.00
 00025   792.75    20.07    82.67     4.61   200.74     3.19     6.49  9999.00  9999.00  9999.00
 00026   999.08    33.62    60.01     5.18   223.50    29.64     0.00  9999.00  9999.00  9999.00
 00027   994.94    33.48    60.95     6.03   212.75    29.06     0.05  9999.00  9999.00  9999.00
 00028   965.37    31.66    61.45     6.84   205.63    27.27     0.07  9999.00  9999.00  9999.00
 00029  1002.66    31.75    61.83     4.34   211.88    29.86     0.26  9999.00  9999.00  9999.00
 00030   989.53    32.52    62.82     5.30   178.63    32.11     0.53  9999.00  9999.00  9999.00
 00031   575.95    15.87    39.55     0.77   221.28    21.99     0.02  9999.00  9999.00  9999.00
 00032   970.82    33.82    51.28     3.26   253.14    23.38     0.00  9999.00  9999.00  9999.00
 00033  1005.11    24.96    97.78     1.33   144.46     0.53     0.01  9999.00  9999.00  9999.00
 00034  1009.51    28.31    84.82     4.99   192.47    34.42     0.01  9999.00  9999.00  9999.00
 00035  1004.59    32.31    63.91     4.10   188.21    32.22     0.38  9999.00  9999.00  9999.00
 00036   772.73    23.20    62.98     1.99   206.81    22.42     0.18  9999.00  9999.00  9999.00
 00037   961.55    34.90    46.99     2.73   266.56    25.42     0.00  9999.00  9999.00  9999.00
 00038   990.20    33.05    57.52     3.18   238.57    28.32     0.00  9999.00  9999.00  9999.00
 00039  1003.23    29.22    75.13     7.98   198.36    27.36     0.00  9999.00  9999.00  9999.00
 00040  1002.36    30.38    70.48     5.57   220.87    28.80     0.00  9999.00  9999.00  9999.00
 00041   961.44    25.58    91.31     3.36   222.13     9.52    10.87  9999.00  9999.00  9999.00
 00042   999.22    29.69    75.70     5.95   224.54    28.98     2.27  9999.00  9999.00  9999.00
 00043   993.22    33.97    55.06     5.01   220.41    30.06     0.00  9999.00  9999.00  9999.00
 00044   975.96    32.99    58.42     3.94   253.61    28.20     0.04  9999.00  9999.00  9999.00
 00045  1002.36    30.38    70.48     5.57   220.87    28.80     0.00  9999.00  9999.00  9999.00
 00046   938.07    30.30    59.16     3.30   228.59    28.13     0.00  9999.00  9999.00  9999.00
 00047   992.67    31.28    65.45     4.98   184.97    25.35     0.00  9999.00  9999.00  9999.00
 00048   606.33    16.23    61.79     1.54   179.70    26.54     0.36  9999.00  9999.00  9999.00
 00049   579.87     8.90    87.89     1.95   207.92     5.48     3.53  9999.00  9999.00  9999.00
 00050   995.06    33.98    56.58     5.19   205.68    26.84     0.00  9999.00  9999.00  9999.00
