stn_id       p       t2      rh2      spd      dir      vis    rain6   rain24   tmax24   tmin24 
 00001   969.75    21.17    92.82     0.72   213.01    24.65     0.02  9999.00  9999.00  9999.00
 00002   996.06    16.69    90.14     1.45   304.78    22.86     0.00  9999.00  9999.00  9999.00
 00003   904.67    14.39    93.71     1.47    43.83    24.01     0.00  9999.00  9999.00  9999.00
 00004   836.41     8.70    96.29     1.84   145.71    24.19     0.00  9999.00  9999.00  9999.00
 00005   869.90    12.44    47.11     1.40    98.21    26.53     0.00  9999.00  9999.00  9999.00
 00006   879.34    13.61    21.25     4.18   172.20    27.12     0.01  9999.00  9999.00  9999.00
 00007  1005.51    13.98    65.54     1.61   183.54    25.79     0.00  9999.00  9999.00  9999.00
 00008   990.08    11.82    76.22     2.60   194.27    26.74     0.00  9999.00  9999.00  9999.00
 00009   940.40     3.54    74.27     2.57   235.64    33.29     0.00  9999.00  9999.00  9999.00
 00010   969.93     8.15    91.13     0.96   252.34    30.20     0.00  9999.00  9999.00  9999.00
 00011   996.16    11.98    68.47     3.24   200.30    27.57     0.00  9999.00  9999.00  9999.00
 00012  1011.45    15.88    73.35     1.74   204.83    23.40     0.00  9999.00  9999.00  9999.00
 00013  1003.47    21.97    97.17     5.38    94.95     1.14     5.29  9999.00  9999.00  9999.00
 00014  1000.67    23.70    86.66     2.79   111.96    25.26     0.00  9999.00  9999.00  9999.00
 00015   994.32    18.97    93.85     2.22    51.27    19.94     0.05  9999.00  9999.00  9999.00
 00016   953.78    19.09    93.61     1.29    99.35    24.86     0.00  9999.00  9999.00  9999.00
 00017   995.89    20.26    91.62     3.19    12.40    22.60     0.07  9999.00  9999.00  9999.00
 00018  1001.56    21.44    97.23     2.94   270.72     0.31    24.48  9999.00  9999.00  9999.00
 00019   935.33    20.09    82.22     1.50   268.87    27.27     0.00  9999.00  9999.00  9999.00
 00020  1008.59    21.82    93.49     4.11   112.28    22.37     0.02  9999.00  9999.00  9999.00
 00021   889.64    15.23    79.16     2.16   171.67    26.66     1.92  9999.00  9999.00  9999.00
 00022  1014.22    15.36    75.23     1.91   198.40    21.13     0.00  9999.00  9999.00  9999.00
 00023   917.24    13.59    66.60     2.07   246.08    23.18     0.00  9999.00  9999.00  9999.00
 00024   939.86    14.53    89.87     1.45   327.85    25.23     0.12  9999.00  9999.00  9999.00
 00025   795.70    15.23    74.53     1.44    54.66    24.76     0.04  9999.00  9999.00  9999.00
 00026  1001.63    24.36    98.01     0.71   312.51     6.30     8.47  9999.00  9999.00  9999.00
 00027   999.44    22.02    91.81     4.76   338.75    20.55     0.74  9999.00  9999.00  9999.00
 00028   970.44    20.66    89.70     4.08    13.85     7.54     4.90  9999.00  9999.00  9999.00
 00029  1001.39    24.78    97.72     2.04   150.73    25.68     0.28  9999.00  9999.00  9999.00
 00030   989.56    24.49    96.05     1.33    96.31    16.51     3.47  9999.00  9999.00  9999.00
 00031   578.04     6.20    36.43     0.97   324.64    25.08     0.00  9999.00  9999.00  9999.00
 00032   973.83    21.81    98.33     0.96    71.56     4.13     0.46  9999.00  9999.00  9999.00
 00033  1003.72    23.77    98.45     1.88   163.26     0.23     0.14  9999.00  9999.00  9999.00
 00034  1007.60    27.82    91.64     3.37   197.86    30.61     0.00  9999.00  9999.00  9999.00
 00035  1003.23    25.27    97.82     0.44   213.22     4.16     0.00  9999.00  9999.00  9999.00
 00036   779.02    13.69    78.37     0.99   132.17    22.76     0.00  9999.00  9999.00  9999.00
 00037   964.31    21.26    98.95     0.79    82.21     2.15     0.30  9999.00  9999.00  9999.00
 00038   991.30    23.07    97.72     0.98   102.65    23.33     0.01  9999.00  9999.00  9999.00
 00039  1004.81    23.58    96.02     3.08    27.85    20.03     0.15  9999.00  9999.00  9999.00
 00040  1002.54    24.18    96.22     1.92    58.26    23.11     0.00  9999.00  9999.00  9999.00
 00041   963.26    22.28    97.22     1.63   217.67     1.97     5.05  9999.00  9999.00  9999.00
 00042  1002.71    22.94    94.76     3.17    97.92     1.61     4.29  9999.00  9999.00  9999.00
 00043   995.46    24.46    97.70     0.80   185.33    13.02     3.70  9999.00  9999.00  9999.00
 00044   977.35    24.23    96.23     0.52   136.37    16.35     0.20  9999.00  9999.00  9999.00
 00045  1002.54    24.18    96.22     1.92    58.26    23.11     0.00  9999.00  9999.00  9999.00
 00046   938.00    22.24    95.00     1.11   196.83    21.66     0.04  9999.00  9999.00  9999.00
 00047   997.58    21.95    98.92     0.64    79.95     1.31     0.33  9999.00  9999.00  9999.00
 00048   609.23     5.50    47.53     1.53   180.22    29.71     0.00  9999.00  9999.00  9999.00
 00049   580.71     4.56    93.90     0.19    71.68     9.54     0.11  9999.00  9999.00  9999.00
 00050   997.25    23.11    95.77     1.74    46.39    20.02     0.08  9999.00  9999.00  9999.00
