stn_id       p       t2      rh2      spd      dir      vis    rain6   rain24   tmax24   tmin24 
 00001   970.79    18.77    69.13     1.41    89.30    23.83  9999.00  9999.00  9999.00  9999.00
 00002   992.04    14.40    50.55     3.62   209.07    20.04  9999.00  9999.00  9999.00  9999.00
 00003   900.57     8.62    64.57     0.70   293.84    18.58  9999.00  9999.00  9999.00  9999.00
 00004   832.35     2.18    69.08     2.21   162.08    16.97  9999.00  9999.00  9999.00  9999.00
 00005   866.03     8.32    47.65     1.56   147.25    16.74  9999.00  9999.00  9999.00  9999.00
 00006   874.68     6.10    42.06     3.61   183.24    16.58  9999.00  9999.00  9999.00  9999.00
 00007  1000.43     6.74    65.30     1.19   288.26    19.57  9999.00  9999.00  9999.00  9999.00
 00008   983.90     3.17    87.88     2.53   240.20    21.50  9999.00  9999.00  9999.00  9999.00
 00009   937.00    -0.66    63.55     3.03   198.25    36.45  9999.00  9999.00  9999.00  9999.00
 00010   960.12     3.01    91.86     2.98   272.89    22.01  9999.00  9999.00  9999.00  9999.00
 00011   988.47     5.76    64.08     2.61   277.97    23.78  9999.00  9999.00  9999.00  9999.00
 00012  1005.49    15.35    43.78     4.43   218.88    18.59  9999.00  9999.00  9999.00  9999.00
 00013  1012.00    14.09    72.81     2.72   221.64    23.29  9999.00  9999.00  9999.00  9999.00
 00014  1009.54    11.32    82.73     2.05   223.83    24.15  9999.00  9999.00  9999.00  9999.00
 00015   993.98    11.01    56.33     1.99   152.44    19.15  9999.00  9999.00  9999.00  9999.00
 00016   950.35    12.71    68.53     2.33    98.51    20.27  9999.00  9999.00  9999.00  9999.00
 00017   995.48    15.49    52.17     2.38   106.87    20.96  9999.00  9999.00  9999.00  9999.00
 00018  1010.62    14.38    79.76     2.65   196.54    23.13  9999.00  9999.00  9999.00  9999.00
 00019   935.40    17.07    76.65     1.02   302.89    24.26  9999.00  9999.00  9999.00  9999.00
 00020  1015.07    12.35    72.22     2.52   235.29    21.84  9999.00  9999.00  9999.00  9999.00
 00021   883.66    11.82    73.21     1.17   125.52    27.86  9999.00  9999.00  9999.00  9999.00
 00022  1009.49    15.45    32.13     4.69   216.12    18.32  9999.00  9999.00  9999.00  9999.00
 00023   910.90    11.75    81.19     3.00   270.95    23.53  9999.00  9999.00  9999.00  9999.00
 00024   931.78    12.60    53.14    10.05   284.02    27.90  9999.00  9999.00  9999.00  9999.00
 00025   795.69    14.71    82.63     2.06   181.18    25.60  9999.00  9999.00  9999.00  9999.00
 00026  1011.79    13.86    78.80     1.78    91.70    24.89  9999.00  9999.00  9999.00  9999.00
 00027  1007.18    15.35    68.67     1.75   194.66    24.48  9999.00  9999.00  9999.00  9999.00
 00028   975.75    17.49    69.75     0.70   132.35    23.23  9999.00  9999.00  9999.00  9999.00
 00029  1008.13    19.55    78.81     1.68    47.67    25.79  9999.00  9999.00  9999.00  9999.00
 00030   997.98    19.52    73.90     1.64    57.98    29.28  9999.00  9999.00  9999.00  9999.00
 00031   569.78     0.00    50.71     2.09   215.87    25.53  9999.00  9999.00  9999.00  9999.00
 00032   980.23    15.17    90.39     0.82    72.76    22.30  9999.00  9999.00  9999.00  9999.00
 00033  1010.58    21.04    93.28     3.80   100.41    18.15  9999.00  9999.00  9999.00  9999.00
 00034  1011.50    27.96    78.23     3.54    63.45    29.61  9999.00  9999.00  9999.00  9999.00
 00035  1009.72    24.13    83.78     1.85    47.23    25.46  9999.00  9999.00  9999.00  9999.00
 00036   775.41    12.57    79.78     0.60    88.77    23.35  9999.00  9999.00  9999.00  9999.00
 00037   970.41    14.81    94.18     0.69    65.08    17.88  9999.00  9999.00  9999.00  9999.00
 00038   997.67    19.29    91.17     0.84   105.64    24.72  9999.00  9999.00  9999.00  9999.00
 00039  1011.49    19.82    80.80     6.66    33.82    24.02  9999.00  9999.00  9999.00  9999.00
 00040  1009.02    21.42    81.80     4.87    57.43    18.26  9999.00  9999.00  9999.00  9999.00
 00041   971.91    11.80    73.42     1.79   228.63    23.55  9999.00  9999.00  9999.00  9999.00
 00042  1012.51    12.47    81.36     2.18   218.64    23.72  9999.00  9999.00  9999.00  9999.00
 00043  1005.30    14.65    73.12     1.54   124.71    25.35  9999.00  9999.00  9999.00  9999.00
 00044   986.60    13.49    77.20     0.39   270.43    23.80  9999.00  9999.00  9999.00  9999.00
 00045  1009.02    21.42    81.80     4.87    57.43    18.26  9999.00  9999.00  9999.00  9999.00
 00046   943.62    14.23    83.01     1.21    53.97    24.24  9999.00  9999.00  9999.00  9999.00
 00047  1004.87    14.90    86.66     2.21   318.13    22.94  9999.00  9999.00  9999.00  9999.00
 00048   600.92     2.53    63.84     1.47   180.05    28.08  9999.00  9999.00  9999.00  9999.00
 00049   575.60    -2.76    93.51     1.83   176.50     8.01  9999.00  9999.00  9999.00  9999.00
 00050  1003.95    16.99    86.81     3.02    27.44    23.24  9999.00  9999.00  9999.00  9999.00
