stn_id       p       t2      rh2      spd      dir      vis    rain6   rain24   tmax24   tmin24 
 00001   971.47    23.88    49.56     0.81   118.79    23.81     0.00  9999.00  9999.00  9999.00
 00002   992.42    21.79    29.30     0.59   189.20    20.03     0.00  9999.00  9999.00  9999.00
 00003   900.05    18.15    31.04     0.82   278.59    18.55     0.00  9999.00  9999.00  9999.00
 00004   832.31    12.21    35.38     3.73   300.33    16.94     0.00  9999.00  9999.00  9999.00
 00005   866.27    15.15    28.57     4.29   244.44    16.72     0.00  9999.00  9999.00  9999.00
 00006   875.25    16.50    18.69     6.78   297.88    16.56     0.00  9999.00  9999.00  9999.00
 00007   996.32    15.22    37.37     4.22   312.97    19.50     0.02  9999.00  9999.00  9999.00
 00008   978.96    12.16    42.37     6.95   317.06    21.41     0.15  9999.00  9999.00  9999.00
 00009   938.46    10.65    32.59     1.73   266.64    36.47     0.00  9999.00  9999.00  9999.00
 00010   953.47     9.78    59.11     8.17   289.58    20.54     0.21  9999.00  9999.00  9999.00
 00011   983.85    12.13    47.61     3.24   336.01    23.68     0.96  9999.00  9999.00  9999.00
 00012  1005.98    23.19    17.43     2.96   303.88    18.57     0.00  9999.00  9999.00  9999.00
 00013  1009.52    22.92    37.37     4.16   234.47    23.21     0.00  9999.00  9999.00  9999.00
 00014  1007.22    22.09    40.06     1.61   257.40    24.06     0.00  9999.00  9999.00  9999.00
 00015   991.51    22.37    26.74     3.57    12.89    19.11     0.00  9999.00  9999.00  9999.00
 00016   951.60    24.46    37.83     0.75   254.69    20.27     0.00  9999.00  9999.00  9999.00
 00017   992.45    27.13    25.57     3.23   153.22    20.89     0.00  9999.00  9999.00  9999.00
 00018  1008.25    23.99    33.38     3.82   221.57    23.02     0.00  9999.00  9999.00  9999.00
 00019   935.85    21.33    53.70     1.95   183.47    24.95     0.00  9999.00  9999.00  9999.00
 00020  1012.51    22.55    38.24     3.69   256.54    21.78     0.00  9999.00  9999.00  9999.00
 00021   882.09    19.84    30.63     3.62   274.07    28.00     0.08  9999.00  9999.00  9999.00
 00022  1009.81    22.07    18.32     3.80   326.38    18.32     0.00  9999.00  9999.00  9999.00
 00023   908.45    20.29    46.93     6.59   289.43    25.70     0.12  9999.00  9999.00  9999.00
 00024   930.03    20.50    32.84     7.36   295.50    27.87     0.00  9999.00  9999.00  9999.00
 00025   794.41    20.94    44.05     3.87   246.61    25.51     0.20  9999.00  9999.00  9999.00
 00026  1010.07    22.22    46.26     0.53   214.93    24.80     0.00  9999.00  9999.00  9999.00
 00027  1006.19    22.63    44.81     0.76   160.63    24.40     0.00  9999.00  9999.00  9999.00
 00028   975.01    22.99    50.99     0.66   344.66    23.17     0.00  9999.00  9999.00  9999.00
 00029  1006.44    25.53    57.65     2.83   352.66    25.72     0.00  9999.00  9999.00  9999.00
 00030   997.06    24.32    50.40     2.16    15.61    29.19     0.00  9999.00  9999.00  9999.00
 00031   569.63     6.69    26.95     3.47   212.46    25.48     0.67  9999.00  9999.00  9999.00
 00032   977.94    15.82    86.85     0.70    73.81    19.40     1.43  9999.00  9999.00  9999.00
 00033  1009.32    21.36    83.43     5.06    75.19    27.72     0.02  9999.00  9999.00  9999.00
 00034  1009.96    28.04    76.45     2.52    53.71    29.65     0.01  9999.00  9999.00  9999.00
 00035  1008.21    26.84    71.95     4.36    38.76    27.93     0.12  9999.00  9999.00  9999.00
 00036   775.15    16.81    48.55     2.33   184.63    23.97     0.08  9999.00  9999.00  9999.00
 00037   968.09    16.03    88.73     0.77   198.37    16.68     1.39  9999.00  9999.00  9999.00
 00038   995.16    20.68    84.31     0.89    24.80    21.10     0.55  9999.00  9999.00  9999.00
 00039  1009.24    19.94    76.44     7.94    31.53    23.92     1.06  9999.00  9999.00  9999.00
 00040  1006.41    21.92    74.76     6.03    42.38    25.13     0.04  9999.00  9999.00  9999.00
 00041   969.50    20.90    39.21     1.77   245.12    23.45     0.00  9999.00  9999.00  9999.00
 00042  1010.28    22.80    37.88     2.84   244.82    23.63     0.00  9999.00  9999.00  9999.00
 00043  1003.77    21.93    46.12     0.67    12.70    25.25     0.00  9999.00  9999.00  9999.00
 00044   984.49    21.13    46.75     0.95   320.01    23.71     0.00  9999.00  9999.00  9999.00
 00045  1006.41    21.92    74.76     6.03    42.38    25.13     0.04  9999.00  9999.00  9999.00
 00046   941.44    20.64    68.18     1.78   354.32    24.16     0.01  9999.00  9999.00  9999.00
 00047  1001.77    19.85    54.88     1.41    96.76    22.81     0.48  9999.00  9999.00  9999.00
 00048   601.73     5.29    51.99     1.17   159.52    27.22     0.45  9999.00  9999.00  9999.00
 00049   575.53     0.98    66.51     3.59   211.89    21.31     0.73  9999.00  9999.00  9999.00
 00050  1001.60    19.37    75.46     4.10    27.25    22.44     0.28  9999.00  9999.00  9999.00
