stn_id       p       t2      rh2      spd      dir      vis    rain6   rain24   tmax24   tmin24 
 00001   981.00    26.10    95.89     2.00   180.00    10.00     0.00    11.00    30.00    24.90
 00002   996.40    23.90    78.66     2.00   270.00     8.00     0.00     7.10    26.10    21.60
 00003   920.70    23.10    81.03     0.00     0.00    12.00     0.00     0.00    31.90    19.40
 00004   856.80    17.70    84.63     1.00   290.00    16.00     0.00     2.00    27.00    14.30
 00005   881.60    20.50    70.97     1.00    90.00    13.00     0.00     0.00    25.10    15.90
 00006   881.50    17.40    93.81     2.00   270.00    15.00     0.00    11.00    26.10    17.40
 00007  1004.50    24.50    83.77     1.00    40.00    23.00     0.00     0.00    33.10    22.50
 00008   984.80    25.20    84.87     2.00   250.00     8.00     0.00     2.00    28.90    23.10
 00009   967.20    12.20    88.70     1.00   270.00    28.00     0.00     0.00    24.80     7.20
 00010   985.40    22.30    88.92     5.00    90.00    22.00     0.00     0.00    29.40    20.60
 00011  1000.10    23.20    84.68     4.00   360.00    30.00     0.00     0.00    29.30    22.10
 00012  1002.60    20.70    93.96     3.00   360.00     2.30     9.00    13.10    27.20    20.70
 00013  1003.40    26.60    89.77     3.00   200.00    29.00     0.00     2.60    31.80    25.80
 00014  1003.60    27.40    87.69     2.00   220.00    26.00     0.00     6.00    35.00    25.40
 00015   985.90    23.20    98.79     2.00   290.00     0.20     7.00    44.00    28.70    23.20
 00016   959.30    25.50    76.93     1.00    40.00    18.00     0.00     0.00    34.30    21.80
 00017   993.30    27.00    74.82     0.00     0.00    11.00     0.00     3.40    31.90    23.90
 00018  1004.10    27.10    89.80     2.00   160.00    29.00     0.00    17.10    33.10    25.20
 00019   943.20    25.70    79.86     1.00   270.00    12.00     0.00     0.00    33.30    23.20
 00020  1007.70    28.40    82.66     2.00   200.00    30.00     0.00     8.00    33.30    26.90
 00021   909.40    23.00    56.63     4.00   180.00    30.00     0.00     0.00    31.90    23.00
 00022  1004.90    23.30    94.07     2.00    20.00     8.00     1.00    31.10    27.30    23.30
 00023   930.60    24.40    38.84     4.00   290.00    30.00     0.00     0.00    33.40    23.70
 00024   955.40    24.20    42.62     4.00   270.00    30.00     0.00     0.00    33.00    18.10
 00025   814.20    19.50    83.73     2.00   220.00    23.00     0.00     0.00    25.90    18.60
 00026  1002.70    29.80    79.89     1.00   220.00    26.00     0.00     0.10    34.00    27.20
 00027   994.40    29.60    77.97     1.00   200.00    17.00     0.00     0.00    35.40    27.80
 00028   976.00    28.20    78.73     3.00   220.00    16.00     0.20     0.20    35.40    26.90
 00029  1003.30    28.90    85.74     1.00   360.00    30.00     0.00     0.00    34.50    26.40
 00030   993.50    27.90    82.60     1.00   320.00    26.00     0.00     0.40    33.50    25.80
 00031   630.90    11.40    62.75     2.00   180.00    30.00     0.00     0.00    23.00    11.10
 00032  1001.30    28.90    82.71     1.00   320.00    22.00     0.00     5.00    35.50    26.70
 00033  1003.70    29.00    86.77     2.00   140.00    26.00     0.00     0.60    32.80    27.20
 00034  1009.60    30.50    76.70     3.00    90.00    30.00     0.20     0.20    32.60    28.30
 00035  1008.40    29.30    88.89     0.00   160.00    21.00     0.00     0.00    33.50    27.30
 00036   843.20    17.50    89.68     1.00   290.00    26.00     0.00    17.60    21.40    16.50
 00037  1004.30    28.50    84.68     1.00   320.00    15.00     0.00     3.00    34.90     0.00
 00038  1005.30    27.90    85.65     1.00   320.00    10.00     0.00     3.00    35.20    25.70
 00039  1009.20    26.90    91.97     3.00   220.00    13.00     0.00     0.00    30.30    26.20
 00040  1005.70    29.00    85.74     2.00   220.00    30.00     0.00     0.00    31.80    27.80
 00041   816.90    18.40   100.00     8.00   250.00     0.00     0.40     2.80    20.40    15.90
 00042  1002.40    26.40    93.62     1.00   220.00    22.00     0.00     7.00    33.10    25.40
 00043  1000.40    28.20   100.00     1.00   270.00     6.00     0.70     1.80    35.10    26.70
 00044   995.80    28.30    85.68     1.00    20.00     9.00     0.00     3.70    34.30    25.10
 00045  1005.70    29.00    85.74     2.00   220.00    30.00     0.00     0.00    31.80    27.80
 00046   965.80    26.20    87.06     1.00   270.00    24.00     0.10    18.10    34.40    23.10
 00047  1006.10    29.60    84.78     1.00   200.00    11.00     0.00     1.00    32.90    26.90
 00048   659.20    15.60    56.68     0.00   160.00    30.00     0.00     0.00    23.50    14.50
 00049   607.50     5.90    88.14     1.00   270.00    30.00     2.00     4.30    15.10     5.90
 00050  1003.70    28.90    82.71     4.00   200.00    12.00     0.00     0.00    32.60    27.50
