stn_id       p       t2      rh2      spd      dir      vis    rain6   rain24   tmax24   tmin24 
 00001   981.00    23.10    90.08     1.00   360.00     9.00     0.00  9999.00  9999.00  9999.00
 00002   997.80    24.10    61.88     1.00    70.00    30.00     0.00  9999.00  9999.00  9999.00
 00003   923.80    18.10    89.16     2.00   360.00    23.00     0.00  9999.00  9999.00  9999.00
 00004   858.90    11.30    91.04     0.00   250.00    30.00     0.50  9999.00  9999.00  9999.00
 00005   883.50    13.70    79.82     2.00   320.00    30.00     0.00  9999.00  9999.00  9999.00
 00006   881.70    16.30    68.81     5.00   220.00    30.00     0.00  9999.00  9999.00  9999.00
 00007  1005.60    16.80    95.00     0.00     0.00    25.00     0.00  9999.00  9999.00  9999.00
 00008   983.70    20.00    65.99     1.00   140.00    12.00     0.00  9999.00  9999.00  9999.00
 00009   965.80    -1.00    95.67     1.00   220.00    30.00     0.00  9999.00  9999.00  9999.00
 00010   984.50    14.90    98.07     2.00   270.00     8.00     0.00  9999.00  9999.00  9999.00
 00011   995.80    21.20    65.81     2.00   200.00    13.00     0.00  9999.00  9999.00  9999.00
 00012  1005.90    21.10    98.77     1.00    40.00     3.40     0.20  9999.00  9999.00  9999.00
 00013  1006.70    23.50    86.83     1.00   110.00     8.00     0.00  9999.00  9999.00  9999.00
 00014  1004.50    26.10    71.96     3.00    20.00    15.00     0.00  9999.00  9999.00  9999.00
 00015   991.40    25.00    76.87     1.00   290.00  9999.00     0.00  9999.00  9999.00  9999.00
 00016   961.20    20.70    96.94     1.00   200.00     8.00     0.00  9999.00  9999.00  9999.00
 00017   997.60    21.50    89.98     1.00   160.00  9999.00     0.00  9999.00  9999.00  9999.00
 00018  1008.00    23.60    82.64     1.00    40.00    13.00     0.00  9999.00  9999.00  9999.00
 00019   944.30    21.20    95.15     2.00   290.00     7.00     0.00  9999.00  9999.00  9999.00
 00020  1009.40    25.30    81.82     2.00    20.00    25.00     0.00  9999.00  9999.00  9999.00
 00021   909.70    21.50    40.75     0.00    70.00    30.00     0.00  9999.00  9999.00  9999.00
 00022  1009.70    24.60    74.92     2.00   340.00    11.00     0.00  9999.00  9999.00  9999.00
 00023   931.10    15.70    65.97     4.00   220.00    30.00     0.00  9999.00  9999.00  9999.00
 00024   958.60    12.10    88.69     1.00   290.00    30.00     0.00  9999.00  9999.00  9999.00
 00025   812.00    18.40    73.90     2.00    40.00    20.00     0.00  9999.00  9999.00  9999.00
 00026  1002.20    25.20    72.71     2.00    40.00    18.00     0.00  9999.00  9999.00  9999.00
 00027   994.50    22.70    87.85     1.00   270.00     7.00     0.00  9999.00  9999.00  9999.00
 00028   976.10    23.50    65.84     1.00   360.00    19.00     0.00  9999.00  9999.00  9999.00
 00029   994.80    25.10    96.44     1.00   340.00     0.80     3.00  9999.00  9999.00  9999.00
 00030   985.70    22.20    88.91     2.00   340.00    13.00     1.00  9999.00  9999.00  9999.00
 00031   621.10    12.30    46.71     2.00   180.00    30.00     0.00  9999.00  9999.00  9999.00
 00032   995.30    25.20   100.00     3.00   340.00     8.00     1.00  9999.00  9999.00  9999.00
 00033   993.60    24.80    92.99     1.00   270.00     4.10     0.10  9999.00  9999.00  9999.00
 00034  1001.10    29.70    83.79     7.00   220.00    10.00     0.00  9999.00  9999.00  9999.00
 00035   998.90    25.30    93.01     1.00   270.00    16.00     0.00  9999.00  9999.00  9999.00
 00036   841.30    16.30    77.05     1.00   360.00    30.00     0.00  9999.00  9999.00  9999.00
 00037   998.40    25.90    91.92     1.00    20.00    14.00     0.00  9999.00  9999.00  9999.00
 00038   996.50    26.50    94.76     1.00   270.00     4.60     0.00  9999.00  9999.00  9999.00
 00039  1000.10    27.40    85.08     4.00    20.00    18.00     0.00  9999.00  9999.00  9999.00
 00040   996.40    26.50    88.68     4.00    20.00    19.00     0.00  9999.00  9999.00  9999.00
 00041   816.30    15.30   100.00     6.00   140.00     0.20     0.00  9999.00  9999.00  9999.00
 00042  1005.20    23.70    83.68     2.00    70.00    14.00     0.00  9999.00  9999.00  9999.00
 00043   999.50    24.60    86.93     2.00    70.00    30.00     0.00  9999.00  9999.00  9999.00
 00044   993.80    24.80    75.89     2.00    40.00    13.00     0.00  9999.00  9999.00  9999.00
 00045   996.40    26.50    88.68     4.00    20.00    19.00     0.00  9999.00  9999.00  9999.00
 00046   959.50    24.30    98.20     2.00    20.00    30.00     0.00  9999.00  9999.00  9999.00
 00047  1002.20    25.00    94.71     2.00   340.00     6.00    12.00  9999.00  9999.00  9999.00
 00048   656.40    14.20    44.62     1.00   140.00    27.00     0.00  9999.00  9999.00  9999.00
 00049   606.50     7.10    81.68     3.00   250.00    30.00     0.00  9999.00  9999.00  9999.00
 00050   995.60    26.90    86.07     5.00    40.00    30.00     0.10  9999.00  9999.00  9999.00
