stn_id       p       t2      rh2      spd      dir      vis    rain6   rain24   tmax24   tmin24 
 00001   961.11    30.82    57.58     1.86   348.58    25.84  9999.00  9999.00  9999.00  9999.00
 00002   985.50    28.58    72.53     2.52   144.63    25.94  9999.00  9999.00  9999.00  9999.00
 00003   896.71    26.57    59.26     2.06   120.06    24.92  9999.00  9999.00  9999.00  9999.00
 00004   833.02    20.74    73.58     2.56   182.77    24.96  9999.00  9999.00  9999.00  9999.00
 00005   866.21    21.65    79.72     1.35   336.59    27.73  9999.00  9999.00  9999.00  9999.00
 00006   875.70    26.19    25.14     3.19   319.61    28.76  9999.00  9999.00  9999.00  9999.00
 00007   994.86    26.02    78.06     1.91     1.37    25.01  9999.00  9999.00  9999.00  9999.00
 00008   981.63    24.88    79.55     2.18    70.18    27.40  9999.00  9999.00  9999.00  9999.00
 00009   941.78    18.74    92.18     1.17   178.29    41.05  9999.00  9999.00  9999.00  9999.00
 00010   962.29    20.75    89.82     1.00   144.87    28.72  9999.00  9999.00  9999.00  9999.00
 00011   989.59    24.78    82.91     1.78    83.95    30.14  9999.00  9999.00  9999.00  9999.00
 00012   999.92    28.43    67.96     3.53   197.22    24.44  9999.00  9999.00  9999.00  9999.00
 00013  1001.78    27.20    85.94     0.82   119.08    23.90  9999.00  9999.00  9999.00  9999.00
 00014   999.38    25.87    90.54     1.12   134.21    24.15  9999.00  9999.00  9999.00  9999.00
 00015   986.50    27.61    71.23     1.70    40.06    20.67  9999.00  9999.00  9999.00  9999.00
 00016   945.42    27.42    59.24     2.42    30.30    25.54  9999.00  9999.00  9999.00  9999.00
 00017   987.64    28.11    69.92     1.72   154.13    24.22  9999.00  9999.00  9999.00  9999.00
 00018  1000.41    26.98    85.45     1.80    94.36    24.05  9999.00  9999.00  9999.00  9999.00
 00019   928.53    27.12    72.09     0.26   225.32    27.07  9999.00  9999.00  9999.00  9999.00
 00020  1005.09    24.44    85.46     1.40    55.61    21.16  9999.00  9999.00  9999.00  9999.00
 00021   893.77    14.96    61.11     1.76   200.09    28.06  9999.00  9999.00  9999.00  9999.00
 00022  1003.72    28.41    66.61     2.56   241.20    21.87  9999.00  9999.00  9999.00  9999.00
 00023   920.24    17.73    36.62     3.78   296.56    23.39  9999.00  9999.00  9999.00  9999.00
 00024   944.08    19.49    30.07     4.53   304.10    25.76  9999.00  9999.00  9999.00  9999.00
 00025   792.87    19.38    84.34     1.74   114.26    24.31  9999.00  9999.00  9999.00  9999.00
 00026  1000.02    27.99    81.72     1.69    66.88    26.81  9999.00  9999.00  9999.00  9999.00
 00027   996.32    28.73    78.48     1.64     3.79    27.13  9999.00  9999.00  9999.00  9999.00
 00028   966.11    28.36    78.42     1.78   104.33    26.19  9999.00  9999.00  9999.00  9999.00
 00029   999.70    27.44    85.98     1.77   156.43    28.74  9999.00  9999.00  9999.00  9999.00
 00030   987.90    26.84    91.58     1.26   143.28    30.80  9999.00  9999.00  9999.00  9999.00
 00031   573.18    14.74    38.49     2.16   202.04    23.63  9999.00  9999.00  9999.00  9999.00
 00032   970.78    26.49    93.08     1.49   260.64    10.23  9999.00  9999.00  9999.00  9999.00
 00033  1002.37    24.80    93.96     2.29   126.25    29.16  9999.00  9999.00  9999.00  9999.00
 00034  1006.87    28.57    90.98     5.71   158.05    34.52  9999.00  9999.00  9999.00  9999.00
 00035  1001.99    29.09    86.57     2.96   135.86    30.40  9999.00  9999.00  9999.00  9999.00
 00036   772.07    22.62    66.15     0.72   123.12    24.33  9999.00  9999.00  9999.00  9999.00
 00037   961.50    26.22    93.20     1.17   260.20     7.78  9999.00  9999.00  9999.00  9999.00
 00038   988.23    28.08    90.02     0.62   154.78    26.74  9999.00  9999.00  9999.00  9999.00
 00039  1001.68    26.81    91.08     4.53   224.80    25.48  9999.00  9999.00  9999.00  9999.00
 00040  1000.04    27.73    88.52     4.76   210.17    27.30  9999.00  9999.00  9999.00  9999.00
 00041   962.15    26.60    81.32     1.68    61.29    24.78  9999.00  9999.00  9999.00  9999.00
 00042  1001.92    27.17    88.54     1.43   108.47    24.61  9999.00  9999.00  9999.00  9999.00
 00043   993.86    29.71    77.49     0.43   162.65    27.48  9999.00  9999.00  9999.00  9999.00
 00044   976.30    28.06    77.43     0.56   231.97    23.33  9999.00  9999.00  9999.00  9999.00
 00045  1000.04    27.73    88.52     4.76   210.17    27.30  9999.00  9999.00  9999.00  9999.00
 00046   936.46    24.08    94.85     1.09   134.02    12.03  9999.00  9999.00  9999.00  9999.00
 00047   993.96    25.12    96.43     2.01   228.90     5.68  9999.00  9999.00  9999.00  9999.00
 00048   603.58    15.86    63.22     1.39   167.29    28.45  9999.00  9999.00  9999.00  9999.00
 00049   578.77     6.61    90.81     1.41   214.95     7.17  9999.00  9999.00  9999.00  9999.00
 00050   994.05    27.36    91.60     2.18   245.03    22.14  9999.00  9999.00  9999.00  9999.00
