stn_id       p       t2      rh2      spd      dir      vis    rain6   rain24   tmax24   tmin24 
 00001   972.51    16.69    87.01     2.16   262.74    15.60     8.80    25.29    24.37    16.63
 00002   997.80    16.54    78.31     1.04   240.58    23.84     0.00     0.00    23.20    12.22
 00003   906.83    11.89    79.97     0.33   118.49    23.53     0.00     0.00    19.60     7.95
 00004   838.29    10.31    74.89     1.73   191.64    23.74     0.00     0.00    16.99     6.24
 00005   872.55    11.04    86.56     1.29   182.02    26.22     0.00     0.01    19.94     8.33
 00006   880.67    13.88    62.33     4.67   207.89    26.86     0.05     0.05    19.76     8.74
 00007  1005.66    14.23    61.27     1.25   137.24    25.76     0.00     0.00    20.06     7.88
 00008   989.17    13.17    54.23     3.63   198.23    26.64     0.00     0.00    17.04     7.58
 00009   940.17     5.70    82.44     3.72   323.89    32.55     0.56     0.90    15.42     4.63
 00010   967.69    11.32    69.34     0.19   286.18    29.70     0.00     0.00    16.91     4.70
 00011   995.02    12.69    56.85     5.09   191.30    27.41     0.00     0.00    15.51     7.76
 00012  1012.86    16.40    79.56     1.01   211.27    23.27     0.00     0.00    23.41    12.89
 00013  1013.06    18.40    68.05     2.76   156.87    23.47     0.00    10.80    24.13    18.16
 00014  1009.26    19.73    72.46     2.57   337.32    20.92     0.08     6.80    32.39    19.44
 00015   998.79    17.74    61.18     0.47   135.90    20.00     0.00     0.00    24.00    12.71
 00016   958.73    14.00    88.88     0.63    73.71    20.02     0.00    14.04    18.10    11.29
 00017  1000.80    18.18    81.33     1.34   302.43    22.37     0.00     0.58    21.60    15.04
 00018  1012.54    18.72    65.26     3.04     9.63    22.96     0.00     5.44    23.60    18.72
 00019   937.48    18.47    87.24     0.95   139.22    24.45     2.67     4.30    24.74    17.80
 00020  1014.23    19.60    70.90     4.60   322.94    22.99     0.00     1.55    30.14    17.87
 00021   892.58    11.34    87.89     0.98   106.91     5.35     8.23     9.68    20.75    10.45
 00022  1016.01    17.64    64.81     2.71   223.41    21.12     0.00     0.00    23.91    13.82
 00023   919.74    10.91    87.22     5.34   263.81    12.99     2.04     7.85    19.21    10.57
 00024   941.18    12.32    86.66     4.95   294.16    14.76     2.21     3.56    23.61    10.30
 00025   796.64    16.05    95.58     1.37   154.64    24.87     0.78     1.85    23.19    15.01
 00026  1009.26    20.98    81.60     3.69     8.65    23.37     0.09     1.83    31.93    20.65
 00027  1005.99    19.78    78.66     4.29   325.27    23.11     0.30     0.82    28.41    19.76
 00028   974.53    17.84    86.09     2.18   261.92    23.67     0.40     4.71    30.13    17.70
 00029  1007.03    25.91    89.18     0.83    20.27    21.33     0.01     0.04    31.27    23.69
 00030   995.70    24.69    93.95     1.56   164.92    15.91     0.00     0.89    30.49    23.26
 00031   576.58     2.53    91.92     1.10   217.55    19.10     0.32     3.82    13.77     2.00
 00032   977.28    24.47    93.17     0.50    78.91    12.91     0.32     0.39    30.87    22.23
 00033  1008.89    23.21    99.41     1.42   129.68     0.81     0.34     0.63    23.69    20.91
 00034  1009.56    27.60    86.60     4.60    26.91    27.27     0.72     1.36    28.29    27.14
 00035  1008.00    25.66    95.11     1.87    30.51     5.85     0.08     1.07    30.40    24.63
 00036   776.88    15.26    96.82     0.86   297.66     5.37     9.82    21.95    23.02    15.09
 00037   967.74    24.64    92.21     0.32   132.40    12.42     0.21     0.26    31.33    22.67
 00038   994.80    25.79    89.11     0.58   272.23    13.62     0.00     0.47    31.32    23.00
 00039  1008.37    24.77    94.70     1.21   243.02    19.31     0.01     0.43    26.97    23.87
 00040  1006.33    24.53    97.21     1.41   271.75     4.86     0.01     0.04    28.85    23.61
 00041   971.11    18.17    75.88     2.60    51.09    23.40     0.05     1.93    29.03    17.24
 00042  1013.01    19.23    71.65     2.53    22.11    23.82     0.00    11.47    25.46    19.15
 00043  1002.88    21.38    87.46     2.72    34.93    24.48     1.16     3.25    31.84    21.20
 00044   983.99    23.12    95.86     1.92    94.68     8.77     3.47     5.17    31.14    23.05
 00045  1006.33    24.53    97.21     1.41   271.75     4.86     0.01     0.04    28.85    23.61
 00046   942.70    24.20    87.56     0.69   210.90    24.57     0.14     0.95    28.96    20.87
 00047  1001.84    23.02    97.03     2.19    54.90     5.61     0.40     0.83    27.39    22.45
 00048   607.48     4.73    96.09     1.18   173.47    10.23     0.39     3.63    15.09     4.54
 00049   580.21     2.06    97.47     1.00   156.52     3.04     1.54     9.71     8.40     1.90
 00050  1000.60    25.41    91.22     1.10    49.29    17.11     0.00     0.57    29.44    23.40
