stn_id       p       t2      rh2      spd      dir      vis    rain6   rain24   tmax24   tmin24 
 00001   961.47    28.76    66.93     0.39   296.88    26.64  9999.00  9999.00  9999.00  9999.00
 00002   981.91    30.30    38.15     1.56   149.28    23.44  9999.00  9999.00  9999.00  9999.00
 00003   891.98    29.74    30.64     1.06    59.49    22.55  9999.00  9999.00  9999.00  9999.00
 00004   827.79    22.60    44.24     4.44   300.37    20.87  9999.00  9999.00  9999.00  9999.00
 00005   859.67    26.52    32.10     4.35   235.28    20.24  9999.00  9999.00  9999.00  9999.00
 00006   869.46    26.53    24.41     6.86   295.89    19.31  9999.00  9999.00  9999.00  9999.00
 00007   992.24    30.78    51.86     4.81   190.10    21.89  9999.00  9999.00  9999.00  9999.00
 00008   976.57    32.21    44.45     3.01   188.84    23.43  9999.00  9999.00  9999.00  9999.00
 00009   931.23    18.80    99.62     1.51    63.80     1.88  9999.00  9999.00  9999.00  9999.00
 00010   960.36    24.00    56.72     3.48   118.37    25.38  9999.00  9999.00  9999.00  9999.00
 00011   984.33    30.74    41.87     3.33   158.29    25.10  9999.00  9999.00  9999.00  9999.00
 00012   998.11    27.80    51.12     0.81    62.46    21.13  9999.00  9999.00  9999.00  9999.00
 00013   996.67    26.67    79.83     5.36   288.98    26.42  9999.00  9999.00  9999.00  9999.00
 00014   993.76    29.78    75.73     2.85   217.83    27.03  9999.00  9999.00  9999.00  9999.00
 00015   983.40    25.31    59.08     1.18   151.75    22.12  9999.00  9999.00  9999.00  9999.00
 00016   944.42    27.73    60.16     2.05   231.85    24.53  9999.00  9999.00  9999.00  9999.00
 00017   984.26    28.02    61.02     1.00   315.09    25.09  9999.00  9999.00  9999.00  9999.00
 00018   996.63    26.17    78.71     4.40   324.75    26.42  9999.00  9999.00  9999.00  9999.00
 00019   926.90    29.99    51.50     0.45   224.93    27.44  9999.00  9999.00  9999.00  9999.00
 00020   999.31    25.95    93.80     3.29   147.36    13.39  9999.00  9999.00  9999.00  9999.00
 00021   878.41    32.47    14.89     2.81   191.35    25.30  9999.00  9999.00  9999.00  9999.00
 00022  1000.93    27.49    49.77     2.10   133.35    20.80  9999.00  9999.00  9999.00  9999.00
 00023   903.91    31.94    18.17     4.06   272.49    23.52  9999.00  9999.00  9999.00  9999.00
 00024   927.71    33.85    10.99     3.86   122.68    25.19  9999.00  9999.00  9999.00  9999.00
 00025   789.69    23.60    59.71     3.73   201.35    25.87  9999.00  9999.00  9999.00  9999.00
 00026   997.91    29.00    81.63     2.51   255.39    24.13  9999.00  9999.00  9999.00  9999.00
 00027   994.88    26.95    80.69     1.61   306.94    27.15  9999.00  9999.00  9999.00  9999.00
 00028   963.83    28.10    80.46     0.49   254.63    19.12  9999.00  9999.00  9999.00  9999.00
 00029   998.97    30.46    72.76     3.75   196.46    27.37  9999.00  9999.00  9999.00  9999.00
 00030   986.26    30.90    70.74     4.06   169.89    31.99  9999.00  9999.00  9999.00  9999.00
 00031   570.93    19.12    13.46     4.45   246.80    22.18  9999.00  9999.00  9999.00  9999.00
 00032   967.94    29.98    68.01     2.56   221.08    20.78  9999.00  9999.00  9999.00  9999.00
 00033  1001.42    24.44    96.08     3.49   128.93     6.43  9999.00  9999.00  9999.00  9999.00
 00034  1005.84    28.21    86.97     6.70   199.57    33.27  9999.00  9999.00  9999.00  9999.00
 00035  1001.09    30.14    77.20     4.25   177.99    26.24  9999.00  9999.00  9999.00  9999.00
 00036   771.48    20.55    60.64     1.37   150.43    24.82  9999.00  9999.00  9999.00  9999.00
 00037   958.69    30.93    65.56     1.94   242.88    22.65  9999.00  9999.00  9999.00  9999.00
 00038   987.16    30.95    70.55     2.61   219.14    25.78  9999.00  9999.00  9999.00  9999.00
 00039  1000.36    27.46    86.54     8.69   207.90    24.61  9999.00  9999.00  9999.00  9999.00
 00040   999.24    28.55    82.98     6.93   214.68    26.34  9999.00  9999.00  9999.00  9999.00
 00041   958.92    24.63    93.01     2.85   253.78     1.18  9999.00  9999.00  9999.00  9999.00
 00042   997.54    25.31    92.43     3.51   261.64    20.61  9999.00  9999.00  9999.00  9999.00
 00043   991.88    29.07    81.81     2.01   227.52    27.45  9999.00  9999.00  9999.00  9999.00
 00044   974.21    27.65    84.17     3.33   276.38    12.32  9999.00  9999.00  9999.00  9999.00
 00045   999.24    28.55    82.98     6.93   214.68    26.34  9999.00  9999.00  9999.00  9999.00
 00046   935.10    27.76    74.40     3.43   230.64    25.00  9999.00  9999.00  9999.00  9999.00
 00047   989.79    28.68    82.91     3.23   154.39    23.44  9999.00  9999.00  9999.00  9999.00
 00048   601.73    16.39    49.80     1.23   148.79    26.14  9999.00  9999.00  9999.00  9999.00
 00049   577.38     1.88    93.89     1.38   163.84     5.83  9999.00  9999.00  9999.00  9999.00
 00050   992.27    29.13    81.66     6.12   203.57    24.09  9999.00  9999.00  9999.00  9999.00
