stn_id       p       t2      rh2      spd      dir      vis    rain6   rain24   tmax24   tmin24 
 00001   989.65     6.61    55.54     0.35   221.30    18.54  9999.00  9999.00  9999.00  9999.00
 00002  1007.98     2.66    12.91     3.08   305.89    27.05  9999.00  9999.00  9999.00  9999.00
 00003   911.68    -5.70    18.16     1.73   198.79    25.15  9999.00  9999.00  9999.00  9999.00
 00004   838.07    -9.01    28.96     2.43   273.06    26.30  9999.00  9999.00  9999.00  9999.00
 00005   874.69   -11.85    34.01     2.02   190.98    31.58  9999.00  9999.00  9999.00  9999.00
 00006   882.03    -7.17    32.60     7.95   262.72    35.49  9999.00  9999.00  9999.00  9999.00
 00007  1010.72    -5.80    35.68     5.73   320.30    34.84  9999.00  9999.00  9999.00  9999.00
 00008   991.01   -11.81    37.61     6.34   320.76    40.78  9999.00  9999.00  9999.00  9999.00
 00009   943.30   -21.44    60.35     2.54   276.13    55.30  9999.00  9999.00  9999.00  9999.00
 00010   961.95   -12.33    52.09     6.22   294.54    34.24  9999.00  9999.00  9999.00  9999.00
 00011   996.30   -17.00    62.34     5.06   305.03    46.10  9999.00  9999.00  9999.00  9999.00
 00012  1023.76     1.83    14.89     2.95   297.96    28.90  9999.00  9999.00  9999.00  9999.00
 00013  1027.27     3.78    18.54     3.99   267.38    20.01  9999.00  9999.00  9999.00  9999.00
 00014  1023.77     3.24    25.05     3.45   306.22    20.12  9999.00  9999.00  9999.00  9999.00
 00015  1008.16     0.88    14.17     1.78   347.82    21.84  9999.00  9999.00  9999.00  9999.00
 00016   971.63     0.55    14.59     0.90   262.02    19.49  9999.00  9999.00  9999.00  9999.00
 00017  1011.22     3.65    10.28     4.60   298.70    19.89  9999.00  9999.00  9999.00  9999.00
 00018  1026.44     3.67    20.48     4.15   272.20    19.34  9999.00  9999.00  9999.00  9999.00
 00019   950.99     5.14    49.01     1.15   213.00    22.10  9999.00  9999.00  9999.00  9999.00
 00020  1028.27     3.17    21.65     6.20   306.98    19.94  9999.00  9999.00  9999.00  9999.00
 00021   903.56   -10.32    34.43     1.55   161.60    43.92  9999.00  9999.00  9999.00  9999.00
 00022  1026.67     2.56    13.24     4.23   300.96    26.16  9999.00  9999.00  9999.00  9999.00
 00023   929.94   -11.57    38.94     2.46   156.61    40.35  9999.00  9999.00  9999.00  9999.00
 00024   961.97   -23.91    97.38     4.53   123.67    19.69  9999.00  9999.00  9999.00  9999.00
 00025   800.84     1.25    80.53     2.07    97.81    17.45  9999.00  9999.00  9999.00  9999.00
 00026  1027.92     4.29    36.00     2.14   347.60    18.94  9999.00  9999.00  9999.00  9999.00
 00027  1024.79     4.56    39.51     2.55   346.88    18.19  9999.00  9999.00  9999.00  9999.00
 00028   991.91     4.42    46.80     1.38     2.49    17.00  9999.00  9999.00  9999.00  9999.00
 00029  1020.78     8.44    40.55     5.64    18.28    20.65  9999.00  9999.00  9999.00  9999.00
 00030  1012.17    10.09    33.17     4.80    16.27    21.89  9999.00  9999.00  9999.00  9999.00
 00031   574.83    -4.46    22.18     0.82   296.09    35.52  9999.00  9999.00  9999.00  9999.00
 00032   988.83     5.78    43.59     1.53   302.55    18.43  9999.00  9999.00  9999.00  9999.00
 00033  1021.42    13.71    69.73     9.05    37.61    22.42  9999.00  9999.00  9999.00  9999.00
 00034  1015.65    25.15    72.81    15.36    34.88    21.89  9999.00  9999.00  9999.00  9999.00
 00035  1019.83    15.75    62.37     7.88    26.73    22.39  9999.00  9999.00  9999.00  9999.00
 00036   781.64    -0.22    69.38     1.17   352.89    19.99  9999.00  9999.00  9999.00  9999.00
 00037   978.54     5.16    43.53     1.68   306.44    18.33  9999.00  9999.00  9999.00  9999.00
 00038  1007.60     8.25    40.74     2.02     5.02    20.10  9999.00  9999.00  9999.00  9999.00
 00039  1021.71    10.11    52.10     9.23    23.91    18.91  9999.00  9999.00  9999.00  9999.00
 00040  1019.10    10.52    35.52     6.35    27.83    20.62  9999.00  9999.00  9999.00  9999.00
 00041   983.80     2.28    13.93     2.07   314.09    18.59  9999.00  9999.00  9999.00  9999.00
 00042  1028.13     4.02    18.79     4.01   274.07    19.70  9999.00  9999.00  9999.00  9999.00
 00043  1021.06     3.79    42.85     2.16    21.32    19.20  9999.00  9999.00  9999.00  9999.00
 00044   999.83     2.05    39.71     1.21   285.71    18.88  9999.00  9999.00  9999.00  9999.00
 00045  1019.10    10.52    35.52     6.35    27.83    20.62  9999.00  9999.00  9999.00  9999.00
 00046   952.00     2.82    39.20     3.41    16.27    19.04  9999.00  9999.00  9999.00  9999.00
 00047  1015.07     5.46    46.06     6.02   331.95    19.40  9999.00  9999.00  9999.00  9999.00
 00048   606.48    -0.50    12.73     1.51    21.57    37.78  9999.00  9999.00  9999.00  9999.00
 00049   576.54    -4.32    31.97     1.32    23.99    29.48  9999.00  9999.00  9999.00  9999.00
 00050  1013.86     8.66    31.65     5.12    23.46    19.44  9999.00  9999.00  9999.00  9999.00
