stn_id       p       t2      rh2      spd      dir      vis    rain6   rain24   tmax24   tmin24 
 00001   973.31    26.80  9999.00     2.00   360.00     9.00  9999.00  9999.00  9999.00  9999.00
 00002   999.04    27.50  9999.00     2.00   140.00  9999.00  9999.00  9999.00  9999.00  9999.00
 00003   918.98    22.70  9999.00     2.00    40.00    27.00  9999.00  9999.00  9999.00  9999.00
 00004   858.98    13.90  9999.00     2.00    40.00     8.00  9999.00  9999.00  9999.00  9999.00
 00005   890.12    21.30  9999.00     3.00   250.00    30.00  9999.00  9999.00  9999.00  9999.00
 00006   879.14    24.40  9999.00     3.00    40.00    30.00  9999.00  9999.00  9999.00  9999.00
 00007  1002.35    25.90  9999.00     3.00    20.00    30.00  9999.00  9999.00  9999.00  9999.00
 00008   979.66    24.00  9999.00     3.00   270.00    14.00  9999.00  9999.00  9999.00  9999.00
 00009   963.41    23.00  9999.00     2.00    40.00    30.00  9999.00  9999.00  9999.00  9999.00
 00010   976.35    19.70  9999.00     1.00   200.00    15.00  9999.00  9999.00  9999.00  9999.00
 00011   989.93    24.90  9999.00     2.00   360.00    30.00  9999.00  9999.00  9999.00  9999.00
 00012  1004.56    26.90  9999.00     2.00   220.00    18.00  9999.00  9999.00  9999.00  9999.00
 00013  1006.56    30.90  9999.00     3.00    90.00    13.00  9999.00  9999.00  9999.00  9999.00
 00014  1001.47    32.60  9999.00     5.00    90.00    18.00  9999.00  9999.00  9999.00  9999.00
 00015   989.03    29.30  9999.00     2.00    40.00    17.00  9999.00  9999.00  9999.00  9999.00
 00016   955.12    25.10  9999.00     2.00    70.00    13.00  9999.00  9999.00  9999.00  9999.00
 00017   995.39    28.60  9999.00     3.00   140.00    25.00  9999.00  9999.00  9999.00  9999.00
 00018  1004.08    30.40  9999.00     3.00    20.00    24.00  9999.00  9999.00  9999.00  9999.00
 00019   935.84    24.20  9999.00     2.00   110.00     8.00  9999.00  9999.00  9999.00  9999.00
 00020  1007.22    29.90  9999.00     4.00    70.00    30.00  9999.00  9999.00  9999.00  9999.00
 00021   896.76    31.10  9999.00     3.00    40.00    30.00  9999.00  9999.00  9999.00  9999.00
 00022  1008.50    28.10  9999.00     2.00   250.00    14.00  9999.00  9999.00  9999.00  9999.00
 00023   919.28    34.20  9999.00     3.00   270.00    30.00  9999.00  9999.00  9999.00  9999.00
 00024   948.82    32.30  9999.00     1.00   110.00    30.00  9999.00  9999.00  9999.00  9999.00
 00025  9999.00  9999.00  9999.00  9999.00  9999.00  9999.00  9999.00  9999.00  9999.00  9999.00
 00026   999.64    33.30  9999.00     2.00    70.00    23.00  9999.00  9999.00  9999.00  9999.00
 00027   996.42    33.10  9999.00     2.00    40.00    15.00  9999.00  9999.00  9999.00  9999.00
 00028   973.17    30.60  9999.00     2.00    40.00    17.00  9999.00  9999.00  9999.00  9999.00
 00029  1000.50    29.10  9999.00     1.00   160.00    30.00  9999.00  9999.00  9999.00  9999.00
 00030   988.57    31.00  9999.00     2.00   200.00    29.00  9999.00  9999.00  9999.00  9999.00
 00031   619.80    17.50    42.73     5.00   220.00    30.00  9999.00  9999.00  9999.00  9999.00
 00032   996.09    30.30  9999.00     3.00   140.00    23.00  9999.00  9999.00  9999.00  9999.00
 00033  1002.11    31.00  9999.00     2.00   340.00    29.00  9999.00  9999.00  9999.00  9999.00
 00034  1004.50    32.20  9999.00     2.00   200.00    20.00  9999.00  9999.00  9999.00  9999.00
 00035  1001.90    31.10  9999.00     1.00   220.00    30.00  9999.00  9999.00  9999.00  9999.00
 00036   832.90    24.80    62.77     1.00   140.00    15.00  9999.00  9999.00  9999.00  9999.00
 00037  1000.64    26.80  9999.00     2.00   160.00     0.40  9999.00  9999.00  9999.00  9999.00
 00038  1001.94    27.70  9999.00     4.00    40.00    15.00  9999.00  9999.00  9999.00  9999.00
 00039  1003.36    28.80  9999.00     2.00   160.00    19.00  9999.00  9999.00  9999.00  9999.00
 00040   999.17    29.00  9999.00     1.00   200.00    22.00  9999.00  9999.00  9999.00  9999.00
 00041   816.20    18.60    98.74     3.00    90.00     4.70  9999.00  9999.00  9999.00  9999.00
 00042  1004.89    31.40  9999.00     3.00    20.00    18.00  9999.00  9999.00  9999.00  9999.00
 00043  1001.72    33.10  9999.00     2.00    20.00    19.00  9999.00  9999.00  9999.00  9999.00
 00044   995.75    32.20  9999.00     2.00    70.00    21.00  9999.00  9999.00  9999.00  9999.00
 00045   999.17    29.00  9999.00     1.00   200.00    22.00  9999.00  9999.00  9999.00  9999.00
 00046   964.13    24.90  9999.00     1.00   220.00    17.00  9999.00  9999.00  9999.00  9999.00
 00047  1002.57    28.70  9999.00     1.00    90.00    20.00  9999.00  9999.00  9999.00  9999.00
 00048   648.80    21.40    43.79     2.00   290.00    30.00  9999.00  9999.00  9999.00  9999.00
 00049   601.20    10.40    77.68     5.00   220.00    30.00  9999.00  9999.00  9999.00  9999.00
 00050  1003.26    29.30  9999.00     3.00   110.00    17.00  9999.00  9999.00  9999.00  9999.00
