stn_id       p       t2      rh2      spd      dir      vis    rain6   rain24   tmax24   tmin24 
 00001   963.85    24.87    93.35     1.02   101.04    27.38     0.00  9999.00  9999.00  9999.00
 00002   988.52    24.49    51.08     1.59   214.42    27.93     0.00  9999.00  9999.00  9999.00
 00003   899.86    19.82    45.51     1.51    47.62    26.42     0.00  9999.00  9999.00  9999.00
 00004   833.48    13.10    53.15     2.17   137.32    25.14     0.00  9999.00  9999.00  9999.00
 00005   867.00    16.14    48.21     1.79    65.11    25.77     0.00  9999.00  9999.00  9999.00
 00006   877.24    16.35    48.77     3.30   172.11    25.00     0.00  9999.00  9999.00  9999.00
 00007   998.08    18.50    93.87     1.81   197.73    24.16     0.00  9999.00  9999.00  9999.00
 00008   982.24    18.12    88.14     1.73   313.37    13.95     0.21  9999.00  9999.00  9999.00
 00009   942.33    16.01    74.74     2.07   193.34    33.70     0.00  9999.00  9999.00  9999.00
 00010   961.52    15.60    99.23     1.10   104.32     7.15     0.02  9999.00  9999.00  9999.00
 00011   988.16    17.68    92.38     1.37   207.24    22.38     0.08  9999.00  9999.00  9999.00
 00012  1003.55    24.54    57.05     2.29   162.19    25.90     0.00  9999.00  9999.00  9999.00
 00013  1000.69    23.62    95.50     3.00    34.26     0.91    21.20  9999.00  9999.00  9999.00
 00014   996.97    24.74    94.61     1.44    67.54    30.03     0.01  9999.00  9999.00  9999.00
 00015   988.41    20.78    80.61     1.43   122.47    25.17     0.00  9999.00  9999.00  9999.00
 00016   947.40    19.55    76.82     1.68   126.94    26.66     0.00  9999.00  9999.00  9999.00
 00017   989.45    23.67    76.91     1.40   235.44    27.35     0.00  9999.00  9999.00  9999.00
 00018  1000.10    22.63    85.35     1.26    17.60    15.26     1.03  9999.00  9999.00  9999.00
 00019   929.88    23.83    86.51     1.44   332.71    28.45     0.00  9999.00  9999.00  9999.00
 00020  1004.31    23.98    95.52     2.87   132.01    24.44     0.00  9999.00  9999.00  9999.00
 00021   882.85    25.33    29.31     2.86   250.23    24.91     0.00  9999.00  9999.00  9999.00
 00022  1006.68    23.66    55.97     2.30   183.16    24.87     0.00  9999.00  9999.00  9999.00
 00023   911.36    22.01    25.86     2.23   224.16    20.62     0.00  9999.00  9999.00  9999.00
 00024   932.11    24.66    23.19     2.52   283.58    22.47     0.00  9999.00  9999.00  9999.00
 00025   793.68    17.13    72.14     1.51    90.21    25.12     0.00  9999.00  9999.00  9999.00
 00026   997.30    23.99    80.69     4.59    99.91    27.21     0.69  9999.00  9999.00  9999.00
 00027   993.89    26.11    80.99     3.18   327.80    29.39     0.00  9999.00  9999.00  9999.00
 00028   965.71    24.37    82.74     2.22   102.26    27.47     0.00  9999.00  9999.00  9999.00
 00029   992.55    25.86    95.96     1.88   312.46    10.66     6.21  9999.00  9999.00  9999.00
 00030   983.95    27.03    77.38     2.30   305.78    31.96     0.00  9999.00  9999.00  9999.00
 00031   575.31     6.47    90.22     1.13   244.59     6.97     4.03  9999.00  9999.00  9999.00
 00032   966.27    22.73    98.57     2.32    58.39     0.98     1.09  9999.00  9999.00  9999.00
 00033   996.04    22.71    98.50     8.28   273.93     0.42     0.05  9999.00  9999.00  9999.00
 00034   999.50    27.74    88.17     8.25   262.83     3.29     5.54  9999.00  9999.00  9999.00
 00035   995.29    25.40    94.92     3.07   277.22     8.18     1.96  9999.00  9999.00  9999.00
 00036   775.02    14.89    75.88     1.39    84.49    24.94     0.00  9999.00  9999.00  9999.00
 00037   956.86    23.51    97.31     1.76    68.93     2.97     0.99  9999.00  9999.00  9999.00
 00038   982.44    24.76    99.25     0.70   190.87     1.54     3.42  9999.00  9999.00  9999.00
 00039   996.04    24.98    95.01     5.50    51.48    22.49     1.11  9999.00  9999.00  9999.00
 00040   992.97    25.67    92.71     5.39    47.63    28.83     0.18  9999.00  9999.00  9999.00
 00041   960.01    21.27    95.13     1.88    21.48    28.91     2.24  9999.00  9999.00  9999.00
 00042  1000.31    23.70    95.29     2.74    37.88     5.93     6.40  9999.00  9999.00  9999.00
 00043   990.87    24.98    78.87     3.58    18.21    30.33     0.48  9999.00  9999.00  9999.00
 00044   972.39    24.37    96.26     1.46    54.52    28.54     0.10  9999.00  9999.00  9999.00
 00045   992.97    25.67    92.71     5.39    47.63    28.83     0.18  9999.00  9999.00  9999.00
 00046   930.80    22.79    99.15     1.37    56.96    27.69     0.02  9999.00  9999.00  9999.00
 00047   991.13    23.34    99.21     3.50    68.59     1.79     3.66  9999.00  9999.00  9999.00
 00048   605.16     8.69    91.65     0.40   152.10    19.25     4.97  9999.00  9999.00  9999.00
 00049   578.49     5.29    99.31     1.37   186.65     0.52     5.89  9999.00  9999.00  9999.00
 00050   988.67    25.23    92.02     4.26    47.47    20.19     0.38  9999.00  9999.00  9999.00
