stn_id       p       t2      rh2      spd      dir      vis    rain6   rain24   tmax24   tmin24 
 00001   966.99    22.44    81.30     1.06    41.19    25.60     0.00  9999.00  9999.00  9999.00
 00002   991.10    19.83    96.52     1.62    18.56    23.43     4.91  9999.00  9999.00  9999.00
 00003   899.72    18.04    75.33     1.32   178.43    24.25     0.02  9999.00  9999.00  9999.00
 00004   832.71    13.01    89.46     1.63   192.87    18.86     4.21  9999.00  9999.00  9999.00
 00005   866.73    14.98    94.89     0.87   164.78    19.87     1.56  9999.00  9999.00  9999.00
 00006   876.77    15.04    92.13     1.75   196.28    27.48     1.34  9999.00  9999.00  9999.00
 00007  1003.02    17.03    89.63     1.89   174.33    25.53     0.00  9999.00  9999.00  9999.00
 00008   987.08    18.59    67.35     3.52   192.56    27.00     0.00  9999.00  9999.00  9999.00
 00009   948.85     4.23    64.00     2.06    13.80    35.99     0.00  9999.00  9999.00  9999.00
 00010   968.58    14.26    96.27     0.68   259.58    29.87     0.00  9999.00  9999.00  9999.00
 00011   993.07    19.20    70.16     4.14   199.50    28.52     0.00  9999.00  9999.00  9999.00
 00012  1007.24    19.43    84.79     1.69    81.18    23.74     0.00  9999.00  9999.00  9999.00
 00013  1001.77    22.23    88.13     3.99   345.92    21.93     0.01  9999.00  9999.00  9999.00
 00014   997.60    22.97    94.11     2.79   245.89     6.07     1.78  9999.00  9999.00  9999.00
 00015   990.20    20.94    89.41     1.84   146.85    20.21     0.00  9999.00  9999.00  9999.00
 00016   948.85    18.86    84.91     1.84   102.48    25.03     0.00  9999.00  9999.00  9999.00
 00017   991.56    20.38    90.75     1.02   260.26    23.23     0.00  9999.00  9999.00  9999.00
 00018  1002.36    21.40    80.35     3.66   354.04    19.84     0.04  9999.00  9999.00  9999.00
 00019   932.43    20.89    91.09     0.96   316.01    26.70     0.00  9999.00  9999.00  9999.00
 00020   999.66    21.68    97.87     4.48   151.05     3.53     1.47  9999.00  9999.00  9999.00
 00021   887.32    18.11    40.59     1.72   239.27    27.08     0.00  9999.00  9999.00  9999.00
 00022  1009.73    17.46    96.58     2.27    99.39    21.35     0.00  9999.00  9999.00  9999.00
 00023   914.18    14.03    62.94     1.10   185.60    23.21     0.00  9999.00  9999.00  9999.00
 00024   938.73    18.49    31.81     1.14   312.32    25.34     0.00  9999.00  9999.00  9999.00
 00025   795.28    14.73    85.48     0.83     9.74    17.32     0.85  9999.00  9999.00  9999.00
 00026  1001.32    23.41    82.77     3.33    52.74    25.42     0.00  9999.00  9999.00  9999.00
 00027   998.18    22.98    77.16     2.74   350.75    25.59     0.00  9999.00  9999.00  9999.00
 00028   969.29    19.35    85.77     1.70   101.51    24.95     0.00  9999.00  9999.00  9999.00
 00029   994.98    23.98    92.60     5.92    31.61     1.48    12.63  9999.00  9999.00  9999.00
 00030   988.03    24.28    81.01     2.63   336.51    29.51     0.00  9999.00  9999.00  9999.00
 00031   576.18     4.72    70.14     2.43   192.82    24.57     0.00  9999.00  9999.00  9999.00
 00032   969.70    21.46    97.60     1.02   142.61    14.14     0.02  9999.00  9999.00  9999.00
 00033   999.62    22.06    98.36     7.15   255.18     8.13     0.03  9999.00  9999.00  9999.00
 00034  1002.83    27.66    87.30     7.25   257.87    29.04     0.02  9999.00  9999.00  9999.00
 00035   998.74    25.83    83.05     4.00   269.89    29.08     0.00  9999.00  9999.00  9999.00
 00036   776.97    13.60    85.65     0.82    92.64    24.41     0.00  9999.00  9999.00  9999.00
 00037   960.31    21.82    98.77     0.67   140.97     5.87     0.04  9999.00  9999.00  9999.00
 00038   987.14    23.64    98.10     0.41   177.92    22.41     0.10  9999.00  9999.00  9999.00
 00039  1000.49    24.41    94.92     1.62    33.30    24.56     0.03  9999.00  9999.00  9999.00
 00040   998.14    24.98    94.15     2.21    43.32     7.40     0.57  9999.00  9999.00  9999.00
 00041   962.36    21.60    91.16     1.25   300.62    20.22     0.06  9999.00  9999.00  9999.00
 00042  1001.99    23.23    87.54     3.39   336.61    14.34     0.21  9999.00  9999.00  9999.00
 00043   994.94    23.38    85.39     2.89    24.28    25.94     0.00  9999.00  9999.00  9999.00
 00044   976.24    22.18    93.02     0.91    60.31    24.52     0.00  9999.00  9999.00  9999.00
 00045   998.14    24.98    94.15     2.21    43.32     7.40     0.57  9999.00  9999.00  9999.00
 00046   934.75    21.97    98.32     0.70   143.11    16.92     0.08  9999.00  9999.00  9999.00
 00047   993.36    23.61    96.65     0.26   172.79    14.28     0.45  9999.00  9999.00  9999.00
 00048   606.51     8.15    48.65     1.11   184.67    29.24     0.00  9999.00  9999.00  9999.00
 00049   580.47     3.84    96.41     0.96   327.92    11.42     0.19  9999.00  9999.00  9999.00
 00050   993.05    23.52    97.03     0.30   183.98    21.07     0.00  9999.00  9999.00  9999.00
