stn_id       p       t2      rh2      spd      dir      vis    rain6   rain24   tmax24   tmin24 
 00001   975.07    24.40  9999.00     1.00    70.00     3.80  9999.00  9999.00  9999.00  9999.00
 00002  1004.30    18.10  9999.00     1.00    90.00     9.00  9999.00  9999.00  9999.00  9999.00
 00003   922.79    14.50  9999.00     3.00    20.00     6.00  9999.00  9999.00  9999.00  9999.00
 00004   853.57    13.60  9999.00     2.00   320.00    30.00  9999.00  9999.00  9999.00  9999.00
 00005   888.58    19.90  9999.00     3.00   180.00    22.00  9999.00  9999.00  9999.00  9999.00
 00006   875.83    24.60  9999.00     6.00   290.00    24.00  9999.00  9999.00  9999.00  9999.00
 00007  1009.62    22.80  9999.00     4.00   200.00    30.00  9999.00  9999.00  9999.00  9999.00
 00008   986.11    21.00  9999.00     3.00   250.00    10.00  9999.00  9999.00  9999.00  9999.00
 00009   956.22     7.80  9999.00     4.00   290.00    28.00  9999.00  9999.00  9999.00  9999.00
 00010   984.45    24.20  9999.00     2.00    40.00    19.00  9999.00  9999.00  9999.00  9999.00
 00011   995.25    22.20  9999.00     5.00   250.00    30.00  9999.00  9999.00  9999.00  9999.00
 00012  1010.24    19.30  9999.00     1.00    40.00     1.00  9999.00  9999.00  9999.00  9999.00
 00013  1009.36    24.40  9999.00     2.00   160.00  9999.00  9999.00  9999.00  9999.00  9999.00
 00014  1005.66    28.20  9999.00     1.00   270.00    12.00  9999.00  9999.00  9999.00  9999.00
 00015   991.88    18.00  9999.00     1.00    20.00     0.70  9999.00  9999.00  9999.00  9999.00
 00016   960.30    16.60  9999.00     1.00   270.00     4.00  9999.00  9999.00  9999.00  9999.00
 00017   996.47    19.80  9999.00     3.00    20.00     1.60  9999.00  9999.00  9999.00  9999.00
 00018  1006.17    25.30  9999.00     5.00   180.00    17.00  9999.00  9999.00  9999.00  9999.00
 00019   937.17    22.00  9999.00     2.00    40.00    11.00  9999.00  9999.00  9999.00  9999.00
 00020  1010.52    26.20  9999.00     6.00   160.00    21.00  9999.00  9999.00  9999.00  9999.00
 00021   905.71    20.50  9999.00     1.00    40.00    30.00  9999.00  9999.00  9999.00  9999.00
 00022  1013.40    20.90  9999.00     4.00   110.00     7.00  9999.00  9999.00  9999.00  9999.00
 00023   930.38    18.80  9999.00     2.00    70.00    22.00  9999.00  9999.00  9999.00  9999.00
 00024   958.37    17.40  9999.00     4.00   320.00    30.00  9999.00  9999.00  9999.00  9999.00
 00025   809.00    24.10    40.59     5.00   220.00    30.00  9999.00  9999.00  9999.00  9999.00
 00026  1003.03    32.30  9999.00     3.00   250.00    25.00  9999.00  9999.00  9999.00  9999.00
 00027   999.49    32.20  9999.00     5.00   180.00    30.00  9999.00  9999.00  9999.00  9999.00
 00028   974.24    32.20  9999.00     7.00   180.00    14.00  9999.00  9999.00  9999.00  9999.00
 00029  1006.47    31.00  9999.00     3.00   110.00    30.00  9999.00  9999.00  9999.00  9999.00
 00030   993.91    30.60  9999.00     2.00   320.00    25.00  9999.00  9999.00  9999.00  9999.00
 00031   624.50     8.70    49.95     5.00   180.00    30.00  9999.00  9999.00  9999.00  9999.00
 00032  1003.03    27.30  9999.00     2.00    90.00    15.00  9999.00  9999.00  9999.00  9999.00
 00033  1008.00    32.40  9999.00     2.00   110.00    30.00  9999.00  9999.00  9999.00  9999.00
 00034  1008.70    31.60  9999.00     3.00    70.00    27.00  9999.00  9999.00  9999.00  9999.00
 00035  1007.49    32.50  9999.00     3.00   110.00    30.00  9999.00  9999.00  9999.00  9999.00
 00036   831.60    29.80    28.70     3.00   160.00    30.00  9999.00  9999.00  9999.00  9999.00
 00037  1007.01    28.30  9999.00     2.00   110.00    13.00  9999.00  9999.00  9999.00  9999.00
 00038  1009.02    29.90  9999.00     1.00    90.00     7.00  9999.00  9999.00  9999.00  9999.00
 00039  1009.74    28.90  9999.00     3.00    70.00     9.00  9999.00  9999.00  9999.00  9999.00
 00040  1006.33    28.30  9999.00     4.00    40.00    13.00  9999.00  9999.00  9999.00  9999.00
 00041   817.70    16.50    98.72     9.00   220.00     0.00  9999.00  9999.00  9999.00  9999.00
 00042  1009.08    22.60  9999.00     3.00   180.00    15.00  9999.00  9999.00  9999.00  9999.00
 00043  1005.41    32.10  9999.00     4.00   200.00    28.00  9999.00  9999.00  9999.00  9999.00
 00044  1001.01    32.90  9999.00     1.00   360.00    27.00  9999.00  9999.00  9999.00  9999.00
 00045  1006.33    28.30  9999.00     4.00    40.00    13.00  9999.00  9999.00  9999.00  9999.00
 00046   968.29    30.00  9999.00     5.00   180.00    21.00  9999.00  9999.00  9999.00  9999.00
 00047  1009.64    26.20  9999.00     3.00   140.00    13.00  9999.00  9999.00  9999.00  9999.00
 00048   652.50    13.80    30.85     2.00   290.00    20.00  9999.00  9999.00  9999.00  9999.00
 00049   601.30     5.00    68.90     6.00   250.00    30.00  9999.00  9999.00  9999.00  9999.00
 00050  1009.54    30.20  9999.00     3.00    70.00    18.00  9999.00  9999.00  9999.00  9999.00
