stn_id       p       t2      rh2      spd      dir      vis    rain6   rain24   tmax24   tmin24 
 00001   998.30     5.10    74.71     0.00     0.00     8.00     0.00  9999.00  9999.00  9999.00
 00002  1010.10     0.70    46.95     2.00   220.00    14.00     0.00  9999.00  9999.00  9999.00
 00003   930.40    -2.10    32.03     2.00   220.00    20.00     0.00  9999.00  9999.00  9999.00
 00004   860.00   -12.60    55.07     2.00   270.00    18.00     0.00  9999.00  9999.00  9999.00
 00005  9999.00  9999.00  9999.00  9999.00  9999.00  9999.00  9999.00  9999.00  9999.00  9999.00
 00006   883.00   -11.20    48.06     6.00   250.00     6.00     0.00  9999.00  9999.00  9999.00
 00007  1013.30    -2.90    36.60     3.00   180.00    30.00     0.00  9999.00  9999.00  9999.00
 00008   985.70    -4.40    45.72     5.00   220.00     7.00     0.00  9999.00  9999.00  9999.00
 00009   961.10   -31.10    65.04     2.00   360.00     9.00     0.20  9999.00  9999.00  9999.00
 00010   988.60   -11.30    35.57     1.00   200.00    13.00     0.00  9999.00  9999.00  9999.00
 00011   998.50    -7.30    39.07     5.00   180.00    20.00     0.00  9999.00  9999.00  9999.00
 00012  1016.80    -0.60    28.42     1.00   220.00    10.00     0.00  9999.00  9999.00  9999.00
 00013  1024.10     3.10    50.69     1.00    70.00    11.00     0.00  9999.00  9999.00  9999.00
 00014  1023.30     5.00    47.86     2.00   360.00    13.00     0.00  9999.00  9999.00  9999.00
 00015  1002.90     3.30    22.46     3.00   200.00    11.00     0.00  9999.00  9999.00  9999.00
 00016   974.80     2.20    44.87     2.00   180.00     7.00     0.00  9999.00  9999.00  9999.00
 00017  1010.90     5.70    30.90     2.00   200.00    14.00     0.00  9999.00  9999.00  9999.00
 00018  1025.60     2.20    57.90     1.00   220.00    17.00     0.00  9999.00  9999.00  9999.00
 00019   957.30     6.20    37.75     1.00    40.00     8.00     0.00  9999.00  9999.00  9999.00
 00020  1028.30     4.60    38.75     2.00   290.00    13.00     0.00  9999.00  9999.00  9999.00
 00021   923.60   -15.30    77.62     0.00    70.00     0.80     0.00  9999.00  9999.00  9999.00
 00022  1021.30    -3.20    41.39     1.00   200.00    11.00     0.00  9999.00  9999.00  9999.00
 00023   947.70   -12.40    66.00     1.00   160.00    27.00     0.00  9999.00  9999.00  9999.00
 00024   982.50   -18.10    73.51     0.00     0.00    17.00     0.00  9999.00  9999.00  9999.00
 00025  9999.00  9999.00  9999.00  9999.00  9999.00  9999.00  9999.00  9999.00  9999.00  9999.00
 00026  1022.80     4.10    53.76     0.00    40.00    13.00     0.00  9999.00  9999.00  9999.00
 00027  1013.10     7.10    44.96     1.00   340.00    19.00     0.00  9999.00  9999.00  9999.00
 00028   992.90     5.50    53.74     1.00   250.00    10.00     0.00  9999.00  9999.00  9999.00
 00029  1015.10     8.90    82.52     1.00   340.00    30.00     0.00  9999.00  9999.00  9999.00
 00030  1005.50    10.10    46.85     3.00    90.00    19.00     0.00  9999.00  9999.00  9999.00
 00031   618.80     4.20     2.04     2.00   290.00    30.00     0.00  9999.00  9999.00  9999.00
 00032  1016.50     9.20    65.97     2.00    40.00    13.00     0.00  9999.00  9999.00  9999.00
 00033  1015.50    13.70    84.78     2.00    20.00    13.00     0.00  9999.00  9999.00  9999.00
 00034  1017.70    23.40    73.80     4.00    40.00    14.00     0.00  9999.00  9999.00  9999.00
 00035  1019.80    14.70    87.74     1.00   340.00     9.00     0.00  9999.00  9999.00  9999.00
 00036   835.70     6.30    47.85     1.00   340.00    11.00     0.00  9999.00  9999.00  9999.00
 00037  1019.60     9.40    71.84     2.00   110.00    12.00     0.00  9999.00  9999.00  9999.00
 00038  1016.90    11.70    75.83     2.00   140.00    11.00     0.00  9999.00  9999.00  9999.00
 00039  1022.60    10.50    68.14     5.00    70.00    11.00     0.00  9999.00  9999.00  9999.00
 00040  1016.90    12.80    81.89    10.00    40.00    11.00     0.00  9999.00  9999.00  9999.00
 00041   818.10    -5.00    11.33     2.00   320.00    27.00     0.00  9999.00  9999.00  9999.00
 00042  1023.20     2.80    58.06     1.00   340.00    12.00     0.00  9999.00  9999.00  9999.00
 00043  1019.90     3.80    68.70     3.00   110.00    12.00     0.00  9999.00  9999.00  9999.00
 00044  1013.20     4.20    58.86     2.00   110.00    18.00     0.00  9999.00  9999.00  9999.00
 00045  1016.90    12.80    81.89    10.00    40.00    11.00     0.00  9999.00  9999.00  9999.00
 00046   977.30     5.20    83.82     2.00   360.00     9.00     0.20  9999.00  9999.00  9999.00
 00047  1023.90     6.70    61.72     1.00    90.00    11.00     0.00  9999.00  9999.00  9999.00
 00048   647.40     4.60     2.82     2.00   250.00    20.00     0.00  9999.00  9999.00  9999.00
 00049   595.20    -7.60    60.03     1.00   270.00    24.00     0.00  9999.00  9999.00  9999.00
 00050  1017.70     9.20    65.97     8.00    40.00    17.00     0.00  9999.00  9999.00  9999.00
