stn_id       p       t2      rh2      spd      dir      vis    rain6   rain24   tmax24   tmin24 
 00001   971.10    22.44    86.59     1.46   296.72    24.58  9999.00  9999.00  9999.00  9999.00
 00002   992.91    24.66    44.71     1.99   301.22    23.40  9999.00  9999.00  9999.00  9999.00
 00003   903.46    20.61    25.78     3.04   312.29    22.84  9999.00  9999.00  9999.00  9999.00
 00004   836.86    12.08    31.98     3.74   305.13    23.05  9999.00  9999.00  9999.00  9999.00
 00005   871.14    15.20    27.89     4.33   332.39    25.66  9999.00  9999.00  9999.00  9999.00
 00006   881.77    13.02    40.43     6.47   312.56    26.56  9999.00  9999.00  9999.00  9999.00
 00007   999.83    17.04    74.38     5.54   201.05    25.09  9999.00  9999.00  9999.00  9999.00
 00008   983.17    14.20    78.41     6.56   221.64     8.97  9999.00  9999.00  9999.00  9999.00
 00009   944.30     7.54    66.14     2.22   335.23    32.74  9999.00  9999.00  9999.00  9999.00
 00010   964.48    15.21    73.24     1.72   110.98    28.77  9999.00  9999.00  9999.00  9999.00
 00011   989.21    16.62    55.06     2.32   114.33    25.21  9999.00  9999.00  9999.00  9999.00
 00012  1007.81    24.09    50.74     0.93   240.50    23.13  9999.00  9999.00  9999.00  9999.00
 00013  1008.64    27.30    77.13     1.63   288.14    14.51  9999.00  9999.00  9999.00  9999.00
 00014  1005.34    29.20    72.39     1.27   148.50    24.22  9999.00  9999.00  9999.00  9999.00
 00015   993.75    22.20    67.32     2.57   214.31    19.99  9999.00  9999.00  9999.00  9999.00
 00016   956.06    21.84    62.67     1.24   195.15    23.16  9999.00  9999.00  9999.00  9999.00
 00017   995.16    24.93    64.00     1.30   217.44    21.82  9999.00  9999.00  9999.00  9999.00
 00018  1008.00    26.44    76.75     3.70   335.88    22.17  9999.00  9999.00  9999.00  9999.00
 00019   936.09    23.66    66.54     1.75   210.04    26.93  9999.00  9999.00  9999.00  9999.00
 00020  1012.34    23.93    83.40     3.99   141.75    22.51  9999.00  9999.00  9999.00  9999.00
 00021   890.76    16.28    43.33     3.56   307.70    26.14  9999.00  9999.00  9999.00  9999.00
 00022  1010.45    24.83    56.73     1.77   337.98    21.16  9999.00  9999.00  9999.00  9999.00
 00023   917.30    17.81    46.63     1.87    37.10    22.31  9999.00  9999.00  9999.00  9999.00
 00024   944.06    15.68    37.80     2.82   117.36    24.47  9999.00  9999.00  9999.00  9999.00
 00025   796.08    18.81    81.42     2.99   155.01    13.66  9999.00  9999.00  9999.00  9999.00
 00026  1007.11    27.82    81.86     0.60    66.55    23.36  9999.00  9999.00  9999.00  9999.00
 00027  1002.74    28.34    77.24     0.83    30.01    18.93  9999.00  9999.00  9999.00  9999.00
 00028   972.09    28.42    72.27     0.70   139.00    21.31  9999.00  9999.00  9999.00  9999.00
 00029  1004.98    29.01    74.08     1.26   111.16    19.26  9999.00  9999.00  9999.00  9999.00
 00030   994.19    27.87    77.15     1.66   129.48    18.37  9999.00  9999.00  9999.00  9999.00
 00031   574.94    12.61    27.34     2.34   197.15    26.80  9999.00  9999.00  9999.00  9999.00
 00032   977.85    24.34    84.61     1.81    91.69    20.51  9999.00  9999.00  9999.00  9999.00
 00033  1007.50    22.16    97.87     5.07    90.32     0.13  9999.00  9999.00  9999.00  9999.00
 00034  1008.51    27.83    84.29     5.22    43.31    20.94  9999.00  9999.00  9999.00  9999.00
 00035  1006.74    27.92    80.72     4.21    68.91    17.33  9999.00  9999.00  9999.00  9999.00
 00036   776.41    18.92    73.71     2.27   184.51    21.84  9999.00  9999.00  9999.00  9999.00
 00037   968.21    24.82    82.30     1.73   110.15    22.47  9999.00  9999.00  9999.00  9999.00
 00038   994.43    27.90    74.61     1.32    95.44    24.79  9999.00  9999.00  9999.00  9999.00
 00039  1008.23    25.67    83.98     7.17    51.24    24.31  9999.00  9999.00  9999.00  9999.00
 00040  1005.79    26.76    80.97     5.72    76.89    25.29  9999.00  9999.00  9999.00  9999.00
 00041   969.29    25.32    83.84     0.56   262.41    22.70  9999.00  9999.00  9999.00  9999.00
 00042  1008.93    27.07    82.12     1.43   220.40    18.59  9999.00  9999.00  9999.00  9999.00
 00043  1000.63    28.94    78.10     0.99    67.60    24.13  9999.00  9999.00  9999.00  9999.00
 00044   983.34    27.42    77.55     0.77   293.92    22.82  9999.00  9999.00  9999.00  9999.00
 00045  1005.79    26.76    80.97     5.72    76.89    25.29  9999.00  9999.00  9999.00  9999.00
 00046   941.31    27.79    66.08     1.14    69.27    24.02  9999.00  9999.00  9999.00  9999.00
 00047  1002.08    24.08    88.18     2.53   107.18     9.72  9999.00  9999.00  9999.00  9999.00
 00048   606.20    13.77    35.00     1.93   197.20    31.15  9999.00  9999.00  9999.00  9999.00
 00049   579.79     8.57    52.96     2.30   206.75    26.46  9999.00  9999.00  9999.00  9999.00
 00050  1000.66    27.25    72.67     4.83    49.35    23.85  9999.00  9999.00  9999.00  9999.00
