stn_id       p       t2      rh2      spd      dir      vis    rain6   rain24   tmax24   tmin24 
 00001   972.17    21.07    91.74     1.06   270.32    24.58     0.27  9999.00  9999.00  9999.00
 00002   993.97    18.71    45.83     2.48   287.17    23.39     0.00  9999.00  9999.00  9999.00
 00003   904.65    13.04    38.73     2.46   313.96    22.86     0.00  9999.00  9999.00  9999.00
 00004   837.49     7.95    44.38     2.10   320.10    23.05     0.00  9999.00  9999.00  9999.00
 00005   872.33     9.54    46.48     3.03   101.58    25.69     0.00  9999.00  9999.00  9999.00
 00006   883.07    10.28    51.99     3.48   346.74    26.59     0.00  9999.00  9999.00  9999.00
 00007   999.66    16.21    78.91     4.74   195.51    25.51     1.62  9999.00  9999.00  9999.00
 00008   982.05    12.96    85.11     6.40   218.94    26.65     2.15  9999.00  9999.00  9999.00
 00009   945.07     4.55    70.14     2.85   332.04    32.74     0.00  9999.00  9999.00  9999.00
 00010   963.51    12.63    77.52     2.20   156.90    28.73     0.02  9999.00  9999.00  9999.00
 00011   988.61    13.39    91.28     3.03   164.54     3.14     4.89  9999.00  9999.00  9999.00
 00012  1008.87    17.03    71.00     2.25   270.72    23.15     0.00  9999.00  9999.00  9999.00
 00013  1009.64    24.34    88.81     1.61   337.81    22.85     0.63  9999.00  9999.00  9999.00
 00014  1006.25    25.10    88.98     1.18   324.25    24.23     0.12  9999.00  9999.00  9999.00
 00015   994.72    17.90    86.64     2.13   182.23    20.00     0.00  9999.00  9999.00  9999.00
 00016   956.15    17.65    79.95     1.59   193.86    23.16     0.00  9999.00  9999.00  9999.00
 00017   995.63    19.96    80.49     2.01   174.99    21.83     0.00  9999.00  9999.00  9999.00
 00018  1008.79    24.09    86.65     1.55   341.98    22.52     0.30  9999.00  9999.00  9999.00
 00019   937.33    19.72    83.74     1.70   232.26    26.84     0.00  9999.00  9999.00  9999.00
 00020  1012.77    21.83    90.59     3.32   153.88    20.23     0.00  9999.00  9999.00  9999.00
 00021   890.92    12.84    56.76     1.17   296.63    26.14     0.05  9999.00  9999.00  9999.00
 00022  1011.63    19.82    73.58     1.91   134.09    21.18     0.00  9999.00  9999.00  9999.00
 00023   917.01    14.94    56.73     1.58    56.14    22.30     0.03  9999.00  9999.00  9999.00
 00024   943.53    12.08    55.69     1.75   127.77    24.46     0.00  9999.00  9999.00  9999.00
 00025   797.42    16.83    90.52     1.26   126.61    21.68     6.54  9999.00  9999.00  9999.00
 00026  1008.05    25.20    93.88     1.30    33.37    20.09     2.62  9999.00  9999.00  9999.00
 00027  1004.17    25.45    92.21     1.35    25.51    22.32     2.28  9999.00  9999.00  9999.00
 00028   973.43    25.18    86.97     0.28   205.98    22.09     4.30  9999.00  9999.00  9999.00
 00029  1005.97    26.27    89.55     1.01    31.47    25.90     0.52  9999.00  9999.00  9999.00
 00030   995.08    25.46    90.37     1.26   115.76    28.68     0.56  9999.00  9999.00  9999.00
 00031   574.78     9.97    30.81     1.38   148.10    26.81     0.01  9999.00  9999.00  9999.00
 00032   978.80    22.04    95.35     1.14    89.23    20.22     0.08  9999.00  9999.00  9999.00
 00033  1008.21    22.14    97.91     4.16   101.36     0.26     0.02  9999.00  9999.00  9999.00
 00034  1009.40    27.29    88.04     5.45    56.23    23.47     0.62  9999.00  9999.00  9999.00
 00035  1007.38    26.23    90.13     2.67    68.97    18.51     0.48  9999.00  9999.00  9999.00
 00036   777.66    16.85    83.87     1.01   196.74    21.53     1.81  9999.00  9999.00  9999.00
 00037   969.21    22.16    95.77     0.91    83.87    22.53     0.09  9999.00  9999.00  9999.00
 00038   995.23    25.15    86.73     1.03   141.36    24.90     0.07  9999.00  9999.00  9999.00
 00039  1008.98    24.69    89.51     6.86    39.42    24.35     0.01  9999.00  9999.00  9999.00
 00040  1006.60    24.90    90.40     4.48    61.30    25.46     0.09  9999.00  9999.00  9999.00
 00041   969.81    23.19    92.40     0.76   278.09    21.21     1.14  9999.00  9999.00  9999.00
 00042  1009.85    24.61    92.50     1.11   240.73    22.29     0.64  9999.00  9999.00  9999.00
 00043  1001.70    25.58    93.01     1.25    32.11    24.20     1.16  9999.00  9999.00  9999.00
 00044   983.60    24.46    91.94     1.24    42.58    23.36     0.79  9999.00  9999.00  9999.00
 00045  1006.60    24.90    90.40     4.48    61.30    25.46     0.09  9999.00  9999.00  9999.00
 00046   942.14    24.05    78.24     1.35    74.24    24.03     0.00  9999.00  9999.00  9999.00
 00047  1002.88    22.18    97.58     1.55   106.33    12.53     0.02  9999.00  9999.00  9999.00
 00048   605.92    12.88    33.40     0.67   153.81    31.15     0.00  9999.00  9999.00  9999.00
 00049   579.98     4.63    79.62     1.67   201.63    26.17     0.13  9999.00  9999.00  9999.00
 00050  1001.57    24.47    87.00     3.85    37.08    23.87     0.05  9999.00  9999.00  9999.00
