stn_id       p       t2      rh2      spd      dir      vis    rain6   rain24   tmax24   tmin24 
 00001   972.60    18.79    91.61     1.10   298.98     7.24     1.11     8.56    20.07    18.46
 00002   996.16    17.11    88.76     1.61   134.08    23.63     0.00     0.22    21.12    12.08
 00003   904.39    15.24    80.23     1.86   221.71    23.19     0.01     0.86    19.80    12.12
 00004   837.19    11.14    79.43     1.17   228.64    23.40     0.05     0.44    14.92     8.17
 00005   870.95    13.31    72.94     2.47   190.24    25.94     0.03     0.05    18.82     8.90
 00006   879.81    15.66    39.09     2.21   268.05    26.65     0.00     0.00    22.42    10.65
 00007  1006.94    17.68    77.03     3.40   173.41    25.73     0.05     3.90    19.96    15.15
 00008   990.81    16.44    74.96     4.35   196.80    26.78     0.04     0.24    19.95    15.33
 00009   944.64     8.37   100.00     2.34    47.16     2.97     0.96     7.15     9.94     7.18
 00010   971.57    11.29    87.13     0.96    74.04    29.31     0.02     0.04    17.64     9.11
 00011   996.79    17.16    72.62     4.25   192.29    27.67     0.00     0.02    21.07    16.99
 00012  1011.52    17.21    83.03     1.60   174.37    23.22     0.00     0.00    21.09    11.82
 00013  1011.44    23.36    89.86     1.48    59.49    23.28     0.08     5.90    26.63    20.13
 00014  1008.26    22.88    82.23     2.32    81.15    24.37     0.02     0.34    27.64    20.75
 00015   997.13    18.67    91.93     0.48   261.84    12.87     2.54     3.37    21.92    16.66
 00016   957.36    15.58    92.02     0.70   195.52    23.34     3.41    19.92    16.38    14.96
 00017   999.16    16.63    95.59     0.36   170.19    17.41     6.74    15.24    17.37    16.28
 00018  1010.90    21.47    87.69     3.15   336.49    22.65     0.04     2.56    25.49    20.47
 00019   937.44    17.88    93.03     0.88   205.23    26.78     0.03     1.38    19.37    17.09
 00020  1014.75    21.00    96.52     1.75    72.53    22.78     0.52     2.05    25.38    18.93
 00021   896.78     7.62    63.30     1.31   220.95    26.36     0.00     1.62     9.57     3.70
 00022  1014.67    17.41    79.59     1.78   195.08    21.16     0.00     0.01    22.02    12.03
 00023   923.78     9.44    65.03     1.49   296.85    22.64     0.00     0.01    11.97     5.24
 00024   948.35     7.58    63.50     3.71   290.88    24.74     0.20     0.52     9.40     3.43
 00025   795.77    18.30    85.49     1.85   140.61    22.06     0.62     2.56    22.35    16.16
 00026  1008.47    25.26    87.25     2.01    22.98    24.00     0.05     0.19    28.79    22.54
 00027  1006.02    22.51    86.66     3.11   348.05    23.93     0.00     0.14    24.64    19.78
 00028   974.14    22.49    86.61     2.37   105.37    23.36     0.01     0.46    24.35    19.23
 00029  1005.16    27.08    84.13     1.84    32.85    25.94     0.34     1.63    30.77    24.70
 00030   993.38    26.40    87.20     2.13    87.06    28.71     0.62     1.46    30.38    23.68
 00031   573.38     8.09    46.95     1.82   159.51    26.27     0.35     0.56    11.82     0.99
 00032   978.44    21.02    94.06     1.06    83.93    21.50     0.00     0.54    27.04    20.89
 00033  1006.09    21.75    97.33     7.09    86.74     0.22     1.05     4.78    23.52    21.58
 00034  1005.55    26.91    90.55    10.00   113.20    11.69     4.72    12.64    27.91    26.66
 00035  1005.12    25.71    91.32     5.89    72.74    20.14     6.22    13.80    29.02    25.18
 00036   775.48    18.07    81.76     0.91   256.19    18.16     0.59     2.43    21.20    15.20
 00037   968.85    21.53    94.56     1.01    73.54    22.74     0.01     0.40    27.73    21.49
 00038   994.95    24.79    87.81     1.22   134.80    25.04     0.00     0.19    29.22    23.40
 00039  1008.58    24.25    88.27     6.97    45.59    24.51     0.01     0.33    26.30    24.18
 00040  1006.11    25.07    87.33     4.64    60.68    25.56     0.03     0.37    28.23    24.83
 00041   970.64    23.26    90.45     1.56    14.17    23.16     0.19     0.50    27.48    19.64
 00042  1011.16    24.55    87.90     1.89    22.85    23.57     0.12     0.35    28.06    20.96
 00043  1002.15    24.69    90.19     1.44    28.60    24.44     0.12     0.39    28.22    23.26
 00044   983.81    25.27    89.58     0.69   263.19    23.27     0.38     0.85    29.15    21.36
 00045  1006.11    25.07    87.33     4.64    60.68    25.56     0.03     0.37    28.23    24.83
 00046   941.74    24.51    81.11     1.23    62.25    24.26     0.01     0.55    29.15    21.24
 00047  1002.62    21.99    90.16     1.23    28.93    23.54     0.01     0.75    25.50    21.91
 00048   604.13    10.05    55.30     1.92   170.09    30.67     0.20     3.00    13.74     3.98
 00049   579.11     2.74    97.19     1.91   194.28     6.11     1.76    10.80     4.97     0.31
 00050  1001.17    23.75    84.07     4.16    40.76    24.04     0.00     0.61    29.38    23.79
