stn_id       p       t2      rh2      spd      dir      vis    rain6   rain24   tmax24   tmin24 
 00001   964.36    24.87    80.46     1.71   119.81    25.61     0.10  9999.00  9999.00  9999.00
 00002   992.78    22.02    66.10     1.80   208.98    21.21     0.00  9999.00  9999.00  9999.00
 00003   902.05    17.70    73.86     1.22    41.77    20.15     0.00  9999.00  9999.00  9999.00
 00004   834.87    14.52    75.49     1.93    97.12    18.69     0.08  9999.00  9999.00  9999.00
 00005   868.92    21.21    42.91     1.52   209.35    18.59     0.00  9999.00  9999.00  9999.00
 00006   881.15    20.33    24.63     4.10    30.00    18.33     0.00  9999.00  9999.00  9999.00
 00007  1001.36    20.28    75.71     2.25    39.69    20.38     0.00  9999.00  9999.00  9999.00
 00008   988.69    17.53    53.47     5.06    17.38    22.36     0.02  9999.00  9999.00  9999.00
 00009   950.58     8.94    55.40     2.21   295.20    37.34     0.00  9999.00  9999.00  9999.00
 00010   965.52    16.20    92.76     1.05   295.06    12.42     1.31  9999.00  9999.00  9999.00
 00011   996.41    15.44    50.13     2.68   356.94    24.79     0.00  9999.00  9999.00  9999.00
 00012  1007.04    24.84    50.77     2.27   196.32    19.59     0.00  9999.00  9999.00  9999.00
 00013  1005.49    26.19    94.22     1.85    86.88    24.90     4.81  9999.00  9999.00  9999.00
 00014  1002.65    27.09    88.20     1.60    60.67    25.83     0.98  9999.00  9999.00  9999.00
 00015   992.43    21.39    71.97     1.97    47.36    19.99     0.03  9999.00  9999.00  9999.00
 00016   951.61    18.14    96.71     0.95    86.31    14.67     0.91  9999.00  9999.00  9999.00
 00017   993.76    22.02    76.94     1.95    58.82    22.82     0.58  9999.00  9999.00  9999.00
 00018  1004.25    25.96    90.70     2.37    26.70    24.49     6.55  9999.00  9999.00  9999.00
 00019   929.29    25.52    64.47     0.99   305.97    26.18     0.01  9999.00  9999.00  9999.00
 00020  1009.17    24.04    87.70     3.14   147.07    23.13     0.00  9999.00  9999.00  9999.00
 00021   885.78    21.59    29.60     2.30   257.78    26.45     0.18  9999.00  9999.00  9999.00
 00022  1010.22    24.27    52.97     1.66   236.39    19.09     0.00  9999.00  9999.00  9999.00
 00023   918.66    13.28    45.37     2.93   286.74    25.06     2.51  9999.00  9999.00  9999.00
 00024   941.94    11.46    69.40     7.35   292.23    19.94     0.96  9999.00  9999.00  9999.00
 00025   792.43    25.94    30.76     3.69   224.45    26.21     0.00  9999.00  9999.00  9999.00
 00026  1002.72    29.11    81.65     1.41    81.70    27.31     0.00  9999.00  9999.00  9999.00
 00027   998.06    28.53    84.86     1.71   145.32    27.13     0.04  9999.00  9999.00  9999.00
 00028   967.52    27.16    78.66     1.99   158.06    25.75     0.00  9999.00  9999.00  9999.00
 00029  1001.67    26.94    86.88     1.56   283.63    27.70     0.44  9999.00  9999.00  9999.00
 00030   990.35    27.53    86.79     3.01   126.80    31.58     0.35  9999.00  9999.00  9999.00
 00031   572.42    11.55    10.06     2.98   247.27    23.85     0.00  9999.00  9999.00  9999.00
 00032   974.43    21.14    95.73     1.32    80.82    21.46     0.00  9999.00  9999.00  9999.00
 00033  1004.23    21.51    96.84     5.80    98.98     0.22     0.05  9999.00  9999.00  9999.00
 00034  1006.36    28.14    85.49     4.87    73.72    27.22     0.58  9999.00  9999.00  9999.00
 00035  1003.71    27.17    86.09     2.54   113.78    29.90     0.01  9999.00  9999.00  9999.00
 00036   772.16    22.24    46.95     2.19   184.34    24.47     0.00  9999.00  9999.00  9999.00
 00037   964.90    21.76    94.92     1.04    74.61    23.22     0.00  9999.00  9999.00  9999.00
 00038   990.37    25.51    85.77     1.30   156.40    26.04     0.00  9999.00  9999.00  9999.00
 00039  1003.70    25.10    86.99     8.35    32.17    25.06     0.00  9999.00  9999.00  9999.00
 00040  1001.70    25.85    83.83     3.02    55.09    26.47     0.04  9999.00  9999.00  9999.00
 00041   965.68    27.14    77.04     1.67    82.59    25.61     0.01  9999.00  9999.00  9999.00
 00042  1005.37    28.02    85.70     2.75    58.90    25.52     0.07  9999.00  9999.00  9999.00
 00043   996.37    28.55    81.45     1.73    68.17    27.80     0.00  9999.00  9999.00  9999.00
 00044   979.10    27.64    81.67     1.50    47.07    25.59     0.03  9999.00  9999.00  9999.00
 00045  1001.70    25.85    83.83     3.02    55.09    26.47     0.04  9999.00  9999.00  9999.00
 00046   938.15    24.59    86.12     1.52    41.56    25.90     0.00  9999.00  9999.00  9999.00
 00047   998.87    22.73    96.58     0.96    47.75     9.75     0.00  9999.00  9999.00  9999.00
 00048   603.21    13.01    31.44     1.29   103.95    26.76     0.13  9999.00  9999.00  9999.00
 00049   578.45     0.99    81.46     2.13   199.88    22.92     0.01  9999.00  9999.00  9999.00
 00050   996.50    24.89    83.63     5.15    29.10    24.56     0.00  9999.00  9999.00  9999.00
