stn_id       p       t2      rh2      spd      dir      vis    rain6   rain24   tmax24   tmin24 
 00001   967.31    24.29    82.08     1.80   191.28    18.87  9999.00  9999.00  9999.00  9999.00
 00002   985.87    34.13    22.53     0.81   168.08    22.82  9999.00  9999.00  9999.00  9999.00
 00003   898.33    27.89    26.46     1.51   199.59    22.01  9999.00  9999.00  9999.00  9999.00
 00004   832.81    23.09    27.66     2.10   308.75    20.28  9999.00  9999.00  9999.00  9999.00
 00005   866.16    26.97    18.03     2.63   212.88    19.67  9999.00  9999.00  9999.00  9999.00
 00006   875.57    29.12    13.96     2.24   275.10    18.81  9999.00  9999.00  9999.00  9999.00
 00007   996.68    25.60    52.14     0.34    55.73    21.44  9999.00  9999.00  9999.00  9999.00
 00008   980.96    26.19    46.67     2.33   221.13    23.15  9999.00  9999.00  9999.00  9999.00
 00009   939.29    18.09    46.67     2.01   336.00    37.13  9999.00  9999.00  9999.00  9999.00
 00010   960.04    23.21    54.31     0.91   202.08    25.13  9999.00  9999.00  9999.00  9999.00
 00011   986.61    28.02    41.82     4.16   228.79    24.96  9999.00  9999.00  9999.00  9999.00
 00012  1001.17    31.86    29.11     1.07    94.98    20.55  9999.00  9999.00  9999.00  9999.00
 00013  1003.15    28.72    58.84     2.12   275.62    26.42  9999.00  9999.00  9999.00  9999.00
 00014  1000.18    27.25    66.15     0.68   306.39    26.66  9999.00  9999.00  9999.00  9999.00
 00015   987.16    31.58    27.51     1.64    19.62    21.61  9999.00  9999.00  9999.00  9999.00
 00016   949.23    26.88    55.38     0.65   342.72    24.16  9999.00  9999.00  9999.00  9999.00
 00017   989.36    31.48    41.02     1.10   251.08    24.70  9999.00  9999.00  9999.00  9999.00
 00018  1002.32    29.12    53.73     2.22   310.04    26.47  9999.00  9999.00  9999.00  9999.00
 00019   931.81    25.78    48.72     3.04   260.80    27.24  9999.00  9999.00  9999.00  9999.00
 00020  1005.83    27.35    63.49     1.88   340.46    24.21  9999.00  9999.00  9999.00  9999.00
 00021   883.62    26.15    16.51     1.88   345.25    25.55  9999.00  9999.00  9999.00  9999.00
 00022  1004.06    32.58    27.39     1.36   221.13    20.27  9999.00  9999.00  9999.00  9999.00
 00023   911.54    23.39    25.61     1.61    42.86    24.20  9999.00  9999.00  9999.00  9999.00
 00024   933.48    24.27    29.96     8.51   295.57    25.84  9999.00  9999.00  9999.00  9999.00
 00025   793.23    16.50    95.51     3.39   108.86     1.39  9999.00  9999.00  9999.00  9999.00
 00026  1002.62    28.13    62.86     1.93    24.14    24.41  9999.00  9999.00  9999.00  9999.00
 00027   999.21    28.01    65.15     1.93     9.62    27.81  9999.00  9999.00  9999.00  9999.00
 00028   969.66    24.95    80.84     2.52     8.41    26.63  9999.00  9999.00  9999.00  9999.00
 00029  1000.10    27.44    87.27     0.84    80.88    21.09  9999.00  9999.00  9999.00  9999.00
 00030   989.65    27.49    80.94     1.88    61.21    31.41  9999.00  9999.00  9999.00  9999.00
 00031   573.11     9.45    45.44     1.49   243.64    22.46  9999.00  9999.00  9999.00  9999.00
 00032   971.29    23.13    90.08     0.83   149.81    18.04  9999.00  9999.00  9999.00  9999.00
 00033  1003.33    24.29    96.70     1.61   214.30     1.51  9999.00  9999.00  9999.00  9999.00
 00034  1007.38    28.68    87.41     5.66   234.43    32.91  9999.00  9999.00  9999.00  9999.00
 00035  1002.72    31.31    72.63     2.53   255.29    27.12  9999.00  9999.00  9999.00  9999.00
 00036   774.46    14.68    87.92     0.58   238.34    14.48  9999.00  9999.00  9999.00  9999.00
 00037   961.77    23.32    90.22     0.75   158.27    18.96  9999.00  9999.00  9999.00  9999.00
 00038   988.94    25.51    88.32     1.25   143.10    11.34  9999.00  9999.00  9999.00  9999.00
 00039  1002.59    24.51    91.60     2.06    83.48     3.58  9999.00  9999.00  9999.00  9999.00
 00040  1000.30    26.34    84.65     2.42   158.00    17.26  9999.00  9999.00  9999.00  9999.00
 00041   963.72    26.16    59.51     1.36   342.19    26.43  9999.00  9999.00  9999.00  9999.00
 00042  1003.60    28.27    63.70     1.76   310.99    26.77  9999.00  9999.00  9999.00  9999.00
 00043   996.51    27.15    83.14     0.95   321.73    27.98  9999.00  9999.00  9999.00  9999.00
 00044   977.89    25.65    86.85     0.61   125.33    20.36  9999.00  9999.00  9999.00  9999.00
 00045  1000.30    26.34    84.65     2.42   158.00    17.26  9999.00  9999.00  9999.00  9999.00
 00046   936.71    24.73    73.73     2.11    49.20    25.34  9999.00  9999.00  9999.00  9999.00
 00047   995.18    21.95    91.92     1.98    80.65     2.63  9999.00  9999.00  9999.00  9999.00
 00048   604.34     6.36    85.43     1.27   184.92    10.40  9999.00  9999.00  9999.00  9999.00
 00049   576.91     6.63    72.30     1.68   207.37    22.05  9999.00  9999.00  9999.00  9999.00
 00050   994.73    25.31    86.02     1.92    92.13     9.14  9999.00  9999.00  9999.00  9999.00
