stn_id       p       t2      rh2      spd      dir      vis    rain6   rain24   tmax24   tmin24 
 00001   966.73    25.01    76.50     2.08   245.19    25.47     0.61  9999.00  9999.00  9999.00
 00002   984.03    36.80    15.33     0.50    51.30    22.77     0.00  9999.00  9999.00  9999.00
 00003   896.56    30.70    20.29     1.01   192.07    21.98     0.00  9999.00  9999.00  9999.00
 00004   831.61    24.76    26.49     1.61   298.97    20.28     0.00  9999.00  9999.00  9999.00
 00005   864.63    29.13    13.85     2.87   205.41    19.64     0.00  9999.00  9999.00  9999.00
 00006   873.81    31.29    12.07     2.26   227.48    18.78     0.00  9999.00  9999.00  9999.00
 00007   995.03    27.26    46.37     0.63   140.84    21.42     0.00  9999.00  9999.00  9999.00
 00008   979.57    27.79    41.18     2.45   219.85    23.12     0.00  9999.00  9999.00  9999.00
 00009   938.86    19.18    41.95     2.84   328.92    37.12     0.06  9999.00  9999.00  9999.00
 00010   958.86    24.83    46.61     0.92    61.69    25.10     0.00  9999.00  9999.00  9999.00
 00011   984.76    29.82    35.04     4.72   229.89    24.91     0.00  9999.00  9999.00  9999.00
 00012   998.56    36.36    19.33     1.81   142.06    20.50     0.00  9999.00  9999.00  9999.00
 00013  1001.41    29.17    54.42     3.60   290.96    26.39     0.56  9999.00  9999.00  9999.00
 00014   998.57    29.09    50.82     1.50   244.02    26.59     0.05  9999.00  9999.00  9999.00
 00015   985.54    32.79    24.36     1.69    23.26    21.59     0.00  9999.00  9999.00  9999.00
 00016   947.22    30.33    38.93     2.09    52.89    24.09     0.00  9999.00  9999.00  9999.00
 00017   987.85    33.31    29.52     1.47   211.63    24.64     0.00  9999.00  9999.00  9999.00
 00018  1000.91    30.19    45.52     2.78   318.20    26.43     0.07  9999.00  9999.00  9999.00
 00019   931.37    27.52    36.69     5.91   226.19    27.20     0.00  9999.00  9999.00  9999.00
 00020  1004.56    26.65    66.68     2.20   114.97    22.82     0.89  9999.00  9999.00  9999.00
 00021   882.87    28.98    14.52     4.18   335.25    25.53     0.00  9999.00  9999.00  9999.00
 00022  1001.74    35.72    21.04     0.84   225.45    20.23     0.00  9999.00  9999.00  9999.00
 00023   911.45    26.61    22.72     2.26   278.05    24.19     0.00  9999.00  9999.00  9999.00
 00024   933.23    27.53    24.33    10.74   286.11    25.83     0.00  9999.00  9999.00  9999.00
 00025   792.45    17.56    89.04     2.89   134.44     4.07    10.16  9999.00  9999.00  9999.00
 00026  1001.03    29.63    56.02     2.32    17.95    27.72     0.14  9999.00  9999.00  9999.00
 00027   997.98    29.31    57.90     2.23   347.85    27.78     0.04  9999.00  9999.00  9999.00
 00028   968.73    26.02    72.89     2.07    34.14    26.61     0.00  9999.00  9999.00  9999.00
 00029   998.11    29.17    80.67     0.83   131.29    18.46     1.62  9999.00  9999.00  9999.00
 00030   988.13    28.13    77.50     2.59    47.78    25.96     0.64  9999.00  9999.00  9999.00
 00031   571.90    15.35    21.77     2.86   252.13    22.38     0.28  9999.00  9999.00  9999.00
 00032   969.79    25.62    76.69     1.48   154.11    15.94     0.48  9999.00  9999.00  9999.00
 00033  1001.79    25.04    93.65     3.38   246.31    24.96     0.18  9999.00  9999.00  9999.00
 00034  1005.64    28.97    86.42     5.59   247.05    32.90     0.01  9999.00  9999.00  9999.00
 00035  1001.29    29.04    83.20     2.63   306.89     3.20     8.10  9999.00  9999.00  9999.00
 00036   773.78    15.63    81.35     0.85   213.05     8.44     1.40  9999.00  9999.00  9999.00
 00037   960.24    26.58    73.87     1.02   189.90    18.14     0.40  9999.00  9999.00  9999.00
 00038   987.13    27.85    79.13     1.18   134.75    13.68     2.44  9999.00  9999.00  9999.00
 00039  1001.43    24.88    89.89     3.13   106.44     8.05    10.59  9999.00  9999.00  9999.00
 00040   998.40    27.25    82.27     4.12   156.58    14.16     1.27  9999.00  9999.00  9999.00
 00041   962.33    27.37    52.07     2.00   352.02    26.39     0.01  9999.00  9999.00  9999.00
 00042  1001.95    29.18    61.38     2.42   292.80    26.76     0.05  9999.00  9999.00  9999.00
 00043   994.88    28.38    69.45     1.78    14.84    27.41     0.55  9999.00  9999.00  9999.00
 00044   976.46    25.75    75.28     2.18   321.16    14.29     0.76  9999.00  9999.00  9999.00
 00045   998.40    27.25    82.27     4.12   156.58    14.16     1.27  9999.00  9999.00  9999.00
 00046   935.23    26.47    65.95     2.30   334.54    25.20     0.47  9999.00  9999.00  9999.00
 00047   993.94    23.14    83.55     1.09   222.72    21.52     5.12  9999.00  9999.00  9999.00
 00048   603.11    12.61    54.75     1.04   101.43    26.23     2.82  9999.00  9999.00  9999.00
 00049   576.52     8.73    67.69     3.44   205.61    20.30     0.52  9999.00  9999.00  9999.00
 00050   993.68    25.56    85.65     2.57   119.78     5.73     2.53  9999.00  9999.00  9999.00
