stn_id       p       t2      rh2      spd      dir      vis    rain6   rain24   tmax24   tmin24 
 00001   976.42    18.57    85.69     0.64   194.18    21.79  9999.00  9999.00  9999.00  9999.00
 00002   995.59    22.37    38.44     2.78   278.77    23.20  9999.00  9999.00  9999.00  9999.00
 00003   906.34    17.97    29.20     2.60   295.78    22.07  9999.00  9999.00  9999.00  9999.00
 00004   839.10    11.07    47.96     1.81   273.96    22.12  9999.00  9999.00  9999.00  9999.00
 00005   872.90    13.77    33.18     1.55   197.10    24.64  9999.00  9999.00  9999.00  9999.00
 00006   883.95    12.26    31.22     2.73   225.75    25.67  9999.00  9999.00  9999.00  9999.00
 00007  1002.73    17.32    72.64     3.01   197.09    25.68  9999.00  9999.00  9999.00  9999.00
 00008   986.07    15.24    77.31     3.41   203.95    27.57  9999.00  9999.00  9999.00  9999.00
 00009   942.19     0.88    64.57     4.87   305.92    34.43  9999.00  9999.00  9999.00  9999.00
 00010   966.52    14.58    69.95     0.58   187.36    28.11  9999.00  9999.00  9999.00  9999.00
 00011   992.49    12.37    81.88     3.45   181.37    29.86  9999.00  9999.00  9999.00  9999.00
 00012  1009.77    19.35    58.71     2.19   232.35    23.26  9999.00  9999.00  9999.00  9999.00
 00013  1014.14    23.62    59.86     0.36   161.27    21.16  9999.00  9999.00  9999.00  9999.00
 00014  1010.77    22.36    77.11     1.39    38.72    21.25  9999.00  9999.00  9999.00  9999.00
 00015   995.71    22.90    51.76     2.02   229.22    20.21  9999.00  9999.00  9999.00  9999.00
 00016   959.99    20.20    74.62     0.83   245.52    21.24  9999.00  9999.00  9999.00  9999.00
 00017   998.49    22.84    64.19     2.00   257.54    20.60  9999.00  9999.00  9999.00  9999.00
 00018  1012.78    22.12    71.90     1.03   104.30    20.70  9999.00  9999.00  9999.00  9999.00
 00019   941.04    19.76    75.79     0.65   165.60    25.96  9999.00  9999.00  9999.00  9999.00
 00020  1016.86    21.48    85.21     1.71    94.97    20.70  9999.00  9999.00  9999.00  9999.00
 00021   894.18    14.23    36.29     2.23   282.35    28.16  9999.00  9999.00  9999.00  9999.00
 00022  1012.68    20.79    55.60     2.15   280.21    21.73  9999.00  9999.00  9999.00  9999.00
 00023   918.67    14.72    46.02     2.26   100.95    23.42  9999.00  9999.00  9999.00  9999.00
 00024   948.23     9.27    37.64     7.10   119.03    25.78  9999.00  9999.00  9999.00  9999.00
 00025   797.67    19.30    74.24     3.59   221.40    15.87  9999.00  9999.00  9999.00  9999.00
 00026  1012.37    20.72    75.57     2.59   148.68    20.09  9999.00  9999.00  9999.00  9999.00
 00027  1007.42    22.86    77.85     3.31   355.76    13.75  9999.00  9999.00  9999.00  9999.00
 00028   976.61    22.20    83.37     3.58     3.63     9.24  9999.00  9999.00  9999.00  9999.00
 00029  1008.55    28.35    72.80     0.84   161.00    24.16  9999.00  9999.00  9999.00  9999.00
 00030   997.30    28.06    73.61     2.15   138.52    26.45  9999.00  9999.00  9999.00  9999.00
 00031   573.90     4.30    13.02     3.50   225.49    30.39  9999.00  9999.00  9999.00  9999.00
 00032   981.29    21.82    79.26     1.39   119.24    18.45  9999.00  9999.00  9999.00  9999.00
 00033  1010.84    21.64    95.70     6.12    92.23     1.53  9999.00  9999.00  9999.00  9999.00
 00034  1011.64    27.59    83.45     1.56    61.02    28.75  9999.00  9999.00  9999.00  9999.00
 00035  1010.08    27.13    80.65     4.43    83.81    17.57  9999.00  9999.00  9999.00  9999.00
 00036   778.43    16.15    74.26     1.42   145.66    21.76  9999.00  9999.00  9999.00  9999.00
 00037   971.51    22.26    78.72     1.51   104.77    20.17  9999.00  9999.00  9999.00  9999.00
 00038   997.71    26.53    73.39     1.79   139.61    22.85  9999.00  9999.00  9999.00  9999.00
 00039  1011.91    23.99    81.56     7.28    56.05    22.28  9999.00  9999.00  9999.00  9999.00
 00040  1009.16    25.69    76.48     4.52    71.17    23.70  9999.00  9999.00  9999.00  9999.00
 00041   973.14    22.09    72.78     0.71   276.78    20.17  9999.00  9999.00  9999.00  9999.00
 00042  1014.02    21.75    77.83     1.72    41.83    21.01  9999.00  9999.00  9999.00  9999.00
 00043  1005.66    21.75    76.72     2.87    39.30    21.53  9999.00  9999.00  9999.00  9999.00
 00044   987.25    22.76    83.08     0.72    45.84    20.66  9999.00  9999.00  9999.00  9999.00
 00045  1009.16    25.69    76.48     4.52    71.17    23.70  9999.00  9999.00  9999.00  9999.00
 00046   944.77    23.93    83.12     0.33    55.63    21.53  9999.00  9999.00  9999.00  9999.00
 00047  1005.24    22.48    83.42     1.97   128.01    20.88  9999.00  9999.00  9999.00  9999.00
 00048   605.45     7.14    25.51     1.65   158.22    33.66  9999.00  9999.00  9999.00  9999.00
 00049   579.59     1.22    51.25     3.16   211.33    28.41  9999.00  9999.00  9999.00  9999.00
 00050  1004.32    24.50    69.49     4.57    63.74    21.66  9999.00  9999.00  9999.00  9999.00
