stn_id       p       t2      rh2      spd      dir      vis    rain6   rain24   tmax24   tmin24 
 00001   977.30    27.30    81.04     2.00   250.00     7.00     0.00     0.00    37.60    24.80
 00002   996.80    28.10    74.53     1.00    40.00     9.00     0.00     0.00    33.20    25.00
 00003   922.20    24.30    84.77     2.00    90.00     8.00     0.00     0.00    32.40    21.50
 00004   858.30    19.30    83.72     1.00   220.00    15.00     0.00     0.00    29.30    14.80
 00005   882.40    23.80    62.58     1.00   110.00    26.00     0.00     0.00    30.40    19.00
 00006   879.60    27.20    42.53     8.00   250.00    30.00     0.00     0.00    34.20    24.90
 00007  1001.60    25.80    79.89     1.00   180.00    30.00     0.00     0.00    32.10    21.50
 00008   981.40    26.40    78.98     2.00   200.00    12.00     0.00     0.00    29.90    20.40
 00009   958.00    14.50    98.07     1.00   140.00  9999.00     0.00     0.30    23.50    12.60
 00010   980.50    20.30    88.21     1.00   340.00    30.00     0.00     0.20    20.40    18.10
 00011   994.80    26.60    86.05     2.00   140.00    13.00     0.00     0.00    29.00    20.80
 00012  1002.80    28.30    74.56     1.00   220.00     7.00     0.00     0.00    34.70    24.50
 00013  1002.50    28.10    88.80     2.00    40.00     6.00     0.00     6.10    31.00    26.10
 00014  1001.10    28.90    74.65     2.00    20.00    18.00     0.00     0.00    35.00    27.20
 00015   988.60    28.20    59.68     1.00   160.00    27.00     0.00     0.00    32.80    23.40
 00016   958.20    24.20    94.67     1.00    20.00    10.00     0.00     0.00    34.00    22.60
 00017   994.80    27.50    74.90     0.00   180.00    10.00     0.00     0.00    33.60    23.40
 00018  1004.10    29.00    84.73     1.00    70.00     8.00     0.00     0.30    31.80    26.20
 00019   940.40    26.50    84.99     0.00   290.00    18.00     0.00     0.00    34.60    24.90
 00020  1005.50    29.00    80.76     2.00    40.00    25.00     0.00     1.00    32.90    27.70
 00021   912.70    12.10    88.09     0.00     0.00    24.00     0.00     7.00    16.60    11.20
 00022  1006.80    29.10    71.57     2.00   270.00    14.00     0.00     0.00    34.40    24.80
 00023   936.20     9.30    73.86     2.00   200.00    30.00     0.00     1.00    18.10     9.30
 00024   963.70    10.90    82.20     2.00   320.00    30.00     0.00     0.10    19.40     9.80
 00025   810.10    20.30    81.71     2.00    40.00  9999.00     0.00     0.00    27.50    18.60
 00026  1001.60    28.10    85.66     1.00    70.00     9.00     0.00    50.20    31.70    24.60
 00027   993.40    27.00    89.79     0.00   220.00     6.00     0.00     0.00    32.00    25.50
 00028   974.60    26.00    94.17     1.00   200.00    10.00     0.00     0.20    31.10    24.20
 00029   999.50    25.70    96.46     1.00    20.00    25.00     4.00    31.20    32.60    25.10
 00030   988.10    25.70    98.81     2.00    90.00     1.70     1.00    24.00    32.80    25.10
 00031   628.00    11.30    85.64     1.00   200.00    30.00     0.00     5.00    20.30    11.30
 00032   996.30    28.70    83.69     1.00   290.00     8.00     0.00     0.30    34.50    27.30
 00033   998.90    27.70    85.63     2.00   160.00    30.00     0.00     9.00    34.90    25.90
 00034  1006.60    30.60    78.57     5.00   200.00    14.00     0.00     0.00    32.90    29.80
 00035  1004.20    29.10    84.74     1.00   180.00    22.00     0.00     0.00    33.50    26.50
 00036   836.80    23.40    64.94     2.00    70.00    29.00     0.00     0.00    32.30    22.90
 00037   999.20    28.30    83.65     2.00   320.00    12.00     0.00     0.00    35.40    26.50
 00038  1003.04    29.70  9999.00     1.00   220.00    15.00     0.00     0.00    35.50    27.50
 00039  1003.80    27.50    90.91     4.00   220.00     8.00     0.00     0.00    30.10    26.50
 00040  1000.90    29.30    81.77     3.00   270.00    19.00     0.00     0.00    32.00    27.40
 00041   815.40    17.40    78.74     1.00    90.00     7.00     0.00     6.90    20.70    15.00
 00042  1001.70    25.70    94.16     3.00   220.00     7.00     0.00     0.31    32.00    24.50
 00043   999.10    28.10   100.00     1.00   340.00     4.50     0.00     0.00    33.40    25.50
 00044   993.30    26.50    97.06     2.00   160.00     4.30     0.00    23.10    29.70    25.20
 00045  1000.90    29.30    81.77     3.00   270.00    19.00     0.00     0.00    32.00    27.40
 00046   961.70    25.70   100.00     1.00   160.00     7.00     0.20     2.90    29.40    24.50
 00047  1000.60    27.60    85.62     3.00   270.00    14.00     0.00    13.00    33.40    26.00
 00048   655.20    16.50    54.60     2.00   270.00    30.00     0.00     0.00    24.80    15.60
 00049   604.70     5.40    91.91     1.00   290.00    30.00     0.70     0.70    15.10     5.40
 00050   998.60    28.40    87.77     3.00   200.00    10.00     0.00     0.00    31.90    27.00
