stn_id       p       t2      rh2      spd      dir      vis    rain6   rain24   tmax24   tmin24 
 00001   978.47    18.61    90.20     1.35    40.03    24.08     0.00     0.37    20.51    17.13
 00002  1004.65    14.80    62.62     2.23   155.51    23.15     0.00     0.00    21.87     8.03
 00003   910.55    13.16    41.88     0.96    34.57    22.24     0.00     0.00    17.76     3.69
 00004   841.81     8.42    46.10     0.62   206.92    22.39     0.00     0.00    13.19    -0.34
 00005   876.91    10.89    41.02     1.08   207.30    25.19     0.00     0.00    14.64     2.30
 00006   887.05     7.66    46.01     2.39   111.84    26.29     0.00     0.00    15.62     2.01
 00007  1014.51    14.04    75.16     1.33   296.55    25.53     0.00     0.04    17.67     8.76
 00008   999.05     8.80    75.07     2.62    93.19    27.04     0.00     0.00    16.92     6.42
 00009   952.69     4.24    88.20     0.62   213.04    33.00     0.00     0.00    12.62    -2.04
 00010   976.35     8.20    75.77     1.88   295.24    27.88     0.00     0.21    14.98     5.20
 00011  1006.25     7.67    68.39     1.18   142.38    28.36     0.00     0.00    14.29     4.32
 00012  1021.15    14.17    68.96     1.83   196.32    23.23     0.00     0.00    20.92     9.54
 00013  1020.32    17.57    68.80     2.70    29.39    22.56     0.00     0.00    22.96    13.59
 00014  1016.70    15.94    86.31     1.59    43.26    23.39     0.00     0.00    21.71    14.01
 00015  1005.26    17.72    48.60     1.26    80.36    20.13     0.00     0.00    21.54    11.65
 00016   961.01    16.13    80.78     1.62    99.70    22.07     0.00     1.48    20.50    11.89
 00017  1006.67    14.53    73.37     2.53   130.80    21.38     0.00     0.00    21.89    11.16
 00018  1019.06    18.67    66.15     2.99    41.76    22.07     0.00     0.00    23.42    13.54
 00019   943.04    16.28    92.91     0.51    54.43    11.60     0.57     1.51    18.67    15.23
 00020  1022.81    15.58    93.19     2.38    24.11    21.95     0.00     0.00    22.15    13.28
 00021   894.51    13.13    60.94     1.98   241.34    25.95     0.00     0.00    17.73     7.48
 00022  1024.05    15.54    69.05     1.72   121.49    21.44     0.00     0.00    21.77    10.40
 00023   918.65    13.74    60.74     3.14   135.48    21.71     0.00     0.00    19.85     5.13
 00024   947.39    11.99    69.75     3.21   121.48    24.03     0.00     0.00    16.67     4.46
 00025   799.52    14.58    79.31     1.98   138.34    24.86     0.14     4.07    15.62    10.98
 00026  1016.90    18.97    74.46     1.95    27.27    23.02     0.00     0.00    22.11    15.44
 00027  1012.82    19.50    73.21     2.51    19.37    22.88     0.17     1.58    22.13    16.95
 00028   981.93    17.10    81.55     1.60    23.09    22.21     0.01     1.19    20.13    16.23
 00029  1011.48    18.67    91.92     4.18     4.33    11.97     4.12    28.57    19.97    18.54
 00030  1000.97    21.11    73.16     3.17    12.73    28.25     0.01     0.83    22.79    19.63
 00031   572.24     5.32    24.31     3.02   218.46    28.24     0.02     0.03    11.50    -3.14
 00032   984.22    18.03    81.65     2.83    39.30    21.90     0.06     1.46    20.96    17.43
 00033  1011.32    21.75    91.58     8.19    53.22    21.13     0.26     6.97    23.60    20.33
 00034  1011.58    26.79    87.10     5.21    35.99    29.87     3.01     5.30    27.66    26.39
 00035  1010.30    24.31    89.61     5.04    31.22    13.25     0.92     3.86    27.45    22.55
 00036   780.07    11.94    87.93     0.76   195.21     9.36     0.57     5.12    12.87    10.33
 00037   974.51    18.29    81.49     1.94    45.51    21.85     0.05     1.56    21.32    17.62
 00038  1000.36    21.72    76.61     1.84    56.64    24.42     0.05     3.61    24.75    20.08
 00039  1014.28    21.86    81.48    11.31    27.86    23.80     0.03     2.78    23.25    20.97
 00040  1011.40    22.81    77.87     6.92    42.41    24.68     0.21     2.56    24.92    21.31
 00041   978.23    13.85    76.99     1.80    34.23    22.11     0.00     0.03    20.15    12.67
 00042  1019.99    16.93    77.39     1.65   112.48    22.68     0.00     0.00    22.62    13.66
 00043  1010.24    19.44    72.72     2.32    44.36    23.49     0.00     2.00    21.36    16.41
 00044   991.67    17.29    79.08     1.98    54.05    22.55     0.07     3.12    19.55    15.78
 00045  1011.40    22.81    77.87     6.92    42.41    24.68     0.21     2.56    24.92    21.31
 00046   947.39    17.06    97.50     1.69    42.77     2.46     2.07     3.34    19.12    16.76
 00047  1009.88    19.07    90.34     3.37    17.93    19.42     1.28     6.99    19.80    17.74
 00048   603.12     7.32    46.94     2.37   173.45    32.29     0.15     0.28    13.93     1.09
 00049   578.86     0.65    96.23     2.32   192.30     2.67     1.90     5.58     3.18     0.16
 00050  1007.01    20.31    80.12     6.41    25.20    23.06     0.02     1.86    23.10    19.00
