stn_id       p       t2      rh2      spd      dir      vis    rain6   rain24   tmax24   tmin24 
 00001   983.28    20.70  9999.00     1.00   110.00     1.40  9999.00  9999.00  9999.00  9999.00
 00002  1005.79    13.30  9999.00     1.00   250.00    10.00  9999.00  9999.00  9999.00  9999.00
 00003   927.89     7.40  9999.00     0.00    70.00     1.20  9999.00  9999.00  9999.00  9999.00
 00004   862.21     2.10  9999.00     2.00   220.00    12.00  9999.00  9999.00  9999.00  9999.00
 00005   896.43     5.80  9999.00     3.00   320.00    10.00  9999.00  9999.00  9999.00  9999.00
 00006   882.71     9.80  9999.00     3.00   270.00    30.00  9999.00  9999.00  9999.00  9999.00
 00007  1008.32    12.20  9999.00     1.00    70.00    30.00  9999.00  9999.00  9999.00  9999.00
 00008   984.35    14.20  9999.00     3.00   140.00    10.00  9999.00  9999.00  9999.00  9999.00
 00009   959.19     0.40  9999.00     2.00   200.00    30.00  9999.00  9999.00  9999.00  9999.00
 00010   987.76     4.50  9999.00     1.00   270.00    12.00  9999.00  9999.00  9999.00  9999.00
 00011   997.03     8.30  9999.00     2.00    90.00    22.00  9999.00  9999.00  9999.00  9999.00
 00012  1011.04    11.80  9999.00     0.00    90.00  9999.00  9999.00  9999.00  9999.00  9999.00
 00013  1014.46    17.30  9999.00     2.00    90.00     4.30  9999.00  9999.00  9999.00  9999.00
 00014  1008.54    20.10  9999.00     2.00   290.00    20.00  9999.00  9999.00  9999.00  9999.00
 00015   996.41    18.30  9999.00     1.00   110.00    30.00  9999.00  9999.00  9999.00  9999.00
 00016   967.89    13.10  9999.00     1.00   180.00     7.00  9999.00  9999.00  9999.00  9999.00
 00017  1003.30    16.80  9999.00     1.00   270.00     8.00  9999.00  9999.00  9999.00  9999.00
 00018  1011.06    18.00  9999.00     2.00    40.00     2.30  9999.00  9999.00  9999.00  9999.00
 00019   944.07    19.00  9999.00     1.00   320.00    11.00  9999.00  9999.00  9999.00  9999.00
 00020  1013.62    22.00  9999.00     1.00    90.00    30.00  9999.00  9999.00  9999.00  9999.00
 00021   909.09    11.40  9999.00     2.00   200.00    25.00  9999.00  9999.00  9999.00  9999.00
 00022  1015.10    12.60  9999.00     1.00   160.00    16.00  9999.00  9999.00  9999.00  9999.00
 00023   931.32    12.10  9999.00     1.00   200.00    30.00  9999.00  9999.00  9999.00  9999.00
 00024   963.43     6.20  9999.00     0.00   110.00     9.00  9999.00  9999.00  9999.00  9999.00
 00025   812.90    18.80    85.84     1.00   250.00    30.00  9999.00  9999.00  9999.00  9999.00
 00026  1006.41    24.30  9999.00     1.00    70.00    12.00  9999.00  9999.00  9999.00  9999.00
 00027  1006.05    17.00  9999.00     4.00   320.00  9999.00  9999.00  9999.00  9999.00  9999.00
 00028   982.83    17.50  9999.00     1.00    40.00    10.00  9999.00  9999.00  9999.00  9999.00
 00029  1006.37    24.90  9999.00     1.00   360.00     4.10  9999.00  9999.00  9999.00  9999.00
 00030   995.69    25.70  9999.00     1.00    70.00     6.00  9999.00  9999.00  9999.00  9999.00
 00031   628.20    10.50    51.92     2.00   160.00    30.00  9999.00  9999.00  9999.00  9999.00
 00032  1002.04    23.20  9999.00     3.00   320.00    23.00  9999.00  9999.00  9999.00  9999.00
 00033  1008.50    25.90  9999.00     0.00     0.00     6.00  9999.00  9999.00  9999.00  9999.00
 00034  1007.50    29.00  9999.00     3.00    70.00    27.00  9999.00  9999.00  9999.00  9999.00
 00035  1007.69    26.10  9999.00     1.00   290.00     9.00  9999.00  9999.00  9999.00  9999.00
 00036   838.00    23.50    66.64     1.00   340.00    30.00  9999.00  9999.00  9999.00  9999.00
 00037  1006.21    22.00  9999.00     1.00   320.00    20.00  9999.00  9999.00  9999.00  9999.00
 00038  1008.03    24.50  9999.00     1.00   320.00    22.00  9999.00  9999.00  9999.00  9999.00
 00039  1008.15    25.90  9999.00     3.00   360.00    25.00  9999.00  9999.00  9999.00  9999.00
 00040  1004.74    25.40  9999.00     4.00    20.00    20.00  9999.00  9999.00  9999.00  9999.00
 00041   817.50    13.90   100.00     5.00   250.00     0.10  9999.00  9999.00  9999.00  9999.00
 00042  1011.58    20.60  9999.00     2.00    40.00    20.00  9999.00  9999.00  9999.00  9999.00
 00043  1008.40    24.00  9999.00     1.00   250.00    30.00  9999.00  9999.00  9999.00  9999.00
 00044  1003.69    20.60  9999.00     1.00    20.00    18.00  9999.00  9999.00  9999.00  9999.00
 00045  1004.74    25.40  9999.00     4.00    20.00    20.00  9999.00  9999.00  9999.00  9999.00
 00046   968.19    22.60  9999.00     2.00    40.00     4.80  9999.00  9999.00  9999.00  9999.00
 00047  1008.34    21.50  9999.00     2.00   320.00    10.00  9999.00  9999.00  9999.00  9999.00
 00048   655.90    13.60    55.80     1.00    40.00    30.00  9999.00  9999.00  9999.00  9999.00
 00049   605.50     5.60    85.04     1.00   290.00    30.00  9999.00  9999.00  9999.00  9999.00
 00050  1008.34    24.50  9999.00     5.00   360.00    28.00  9999.00  9999.00  9999.00  9999.00
