stn_id       p       t2      rh2      spd      dir      vis    rain6   rain24   tmax24   tmin24 
 00001   965.63    27.07    87.78     0.53   135.02    25.84     0.00     0.01    31.13    24.91
 00002   991.12    26.21    77.86     0.93   326.00    25.74     0.00     0.00    32.97    21.52
 00003   901.87    21.68    72.26     1.09    21.14    24.85     0.00    -0.00    31.47    16.49
 00004   835.19    19.59    60.08     1.96   154.61    24.86     0.00     0.00    26.49    12.95
 00005   867.84    20.81    48.69     1.73   148.86    27.58     0.00     0.00    29.92    15.04
 00006   876.14    22.28    19.68     5.08   196.68    28.63     0.00     0.00    30.29    15.40
 00007  1001.48    25.35    83.91     1.78   220.87    25.25     0.00     0.00    30.13    20.61
 00008   985.74    24.09    69.15     1.71   188.49    27.41     0.00     0.01    28.27    17.10
 00009   934.85    16.62    55.47     4.12   220.80    39.83     0.00     1.79    19.99    11.12
 00010   967.17    22.06    87.80     1.36   101.12    17.41     0.29     0.58    26.40    17.73
 00011   992.99    24.84    63.83     2.24   157.78    29.99     0.00     0.00    27.30    16.74
 00012  1007.23    23.38    88.61     1.73   108.99    23.67     0.03     0.03    31.69    22.09
 00013  1006.54    25.43    84.31     4.09    95.26    23.75     0.01     0.14    31.24    23.66
 00014  1003.64    25.91    85.84     2.69   120.15    24.68     0.03     4.87    29.21    22.95
 00015   991.54    25.60    83.46     1.32   203.48    12.42     1.49     6.18    31.30    23.87
 00016   949.53    25.01    81.31     1.30   104.10    24.63     0.02     0.07    32.95    23.64
 00017   992.13    25.96    89.83     1.79    33.10    23.85     0.34     8.72    30.74    24.17
 00018  1004.15    26.60    79.63     4.26   112.85    19.46     0.00     0.07    32.54    24.13
 00019   931.03    24.92    80.71     0.41   125.93    27.18     0.00     0.08    29.13    23.88
 00020  1010.46    24.74    84.81     3.64   129.75    18.98     0.05     0.08    27.62    22.61
 00021   890.27    16.04    57.68     1.77   165.32    27.90     0.00     0.00    26.66    15.13
 00022  1010.19    21.31    92.66     2.47    90.98     5.07     0.04     0.05    31.53    20.06
 00023   916.60    13.03    48.96     1.04   182.98    23.39     0.00     0.00    25.78    12.24
 00024   941.04    15.34    48.82     3.81   288.85    25.75     0.00     0.00    26.46    15.00
 00025   794.88    17.14    93.72     1.63    57.89    24.64     0.07     6.40    23.65    16.05
 00026  1003.14    25.57    91.15     1.61    59.47    10.64     0.00     0.40    31.37    23.25
 00027   998.64    26.58    91.08     1.09   312.50    26.80     1.50     2.76    32.66    24.74
 00028   968.65    25.94    91.85     1.82   108.26    19.78     0.81     1.84    31.38    24.54
 00029  1001.92    24.99    97.90     0.39   161.78     5.68     6.46     9.36    31.75    24.42
 00030   990.33    25.78    93.58     1.72   123.42    26.86     3.81     4.99    30.66    24.72
 00031   576.68     6.14    88.82     0.52   254.01     6.72     0.75     1.33    16.38     3.27
 00032   974.13    22.89    93.66     1.24    49.20     0.50     0.58     7.78    24.58    21.47
 00033  1004.27    22.73    98.67     1.73   209.44     0.45     0.08     0.22    24.28    21.56
 00034  1006.73    27.67    85.08     1.53   136.53    28.29     0.38     0.42    28.69    27.47
 00035  1003.56    26.94    88.34     2.88   198.67    31.11     0.00     3.82    31.49    25.89
 00036   776.13    16.32    94.96     0.24   119.92     9.79     0.11    10.85    23.77    14.82
 00037   964.61    23.02    93.96     0.88    51.85     8.43     0.50    11.56    25.48    21.92
 00038   991.85    23.95    98.83     0.77    94.02     4.82     1.97    11.07    28.62    23.72
 00039  1005.14    24.29    93.82     4.18    52.64    21.96     1.28     8.96    25.30    23.82
 00040  1002.99    24.83    95.07     3.57    54.84     8.29     0.94     5.86    28.12    24.69
 00041   965.67    24.22    86.01     1.82   133.60    24.23     0.00     4.04    29.84    20.96
 00042  1005.68    26.42    84.33     3.05   100.38    24.47     0.00     0.06    31.58    23.80
 00043   996.76    26.18    89.05     1.48    69.34    26.01     0.00     0.64    31.94    23.53
 00044   979.43    24.84    87.79     1.48    93.08    25.06     0.01     3.41    29.03    21.86
 00045  1002.99    24.83    95.07     3.57    54.84     8.29     0.94     5.86    28.12    24.69
 00046   938.49    22.77    90.92     1.05   126.59    25.80     0.45     3.02    27.75    20.42
 00047   998.41    22.95    96.91     2.29    39.30     2.91     0.18    19.25    24.10    22.02
 00048   607.46     8.58    91.19     0.65   178.62    10.77     2.59     8.87    18.30     8.01
 00049   580.12     4.08    92.75     0.53    49.44    23.33     0.15     6.53     9.93     3.34
 00050   997.50    24.57    89.99     2.32    50.16    24.73     1.75     8.14    26.13    23.34
