stn_id       p       t2      rh2      spd      dir      vis    rain6   rain24   tmax24   tmin24 
 00001   963.07    26.08    95.14     0.91    59.53    25.70     0.02  9999.00  9999.00  9999.00
 00002   985.30    23.80    81.42     1.93   206.63    25.54     0.00  9999.00  9999.00  9999.00
 00003   897.06    19.53    83.99     2.49   186.20    24.70     0.00  9999.00  9999.00  9999.00
 00004   830.07    16.77    84.10     3.21   181.58    24.76     0.08  9999.00  9999.00  9999.00
 00005   862.26    15.79    80.92     3.08    63.31    27.45     1.84  9999.00  9999.00  9999.00
 00006   872.09    17.89    68.37     4.85   181.55    28.59     0.16  9999.00  9999.00  9999.00
 00007   997.68    22.58    94.51     3.48   174.90    25.17     0.04  9999.00  9999.00  9999.00
 00008   981.85    20.71    77.75     3.83   186.69    27.30     0.00  9999.00  9999.00  9999.00
 00009   933.51    11.75    68.68     3.64   212.08    39.53     0.00  9999.00  9999.00  9999.00
 00010   964.54    16.69    99.48     0.96   109.11     2.95     0.01  9999.00  9999.00  9999.00
 00011   988.32    20.90    86.37     3.81   179.74    29.84     0.00  9999.00  9999.00  9999.00
 00012  1001.65    22.71    94.79     1.75   247.54    23.45     2.15  9999.00  9999.00  9999.00
 00013  1003.00    24.23    89.87     3.33   117.34    23.73     0.00  9999.00  9999.00  9999.00
 00014  1000.32    24.03    91.94     1.52   110.29    24.71     0.00  9999.00  9999.00  9999.00
 00015   987.49    23.94    85.66     2.41   170.09    18.30     2.11  9999.00  9999.00  9999.00
 00016   947.17    23.18    94.69     0.81   274.27    25.47     0.91  9999.00  9999.00  9999.00
 00017   988.24    24.85    91.79     0.79   129.10    23.91     0.10  9999.00  9999.00  9999.00
 00018  1000.98    25.07    89.54     2.59   115.84    19.66     0.00  9999.00  9999.00  9999.00
 00019   929.70    24.26    89.46     1.48   264.69    10.52     5.25  9999.00  9999.00  9999.00
 00020  1007.61    23.08    94.35     3.65   114.33    18.08     0.00  9999.00  9999.00  9999.00
 00021   888.21    18.60    41.75     1.50   186.05    27.79     0.00  9999.00  9999.00  9999.00
 00022  1004.12    22.74    92.12     2.95   151.11    21.66     0.00  9999.00  9999.00  9999.00
 00023   914.97    17.72    38.17     1.97   211.62    23.35     0.00  9999.00  9999.00  9999.00
 00024   938.32    19.94    33.94     2.99   286.29    25.66     0.00  9999.00  9999.00  9999.00
 00025   793.64    17.38    94.39     0.76    53.35    20.63     0.85  9999.00  9999.00  9999.00
 00026  1000.60    24.72    95.59     1.25   178.38    26.24     0.00  9999.00  9999.00  9999.00
 00027   995.90    25.72    92.57     1.53   140.41    26.70     0.01  9999.00  9999.00  9999.00
 00028   966.61    24.30    96.57     0.99   181.52    15.82     0.96  9999.00  9999.00  9999.00
 00029  1000.74    24.91    98.72     1.54   164.62    28.15     3.49  9999.00  9999.00  9999.00
 00030   989.22    25.06    97.85     1.72   154.10    30.05     0.04  9999.00  9999.00  9999.00
 00031   576.68     6.66    87.63     0.93   200.78     4.74     4.07  9999.00  9999.00  9999.00
 00032   972.50    22.63    97.12     0.67   151.54    14.09     0.02  9999.00  9999.00  9999.00
 00033  1002.59    23.64    95.93     3.89   142.76     0.24     0.03  9999.00  9999.00  9999.00
 00034  1005.05    27.04    88.85     4.48   152.49    16.35     0.58  9999.00  9999.00  9999.00
 00035  1002.04    26.33    95.20     2.65   153.07    28.01     0.05  9999.00  9999.00  9999.00
 00036   775.00    16.18    96.78     0.36   170.62    13.18     2.64  9999.00  9999.00  9999.00
 00037   962.96    22.46    98.04     0.82   121.16    11.74     0.02  9999.00  9999.00  9999.00
 00038   990.32    23.85    99.05     0.59   129.62     6.12     0.15  9999.00  9999.00  9999.00
 00039  1003.75    24.57    96.99     1.69   212.73    20.75     0.05  9999.00  9999.00  9999.00
 00040  1001.63    24.61    97.52     0.89   216.51    21.82     0.62  9999.00  9999.00  9999.00
 00041   963.03    21.93    97.48     1.04   141.84    24.55     0.00  9999.00  9999.00  9999.00
 00042  1002.52    24.61    90.46     2.49   110.05    24.40     0.00  9999.00  9999.00  9999.00
 00043   994.62    24.44    96.22     1.08   179.62    27.02     0.06  9999.00  9999.00  9999.00
 00044   977.24    22.77    97.18     0.86   106.94    24.95     0.05  9999.00  9999.00  9999.00
 00045  1001.63    24.61    97.52     0.89   216.51    21.82     0.62  9999.00  9999.00  9999.00
 00046   937.27    20.76    97.99     2.10   215.48    13.89     3.26  9999.00  9999.00  9999.00
 00047   995.85    23.22    98.90     0.94   171.32     1.01     0.13  9999.00  9999.00  9999.00
 00048   606.98     9.22    91.79     0.43   183.88     9.67     3.13  9999.00  9999.00  9999.00
 00049   580.29     4.81    99.02     0.84   158.51     1.70     0.25  9999.00  9999.00  9999.00
 00050   996.05    24.07    97.24     1.02   201.50    23.76     0.05  9999.00  9999.00  9999.00
