stn_id       p       t2      rh2      spd      dir      vis    rain6   rain24   tmax24   tmin24 
 00001   963.03    28.15    84.63     1.17    78.72    23.95     3.66  9999.00  9999.00  9999.00
 00002   987.00    26.69    83.13     1.79   144.63    25.65     0.13  9999.00  9999.00  9999.00
 00003   898.43    22.50    78.22     1.16   143.01    24.49     0.38  9999.00  9999.00  9999.00
 00004   831.63    19.87    52.22     1.98   161.03    24.74     0.00  9999.00  9999.00  9999.00
 00005   862.86    23.57    43.09     3.65   159.13    27.44     0.98  9999.00  9999.00  9999.00
 00006   873.89    23.14    28.26     2.09   157.22    28.56     0.02  9999.00  9999.00  9999.00
 00007   998.47    25.79    82.58     2.48   223.15    25.20     0.00  9999.00  9999.00  9999.00
 00008   983.54    22.43    72.82     2.34   179.99    27.35     0.00  9999.00  9999.00  9999.00
 00009   934.30    15.43    56.03     2.93   232.72    39.63     0.02  9999.00  9999.00  9999.00
 00010   964.97    20.18    85.90     2.09   112.61    29.38     0.20  9999.00  9999.00  9999.00
 00011   989.93    23.22    73.07     2.89   171.82    29.90     0.00  9999.00  9999.00  9999.00
 00012  1002.64    27.61    73.90     3.23   140.17    24.28     0.00  9999.00  9999.00  9999.00
 00013  1003.94    27.16    76.09     2.99   112.05    23.75     0.16  9999.00  9999.00  9999.00
 00014  1001.05    26.02    87.20     1.48    71.69    24.73     0.54  9999.00  9999.00  9999.00
 00015   988.10    27.68    75.54     0.99   133.26    20.50     0.11  9999.00  9999.00  9999.00
 00016   947.45    25.71    85.16     1.28    43.55    23.88     5.15  9999.00  9999.00  9999.00
 00017   989.20    27.31    82.95     1.21    21.45    23.94     0.14  9999.00  9999.00  9999.00
 00018  1002.13    26.91    83.35     2.76   108.53    23.66     0.66  9999.00  9999.00  9999.00
 00019   929.25    26.84    81.26     1.25    58.69    27.02     0.00  9999.00  9999.00  9999.00
 00020  1008.66    23.46    91.59     3.89   121.93    18.33     0.00  9999.00  9999.00  9999.00
 00021   887.64    26.59    24.59     3.10   185.06    27.78     0.00  9999.00  9999.00  9999.00
 00022  1006.35    24.73    86.87     3.67   117.80    21.74     0.00  9999.00  9999.00  9999.00
 00023   913.86    27.71    19.89     3.62   297.41    23.32     0.00  9999.00  9999.00  9999.00
 00024   937.60    26.77    21.60     4.36   302.02    25.66     0.00  9999.00  9999.00  9999.00
 00025   792.70    20.00    85.75     0.97   220.34    17.46     5.65  9999.00  9999.00  9999.00
 00026  1001.12    26.67    89.29     0.88   117.60    26.43     1.42  9999.00  9999.00  9999.00
 00027   996.46    28.06    86.25     1.03   154.64    26.72     0.37  9999.00  9999.00  9999.00
 00028   966.76    26.08    91.89     1.09    78.64    25.30     3.29  9999.00  9999.00  9999.00
 00029  1000.65    25.72    94.79     2.03   131.85    23.83     5.56  9999.00  9999.00  9999.00
 00030   988.20    26.20    93.90     1.88   127.86    30.34    11.18  9999.00  9999.00  9999.00
 00031   575.42     9.07    76.53     1.71   206.48    12.23     3.39  9999.00  9999.00  9999.00
 00032   973.29    22.76    97.32     0.98   136.83     7.00     0.73  9999.00  9999.00  9999.00
 00033  1002.51    21.94    98.14     4.98    96.83     0.27     0.08  9999.00  9999.00  9999.00
 00034  1005.73    27.70    85.52     4.26   115.01    30.42     0.21  9999.00  9999.00  9999.00
 00035  1002.26    27.49    86.07     3.41   129.86    31.02     0.13  9999.00  9999.00  9999.00
 00036   773.95    19.81    82.42     0.99   232.41    24.34     1.10  9999.00  9999.00  9999.00
 00037   963.73    22.97    96.83     1.09   121.05    17.82     1.67  9999.00  9999.00  9999.00
 00038   990.95    24.25    97.04     0.75   119.25    25.83     1.28  9999.00  9999.00  9999.00
 00039  1004.47    24.65    95.83     1.47   149.18    25.35     0.76  9999.00  9999.00  9999.00
 00040  1002.25    25.06    93.59     1.69   121.74    23.37     2.53  9999.00  9999.00  9999.00
 00041   963.79    24.60    86.64     1.24   119.61    24.57     0.40  9999.00  9999.00  9999.00
 00042  1003.46    27.25    81.53     2.35    95.08    24.43     0.76  9999.00  9999.00  9999.00
 00043   994.92    27.25    83.48     0.55   163.76    27.00     0.33  9999.00  9999.00  9999.00
 00044   977.46    24.67    90.31     1.16    90.37    25.02     4.49  9999.00  9999.00  9999.00
 00045  1002.25    25.06    93.59     1.69   121.74    23.37     2.53  9999.00  9999.00  9999.00
 00046   937.51    22.80    92.57     0.82   194.08    15.26     2.30  9999.00  9999.00  9999.00
 00047   997.05    23.10    99.05     1.06   122.24     1.77     1.11  9999.00  9999.00  9999.00
 00048   605.49    13.87    67.58     0.65    72.54    28.75     0.59  9999.00  9999.00  9999.00
 00049   579.13     6.33    93.64     1.56   214.86    17.88     2.11  9999.00  9999.00  9999.00
 00050   996.91    24.29    95.80     1.11   134.47    24.93     0.50  9999.00  9999.00  9999.00
