stn_id       p       t2      rh2      spd      dir      vis    rain6   rain24   tmax24   tmin24 
 00001   987.62     4.64    82.66     0.83   152.89    18.54     0.00  9999.00  9999.00  9999.00
 00002  1006.66    -2.82    21.32     5.66   276.26    27.04     0.00  9999.00  9999.00  9999.00
 00003   911.14   -13.51    39.49     2.44   254.48    25.14     0.00  9999.00  9999.00  9999.00
 00004   838.45   -17.56    45.42     2.12   271.56    26.30     0.00  9999.00  9999.00  9999.00
 00005   875.02   -16.76    49.24     1.29   269.24    31.60     0.00  9999.00  9999.00  9999.00
 00006   883.72   -14.12    51.22     6.47   269.57    35.56     0.00  9999.00  9999.00  9999.00
 00007  1009.60   -12.25    41.59     2.97   257.81    34.89     0.00  9999.00  9999.00  9999.00
 00008   989.37   -15.49    55.41     4.35   234.95    40.73     0.01  9999.00  9999.00  9999.00
 00009   942.15   -35.95    98.73     2.10   233.62    55.21     0.00  9999.00  9999.00  9999.00
 00010   966.89   -18.97    66.74     2.78   280.30    39.20     0.00  9999.00  9999.00  9999.00
 00011   998.10   -21.10    66.28     2.34   163.51    41.94     0.02  9999.00  9999.00  9999.00
 00012  1022.15    -7.44    26.87     1.84   283.32    28.89     0.00  9999.00  9999.00  9999.00
 00013  1027.74    -4.87    51.49     2.61   308.03    20.06     0.00  9999.00  9999.00  9999.00
 00014  1023.55    -4.73    59.06     2.20   266.14    20.17     0.00  9999.00  9999.00  9999.00
 00015  1007.71    -6.03    22.65     3.17   219.92    21.85     0.00  9999.00  9999.00  9999.00
 00016   971.04    -7.21    40.97     1.21   163.50    19.51     0.00  9999.00  9999.00  9999.00
 00017  1012.42    -3.02    24.81     5.50   285.63    19.94     0.00  9999.00  9999.00  9999.00
 00018  1027.34    -5.04    56.04     2.15   318.21    19.39     0.00  9999.00  9999.00  9999.00
 00019   950.66    -2.20    67.03     1.55   299.65    22.10     0.00  9999.00  9999.00  9999.00
 00020  1028.03    -2.64    33.42     5.56   303.66    19.97     0.00  9999.00  9999.00  9999.00
 00021   901.46   -16.23    63.57     3.03   164.29    43.84     0.00  9999.00  9999.00  9999.00
 00022  1025.15    -4.73    22.80     3.41   274.11    26.16     0.00  9999.00  9999.00  9999.00
 00023   929.56   -10.44    40.21     1.67   181.62    40.34     0.00  9999.00  9999.00  9999.00
 00024   959.21   -20.17    95.25     3.94   128.91    11.70     0.01  9999.00  9999.00  9999.00
 00025   798.69     0.84    83.48     2.11    99.28    12.31     0.22  9999.00  9999.00  9999.00
 00026  1027.22    -2.53    73.97     2.47   326.78    18.96     0.00  9999.00  9999.00  9999.00
 00027  1024.25    -0.99    66.92     2.10   350.66    18.20     0.00  9999.00  9999.00  9999.00
 00028   991.23    -0.44    67.14     1.98   116.35    17.00     0.00  9999.00  9999.00  9999.00
 00029  1019.84     5.80    38.35     4.61    13.35    20.64     0.00  9999.00  9999.00  9999.00
 00030  1010.38     6.82    40.64     3.43    15.80    21.86     0.00  9999.00  9999.00  9999.00
 00031   572.13    -6.67    35.31     2.29   228.30    35.48     0.00  9999.00  9999.00  9999.00
 00032   988.84     0.75    57.64     2.51   336.67    18.46     0.00  9999.00  9999.00  9999.00
 00033  1019.36    15.12    73.96     9.13    30.50    22.41     0.02  9999.00  9999.00  9999.00
 00034  1014.47    24.41    78.27    14.79    37.42     7.95     2.68  9999.00  9999.00  9999.00
 00035  1017.78    15.93    69.21     6.20    21.46    22.26     0.12  9999.00  9999.00  9999.00
 00036   778.66    -1.50    74.33     0.70    66.72    18.59     0.12  9999.00  9999.00  9999.00
 00037   978.70    -0.33    61.65     2.08   327.44    18.36     0.00  9999.00  9999.00  9999.00
 00038  1005.93     4.87    45.85     2.18   329.65    20.09     0.00  9999.00  9999.00  9999.00
 00039  1020.64     9.05    58.57     9.63    17.36    15.76     0.03  9999.00  9999.00  9999.00
 00040  1016.94     9.80    46.39     6.64    58.44    20.61     0.00  9999.00  9999.00  9999.00
 00041   983.80    -5.86    61.76     1.24   285.85    18.63     0.00  9999.00  9999.00  9999.00
 00042  1028.18    -3.71    60.34     2.67   277.24    19.74     0.00  9999.00  9999.00  9999.00
 00043  1020.44    -2.66    76.05     1.83   330.54    19.22     0.00  9999.00  9999.00  9999.00
 00044   999.44    -2.67    54.41     0.42   257.11    18.91     0.00  9999.00  9999.00  9999.00
 00045  1016.94     9.80    46.39     6.64    58.44    20.61     0.00  9999.00  9999.00  9999.00
 00046   952.20    -2.13    70.40     2.41     8.21    19.08     0.00  9999.00  9999.00  9999.00
 00047  1015.74     0.71    45.03     4.97   328.35    19.44     0.00  9999.00  9999.00  9999.00
 00048   602.29    -2.56    28.94     1.33   190.92    37.71    -0.00  9999.00  9999.00  9999.00
 00049   575.12    -7.96    91.32     0.38   188.22    14.11     0.02  9999.00  9999.00  9999.00
 00050  1012.91     3.61    56.26     3.92    38.57    19.03     0.00  9999.00  9999.00  9999.00
