stn_id       p       t2      rh2      spd      dir      vis    rain6   rain24   tmax24   tmin24 
 00001   975.21    15.34    92.89     1.83    49.94    21.42  9999.00  9999.00  9999.00  9999.00
 00002  1012.77     0.68    45.07     1.42   152.43    24.21  9999.00  9999.00  9999.00  9999.00
 00003   912.90     0.38    21.78     3.20    29.18    22.65  9999.00  9999.00  9999.00  9999.00
 00004   840.51    -7.80    31.91     1.37    84.52    22.39  9999.00  9999.00  9999.00  9999.00
 00005   879.41    -9.51    21.97     2.05   120.24    24.46  9999.00  9999.00  9999.00  9999.00
 00006   891.04   -11.34    33.20     3.24   298.41    25.21  9999.00  9999.00  9999.00  9999.00
 00007  1019.40   -12.49    80.97     3.03   240.35    26.72  9999.00  9999.00  9999.00  9999.00
 00008   998.14   -15.90    90.42     5.35   228.20    29.98  9999.00  9999.00  9999.00  9999.00
 00009   952.59   -12.85    82.13     2.78   327.22    33.24  9999.00  9999.00  9999.00  9999.00
 00010   971.41    -7.67    73.16     5.21   285.64    29.92  9999.00  9999.00  9999.00  9999.00
 00011  1002.92   -15.45    91.89     4.50   230.70    32.83  9999.00  9999.00  9999.00  9999.00
 00012  1030.29    -1.78    34.86     2.23   329.38    23.96  9999.00  9999.00  9999.00  9999.00
 00013  1019.42    13.03    83.63     6.18    27.55    12.37  9999.00  9999.00  9999.00  9999.00
 00014  1012.93    15.66    94.78     3.67     3.13    11.05  9999.00  9999.00  9999.00  9999.00
 00015  1011.47     1.66    28.14     3.51    33.61    20.65  9999.00  9999.00  9999.00  9999.00
 00016   961.75     9.97    65.28     2.33    80.40    20.76  9999.00  9999.00  9999.00  9999.00
 00017  1012.74     5.43    25.03     4.29    44.54    20.02  9999.00  9999.00  9999.00  9999.00
 00018  1019.37    11.57    76.08     6.18    28.18    13.31  9999.00  9999.00  9999.00  9999.00
 00019   939.78    15.50    89.65     0.98   240.06    23.00  9999.00  9999.00  9999.00  9999.00
 00020  1018.85    16.79    91.20     6.34    24.93     2.52  9999.00  9999.00  9999.00  9999.00
 00021   896.04     1.34    68.35     1.26   128.63    33.52  9999.00  9999.00  9999.00  9999.00
 00022  1032.69     0.06    29.79     3.25   169.84    22.67  9999.00  9999.00  9999.00  9999.00
 00023   925.34     5.11    92.66     4.01   268.01     4.43  9999.00  9999.00  9999.00  9999.00
 00024   949.64    -5.73    58.76     2.12   121.84    30.35  9999.00  9999.00  9999.00  9999.00
 00025   798.30    10.36    83.38     2.06   200.17    20.46  9999.00  9999.00  9999.00  9999.00
 00026  1013.87    16.19    93.45     4.87     7.06    18.12  9999.00  9999.00  9999.00  9999.00
 00027  1010.90    16.57    91.05     3.77    31.64    18.98  9999.00  9999.00  9999.00  9999.00
 00028   979.65    16.58    86.99     3.48    28.68     8.85  9999.00  9999.00  9999.00  9999.00
 00029  1009.96    23.89    91.38     1.30   173.67    18.55  9999.00  9999.00  9999.00  9999.00
 00030   997.95    23.77    96.03     2.82   152.02    23.62  9999.00  9999.00  9999.00  9999.00
 00031   573.31    -3.44    38.26     2.53   209.56    32.69  9999.00  9999.00  9999.00  9999.00
 00032   980.95    18.17    97.87     1.04   328.11     1.47  9999.00  9999.00  9999.00  9999.00
 00033  1011.78    22.90    97.65     2.38   136.53     0.19  9999.00  9999.00  9999.00  9999.00
 00034  1013.34    28.01    87.27     1.53   127.10    28.67  9999.00  9999.00  9999.00  9999.00
 00035  1010.98    25.31    96.91     0.90    73.74    11.24  9999.00  9999.00  9999.00  9999.00
 00036   778.19     9.88    69.06     1.01    53.34    21.46  9999.00  9999.00  9999.00  9999.00
 00037   971.33    18.14    98.49     0.59   259.46     1.71  9999.00  9999.00  9999.00  9999.00
 00038   999.27    20.98    96.49     0.54   100.21    19.34  9999.00  9999.00  9999.00  9999.00
 00039  1012.42    23.17    88.04     3.22    80.52    20.35  9999.00  9999.00  9999.00  9999.00
 00040  1010.56    22.80    89.66     1.56    29.71    21.74  9999.00  9999.00  9999.00  9999.00
 00041   974.53    14.24    98.46     3.15    25.34     4.35  9999.00  9999.00  9999.00  9999.00
 00042  1018.38    14.49    87.42     5.05    33.94    10.91  9999.00  9999.00  9999.00  9999.00
 00043  1007.27    16.53    96.46     3.30    25.45     2.28  9999.00  9999.00  9999.00  9999.00
 00044   987.73    16.33    96.53     0.75   315.30    15.54  9999.00  9999.00  9999.00  9999.00
 00045  1010.56    22.80    89.66     1.56    29.71    21.74  9999.00  9999.00  9999.00  9999.00
 00046   945.26    18.78    91.64     1.28   183.90    19.22  9999.00  9999.00  9999.00  9999.00
 00047  1004.96    20.06    97.90     1.30   314.06     3.57  9999.00  9999.00  9999.00  9999.00
 00048   606.02    -6.61    82.42     1.45   168.95    31.29  9999.00  9999.00  9999.00  9999.00
 00049   578.21    -5.66    97.00     0.79   194.93    12.28  9999.00  9999.00  9999.00  9999.00
 00050  1004.66    21.78    87.94     1.52   306.71    19.76  9999.00  9999.00  9999.00  9999.00
