stn_id       p       t2      rh2      spd      dir      vis    rain6   rain24   tmax24   tmin24 
 00001   976.74    14.82    78.12     3.05    86.03    12.84     2.03  9999.00  9999.00  9999.00
 00002  1014.08     6.11    43.22     0.96    52.11    24.33     0.00  9999.00  9999.00  9999.00
 00003   914.22     4.26    44.36     1.46   217.61    22.50     0.03  9999.00  9999.00  9999.00
 00004   842.95    -4.12    29.09     3.67   311.09    22.48     0.00  9999.00  9999.00  9999.00
 00005   881.28    -3.81    18.14     4.20   329.24    24.48     0.00  9999.00  9999.00  9999.00
 00006   892.39    -6.08    20.45     6.41   293.56    25.18     0.00  9999.00  9999.00  9999.00
 00007  1023.83    -8.28    75.07     2.10   301.52    26.90    -0.00  9999.00  9999.00  9999.00
 00008  1005.12   -13.93    89.68     3.31   234.47    30.34    -0.00  9999.00  9999.00  9999.00
 00009   955.38    -8.46    41.99     2.85   319.22    40.41     0.01  9999.00  9999.00  9999.00
 00010   978.14    -3.47    33.61     5.06   299.45    30.15     0.00  9999.00  9999.00  9999.00
 00011  1011.16   -16.08    90.79     4.32   209.28    33.47     0.00  9999.00  9999.00  9999.00
 00012  1030.40     5.55    21.96     2.42   325.12    24.01     0.00  9999.00  9999.00  9999.00
 00013  1025.35    12.63    63.31     4.41    39.03    19.53    -0.00  9999.00  9999.00  9999.00
 00014  1019.81    14.82    64.26     3.79    46.21    18.83     0.12  9999.00  9999.00  9999.00
 00015  1013.51     5.62    42.34     2.66     1.45    20.73     0.00  9999.00  9999.00  9999.00
 00016   971.56     1.84    82.79     0.87   293.20     9.84     3.10  9999.00  9999.00  9999.00
 00017  1015.83     3.97    59.01     1.44   132.27    13.26     0.14  9999.00  9999.00  9999.00
 00018  1024.59    10.49    72.43     4.53    34.12    18.44     0.02  9999.00  9999.00  9999.00
 00019   942.11    11.38    90.55     2.74    71.66     5.65     4.33  9999.00  9999.00  9999.00
 00020  1026.66    14.64    61.15     5.46    27.69    19.32     0.01  9999.00  9999.00  9999.00
 00021   902.44     6.26    56.36     3.47   128.02    34.36    -0.00  9999.00  9999.00  9999.00
 00022  1033.69     5.14    23.77     3.44   329.18    22.77    -0.00  9999.00  9999.00  9999.00
 00023   928.04     6.63    69.91     3.36   107.34    28.85    -0.00  9999.00  9999.00  9999.00
 00024   959.04     0.52    60.65     4.47   125.11    31.14     0.02  9999.00  9999.00  9999.00
 00025   797.69    18.48    52.08     4.73   240.81    20.20    -0.00  9999.00  9999.00  9999.00
 00026  1019.80    12.34    76.63     4.55     4.32    14.05     0.03  9999.00  9999.00  9999.00
 00027  1016.91     9.68    77.87     4.89   342.68     4.11     0.34  9999.00  9999.00  9999.00
 00028   984.85     6.38    84.24     4.21    15.04     7.14     1.64  9999.00  9999.00  9999.00
 00029  1012.04    19.95    75.59     3.58    15.13    21.55     0.03  9999.00  9999.00  9999.00
 00030  1000.63    19.35    83.00     3.22    37.82    21.53     0.06  9999.00  9999.00  9999.00
 00031   570.53     2.53    15.64     4.71   246.42    32.84     0.04  9999.00  9999.00  9999.00
 00032   985.01    15.96    76.62     3.25    41.96    18.10     0.06  9999.00  9999.00  9999.00
 00033  1011.83    21.76    97.10     5.85    73.04     0.36     0.15  9999.00  9999.00  9999.00
 00034  1012.93    28.09    83.38     3.52    35.37    26.05     0.02  9999.00  9999.00  9999.00
 00035  1010.87    27.89    84.42     3.03    66.46     8.85     1.45  9999.00  9999.00  9999.00
 00036   776.91    15.06    59.10     2.76   203.43    21.34     0.01  9999.00  9999.00  9999.00
 00037   975.11    16.11    78.95     2.31    54.72    18.05     0.07  9999.00  9999.00  9999.00
 00038  1000.71    23.40    62.95     3.68    46.29    20.59     0.00  9999.00  9999.00  9999.00
 00039  1015.47    20.69    74.63    12.08    32.05    20.14     0.01  9999.00  9999.00  9999.00
 00040  1011.78    24.86    62.88     8.56    57.34    21.50    -0.01  9999.00  9999.00  9999.00
 00041   980.47    10.74    80.40     3.13    52.44    17.74     0.00  9999.00  9999.00  9999.00
 00042  1024.50    13.19    64.62     4.29    54.41    19.08    -0.00  9999.00  9999.00  9999.00
 00043  1012.81    12.53    78.56     4.12    26.92    16.79     0.06  9999.00  9999.00  9999.00
 00044   993.36    11.71    86.74     3.65    49.75     8.92     0.32  9999.00  9999.00  9999.00
 00045  1011.78    24.86    62.88     8.56    57.34    21.50    -0.01  9999.00  9999.00  9999.00
 00046   947.45    16.09    94.83     2.14   345.92    13.73     0.42  9999.00  9999.00  9999.00
 00047  1011.35    15.92    79.69     5.05   148.41     4.55     0.68  9999.00  9999.00  9999.00
 00048   603.05     0.54    52.16     0.77   212.43    33.67     0.07  9999.00  9999.00  9999.00
 00049   576.60    -0.64    43.42     3.77   202.26    28.25     0.01  9999.00  9999.00  9999.00
 00050  1008.20    19.98    65.25     7.18    32.00    19.56     0.00  9999.00  9999.00  9999.00
