stn_id       p       t2      rh2      spd      dir      vis    rain6   rain24   tmax24   tmin24 
 00001   971.75    19.56    80.87     0.75   102.63    24.36     0.02  9999.00  9999.00  9999.00
 00002   999.67    17.13    47.22     2.34   178.25    20.16     0.00  9999.00  9999.00  9999.00
 00003   906.62    16.38    46.32     1.32   218.73    18.83     0.00  9999.00  9999.00  9999.00
 00004   838.59     8.60    65.91     1.89   154.18    17.37     0.07  9999.00  9999.00  9999.00
 00005   873.15    13.30    52.01     2.32   244.59    17.36     0.00  9999.00  9999.00  9999.00
 00006   883.69    11.75    37.41     2.88    83.29    17.32     0.00  9999.00  9999.00  9999.00
 00007  1006.88    15.88    53.12     3.81   207.48    19.67     0.00  9999.00  9999.00  9999.00
 00008   990.86    10.62    52.21     3.10   129.68    21.71     0.00  9999.00  9999.00  9999.00
 00009   947.39     2.16    45.72     3.19   305.13    36.95     0.03  9999.00  9999.00  9999.00
 00010   967.33    11.61    58.93     2.56   290.84    22.38     0.00  9999.00  9999.00  9999.00
 00011   996.58     8.60    53.15     2.89   268.35    24.23     0.00  9999.00  9999.00  9999.00
 00012  1014.35    19.76    37.08     3.19   198.61    18.83     0.00  9999.00  9999.00  9999.00
 00013  1014.99    17.11    70.75     3.06    64.01    23.68     0.00  9999.00  9999.00  9999.00
 00014  1010.91    18.09    74.55     2.51    40.16    24.68     0.00  9999.00  9999.00  9999.00
 00015  1000.50    15.28    50.17     2.31    77.92    19.12     0.00  9999.00  9999.00  9999.00
 00016   956.52    17.10    57.33     2.04   121.26    20.88     0.00  9999.00  9999.00  9999.00
 00017  1001.91    15.40    55.92     2.46    82.08    21.38     0.00  9999.00  9999.00  9999.00
 00018  1013.71    16.11    77.74     2.08    65.45    23.62     0.00  9999.00  9999.00  9999.00
 00019   937.26    12.98    91.45     2.04    46.66     5.54     1.86  9999.00  9999.00  9999.00
 00020  1017.43    16.23    74.60     2.70    27.27    22.16     0.00  9999.00  9999.00  9999.00
 00021   894.07    10.21    54.56     2.13   199.08    27.74     1.01  9999.00  9999.00  9999.00
 00022  1017.89    18.06    41.11     2.44   218.05    18.39     0.00  9999.00  9999.00  9999.00
 00023   919.35    17.37    32.70     2.67   307.58    25.74     0.09  9999.00  9999.00  9999.00
 00024   944.61    14.81    40.31     2.76    64.34    27.76     0.00  9999.00  9999.00  9999.00
 00025   792.54    19.71    69.38     5.79   171.40    26.00     0.12  9999.00  9999.00  9999.00
 00026  1011.44    19.01    77.56     3.06    30.18    25.52     0.03  9999.00  9999.00  9999.00
 00027  1006.88    20.42    75.16     2.61   351.51    25.53     0.09  9999.00  9999.00  9999.00
 00028   976.07    19.08    70.88     2.76    36.00    24.17     0.01  9999.00  9999.00  9999.00
 00029  1005.83    23.30    72.92     2.43    94.67    26.66     0.01  9999.00  9999.00  9999.00
 00030   995.28    23.63    72.08     2.44    30.42    30.24     0.00  9999.00  9999.00  9999.00
 00031   570.38     4.60    17.53     4.93   236.86    25.26     0.00  9999.00  9999.00  9999.00
 00032   978.09    18.96    84.64     2.30    75.86    18.09     0.32  9999.00  9999.00  9999.00
 00033  1007.21    21.17    88.09     6.62    61.89    14.90     4.48  9999.00  9999.00  9999.00
 00034  1007.95    28.35    88.00     3.27     8.81    28.46     0.06  9999.00  9999.00  9999.00
 00035  1006.28    24.06    87.47     4.33    38.92    25.27     2.25  9999.00  9999.00  9999.00
 00036   769.89    19.76    37.18     2.22   129.32    24.00     0.00  9999.00  9999.00  9999.00
 00037   968.35    19.17    86.25     1.48    88.78    17.84     0.47  9999.00  9999.00  9999.00
 00038   995.00    21.14    90.54     0.66   177.61    25.34     0.40  9999.00  9999.00  9999.00
 00039  1008.65    22.54    79.27    11.12    43.07    24.72     0.39  9999.00  9999.00  9999.00
 00040  1005.95    22.76    82.65     6.90    44.79    23.01     0.25  9999.00  9999.00  9999.00
 00041   972.97    14.88    81.23     1.51    41.59    24.26     0.00  9999.00  9999.00  9999.00
 00042  1014.69    17.53    75.54     0.95   222.72    24.24     0.00  9999.00  9999.00  9999.00
 00043  1004.65    19.12    80.27     3.45    38.97    25.91     0.12  9999.00  9999.00  9999.00
 00044   986.20    17.50    77.05     2.80    52.41    24.15     0.02  9999.00  9999.00  9999.00
 00045  1005.95    22.76    82.65     6.90    44.79    23.01     0.25  9999.00  9999.00  9999.00
 00046   941.89    18.29    81.33     1.66   341.98    24.95     0.14  9999.00  9999.00  9999.00
 00047  1003.48    20.14    77.37     4.14    46.13    23.52     0.04  9999.00  9999.00  9999.00
 00048   599.00    10.49    24.00     2.72   186.62    27.65     0.07  9999.00  9999.00  9999.00
 00049   575.64    -1.81    92.73     2.27   195.85    16.29     0.34  9999.00  9999.00  9999.00
 00050  1001.27    20.99    81.36     6.01    42.90    24.06     0.33  9999.00  9999.00  9999.00
