stn_id       p       t2      rh2      spd      dir      vis    rain6   rain24   tmax24   tmin24 
 00001   961.63    21.36    93.16     1.27    96.20    25.89  9999.00  9999.00  9999.00  9999.00
 00002   986.26    23.64    66.39     2.67    22.78    24.48  9999.00  9999.00  9999.00  9999.00
 00003   896.10    17.80    57.83     1.94    48.12    23.42  9999.00  9999.00  9999.00  9999.00
 00004   829.91    12.80    68.73     2.28   150.86    21.76  9999.00  9999.00  9999.00  9999.00
 00005   863.26    16.50    54.20     1.53   101.70    21.37  9999.00  9999.00  9999.00  9999.00
 00006   872.03    20.50    40.93     6.62   192.72    20.45  9999.00  9999.00  9999.00  9999.00
 00007   998.58    19.11    92.89     1.50   134.14    22.69  9999.00  9999.00  9999.00  9999.00
 00008   983.23    21.00    74.88     4.13   197.52    23.96  9999.00  9999.00  9999.00  9999.00
 00009   937.45    13.54    98.41     0.79    97.34     1.31  9999.00  9999.00  9999.00  9999.00
 00010   964.86    17.13    98.36     0.93   117.66     2.18  9999.00  9999.00  9999.00  9999.00
 00011   988.77    22.94    57.12     4.72   194.88    25.41  9999.00  9999.00  9999.00  9999.00
 00012  1002.79    21.93    76.20     1.42    37.64    22.19  9999.00  9999.00  9999.00  9999.00
 00013   999.51    22.13    93.91     3.42   234.36    25.51  9999.00  9999.00  9999.00  9999.00
 00014   997.44    22.72    94.91     1.77   209.58    27.76  9999.00  9999.00  9999.00  9999.00
 00015   984.19    21.19    88.55     2.48    25.70    22.83  9999.00  9999.00  9999.00  9999.00
 00016   944.81    17.44    87.09     1.08   134.57    24.97  9999.00  9999.00  9999.00  9999.00
 00017   985.59    19.91    91.80     1.24   253.81    25.62  9999.00  9999.00  9999.00  9999.00
 00018   997.85    20.96    98.04     3.06   200.43    10.17  9999.00  9999.00  9999.00  9999.00
 00019   927.32    23.13    81.69     0.99   201.51    24.50  9999.00  9999.00  9999.00  9999.00
 00020  1002.96    23.10    95.48     3.79   194.19    22.32  9999.00  9999.00  9999.00  9999.00
 00021   883.66    13.46    69.83     1.61   189.94    25.33  9999.00  9999.00  9999.00  9999.00
 00022  1005.04    20.83    77.07     2.64    67.13    21.74  9999.00  9999.00  9999.00  9999.00
 00023   910.91    12.88    50.77     1.84   201.74    22.84  9999.00  9999.00  9999.00  9999.00
 00024   935.35    12.19    75.77     1.28   157.39    24.65  9999.00  9999.00  9999.00  9999.00
 00025   791.77    15.58    89.54     0.56   207.94    25.73  9999.00  9999.00  9999.00  9999.00
 00026   999.43    21.80    97.22     1.36    66.28     5.17  9999.00  9999.00  9999.00  9999.00
 00027   995.86    22.36    95.09     0.67   206.78    28.34  9999.00  9999.00  9999.00  9999.00
 00028   965.73    21.84    96.60     0.56    87.90    23.41  9999.00  9999.00  9999.00  9999.00
 00029  1000.06    24.74    97.75     1.76   153.10     5.31  9999.00  9999.00  9999.00  9999.00
 00030   988.05    23.36    98.88     1.21    90.51     3.01  9999.00  9999.00  9999.00  9999.00
 00031   574.75     4.65    90.57     0.91   274.31     2.83  9999.00  9999.00  9999.00  9999.00
 00032   971.39    22.23    98.00     1.13   234.74     0.67  9999.00  9999.00  9999.00  9999.00
 00033  1001.47    23.27    97.02     4.16   167.60     0.40  9999.00  9999.00  9999.00  9999.00
 00034  1004.47    27.50    88.91     5.62   160.58    21.95  9999.00  9999.00  9999.00  9999.00
 00035  1001.02    25.99    96.13     2.34   197.59    31.47  9999.00  9999.00  9999.00  9999.00
 00036   773.20    13.93    94.28     0.84   116.56    24.91  9999.00  9999.00  9999.00  9999.00
 00037   961.95    22.36    98.81     0.87   221.85     1.10  9999.00  9999.00  9999.00  9999.00
 00038   989.86    22.58    99.71     0.15   227.28     1.92  9999.00  9999.00  9999.00  9999.00
 00039  1003.00    24.88    95.00     4.23   232.62    24.48  9999.00  9999.00  9999.00  9999.00
 00040  1001.17    25.06    97.30     1.15   244.74    21.00  9999.00  9999.00  9999.00  9999.00
 00041   961.14    19.67    97.92     1.68   202.84    24.79  9999.00  9999.00  9999.00  9999.00
 00042  1000.03    22.02    91.57     2.43   229.97    27.69  9999.00  9999.00  9999.00  9999.00
 00043   992.08    22.28    95.61     3.92   275.65     0.76  9999.00  9999.00  9999.00  9999.00
 00044   975.82    21.47    98.50     0.64   281.25     0.61  9999.00  9999.00  9999.00  9999.00
 00045  1001.17    25.06    97.30     1.15   244.74    21.00  9999.00  9999.00  9999.00  9999.00
 00046   936.53    22.04    97.03     2.69   193.52    25.63  9999.00  9999.00  9999.00  9999.00
 00047   994.49    23.12    98.12     3.57   176.70    18.44  9999.00  9999.00  9999.00  9999.00
 00048   605.37     5.88    90.00     0.51   174.24    23.51  9999.00  9999.00  9999.00  9999.00
 00049   578.23     3.38    97.94     0.39    95.54    10.24  9999.00  9999.00  9999.00  9999.00
 00050   995.23    24.25    96.75     2.81   230.37    21.47  9999.00  9999.00  9999.00  9999.00
