stn_id       p       t2      rh2      spd      dir      vis    rain6   rain24   tmax24   tmin24 
 00001   976.83    22.50  9999.00     0.00     0.00     7.00  9999.00  9999.00  9999.00  9999.00
 00002   996.46    24.20  9999.00     2.00   360.00    30.00  9999.00  9999.00  9999.00  9999.00
 00003   918.98    16.00  9999.00     1.00    90.00    30.00  9999.00  9999.00  9999.00  9999.00
 00004   853.92     9.90  9999.00     2.00   200.00    24.00  9999.00  9999.00  9999.00  9999.00
 00005   887.86    17.30  9999.00     1.00   320.00    30.00  9999.00  9999.00  9999.00  9999.00
 00006   878.78    15.90  9999.00     3.00   250.00    30.00  9999.00  9999.00  9999.00  9999.00
 00007   996.28    19.90  9999.00     2.00   200.00    30.00  9999.00  9999.00  9999.00  9999.00
 00008  9999.00    19.10  9999.00     2.00   250.00     2.80  9999.00  9999.00  9999.00  9999.00
 00009   956.41     9.60  9999.00     1.00   220.00     0.20  9999.00  9999.00  9999.00  9999.00
 00010   971.86    17.40  9999.00     2.00   110.00    16.00  9999.00  9999.00  9999.00  9999.00
 00011  9999.00    19.80  9999.00     1.00   110.00  9999.00  9999.00  9999.00  9999.00  9999.00
 00012  1000.77    26.90  9999.00     1.00   320.00    30.00  9999.00  9999.00  9999.00  9999.00
 00013  1003.37    23.00  9999.00     2.00   140.00    18.00  9999.00  9999.00  9999.00  9999.00
 00014   998.49    28.60  9999.00     1.00   340.00    12.00  9999.00  9999.00  9999.00  9999.00
 00015   986.08    21.90  9999.00     2.00   110.00    30.00  9999.00  9999.00  9999.00  9999.00
 00016   956.46    20.30  9999.00     1.00   140.00     7.00  9999.00  9999.00  9999.00  9999.00
 00017   992.62    25.70  9999.00     1.00    40.00    30.00  9999.00  9999.00  9999.00  9999.00
 00018  1000.68    26.50  9999.00     1.00   160.00     8.00  9999.00  9999.00  9999.00  9999.00
 00019   937.26    20.70  9999.00     2.00   270.00    30.00  9999.00  9999.00  9999.00  9999.00
 00020  1003.03    28.00  9999.00     1.00   110.00    30.00  9999.00  9999.00  9999.00  9999.00
 00021  9999.00    27.10  9999.00     2.00   180.00    30.00  9999.00  9999.00  9999.00  9999.00
 00022  1004.40    20.40  9999.00     1.00   320.00    21.00  9999.00  9999.00  9999.00  9999.00
 00023   922.92    21.70  9999.00     4.00   250.00    30.00  9999.00  9999.00  9999.00  9999.00
 00024   945.95    23.00  9999.00     2.00   360.00    30.00  9999.00  9999.00  9999.00  9999.00
 00025   809.50    19.50    56.90     1.00    20.00    30.00  9999.00  9999.00  9999.00  9999.00
 00026   995.86    29.40  9999.00     2.00    20.00    20.00  9999.00  9999.00  9999.00  9999.00
 00027   994.83    26.80  9999.00     3.00   320.00    15.00  9999.00  9999.00  9999.00  9999.00
 00028   973.17    23.50  9999.00     1.00   340.00    19.00  9999.00  9999.00  9999.00  9999.00
 00029  9999.00    25.10  9999.00     1.00   340.00    24.00  9999.00  9999.00  9999.00  9999.00
 00030  9999.00    27.70  9999.00     1.00    40.00    16.00  9999.00  9999.00  9999.00  9999.00
 00031   628.70    11.40    81.11     2.00    40.00    16.00  9999.00  9999.00  9999.00  9999.00
 00032   990.83    29.10  9999.00     4.00    20.00     6.00  9999.00  9999.00  9999.00  9999.00
 00033  9999.00    29.40  9999.00     2.00   270.00    30.00  9999.00  9999.00  9999.00  9999.00
 00034  9999.00    29.30  9999.00     7.00   250.00    16.00  9999.00  9999.00  9999.00  9999.00
 00035  9999.00    28.60  9999.00     1.00   290.00    14.00  9999.00  9999.00  9999.00  9999.00
 00036   839.90    17.40    69.01     1.00   360.00    30.00  9999.00  9999.00  9999.00  9999.00
 00037   995.27    28.30  9999.00     2.00   320.00    30.00  9999.00  9999.00  9999.00  9999.00
 00038  9999.00    28.20  9999.00     1.00   360.00    16.00  9999.00  9999.00  9999.00  9999.00
 00039  9999.00    28.80  9999.00     3.00    40.00    20.00  9999.00  9999.00  9999.00  9999.00
 00040  9999.00    27.70  9999.00     7.00    70.00    13.00  9999.00  9999.00  9999.00  9999.00
 00041   812.70    17.40   100.00     5.00   140.00     0.00  9999.00  9999.00  9999.00  9999.00
 00042  1003.09    23.70  9999.00     3.00   340.00     3.00  9999.00  9999.00  9999.00  9999.00
 00043   998.13    26.00  9999.00     2.00   140.00    19.00  9999.00  9999.00  9999.00  9999.00
 00044   992.27    27.90  9999.00     1.00    90.00     8.00  9999.00  9999.00  9999.00  9999.00
 00045  9999.00    27.70  9999.00     7.00    70.00    13.00  9999.00  9999.00  9999.00  9999.00
 00046   957.38    25.60  9999.00     1.00   320.00    12.00  9999.00  9999.00  9999.00  9999.00
 00047   998.68    28.40  9999.00     2.00    70.00    19.00  9999.00  9999.00  9999.00  9999.00
 00048   655.70    13.80    77.67     1.00   320.00    30.00  9999.00  9999.00  9999.00  9999.00
 00049   604.10     7.30    95.28     1.00   140.00     5.00  9999.00  9999.00  9999.00  9999.00
 00050   997.27    28.20  9999.00     3.00    20.00    30.00  9999.00  9999.00  9999.00  9999.00
