stn_id       p       t2      rh2      spd      dir      vis    rain6   rain24   tmax24   tmin24 
 00001   985.56    10.05    71.21     0.64    74.43    21.75  9999.00  9999.00  9999.00  9999.00
 00002  1007.06     6.16    14.52     1.54   306.23    25.34  9999.00  9999.00  9999.00  9999.00
 00003   911.52    -1.11    18.69     0.64   169.46    23.81  9999.00  9999.00  9999.00  9999.00
 00004   839.79    -3.02    18.60     1.35   318.58    23.62  9999.00  9999.00  9999.00  9999.00
 00005   877.43    -5.10    28.11     0.90   214.76    25.87  9999.00  9999.00  9999.00  9999.00
 00006   887.23    -6.71    48.10     4.81   265.17    27.27  9999.00  9999.00  9999.00  9999.00
 00007  1012.50    -1.26    38.16     5.29   299.76    31.33  9999.00  9999.00  9999.00  9999.00
 00008   993.62    -9.63    83.32     3.45   262.71    35.66  9999.00  9999.00  9999.00  9999.00
 00009   945.58   -14.19    71.68     0.44   169.30    46.82  9999.00  9999.00  9999.00  9999.00
 00010   969.40    -3.29    36.20     1.10   215.83    35.48  9999.00  9999.00  9999.00  9999.00
 00011  1000.08   -12.34    83.10     2.87   198.39    39.50  9999.00  9999.00  9999.00  9999.00
 00012  1023.37     4.89    15.98     2.37    72.50    26.08  9999.00  9999.00  9999.00  9999.00
 00013  1026.53     7.63    41.56     1.67   211.35    20.47  9999.00  9999.00  9999.00  9999.00
 00014  1022.98     8.01    45.44     0.44   234.13    19.81  9999.00  9999.00  9999.00  9999.00
 00015  1006.92     5.32    29.48     3.01   224.41    22.01  9999.00  9999.00  9999.00  9999.00
 00016   968.03     4.03    42.84     1.03   264.47    22.08  9999.00  9999.00  9999.00  9999.00
 00017  1008.71     7.83    30.30     3.57   299.55    21.07  9999.00  9999.00  9999.00  9999.00
 00018  1025.19     7.74    41.40     2.20   200.74    19.94  9999.00  9999.00  9999.00  9999.00
 00019   948.49     8.60    82.50     0.89   137.65    25.45  9999.00  9999.00  9999.00  9999.00
 00020  1028.54     8.87    44.78     2.80   307.66    20.41  9999.00  9999.00  9999.00  9999.00
 00021   898.99    -1.94    66.15     0.88   175.83    37.56  9999.00  9999.00  9999.00  9999.00
 00022  1026.06     5.87    16.27     4.50   352.33    24.62  9999.00  9999.00  9999.00  9999.00
 00023   925.95    -1.27    85.48     1.81   143.75    32.51  9999.00  9999.00  9999.00  9999.00
 00024   954.61    -7.61    87.02     3.26   124.27    29.86  9999.00  9999.00  9999.00  9999.00
 00025   801.38    13.98    77.88     5.28   248.90    13.74  9999.00  9999.00  9999.00  9999.00
 00026  1024.90     8.19    55.03     1.82    20.73    19.08  9999.00  9999.00  9999.00  9999.00
 00027  1020.95     8.01    59.10     1.14   341.30    19.15  9999.00  9999.00  9999.00  9999.00
 00028   989.00     6.11    72.02     1.14   344.72    18.76  9999.00  9999.00  9999.00  9999.00
 00029  1018.75    16.69    58.80     3.35     6.60    20.96  9999.00  9999.00  9999.00  9999.00
 00030  1008.60    14.33    64.98     2.51     4.05    22.32  9999.00  9999.00  9999.00  9999.00
 00031   574.54    -4.70    52.01     1.75   218.96    33.28  9999.00  9999.00  9999.00  9999.00
 00032   989.20    13.19    42.88     1.75    41.43    17.93  9999.00  9999.00  9999.00  9999.00
 00033  1018.24    19.85    84.59    10.44    53.59    23.67  9999.00  9999.00  9999.00  9999.00
 00034  1015.44    27.41    83.11    12.14    55.01    24.17  9999.00  9999.00  9999.00  9999.00
 00035  1017.06    22.21    78.57     8.01    40.10    23.81  9999.00  9999.00  9999.00  9999.00
 00036   779.74     9.13    88.47     1.77   200.23    14.82  9999.00  9999.00  9999.00  9999.00
 00037   979.08    13.32    46.69     1.05    48.90    17.85  9999.00  9999.00  9999.00  9999.00
 00038  1006.21    18.36    55.41     2.07    49.01    20.08  9999.00  9999.00  9999.00  9999.00
 00039  1020.69    16.90    64.58     9.99    28.63    19.71  9999.00  9999.00  9999.00  9999.00
 00040  1017.51    19.23    58.29     7.27    44.30    20.84  9999.00  9999.00  9999.00  9999.00
 00041   982.56     7.19    47.75     0.64   155.34    18.61  9999.00  9999.00  9999.00  9999.00
 00042  1026.63     8.10    40.80     0.94   174.74    19.93  9999.00  9999.00  9999.00  9999.00
 00043  1018.22     6.70    57.91     1.21    39.80    19.26  9999.00  9999.00  9999.00  9999.00
 00044   997.86     7.82    58.24     1.22    42.84    18.69  9999.00  9999.00  9999.00  9999.00
 00045  1017.51    19.23    58.29     7.27    44.30    20.84  9999.00  9999.00  9999.00  9999.00
 00046   952.15    11.12    73.40     1.48   355.38    18.71  9999.00  9999.00  9999.00  9999.00
 00047  1015.66    11.61    41.34     2.56    47.34    19.04  9999.00  9999.00  9999.00  9999.00
 00048   606.96    -5.66    64.07     1.59    90.46    34.27  9999.00  9999.00  9999.00  9999.00
 00049   578.91    -3.67    65.55     2.26   198.69    27.98  9999.00  9999.00  9999.00  9999.00
 00050  1013.01    16.49    46.78     5.77    28.45    19.18  9999.00  9999.00  9999.00  9999.00
