stn_id       p       t2      rh2      spd      dir      vis    rain6   rain24   tmax24   tmin24 
 00001   969.36    19.53    91.30     0.56   265.80    23.17  9999.00  9999.00  9999.00  9999.00
 00002   988.49    20.99    51.86     2.67   220.30    21.73  9999.00  9999.00  9999.00  9999.00
 00003   901.18    15.34    58.18     2.24   212.32    20.79  9999.00  9999.00  9999.00  9999.00
 00004   834.73    11.41    52.74     2.30   232.95    19.23  9999.00  9999.00  9999.00  9999.00
 00005   869.46    14.98    39.62     3.61   284.57    18.98  9999.00  9999.00  9999.00  9999.00
 00006   881.11    12.30    50.89     3.22   326.55    18.55  9999.00  9999.00  9999.00  9999.00
 00007   997.07    15.56    63.67     2.29   238.18    20.67  9999.00  9999.00  9999.00  9999.00
 00008   980.83    14.60    62.08     1.67   239.62    22.55  9999.00  9999.00  9999.00  9999.00
 00009   941.38     9.39    81.39     2.38   262.34    37.17  9999.00  9999.00  9999.00  9999.00
 00010   957.78    11.75    84.09     3.02   282.33    23.67  9999.00  9999.00  9999.00  9999.00
 00011   986.77    13.13    72.07     1.60   277.23    24.74  9999.00  9999.00  9999.00  9999.00
 00012  1003.84    22.96    40.86     2.60   107.77    19.88  9999.00  9999.00  9999.00  9999.00
 00013  1008.24    21.57    76.15     2.34   101.09    25.46  9999.00  9999.00  9999.00  9999.00
 00014  1004.68    20.77    80.16     2.39    63.48    26.07  9999.00  9999.00  9999.00  9999.00
 00015   990.74    20.24    56.65     1.83   178.89    20.56  9999.00  9999.00  9999.00  9999.00
 00016   955.89    14.86    93.05     1.68   228.14    23.09  9999.00  9999.00  9999.00  9999.00
 00017   994.72    19.44    81.98     2.58   215.24    23.52  9999.00  9999.00  9999.00  9999.00
 00018  1007.00    21.13    84.31     1.80   345.80    24.82  9999.00  9999.00  9999.00  9999.00
 00019   935.41    19.61    75.48     1.09   106.82    25.73  9999.00  9999.00  9999.00  9999.00
 00020  1011.39    18.42    91.02     1.55    90.51    23.52  9999.00  9999.00  9999.00  9999.00
 00021   893.04    18.24    23.32     2.35   304.93    26.27  9999.00  9999.00  9999.00  9999.00
 00022  1006.74    23.76    40.05     2.74   208.43    19.45  9999.00  9999.00  9999.00  9999.00
 00023   919.49    17.99    24.43     2.51   135.87    24.78  9999.00  9999.00  9999.00  9999.00
 00024   945.24    21.78    26.31     1.86    32.78    26.52  9999.00  9999.00  9999.00  9999.00
 00025   793.83    22.00    60.41     3.72   196.17    26.23  9999.00  9999.00  9999.00  9999.00
 00026  1004.46    22.86    81.26     3.21   141.09    27.40  9999.00  9999.00  9999.00  9999.00
 00027  1002.09    22.71    79.93     4.15   331.18    27.34  9999.00  9999.00  9999.00  9999.00
 00028   970.96    21.04    82.76     2.51   258.66    25.14  9999.00  9999.00  9999.00  9999.00
 00029  1003.16    27.18    88.53     2.31   146.06    27.69  9999.00  9999.00  9999.00  9999.00
 00030   991.08    27.78    82.86     2.84   156.44    31.79  9999.00  9999.00  9999.00  9999.00
 00031   574.13     3.61    41.20     2.36   201.26    23.37  9999.00  9999.00  9999.00  9999.00
 00032   976.27    20.33    90.24     1.13    88.65    22.88  9999.00  9999.00  9999.00  9999.00
 00033  1005.24    22.97    94.75     5.30   136.81     5.51  9999.00  9999.00  9999.00  9999.00
 00034  1008.09    28.94    84.45     2.39   133.43    31.95  9999.00  9999.00  9999.00  9999.00
 00035  1004.89    28.09    86.87     3.06   145.96    30.29  9999.00  9999.00  9999.00  9999.00
 00036   772.30    22.74    46.19     1.39    82.06    24.39  9999.00  9999.00  9999.00  9999.00
 00037   966.68    20.57    88.70     0.96    78.87    22.90  9999.00  9999.00  9999.00  9999.00
 00038   993.06    24.83    90.72     1.63   109.00    24.41  9999.00  9999.00  9999.00  9999.00
 00039  1006.68    24.47    80.81     5.18    39.50    24.79  9999.00  9999.00  9999.00  9999.00
 00040  1004.10    25.72    95.72     3.62    73.60    22.01  9999.00  9999.00  9999.00  9999.00
 00041   966.35    21.39    93.30     1.21    70.96    25.89  9999.00  9999.00  9999.00  9999.00
 00042  1007.41    22.26    76.05     3.10    71.71    25.94  9999.00  9999.00  9999.00  9999.00
 00043   998.31    24.16    82.19     1.65    29.71    27.90  9999.00  9999.00  9999.00  9999.00
 00044   979.60    24.50    87.97     1.34    87.41    25.30  9999.00  9999.00  9999.00  9999.00
 00045  1004.10    25.72    95.72     3.62    73.60    22.01  9999.00  9999.00  9999.00  9999.00
 00046   939.56    22.65    99.23     0.78   111.37    16.18  9999.00  9999.00  9999.00  9999.00
 00047  1000.42    22.15    91.71     1.03    58.44    10.51  9999.00  9999.00  9999.00  9999.00
 00048   604.01     7.67    42.89     2.83   178.56    26.58  9999.00  9999.00  9999.00  9999.00
 00049   579.42     0.72    94.64     1.47   192.23     2.04  9999.00  9999.00  9999.00  9999.00
 00050   999.17    24.07    71.30     2.81    31.67    24.26  9999.00  9999.00  9999.00  9999.00
