stn_id       p       t2      rh2      spd      dir      vis    rain6   rain24   tmax24   tmin24 
 00001   976.75    17.21    83.34     1.24    41.17    23.80  9999.00  9999.00  9999.00  9999.00
 00002   993.04    12.31    85.84     1.77   247.88    22.82  9999.00  9999.00  9999.00  9999.00
 00003   902.97     7.44    67.13     1.40   297.56    21.86  9999.00  9999.00  9999.00  9999.00
 00004   835.81     5.28    49.07     2.81   264.93    21.99  9999.00  9999.00  9999.00  9999.00
 00005   869.75     5.09    50.48     1.67   172.16    24.82  9999.00  9999.00  9999.00  9999.00
 00006   880.30     5.92    46.16     2.99   327.96    26.00  9999.00  9999.00  9999.00  9999.00
 00007  1000.17    10.16    93.25     2.35   185.37    25.04  9999.00  9999.00  9999.00  9999.00
 00008   982.84     9.53    91.80     3.42   216.01    26.80  9999.00  9999.00  9999.00  9999.00
 00009   937.01     2.30    54.92     6.54   305.93    32.63  9999.00  9999.00  9999.00  9999.00
 00010   961.43     6.40    93.46     0.93   233.77    27.20  9999.00  9999.00  9999.00  9999.00
 00011   987.96    10.22    85.10     4.07   208.53    28.19  9999.00  9999.00  9999.00  9999.00
 00012  1007.80    12.09    56.80     2.05   192.52    22.95  9999.00  9999.00  9999.00  9999.00
 00013  1012.44    14.97    87.84     2.05   232.07    22.23  9999.00  9999.00  9999.00  9999.00
 00014  1009.78    13.84    92.54     1.68   233.04    22.95  9999.00  9999.00  9999.00  9999.00
 00015   994.28    13.17    72.41     1.51   165.04    19.98  9999.00  9999.00  9999.00  9999.00
 00016   957.32    11.79    82.84     1.87   189.32    21.58  9999.00  9999.00  9999.00  9999.00
 00017   995.97    17.80    53.99     3.79   268.22    20.99  9999.00  9999.00  9999.00  9999.00
 00018  1011.18    15.76    87.86     2.70   210.98    21.75  9999.00  9999.00  9999.00  9999.00
 00019   941.38    15.88    89.10     0.96   290.05    26.52  9999.00  9999.00  9999.00  9999.00
 00020  1015.16    14.85    85.50     2.36   259.47    21.56  9999.00  9999.00  9999.00  9999.00
 00021   892.68    10.96    64.53     4.03   329.76    25.24  9999.00  9999.00  9999.00  9999.00
 00022  1011.12    12.87    52.14     2.70   220.21    21.24  9999.00  9999.00  9999.00  9999.00
 00023   923.73     4.47    93.08     5.02   269.67     2.65  9999.00  9999.00  9999.00  9999.00
 00024   944.67     7.53    81.82     7.15   297.97    23.22  9999.00  9999.00  9999.00  9999.00
 00025   799.24    11.78    90.70     1.26   104.97    24.48  9999.00  9999.00  9999.00  9999.00
 00026  1012.69    14.89    95.22     1.94   195.36    22.71  9999.00  9999.00  9999.00  9999.00
 00027  1009.07    15.45    87.41     1.96   176.70    22.54  9999.00  9999.00  9999.00  9999.00
 00028   978.63    15.79    81.38     0.88   162.86    21.86  9999.00  9999.00  9999.00  9999.00
 00029  1009.21    22.62    73.89     2.45     5.65    25.65  9999.00  9999.00  9999.00  9999.00
 00030  1000.67    20.01    77.18     1.89   331.42    28.47  9999.00  9999.00  9999.00  9999.00
 00031   573.65     1.45    39.07     2.74   199.24    28.93  9999.00  9999.00  9999.00  9999.00
 00032   979.93    18.68    89.56     1.24    79.21    21.57  9999.00  9999.00  9999.00  9999.00
 00033  1011.41    22.17    88.60     4.10    74.19    28.86  9999.00  9999.00  9999.00  9999.00
 00034  1011.42    26.54    87.98     7.47    74.43     4.71  9999.00  9999.00  9999.00  9999.00
 00035  1010.40    24.66    84.62     3.74    39.67    26.52  9999.00  9999.00  9999.00  9999.00
 00036   779.50    11.51    77.72     0.74    48.99    19.70  9999.00  9999.00  9999.00  9999.00
 00037   970.18    18.65    90.88     1.00    92.74    21.58  9999.00  9999.00  9999.00  9999.00
 00038   997.50    21.70    91.39     1.15    89.42    13.91  9999.00  9999.00  9999.00  9999.00
 00039  1011.06    22.73    82.28     6.19    40.96    16.50  9999.00  9999.00  9999.00  9999.00
 00040  1008.82    23.11    86.56     2.93    62.22    19.40  9999.00  9999.00  9999.00  9999.00
 00041   972.41    12.82    89.74     1.69   228.79    21.73  9999.00  9999.00  9999.00  9999.00
 00042  1012.87    15.40    83.84     2.24   220.24    22.32  9999.00  9999.00  9999.00  9999.00
 00043  1006.36    16.95    88.54     0.79   133.84    23.20  9999.00  9999.00  9999.00  9999.00
 00044   987.55    13.53    99.14     1.29   244.22    11.76  9999.00  9999.00  9999.00  9999.00
 00045  1008.82    23.11    86.56     2.93    62.22    19.40  9999.00  9999.00  9999.00  9999.00
 00046   944.69    17.11    83.31     1.58   353.76    23.15  9999.00  9999.00  9999.00  9999.00
 00047  1004.54    19.34    90.55     0.98   338.66    14.00  9999.00  9999.00  9999.00  9999.00
 00048   605.81     1.31    70.04     1.50   168.41    32.89  9999.00  9999.00  9999.00  9999.00
 00049   579.13    -1.46    98.78     0.73   170.23     8.83  9999.00  9999.00  9999.00  9999.00
 00050  1003.49    21.20    82.99     3.38    36.14    22.11  9999.00  9999.00  9999.00  9999.00
