stn_id       p       t2      rh2      spd      dir      vis    rain6   rain24   tmax24   tmin24 
 00001   982.00    11.15    65.30     1.33    81.29    21.29  9999.00  9999.00  9999.00  9999.00
 00002  1006.28    -7.91    77.94     0.56   156.60    26.51  9999.00  9999.00  9999.00  9999.00
 00003   909.51    -9.41    72.89     1.17   196.03    24.83  9999.00  9999.00  9999.00  9999.00
 00004   836.43    -8.85    65.72     2.70   226.56    25.08  9999.00  9999.00  9999.00  9999.00
 00005   873.26   -13.37    88.86     1.22   192.27    27.74  9999.00  9999.00  9999.00  9999.00
 00006   880.64    -5.02    61.74     5.17   274.99    31.36  9999.00  9999.00  9999.00  9999.00
 00007  1013.26    -6.21    74.59     3.38   166.37    36.73  9999.00  9999.00  9999.00  9999.00
 00008   994.06    -9.10    72.57     5.90   204.56    41.83  9999.00  9999.00  9999.00  9999.00
 00009   946.84   -25.31   100.00     1.88    57.80    50.59  9999.00  9999.00  9999.00  9999.00
 00010   973.71   -13.46    72.47     2.49   265.33    41.52  9999.00  9999.00  9999.00  9999.00
 00011  1000.79   -11.74    86.86     6.21   207.52    27.61  9999.00  9999.00  9999.00  9999.00
 00012  1022.60    -9.37    87.24     2.48   201.09    28.65  9999.00  9999.00  9999.00  9999.00
 00013  1027.98     3.23    72.37     1.81   135.17    21.72  9999.00  9999.00  9999.00  9999.00
 00014  1025.01     3.55    53.29     1.96    55.39    21.55  9999.00  9999.00  9999.00  9999.00
 00015  1007.89    -2.09    60.85     3.26   180.92    23.10  9999.00  9999.00  9999.00  9999.00
 00016   965.22    -1.45    61.98     1.01   137.52    22.41  9999.00  9999.00  9999.00  9999.00
 00017  1010.04    -3.13    83.02     1.50   160.53    21.89  9999.00  9999.00  9999.00  9999.00
 00018  1026.01     2.70    71.91     2.67   166.10    20.97  9999.00  9999.00  9999.00  9999.00
 00019   945.25     6.91    70.49     0.81    55.38    25.24  9999.00  9999.00  9999.00  9999.00
 00020  1031.32     2.51    44.05     2.23   322.01    21.75  9999.00  9999.00  9999.00  9999.00
 00021   896.71    -5.20    67.23     2.36   158.99    37.84  9999.00  9999.00  9999.00  9999.00
 00022  1026.35    -6.30    74.82     2.72   221.26    26.60  9999.00  9999.00  9999.00  9999.00
 00023   921.50     1.76    62.53     1.59   162.02    35.67  9999.00  9999.00  9999.00  9999.00
 00024   952.69   -10.88    90.74     5.31   126.27    35.31  9999.00  9999.00  9999.00  9999.00
 00025   797.72     8.68    75.59     3.21   225.30    12.09  9999.00  9999.00  9999.00  9999.00
 00026  1024.93     5.72    75.10     2.10    30.44    19.81  9999.00  9999.00  9999.00  9999.00
 00027  1019.63     9.28    73.00     1.92   128.90    19.38  9999.00  9999.00  9999.00  9999.00
 00028   986.48     8.22    68.52     1.54   353.47    18.46  9999.00  9999.00  9999.00  9999.00
 00029  1019.16    14.80    52.77     1.40    43.06    20.88  9999.00  9999.00  9999.00  9999.00
 00030  1007.76    14.41    46.47     2.29    44.21    22.05  9999.00  9999.00  9999.00  9999.00
 00031   572.05     0.37    13.13     2.78   301.21    35.50  9999.00  9999.00  9999.00  9999.00
 00032   991.45     7.54    60.34     2.26    63.61    18.58  9999.00  9999.00  9999.00  9999.00
 00033  1019.60    17.54    70.51     7.45    57.72    23.14  9999.00  9999.00  9999.00  9999.00
 00034  1017.73    25.58    70.17    11.54    39.45    25.87  9999.00  9999.00  9999.00  9999.00
 00035  1018.42    19.74    71.75     4.21    28.80    23.07  9999.00  9999.00  9999.00  9999.00
 00036   775.93     8.95    71.82     2.64   197.92    20.16  9999.00  9999.00  9999.00  9999.00
 00037   981.19     6.93    57.94     1.57    83.80    18.50  9999.00  9999.00  9999.00  9999.00
 00038  1007.73    13.89    35.10     2.37    83.51    20.30  9999.00  9999.00  9999.00  9999.00
 00039  1022.44    15.10    66.65    11.76    32.49    20.06  9999.00  9999.00  9999.00  9999.00
 00040  1018.97    16.22    48.80     8.51    46.37    20.88  9999.00  9999.00  9999.00  9999.00
 00041   983.73     4.72    46.60     1.66    94.48    19.87  9999.00  9999.00  9999.00  9999.00
 00042  1027.88     2.03    68.76     2.48    94.79    21.22  9999.00  9999.00  9999.00  9999.00
 00043  1017.88     6.15    74.41     1.68    42.97    19.92  9999.00  9999.00  9999.00  9999.00
 00044   998.20     2.95    47.34     2.58    60.34    19.66  9999.00  9999.00  9999.00  9999.00
 00045  1018.97    16.22    48.80     8.51    46.37    20.88  9999.00  9999.00  9999.00  9999.00
 00046   952.28     6.74    62.39     1.51    34.45    19.22  9999.00  9999.00  9999.00  9999.00
 00047  1017.89     8.20    56.65     2.42    83.94    20.08  9999.00  9999.00  9999.00  9999.00
 00048   605.08    -5.06    51.37     1.75    83.54    37.43  9999.00  9999.00  9999.00  9999.00
 00049   575.33    -2.77    36.44     1.99   217.71    28.27  9999.00  9999.00  9999.00  9999.00
 00050  1015.25    11.51    60.49     6.68    22.67    19.64  9999.00  9999.00  9999.00  9999.00
