stn_id       p       t2      rh2      spd      dir      vis    rain6   rain24   tmax24   tmin24 
 00001  1002.62     4.00    93.16     1.00    40.00     3.00  9999.00  9999.00  9999.00  9999.00
 00002  1024.05   -10.90    73.42     1.00   290.00     2.70  9999.00  9999.00  9999.00  9999.00
 00003   945.60   -13.90    87.88     0.00   340.00     4.70  9999.00  9999.00  9999.00  9999.00
 00004   882.80   -23.00    72.59     2.00   250.00    15.00  9999.00  9999.00  9999.00  9999.00
 00005   921.14   -21.20    50.11     5.00    20.00    30.00  9999.00  9999.00  9999.00  9999.00
 00006   910.44   -24.80    71.50     6.00   270.00     8.00  9999.00  9999.00  9999.00  9999.00
 00007  1023.85   -12.10    82.56     1.00    40.00    15.00  9999.00  9999.00  9999.00  9999.00
 00008  1004.29   -18.00    57.51     2.00    40.00     8.00  9999.00  9999.00  9999.00  9999.00
 00009   991.04   -41.70    61.62     0.00     0.00     0.80  9999.00  9999.00  9999.00  9999.00
 00010  1003.37   -22.30    72.73     0.00   270.00    12.00  9999.00  9999.00  9999.00  9999.00
 00011  1018.04   -26.10    72.74     0.00   360.00     2.10  9999.00  9999.00  9999.00  9999.00
 00012  1029.08   -11.40    69.37     2.00    40.00     6.00  9999.00  9999.00  9999.00  9999.00
 00013  1030.65    -0.20   100.00     1.00   340.00     1.80  9999.00  9999.00  9999.00  9999.00
 00014  1024.88     1.30    95.75     3.00   320.00     3.10  9999.00  9999.00  9999.00  9999.00
 00015  1012.55    -4.90    66.77     1.00   220.00    16.00  9999.00  9999.00  9999.00  9999.00
 00016   984.20    -4.50    78.84     1.00   200.00     9.00  9999.00  9999.00  9999.00  9999.00
 00017  1017.95    -4.30    85.86     1.00   220.00     6.00  9999.00  9999.00  9999.00  9999.00
 00018  1028.81    -0.60    95.69     1.00   320.00     1.70  9999.00  9999.00  9999.00  9999.00
 00019   962.22    -0.80    94.28     0.00     0.00  9999.00  9999.00  9999.00  9999.00  9999.00
 00020  1028.01     5.40    95.22     2.00   340.00     3.50  9999.00  9999.00  9999.00  9999.00
 00021   937.59   -22.40    78.02     0.00    40.00     1.20  9999.00  9999.00  9999.00  9999.00
 00022  1032.79   -10.60    72.14     2.00   360.00     4.80  9999.00  9999.00  9999.00  9999.00
 00023   949.51   -15.90    55.27     2.00   250.00    30.00  9999.00  9999.00  9999.00  9999.00
 00024   989.99   -19.40    60.68     4.00   140.00    25.00  9999.00  9999.00  9999.00  9999.00
 00025   813.00     7.90    90.81     0.00     0.00    26.00  9999.00  9999.00  9999.00  9999.00
 00026  1025.52     1.40    82.14     2.00   360.00     6.00  9999.00  9999.00  9999.00  9999.00
 00027  1024.53     0.10    92.95     2.00   340.00     3.90  9999.00  9999.00  9999.00  9999.00
 00028  1001.94     0.80    92.99     1.00   110.00    10.00  9999.00  9999.00  9999.00  9999.00
 00029  1018.52     8.30    90.85     3.00   340.00    16.00  9999.00  9999.00  9999.00  9999.00
 00030  1010.90     5.90    90.04     6.00    70.00    30.00  9999.00  9999.00  9999.00  9999.00
 00031   625.50    -3.10     9.81     4.00   180.00    30.00  9999.00  9999.00  9999.00  9999.00
 00032  1012.95    12.20    79.08     4.00   320.00    30.00  9999.00  9999.00  9999.00  9999.00
 00033  1017.49    16.90    96.85     3.00   360.00     2.50  9999.00  9999.00  9999.00  9999.00
 00034  1014.40    25.60    82.86     4.00    70.00    14.00  9999.00  9999.00  9999.00  9999.00
 00035  1015.87    17.30   100.00     2.00   290.00     7.00  9999.00  9999.00  9999.00  9999.00
 00036   842.30     5.30    40.80     2.00    40.00    25.00  9999.00  9999.00  9999.00  9999.00
 00037  1017.26    12.00    76.93     5.00   320.00    24.00  9999.00  9999.00  9999.00  9999.00
 00038  1018.30    12.70    96.11     1.00   200.00     4.30  9999.00  9999.00  9999.00  9999.00
 00039  1019.22    14.10    87.69     1.00   360.00    10.00  9999.00  9999.00  9999.00  9999.00
 00040  1015.09    14.80    88.91     2.00    20.00     6.00  9999.00  9999.00  9999.00  9999.00
 00041   817.20    -4.80   100.00     1.00   270.00     0.30  9999.00  9999.00  9999.00  9999.00
 00042  1029.65    -0.30    97.83     2.00   270.00     1.30  9999.00  9999.00  9999.00  9999.00
 00043  1027.85     1.00    90.98     2.00    90.00     4.30  9999.00  9999.00  9999.00  9999.00
 00044  1021.55     1.50    93.70     3.00   220.00  9999.00  9999.00  9999.00  9999.00  9999.00
 00045  1015.09    14.80    88.91     2.00    20.00     6.00  9999.00  9999.00  9999.00  9999.00
 00046   983.73     4.20    95.17     3.00    40.00    11.00  9999.00  9999.00  9999.00  9999.00
 00047  1019.70     8.40    88.99     2.00   360.00    18.00  9999.00  9999.00  9999.00  9999.00
 00048   652.40     2.00    11.16     4.00    90.00    30.00  9999.00  9999.00  9999.00  9999.00
 00049   600.10   -12.50    59.45     1.00   270.00    30.00  9999.00  9999.00  9999.00  9999.00
 00050  1019.62    12.70    88.15     2.00    40.00    15.00  9999.00  9999.00  9999.00  9999.00
