stn_id       p       t2      rh2      spd      dir      vis    rain6   rain24   tmax24   tmin24 
 00001   964.49    20.56    89.44     1.46   278.65     0.99     6.46     9.77    28.85    20.54
 00002   985.02    28.66    31.51     1.19   278.11    23.71     0.00     0.00    36.41    19.84
 00003   897.59    22.66    37.18     0.42   115.02    22.84     0.00     0.00    30.28    13.11
 00004   832.06    19.37    40.68     0.45   151.90    21.14     0.00     0.00    23.67    10.35
 00005   865.78    20.30    37.40     1.17    82.32    20.60     0.00     0.00    26.80    12.28
 00006   876.08    20.86    33.65     2.40   211.85    19.70     0.00     0.00    26.04    12.37
 00007   992.75    20.92    74.76     3.34   199.43    21.85     0.22     0.66    26.49    18.53
 00008   977.71    19.87    79.61     2.62   203.70    23.11     0.48     3.75    27.98    17.54
 00009   938.37    12.58    57.42     4.71   317.88    36.46     0.00     0.73    21.88     9.27
 00010   959.72    15.01    94.93     1.86    91.76     6.44     5.52    10.90    23.24    13.96
 00011   985.02    19.24    88.90     2.92   185.46     2.41     2.37     2.46    31.26    18.46
 00012   999.22    29.61    22.93     2.28   343.23    21.32     0.00     0.00    36.28    19.65
 00013  1000.50    26.63    79.90     3.09   250.36    26.67     0.02     0.24    27.58    21.66
 00014   998.12    26.97    79.19     2.07   245.31    27.29     0.00     0.70    30.16    21.82
 00015   983.95    29.14    33.65     2.95   142.85    22.27     0.00     0.05    32.63    20.70
 00016   946.62    24.15    74.59     0.63   219.51    24.69     0.00     0.00    31.47    18.99
 00017   986.94    28.22    71.09     1.30    51.72    25.36     0.07     0.30    34.14    23.76
 00018   999.58    26.21    83.67     2.23   229.39    22.30     0.00     0.49    29.38    21.68
 00019   929.34    21.46    68.08     2.00   250.79    27.51     0.00     0.46    27.05    18.84
 00020  1002.64    26.07    80.69     3.95   271.39    24.85     0.00     0.33    27.11    19.31
 00021   883.05    20.99    50.42     2.79   121.95    25.42     0.05     0.27    31.86    19.91
 00022  1001.72    28.37    36.18     2.73   344.13    21.02     0.00     0.01    35.79    19.19
 00023   908.19    17.56    62.77     1.64   209.25    23.44     0.02     0.25    30.16    15.83
 00024   931.11    20.62    55.44     3.63   290.05    25.16     0.04     0.12    34.89    19.94
 00025   792.13    17.83    91.28     1.83   206.32    24.48     0.01     1.70    25.28    15.51
 00026  1000.15    26.39    86.49     0.98   186.19    20.74     0.38     1.56    29.85    23.03
 00027   996.29    24.65    96.64     1.85   143.82     1.72    23.07    24.76    29.08    23.99
 00028   965.49    24.03    94.33     2.22   155.52     2.57    12.39    21.07    28.20    23.45
 00029  1000.90    27.30    84.96     3.62   211.55    27.68     0.08     1.39    32.36    24.53
 00030   988.07    26.79    87.73     3.20   163.64    32.04     0.11     1.53    32.04    24.68
 00031   572.67     3.50    87.09     0.86   248.71    22.02     0.23     2.45    15.84     2.71
 00032   969.64    26.65    86.84     0.95   221.38    20.58     0.10     1.96    31.37    23.46
 00033  1003.26    22.96    97.08     2.93   169.71     0.35     0.03     0.17    25.17    22.44
 00034  1007.21    28.11    87.64     4.37   220.50    33.47     0.00     0.05    28.53    27.89
 00035  1002.83    28.32    79.43     3.22   197.84    31.24     0.00     0.97    32.39    26.13
 00036   773.44    12.96    91.20     0.92   315.17    19.82     1.04    14.88    17.16    12.62
 00037   960.33    26.48    87.52     0.84   255.81    20.59     0.25     2.39    32.37    23.73
 00038   988.86    27.54    86.02     1.36   250.92    25.95     0.01     0.03    32.98    23.71
 00039  1001.49    26.50    90.47     6.01   212.02    24.80     0.01     0.12    28.59    25.25
 00040  1000.64    26.73    86.35     4.65   245.71    26.56     0.00     0.00    30.84    25.06
 00041   962.11    24.23    90.82     0.93   232.78     1.80     0.00     0.81    27.42    19.29
 00042  1001.25    27.26    80.57     2.60   242.35    27.36     0.00     0.57    28.70    22.18
 00043   994.21    24.59    95.27     1.05   201.48     2.63     6.82    23.41    28.05    22.73
 00044   976.13    24.50    92.33     0.66    75.05    21.47     1.58    33.31    26.84    22.20
 00045  1000.64    26.73    86.35     4.65   245.71    26.56     0.00     0.00    30.84    25.06
 00046   936.45    23.45    95.70     3.10   221.87    13.52     2.04     4.41    28.93    21.99
 00047   992.93    24.87    94.88     1.52    63.23     3.59     0.39     8.52    30.53    23.82
 00048   603.17     5.77    87.21     0.72   216.50    20.65     0.53     4.12    14.99     5.10
 00049   576.15     0.32    99.66     0.61    79.44     0.49    24.88    48.13     2.85     0.17
 00050   993.47    27.75    87.51     3.23   215.22    24.29     0.00     0.27    31.39    24.39
