stn_id       p       t2      rh2      spd      dir      vis    rain6   rain24   tmax24   tmin24 
 00001   963.36    22.97    85.52     1.24   102.35    26.54     1.36  9999.00  9999.00  9999.00
 00002   984.40    28.41    46.07     2.89   185.06    23.37     0.00  9999.00  9999.00  9999.00
 00003   895.55    20.04    71.08     0.88   298.93    22.37     5.47  9999.00  9999.00  9999.00
 00004   829.25    14.84    94.52     0.57   215.35     5.83     4.11  9999.00  9999.00  9999.00
 00005   863.93    16.54    89.92     1.96   224.33     3.17     3.02  9999.00  9999.00  9999.00
 00006   874.24    19.44    67.96     4.91   230.68     5.77     0.69  9999.00  9999.00  9999.00
 00007   996.43    28.51    52.30     1.13   153.32    21.87     0.00  9999.00  9999.00  9999.00
 00008   982.63    24.66    44.91     3.26    81.99    23.41     0.00  9999.00  9999.00  9999.00
 00009   941.03    16.67    58.19     3.76   129.37    36.85     0.23  9999.00  9999.00  9999.00
 00010   963.72    22.07    58.31     0.82   206.66    25.44     0.00  9999.00  9999.00  9999.00
 00011   991.67    22.12    50.22     4.05    90.50    25.17     0.00  9999.00  9999.00  9999.00
 00012   999.33    31.81    34.69     3.40   147.63    21.01     0.00  9999.00  9999.00  9999.00
 00013   999.70    23.59    98.10     1.23   309.85    18.16    26.33  9999.00  9999.00  9999.00
 00014   997.33    26.15    90.02     2.14   182.11    18.49     1.26  9999.00  9999.00  9999.00
 00015   986.01    25.28    59.96     2.08   148.99    22.09     0.00  9999.00  9999.00  9999.00
 00016   946.66    19.12    88.64     0.96    82.11    24.44     0.07  9999.00  9999.00  9999.00
 00017   987.03    21.62    95.91     0.99    47.93    17.03     4.57  9999.00  9999.00  9999.00
 00018   998.42    24.40    95.72     1.04    41.16    14.68     1.32  9999.00  9999.00  9999.00
 00019   927.48    25.67    67.41     1.59   243.42    25.99     0.02  9999.00  9999.00  9999.00
 00020  1003.45    21.95    98.25     2.68   126.95    13.37     4.13  9999.00  9999.00  9999.00
 00021   880.12    29.56    12.59     4.16    11.66    25.33     0.00  9999.00  9999.00  9999.00
 00022  1003.22    27.51    42.76     5.11   127.71    20.74     0.00  9999.00  9999.00  9999.00
 00023   905.84    29.87    19.08     1.92    17.43    23.67     0.00  9999.00  9999.00  9999.00
 00024   930.99    29.79    12.79     3.09   275.76    25.36     0.00  9999.00  9999.00  9999.00
 00025   790.29    21.38    69.34     2.58   193.03    25.91     0.18  9999.00  9999.00  9999.00
 00026   998.79    28.36    83.00     2.00   202.90    26.87     0.54  9999.00  9999.00  9999.00
 00027   993.79    29.23    77.14     3.46   185.94    27.94     0.70  9999.00  9999.00  9999.00
 00028   963.77    27.14    79.36     4.07   192.79    15.63     3.27  9999.00  9999.00  9999.00
 00029  1001.18    27.21    85.72     3.39   154.43    24.55     0.24  9999.00  9999.00  9999.00
 00030   987.28    27.06    86.72     3.81   152.51    31.97     0.77  9999.00  9999.00  9999.00
 00031   571.64    13.79    30.76     4.28   248.02    22.22     0.35  9999.00  9999.00  9999.00
 00032   972.04    24.54    92.20     1.66   228.49    15.18     3.90  9999.00  9999.00  9999.00
 00033  1002.54    23.48    98.66     2.00   154.33    13.57     0.27  9999.00  9999.00  9999.00
 00034  1007.23    28.23    88.51     6.97   170.60    33.29     0.10  9999.00  9999.00  9999.00
 00035  1002.16    27.89    88.52     4.09   170.75    26.11     0.47  9999.00  9999.00  9999.00
 00036   771.45    17.71    92.30     1.04   137.70    17.58     7.14  9999.00  9999.00  9999.00
 00037   962.70    25.00    93.44     1.22   222.40    14.86     4.58  9999.00  9999.00  9999.00
 00038   991.12    26.06    93.89     1.03   185.03    25.76     1.87  9999.00  9999.00  9999.00
 00039  1004.25    25.98    92.79     6.39   209.50    24.57     0.55  9999.00  9999.00  9999.00
 00040  1003.01    26.41    92.64     3.52   209.79    26.32     0.45  9999.00  9999.00  9999.00
 00041   961.13    25.48    85.63     2.51   212.75    24.26     0.17  9999.00  9999.00  9999.00
 00042  1000.09    25.25    95.69     1.79   324.11     5.82     7.11  9999.00  9999.00  9999.00
 00043   992.86    29.13    74.58     2.92   191.31    28.37     0.10  9999.00  9999.00  9999.00
 00044   976.18    26.21    85.45     1.41   205.93    25.98     0.00  9999.00  9999.00  9999.00
 00045  1003.01    26.41    92.64     3.52   209.79    26.32     0.45  9999.00  9999.00  9999.00
 00046   938.10    23.71    89.43     2.62   190.44    25.66     1.28  9999.00  9999.00  9999.00
 00047   993.47    26.07    90.67     3.27   192.38    23.91     0.09  9999.00  9999.00  9999.00
 00048   603.12    10.45    66.08     1.49   246.65    13.44     2.22  9999.00  9999.00  9999.00
 00049   577.09     4.37    91.23     2.13   200.22    14.85     0.79  9999.00  9999.00  9999.00
 00050   996.35    26.12    93.01     3.94   215.66    24.04     2.00  9999.00  9999.00  9999.00
