stn_id       p       t2      rh2      spd      dir      vis    rain6   rain24   tmax24   tmin24 
 00001  1001.15     9.50    73.90     1.00   140.00     3.20  9999.00  9999.00  9999.00  9999.00
 00002  1021.47    -0.70    54.94     1.00   200.00     7.00  9999.00  9999.00  9999.00  9999.00
 00003   944.49    -5.70    40.48     1.00    40.00    15.00  9999.00  9999.00  9999.00  9999.00
 00004   877.39    -8.70    46.10     1.00   320.00     7.00  9999.00  9999.00  9999.00  9999.00
 00005   915.28   -10.40    56.17     2.00   110.00    11.00  9999.00  9999.00  9999.00  9999.00
 00006   895.77    -3.90    39.09     5.00   220.00    30.00  9999.00  9999.00  9999.00  9999.00
 00007  1022.76    -6.60    58.68     0.00   160.00     4.80  9999.00  9999.00  9999.00  9999.00
 00008   997.06    -9.50    45.55     4.00   250.00     6.00  9999.00  9999.00  9999.00  9999.00
 00009   971.95   -27.30    68.07     0.00    40.00     7.00  9999.00  9999.00  9999.00  9999.00
 00010   995.86    -8.00    47.03     3.00   290.00     8.00  9999.00  9999.00  9999.00  9999.00
 00011  1005.71   -11.50    52.29     4.00   220.00     7.00  9999.00  9999.00  9999.00  9999.00
 00012  1026.69     0.10    31.57     1.00   180.00     8.00  9999.00  9999.00  9999.00  9999.00
 00013  1034.04     5.50    42.81     1.00   250.00     9.00  9999.00  9999.00  9999.00  9999.00
 00014  1030.05     6.40    46.83     2.00   180.00    10.00  9999.00  9999.00  9999.00  9999.00
 00015  1012.64     4.70    15.98     1.00   180.00    28.00  9999.00  9999.00  9999.00  9999.00
 00016   982.86    -1.40    57.84     1.00    70.00     8.00  9999.00  9999.00  9999.00  9999.00
 00017  1019.53     5.20    32.76     1.00   290.00    18.00  9999.00  9999.00  9999.00  9999.00
 00018  1030.81     6.70    45.87     3.00   160.00    13.00  9999.00  9999.00  9999.00  9999.00
 00019   962.78     5.50    65.14     1.00    20.00     7.00  9999.00  9999.00  9999.00  9999.00
 00020  1034.00     5.00    42.01     2.00   290.00     6.00  9999.00  9999.00  9999.00  9999.00
 00021   926.35    -8.30    58.96     1.00   110.00    11.00  9999.00  9999.00  9999.00  9999.00
 00022  1031.09    -2.00    47.01     1.00   200.00     3.40  9999.00  9999.00  9999.00  9999.00
 00023   944.85    -2.50    66.80     1.00   140.00    13.00  9999.00  9999.00  9999.00  9999.00
 00024   976.61   -12.10    64.83     6.00   110.00    11.00  9999.00  9999.00  9999.00  9999.00
 00025  9999.00  9999.00  9999.00  9999.00  9999.00  9999.00  9999.00  9999.00  9999.00  9999.00
 00026  1028.61     7.30    51.88     2.00    90.00     9.00  9999.00  9999.00  9999.00  9999.00
 00027  1025.72     9.20    43.91     2.00   140.00     8.00  9999.00  9999.00  9999.00  9999.00
 00028  1002.33     6.30    54.76     1.00   220.00     9.00  9999.00  9999.00  9999.00  9999.00
 00029  1024.80    14.20    31.98     3.00    20.00    30.00  9999.00  9999.00  9999.00  9999.00
 00030  1014.56    15.40    28.93     2.00    70.00    20.00  9999.00  9999.00  9999.00  9999.00
 00031   631.80    -2.90    17.63     1.00   160.00    30.00  9999.00  9999.00  9999.00  9999.00
 00032  1022.37    12.50    41.72     1.00   200.00    13.00  9999.00  9999.00  9999.00  9999.00
 00033  1025.18    18.60    51.96     4.00    40.00    27.00  9999.00  9999.00  9999.00  9999.00
 00034  1021.10    24.60    63.60     4.00    40.00    19.00  9999.00  9999.00  9999.00  9999.00
 00035  1023.95    18.80    61.94     3.00    20.00    25.00  9999.00  9999.00  9999.00  9999.00
 00036   845.00    11.40    61.06     1.00    90.00    10.00  9999.00  9999.00  9999.00  9999.00
 00037  1026.71    11.30    45.84     2.00   200.00    13.00  9999.00  9999.00  9999.00  9999.00
 00038  1026.57    13.50    44.83     1.00   160.00    18.00  9999.00  9999.00  9999.00  9999.00
 00039  1027.80    12.50    50.70     7.00    40.00    12.00  9999.00  9999.00  9999.00  9999.00
 00040  1022.55    14.40    39.90     9.00    40.00    19.00  9999.00  9999.00  9999.00  9999.00
 00041   823.30    -1.60     9.15     7.00   340.00    30.00  9999.00  9999.00  9999.00  9999.00
 00042  1032.85     7.10    49.93     1.00   160.00    16.00  9999.00  9999.00  9999.00  9999.00
 00043  1031.04     7.00    52.96     2.00   340.00    10.00  9999.00  9999.00  9999.00  9999.00
 00044  1025.53     7.30    51.88     1.00   360.00    12.00  9999.00  9999.00  9999.00  9999.00
 00045  1022.55    14.40    39.90     9.00    40.00    19.00  9999.00  9999.00  9999.00  9999.00
 00046   988.08     9.80    37.97     3.00    20.00    21.00  9999.00  9999.00  9999.00  9999.00
 00047  1029.27     9.90    39.75     2.00    70.00    11.00  9999.00  9999.00  9999.00  9999.00
 00048   660.00     0.20    40.68     2.00   110.00    19.00  9999.00  9999.00  9999.00  9999.00
 00049   603.40    -1.40    21.68     6.00    40.00    25.00  9999.00  9999.00  9999.00  9999.00
 00050  1028.20    11.30    48.94     9.00    20.00    16.00  9999.00  9999.00  9999.00  9999.00
