stn_id       p       t2      rh2      spd      dir      vis    rain6   rain24   tmax24   tmin24 
 00001  9999.00    37.30  9999.00     1.00   250.00    30.00  9999.00  9999.00  9999.00  9999.00
 00002   994.28    31.60  9999.00     4.00   180.00     8.00  9999.00  9999.00  9999.00  9999.00
 00003   912.96    33.90  9999.00     1.00   110.00    30.00  9999.00  9999.00  9999.00  9999.00
 00004   846.94    30.50  9999.00     2.00    40.00    28.00  9999.00  9999.00  9999.00  9999.00
 00005   883.08    28.90  9999.00     2.00   180.00    30.00  9999.00  9999.00  9999.00  9999.00
 00006   871.09    32.70  9999.00     3.00    20.00    30.00  9999.00  9999.00  9999.00  9999.00
 00007   999.27    28.80  9999.00     4.00    20.00    30.00  9999.00  9999.00  9999.00  9999.00
 00008   978.88    25.50  9999.00     2.00   340.00    14.00  9999.00  9999.00  9999.00  9999.00
 00009   959.29    25.60  9999.00     8.00   180.00    23.00  9999.00  9999.00  9999.00  9999.00
 00010   978.40    20.60  9999.00     7.00    90.00    30.00  9999.00  9999.00  9999.00  9999.00
 00011   989.73    24.50  9999.00     1.00    40.00    30.00  9999.00  9999.00  9999.00  9999.00
 00012  1000.37    30.70  9999.00     2.00   200.00     9.00  9999.00  9999.00  9999.00  9999.00
 00013  1001.27    31.50  9999.00     4.00    40.00    29.00  9999.00  9999.00  9999.00  9999.00
 00014   995.80    32.10  9999.00     2.00    70.00    15.00  9999.00  9999.00  9999.00  9999.00
 00015  9999.00  9999.00  9999.00  9999.00  9999.00  9999.00  9999.00  9999.00  9999.00  9999.00
 00016   952.43    30.20  9999.00     4.00    70.00    23.00  9999.00  9999.00  9999.00  9999.00
 00017   990.54    32.70  9999.00     2.00   360.00    17.00  9999.00  9999.00  9999.00  9999.00
 00018   998.79    31.10  9999.00     4.00    20.00    30.00  9999.00  9999.00  9999.00  9999.00
 00019  9999.00    32.60  9999.00     2.00    90.00    27.00  9999.00  9999.00  9999.00  9999.00
 00020  1000.33    31.20  9999.00     4.00    40.00    30.00  9999.00  9999.00  9999.00  9999.00
 00021   898.04    19.80  9999.00     3.00   360.00    24.00  9999.00  9999.00  9999.00  9999.00
 00022  1004.00    30.80  9999.00     2.00   200.00    16.00  9999.00  9999.00  9999.00  9999.00
 00023   920.77    25.80  9999.00     4.00   340.00    30.00  9999.00  9999.00  9999.00  9999.00
 00024   947.29    25.60  9999.00     1.00   360.00    30.00  9999.00  9999.00  9999.00  9999.00
 00025   805.30    23.30    67.88     3.00   160.00    30.00  9999.00  9999.00  9999.00  9999.00
 00026   994.97    34.00  9999.00     1.00   290.00    28.00  9999.00  9999.00  9999.00  9999.00
 00027   992.24    35.10  9999.00     4.00   360.00    14.00  9999.00  9999.00  9999.00  9999.00
 00028   970.44    29.30  9999.00     3.00    20.00    13.00  9999.00  9999.00  9999.00  9999.00
 00029   996.81    33.60  9999.00     2.00   200.00    30.00  9999.00  9999.00  9999.00  9999.00
 00030  9999.00    30.20  9999.00     3.00    40.00    21.00  9999.00  9999.00  9999.00  9999.00
 00031   623.70    19.40    52.74     2.00   110.00    30.00  9999.00  9999.00  9999.00  9999.00
 00032   990.24    32.00  9999.00     3.00   110.00    18.00  9999.00  9999.00  9999.00  9999.00
 00033   999.92    32.90  9999.00     2.00   320.00    30.00  9999.00  9999.00  9999.00  9999.00
 00034  1003.80    31.80  9999.00     6.00   220.00    12.00  9999.00  9999.00  9999.00  9999.00
 00035   999.20    32.40  9999.00     3.00   160.00    30.00  9999.00  9999.00  9999.00  9999.00
 00036   831.40    31.10    47.53     2.00    90.00    24.00  9999.00  9999.00  9999.00  9999.00
 00037   994.47    31.80  9999.00     1.00   290.00    16.00  9999.00  9999.00  9999.00  9999.00
 00038   999.05    25.30  9999.00     2.00   320.00    19.00  9999.00  9999.00  9999.00  9999.00
 00039   998.47    28.20  9999.00     4.00   220.00     6.00  9999.00  9999.00  9999.00  9999.00
 00040   996.19    28.50  9999.00     4.00   320.00    30.00  9999.00  9999.00  9999.00  9999.00
 00041   812.20    19.80   100.00     5.00   340.00     0.40  9999.00  9999.00  9999.00  9999.00
 00042   999.60    31.00  9999.00     3.00   360.00    18.00  9999.00  9999.00  9999.00  9999.00
 00043   996.94    35.00  9999.00     1.00   360.00    17.00  9999.00  9999.00  9999.00  9999.00
 00044  9999.00    34.40  9999.00     1.00   200.00    22.00  9999.00  9999.00  9999.00  9999.00
 00045   996.19    28.50  9999.00     4.00   320.00    30.00  9999.00  9999.00  9999.00  9999.00
 00046   961.24    27.00  9999.00     2.00   340.00    30.00  9999.00  9999.00  9999.00  9999.00
 00047   996.19    31.00  9999.00     2.00    90.00    15.00  9999.00  9999.00  9999.00  9999.00
 00048   650.90    23.90    32.72     2.00   200.00    30.00  9999.00  9999.00  9999.00  9999.00
 00049   601.90    10.40    84.96     2.00   220.00    15.00  9999.00  9999.00  9999.00  9999.00
 00050   998.27    28.60  9999.00     3.00   140.00  9999.00  9999.00  9999.00  9999.00  9999.00
