stn_id       p       t2      rh2      spd      dir      vis    rain6   rain24   tmax24   tmin24 
 00001   975.01    17.72    98.30     0.79   279.59    12.96     1.42  9999.00  9999.00  9999.00
 00002   994.46    11.40    67.91     2.74   265.97    23.15     0.00  9999.00  9999.00  9999.00
 00003   905.42     5.65    87.53     1.21   289.29    22.06     0.00  9999.00  9999.00  9999.00
 00004   836.99     5.78    84.60     2.84   228.44    22.09     0.00  9999.00  9999.00  9999.00
 00005   870.71     5.97    47.04     0.93   142.73    24.60     0.00  9999.00  9999.00  9999.00
 00006   879.24     7.49    30.89     4.84   231.50    25.58     0.00  9999.00  9999.00  9999.00
 00007  1004.24    12.13    95.53     3.13   170.34    25.64     0.00  9999.00  9999.00  9999.00
 00008   988.60     4.33    95.25     2.03   169.61    27.85     0.00  9999.00  9999.00  9999.00
 00009   938.31     0.77    62.99     3.17   204.83    34.71     0.00  9999.00  9999.00  9999.00
 00010   967.68     5.41    93.43     1.60   237.50    28.01     0.00  9999.00  9999.00  9999.00
 00011   995.87     2.89    93.41     1.44   244.81    29.78     0.00  9999.00  9999.00  9999.00
 00012  1009.49     9.45    92.11     1.23   104.09    23.22     0.00  9999.00  9999.00  9999.00
 00013  1013.87    16.29    86.45     0.64   242.62    21.21     0.00  9999.00  9999.00  9999.00
 00014  1010.60    15.60    92.45     1.31   310.12    21.33     0.00  9999.00  9999.00  9999.00
 00015   995.71    15.20    78.96     3.19   186.81    20.20     0.00  9999.00  9999.00  9999.00
 00016   958.47    10.71    96.76     1.10   173.57    17.16     0.00  9999.00  9999.00  9999.00
 00017   998.57    12.81    88.07     2.32   265.02    20.59     0.00  9999.00  9999.00  9999.00
 00018  1012.67    15.56    81.49     0.41    59.49    20.73     0.00  9999.00  9999.00  9999.00
 00019   940.01    15.20    90.05     1.22   301.06    22.49     0.00  9999.00  9999.00  9999.00
 00020  1016.38    14.85    98.02     1.57   246.43    13.25     0.00  9999.00  9999.00  9999.00
 00021   899.61     3.12    77.91     1.38   177.49    28.10     0.00  9999.00  9999.00  9999.00
 00022  1012.28    11.90    81.69     2.40   216.22    21.68     0.00  9999.00  9999.00  9999.00
 00023   925.65     1.15    85.12     1.55   159.79    22.44     0.00  9999.00  9999.00  9999.00
 00024   953.18     2.22    70.57     2.82   110.58    25.73     0.00  9999.00  9999.00  9999.00
 00025   798.44    13.56    92.56     1.26   221.47    23.08     0.11  9999.00  9999.00  9999.00
 00026  1012.12    17.32    89.31     0.95   204.65    21.19     0.00  9999.00  9999.00  9999.00
 00027  1007.67    19.75    82.41     1.31    55.10    21.19     0.00  9999.00  9999.00  9999.00
 00028   976.56    19.28    91.88     0.88   101.16    20.50     0.21  9999.00  9999.00  9999.00
 00029  1009.55    22.38    95.74     1.70   165.07    24.27     0.01  9999.00  9999.00  9999.00
 00030   998.99    22.62    92.75     1.19   103.47    22.60     0.02  9999.00  9999.00  9999.00
 00031   574.98    -5.80    58.02     1.89   198.98    30.35     0.00  9999.00  9999.00  9999.00
 00032   981.08    17.02    99.03     1.58   336.40     0.27     0.00  9999.00  9999.00  9999.00
 00033  1010.77    21.26    96.61     6.10    80.81     0.49     1.75  9999.00  9999.00  9999.00
 00034  1010.91    27.28    84.92     4.83    88.18    16.80     0.34  9999.00  9999.00  9999.00
 00035  1009.73    24.49    95.31     3.81    85.71     5.59     3.63  9999.00  9999.00  9999.00
 00036   778.15    12.08    92.95     1.55   164.71    19.18     0.56  9999.00  9999.00  9999.00
 00037   971.44    17.24    99.22     1.07   266.05     0.24     0.01  9999.00  9999.00  9999.00
 00038   998.66    18.93    98.94     0.94   295.52     3.12     0.00  9999.00  9999.00  9999.00
 00039  1011.98    21.94    87.24     5.26    79.55    22.34     0.00  9999.00  9999.00  9999.00
 00040  1010.00    21.84    89.34     3.61    65.14    23.29     0.01  9999.00  9999.00  9999.00
 00041   972.81    15.66    78.70     0.57   162.09    20.23     0.00  9999.00  9999.00  9999.00
 00042  1014.02    14.56    91.95     0.93   206.64    21.07     0.00  9999.00  9999.00  9999.00
 00043  1005.72    17.59    94.11     1.45    87.96    21.63     0.00  9999.00  9999.00  9999.00
 00044   987.16    16.88    93.52     0.46   221.40    20.75     0.00  9999.00  9999.00  9999.00
 00045  1010.00    21.84    89.34     3.61    65.14    23.29     0.01  9999.00  9999.00  9999.00
 00046   945.03    18.14    89.26     0.89    84.13    21.54     0.00  9999.00  9999.00  9999.00
 00047  1005.33    17.74    99.07     1.87   315.56     0.34     0.05  9999.00  9999.00  9999.00
 00048   606.54    -0.22    45.19     1.67   183.89    33.66     0.00  9999.00  9999.00  9999.00
 00049   579.55    -6.35    85.94     0.63   188.03    27.81     0.00  9999.00  9999.00  9999.00
 00050  1004.37    19.34    90.68     2.55   321.43    21.65     0.00  9999.00  9999.00  9999.00
