stn_id       p       t2      rh2      spd      dir      vis    rain6   rain24   tmax24   tmin24 
 00001   975.79    17.68    94.40     0.27   209.84    13.79  9999.00  9999.00  9999.00  9999.00
 00002   995.11    10.70    70.52     2.70   271.01    23.11  9999.00  9999.00  9999.00  9999.00
 00003   905.26     5.86    79.53     0.71    63.88    22.02  9999.00  9999.00  9999.00  9999.00
 00004   836.39     3.04    86.29     2.46   208.61    22.05  9999.00  9999.00  9999.00  9999.00
 00005   870.61     3.48    50.03     1.06   134.26    24.61  9999.00  9999.00  9999.00  9999.00
 00006   879.76     4.47    41.75     3.95   225.71    25.63  9999.00  9999.00  9999.00  9999.00
 00007  1004.87    11.78    72.90     5.08   180.17    25.60  9999.00  9999.00  9999.00  9999.00
 00008   986.75    11.91    63.31     7.54   218.74    27.70  9999.00  9999.00  9999.00  9999.00
 00009   940.97    -5.94    93.14     2.46   217.62    34.55  9999.00  9999.00  9999.00  9999.00
 00010   969.88     0.71    95.54     1.16   228.96    24.62  9999.00  9999.00  9999.00  9999.00
 00011   992.40     9.66    90.06     5.45   191.76    29.58  9999.00  9999.00  9999.00  9999.00
 00012  1010.54     6.94    95.88     1.50   101.05    23.20  9999.00  9999.00  9999.00  9999.00
 00013  1015.71    12.04    91.16     2.09   130.71    21.30  9999.00  9999.00  9999.00  9999.00
 00014  1012.83    13.25    97.31     1.18   231.17    21.51  9999.00  9999.00  9999.00  9999.00
 00015   996.78    14.07    73.56     4.48   196.87    20.17  9999.00  9999.00  9999.00  9999.00
 00016   958.29     9.37    94.90     0.89   184.33    21.20  9999.00  9999.00  9999.00  9999.00
 00017   999.13    12.22    94.38     2.36   237.17    20.64  9999.00  9999.00  9999.00  9999.00
 00018  1014.50    12.42    91.70     1.78   165.20    17.93  9999.00  9999.00  9999.00  9999.00
 00019   940.20    14.23    87.05     0.76   328.16    25.96  9999.00  9999.00  9999.00  9999.00
 00020  1019.01    16.42    93.82     1.88   164.44    20.81  9999.00  9999.00  9999.00  9999.00
 00021   896.54     4.57    87.76     1.95   300.84    27.16  9999.00  9999.00  9999.00  9999.00
 00022  1013.19    10.26    91.16     1.95   239.38    21.66  9999.00  9999.00  9999.00  9999.00
 00023   925.01     4.48    71.02     2.82   269.16    22.19  9999.00  9999.00  9999.00  9999.00
 00024   948.61     4.61    69.14     3.67   280.52    24.83  9999.00  9999.00  9999.00  9999.00
 00025   799.08    12.04    99.49     1.29   188.01     4.83  9999.00  9999.00  9999.00  9999.00
 00026  1014.48    13.73    90.73     1.19   330.93    21.35  9999.00  9999.00  9999.00  9999.00
 00027  1009.92    16.37    78.89     1.56   133.73    21.33  9999.00  9999.00  9999.00  9999.00
 00028   978.42    16.16    88.62     0.48    87.99    20.82  9999.00  9999.00  9999.00  9999.00
 00029  1011.08    19.91    96.24     1.44   292.60    24.40  9999.00  9999.00  9999.00  9999.00
 00030  1000.09    21.97    90.69     1.02    14.52    26.79  9999.00  9999.00  9999.00  9999.00
 00031   574.68    -7.06    77.97     1.79   188.39    28.81  9999.00  9999.00  9999.00  9999.00
 00032   982.93    18.49    90.87     1.57   338.20    20.43  9999.00  9999.00  9999.00  9999.00
 00033  1011.30    21.54    94.90     6.13    73.55    14.13  9999.00  9999.00  9999.00  9999.00
 00034  1011.22    27.25    87.04     6.46    64.06    25.22  9999.00  9999.00  9999.00  9999.00
 00035  1010.20    24.64    93.24     4.32    54.31    15.14  9999.00  9999.00  9999.00  9999.00
 00036   778.31     8.11    88.43     1.36    87.63    21.32  9999.00  9999.00  9999.00  9999.00
 00037   973.32    18.51    92.60     1.09   262.45    20.43  9999.00  9999.00  9999.00  9999.00
 00038  1000.29    18.48    95.48     0.69   301.19    23.08  9999.00  9999.00  9999.00  9999.00
 00039  1013.61    22.57    83.14     7.23    13.57    22.49  9999.00  9999.00  9999.00  9999.00
 00040  1011.42    21.44    85.67     3.91    60.01    23.90  9999.00  9999.00  9999.00  9999.00
 00041   974.80    12.46    88.95     0.86   236.37    20.40  9999.00  9999.00  9999.00  9999.00
 00042  1015.77    11.87    95.20     1.87   190.37    21.20  9999.00  9999.00  9999.00  9999.00
 00043  1007.97    14.79    95.70     1.26    77.28    21.79  9999.00  9999.00  9999.00  9999.00
 00044   989.53    14.41    92.68     0.93    95.16    20.91  9999.00  9999.00  9999.00  9999.00
 00045  1011.42    21.44    85.67     3.91    60.01    23.90  9999.00  9999.00  9999.00  9999.00
 00046   946.75    15.91    97.51     0.98    80.19    21.72  9999.00  9999.00  9999.00  9999.00
 00047  1007.73    18.71    92.93     2.16   323.78    20.22  9999.00  9999.00  9999.00  9999.00
 00048   606.61    -2.50    59.07     1.58   188.73    33.61  9999.00  9999.00  9999.00  9999.00
 00049   579.24    -7.24    61.78     0.44   176.81    28.47  9999.00  9999.00  9999.00  9999.00
 00050  1006.09    20.82    84.55     4.00    29.94    21.92  9999.00  9999.00  9999.00  9999.00
