stn_id       p       t2      rh2      spd      dir      vis    rain6   rain24   tmax24   tmin24 
 00001   989.43     5.80    75.41     1.64    82.82    21.51  9999.00  9999.00  9999.00  9999.00
 00002  1011.61   -16.02    85.96     2.74   274.91    26.57  9999.00  9999.00  9999.00  9999.00
 00003   914.55   -20.47    93.24     1.32   283.20    24.90  9999.00  9999.00  9999.00  9999.00
 00004   840.42   -16.45    50.55     1.73   227.79    25.11  9999.00  9999.00  9999.00  9999.00
 00005   878.88   -21.74    96.23     1.35    58.22    28.56  9999.00  9999.00  9999.00  9999.00
 00006   887.19   -16.25    81.01     3.02   229.95    31.34  9999.00  9999.00  9999.00  9999.00
 00007  1017.57   -15.61    67.85     2.61   177.88    36.95  9999.00  9999.00  9999.00  9999.00
 00008   999.28   -16.94    88.20     1.96   228.21    41.92  9999.00  9999.00  9999.00  9999.00
 00009   946.38   -26.35    98.55     2.45   204.11    52.58  9999.00  9999.00  9999.00  9999.00
 00010   973.02   -15.17    70.71     2.57   284.53    41.52  9999.00  9999.00  9999.00  9999.00
 00011  1005.93   -23.72   100.00     3.50   223.98    45.89  9999.00  9999.00  9999.00  9999.00
 00012  1027.95   -17.08    90.59     2.59   306.54    28.71  9999.00  9999.00  9999.00  9999.00
 00013  1030.95   -11.07    77.98     3.74   267.15    21.76  9999.00  9999.00  9999.00  9999.00
 00014  1027.85    -8.11    85.45     1.73   254.75    21.58  9999.00  9999.00  9999.00  9999.00
 00015  1011.85   -14.04    80.09     2.28   195.52    23.17  9999.00  9999.00  9999.00  9999.00
 00016   971.43    -7.92    83.15     1.22    96.23    22.60  9999.00  9999.00  9999.00  9999.00
 00017  1013.88    -8.53    67.76     2.79   277.05    21.98  9999.00  9999.00  9999.00  9999.00
 00018  1029.72    -5.78    68.50     1.98   270.45    21.03  9999.00  9999.00  9999.00  9999.00
 00019   951.31     2.64    81.29     0.97   314.20    25.51  9999.00  9999.00  9999.00  9999.00
 00020  1032.74    -4.58    63.68     4.47   288.35    21.79  9999.00  9999.00  9999.00  9999.00
 00021   896.34    -9.22    61.58     3.33   164.01    39.65  9999.00  9999.00  9999.00  9999.00
 00022  1030.92   -15.37    83.53     2.69   276.60    26.65  9999.00  9999.00  9999.00  9999.00
 00023   922.07    -0.18    36.99     1.37   186.74    35.53  9999.00  9999.00  9999.00  9999.00
 00024   952.12   -13.78    83.28     5.06   123.57    30.49  9999.00  9999.00  9999.00  9999.00
 00025   804.12     3.21    90.38     1.05   130.18    19.03  9999.00  9999.00  9999.00  9999.00
 00026  1030.59    -1.30    70.75     1.85   183.88    19.88  9999.00  9999.00  9999.00  9999.00
 00027  1026.40    -0.12    77.53     1.16   309.42    19.49  9999.00  9999.00  9999.00  9999.00
 00028   993.16     0.81    80.84     0.84   137.34    18.60  9999.00  9999.00  9999.00  9999.00
 00029  1023.25     6.36    41.80     4.10    15.99    20.92  9999.00  9999.00  9999.00  9999.00
 00030  1013.57     5.77    70.14     2.45   333.15    22.16  9999.00  9999.00  9999.00  9999.00
 00031   576.25    -4.20    11.61     2.40   288.75    35.57  9999.00  9999.00  9999.00  9999.00
 00032   992.73     0.64    73.51     2.06   316.66    18.56  9999.00  9999.00  9999.00  9999.00
 00033  1023.30    16.04    66.50     8.53    32.70    23.19  9999.00  9999.00  9999.00  9999.00
 00034  1019.21    25.65    75.06    15.01    39.12    18.27  9999.00  9999.00  9999.00  9999.00
 00035  1021.89    17.40    60.14     6.13    30.52    23.27  9999.00  9999.00  9999.00  9999.00
 00036   782.61     3.97    79.91     1.13   145.42    20.87  9999.00  9999.00  9999.00  9999.00
 00037   982.62    -0.55    76.17     1.61   319.54    18.49  9999.00  9999.00  9999.00  9999.00
 00038  1010.61     4.85    53.76     1.43   133.63    20.32  9999.00  9999.00  9999.00  9999.00
 00039  1024.51    12.01    49.92     9.14   118.66    20.04  9999.00  9999.00  9999.00  9999.00
 00040  1021.42    11.48    40.63     6.79    13.91    20.88  9999.00  9999.00  9999.00  9999.00
 00041   987.14    -6.38    72.90     0.56   253.45    19.92  9999.00  9999.00  9999.00  9999.00
 00042  1031.77    -9.98    78.04     3.46   231.68    21.27  9999.00  9999.00  9999.00  9999.00
 00043  1023.77    -1.12    75.33     1.54   129.23    19.99  9999.00  9999.00  9999.00  9999.00
 00044  1003.13    -3.59    84.60     1.24   245.97    19.74  9999.00  9999.00  9999.00  9999.00
 00045  1021.42    11.48    40.63     6.79    13.91    20.88  9999.00  9999.00  9999.00  9999.00
 00046   955.98    -1.21    57.75     2.39    26.29    19.24  9999.00  9999.00  9999.00  9999.00
 00047  1018.98     2.16    53.28     4.28   338.50    20.06  9999.00  9999.00  9999.00  9999.00
 00048   607.07    -7.62    54.53     1.61   126.42    35.88  9999.00  9999.00  9999.00  9999.00
 00049   578.16   -11.88    93.66     0.63    35.06    28.28  9999.00  9999.00  9999.00  9999.00
 00050  1016.92     6.04    45.90     4.62   320.60    19.61  9999.00  9999.00  9999.00  9999.00
