stn_id       p       t2      rh2      spd      dir      vis    rain6   rain24   tmax24   tmin24 
 00001   990.70    12.20    98.03     1.00    40.00     1.80     2.00     3.00    14.30    11.70
 00002  1013.20     7.20    49.96     2.00   360.00    17.00     0.00     0.00    15.30     7.20
 00003   930.40     6.20    60.69     1.00   160.00    10.00     0.00     0.00    13.00     4.90
 00004   862.20    -1.50    90.80     1.00    90.00    10.00     1.00     1.00    10.30    -1.50
 00005  9999.00  9999.00  9999.00  9999.00  9999.00  9999.00  9999.00     0.00     1.20    -6.30
 00006   891.50   -10.10    42.64     5.00   250.00    12.00     0.00     0.00     0.40   -12.30
 00007  1018.50     0.50    52.75     2.00    40.00    18.00     0.00     0.00     4.30    -4.10
 00008   995.00     0.10    31.56     2.00   180.00     7.00     0.00     0.00     3.10    -7.60
 00009   967.60   -17.20    60.63     0.00     0.00     6.00     0.00     0.00     0.50   -26.20
 00010   992.80    -0.90    44.12     1.00   270.00    10.00     0.00     0.00     5.10    -5.50
 00011  1008.80    -1.00    54.85     3.00    20.00    14.00     0.00     0.00     2.00    -4.90
 00012  1021.60     5.40    57.87     2.00    70.00    15.00     0.00     0.00    12.40     4.80
 00013  1018.80     6.20    60.70     1.00   360.00    24.00     1.00     1.80     9.80     5.00
 00014  1017.00     8.10    76.84     3.00   360.00    11.00     0.00     2.60    10.20     7.30
 00015  1001.80    11.20    32.79     1.00   140.00    11.00     0.00     0.00    16.20     8.10
 00016   972.30     9.30    77.03     3.00   220.00  9999.00     0.00     0.00    11.00     6.60
 00017  1008.70    11.30    41.98     2.00   180.00    11.00     0.00     0.00    15.30    10.20
 00018  1020.80     7.80    64.72     1.00    40.00    27.00     0.10     0.30    10.10     7.10
 00019   952.70    10.80    96.70     1.00   270.00     7.00     0.40     0.40    15.90    10.50
 00020  1021.50     7.90    63.82     1.00    20.00    25.00     0.00     1.00    10.70     7.10
 00021   912.60     2.10    61.03     2.00   200.00    21.00     0.00     0.00    10.60     0.10
 00022  1025.00     5.80    67.14     1.00    70.00    17.00     0.00     0.00    10.80     4.50
 00023   934.50     1.40    69.74     3.00   200.00    30.00     0.00     0.00    11.20     0.30
 00024   966.90    -2.20    79.20     1.00   320.00    30.00     0.00     0.00     9.80    -5.70
 00025   810.50    12.00    64.71     1.00   360.00    22.00     0.00     0.00    23.50     9.50
 00026  1014.90     8.70    74.81     2.00   360.00    12.00     0.40     1.00    10.60     8.20
 00027  1006.60     8.60    92.76     4.00   360.00     5.00     2.00     3.30     9.30     8.60
 00028   987.40     7.10    99.31     2.00   360.00     4.60     9.00    12.10    10.40     6.90
 00029  1005.80    21.60    94.58     3.00   360.00     2.80     0.00    41.00    23.90    19.60
 00030   995.10    17.20    95.02     4.00    70.00     7.00     0.90     4.90    22.10    17.20
 00031   624.20    -0.70    35.32     3.00   160.00    30.00     0.00     0.00    12.50    -1.80
 00032  1008.20    12.00    98.68     1.00   110.00     4.30    10.00    27.00    16.20    12.00
 00033  1002.80    24.40    82.73     3.00   140.00    18.00     0.00     0.00    35.10    23.60
 00034  1011.30    26.30    94.18     1.00    90.00    14.00     0.00     0.00    29.30    25.30
 00035  1008.60    25.00    85.90     2.00   140.00    21.00     0.00     0.00    29.00    24.00
 00036   837.80    11.90    53.86     1.00    40.00    29.00     0.00     0.00    26.90    11.40
 00037  1011.20    12.40    96.11     3.00   140.00     6.00    10.00    25.00    16.20    12.20
 00038  1010.20    15.90    93.75     3.00   140.00     3.00    21.00    63.00    21.40    15.90
 00039  1016.40    13.10    93.00     2.00    40.00     1.90    15.00    19.20    18.40    13.10
 00040  1010.90    16.20    90.19    11.00    40.00    13.00     0.00     0.20    19.20    16.10
 00041   815.10     5.50    97.93     3.00   270.00     0.10     0.30     6.60     6.10     3.60
 00042  1017.30     7.20    66.00     4.00    70.00    18.00     0.30     0.32    10.00     6.60
 00043  1013.00     7.90   100.00     2.00    70.00     1.80     1.00     2.10    11.10     7.90
 00044  1005.60     7.70    95.96     2.00    20.00     3.70     9.00    10.10    13.00     7.60
 00045  1010.90    16.20    90.19    11.00    40.00    13.00     0.00     0.20    19.20    16.10
 00046   968.50    17.00   100.00     1.00   200.00     3.10    13.00    52.50    18.90    16.80
 00047  1016.40     9.60    84.92     2.00    70.00     9.00     2.00     6.30    12.30     9.50
 00048   652.60     1.50    44.98     3.00   110.00    30.00     0.00     0.00    13.40    -0.20
 00049   599.10    -3.50    87.26     1.00   250.00    30.00     0.00     0.00     2.80    -6.00
 00050  1011.30    11.90    94.19     6.00    90.00     1.20    18.00    23.00    17.90    11.90
