stn_id       p       t2      rh2      spd      dir      vis    rain6   rain24   tmax24   tmin24 
 00001   993.37     6.95    72.01     0.85    57.50    21.84  9999.00  9999.00  9999.00  9999.00
 00002  1022.06   -18.02    71.46     2.71   293.32    26.65  9999.00  9999.00  9999.00  9999.00
 00003   921.79   -26.19    83.83     0.95    87.52    24.96  9999.00  9999.00  9999.00  9999.00
 00004   844.94   -26.47    80.91     1.10   256.61    25.07  9999.00  9999.00  9999.00  9999.00
 00005   885.30   -26.42    78.64     1.32   222.43    28.26  9999.00  9999.00  9999.00  9999.00
 00006   894.92   -22.58    68.88     6.30   276.38    30.84  9999.00  9999.00  9999.00  9999.00
 00007  1023.10   -17.99    64.20     2.54   326.42    36.96  9999.00  9999.00  9999.00  9999.00
 00008  1003.40   -21.17    69.68     2.86   296.92    40.44  9999.00  9999.00  9999.00  9999.00
 00009   957.50   -22.39    79.44     2.04   307.47    52.42  9999.00  9999.00  9999.00  9999.00
 00010   974.29   -21.38    63.87     5.43   287.87    41.57  9999.00  9999.00  9999.00  9999.00
 00011  1010.44   -27.94    95.51     1.98   295.25    34.65  9999.00  9999.00  9999.00  9999.00
 00012  1037.81   -14.36    61.34     2.60   289.96    28.72  9999.00  9999.00  9999.00  9999.00
 00013  1038.04    -8.38    51.82     5.21   309.50    21.94  9999.00  9999.00  9999.00  9999.00
 00014  1033.34    -7.66    53.16     5.04   308.38    21.62  9999.00  9999.00  9999.00  9999.00
 00015  1021.71   -17.85    74.74     1.77   268.79    23.42  9999.00  9999.00  9999.00  9999.00
 00016   983.48    -9.63    40.37     2.43    66.24    23.20  9999.00  9999.00  9999.00  9999.00
 00017  1025.92   -11.45    68.01     4.42   283.73    22.40  9999.00  9999.00  9999.00  9999.00
 00018  1038.58    -6.80    32.46     4.86   322.37    21.25  9999.00  9999.00  9999.00  9999.00
 00019   955.52     4.66    80.16     1.09   205.35    23.93  9999.00  9999.00  9999.00  9999.00
 00020  1036.12    -4.79    23.36     8.56   305.42    21.90  9999.00  9999.00  9999.00  9999.00
 00021   909.87    -7.28    86.64     1.73   142.58    20.00  9999.00  9999.00  9999.00  9999.00
 00022  1040.98   -13.12    53.81     4.85   310.87    26.77  9999.00  9999.00  9999.00  9999.00
 00023   938.05    -5.54    93.24     0.44   150.80    21.26  9999.00  9999.00  9999.00  9999.00
 00024   966.27   -14.45    91.77     4.09   107.65    28.10  9999.00  9999.00  9999.00  9999.00
 00025   802.57     6.56    86.73     1.80   126.71    18.31  9999.00  9999.00  9999.00  9999.00
 00026  1037.91    -2.34    46.43     5.49    19.22    19.98  9999.00  9999.00  9999.00  9999.00
 00027  1034.46    -1.33    42.36     5.30     5.85    19.69  9999.00  9999.00  9999.00  9999.00
 00028  1000.50    -1.43    51.41     4.03    33.06    18.86  9999.00  9999.00  9999.00  9999.00
 00029  1025.10     6.70    37.26     7.09    17.41    20.91  9999.00  9999.00  9999.00  9999.00
 00030  1016.22     6.83    55.48     6.41    14.10    22.19  9999.00  9999.00  9999.00  9999.00
 00031   577.32    -3.05     6.03     1.04   241.42    35.23  9999.00  9999.00  9999.00  9999.00
 00032   993.29     6.50    48.70     2.43   315.28    18.44  9999.00  9999.00  9999.00  9999.00
 00033  1024.03    13.54    80.63    10.59    32.46    16.11  9999.00  9999.00  9999.00  9999.00
 00034  1018.05    24.52    81.04    15.45    20.76    12.35  9999.00  9999.00  9999.00  9999.00
 00035  1022.09    15.62    69.75     8.25    21.65    21.87  9999.00  9999.00  9999.00  9999.00
 00036   782.15     5.14    79.54     0.60   124.45    19.81  9999.00  9999.00  9999.00  9999.00
 00037   983.12     5.81    48.33     2.60   313.97    18.36  9999.00  9999.00  9999.00  9999.00
 00038  1010.67    10.66    28.48     3.79   346.93    20.23  9999.00  9999.00  9999.00  9999.00
 00039  1024.96    11.68    58.28    12.05    28.21    16.01  9999.00  9999.00  9999.00  9999.00
 00040  1021.68    12.89    33.07     7.48    18.44    20.81  9999.00  9999.00  9999.00  9999.00
 00041   992.66    -8.91    52.75     2.89   340.23    20.00  9999.00  9999.00  9999.00  9999.00
 00042  1039.37    -8.13    55.94     4.15   300.42    21.43  9999.00  9999.00  9999.00  9999.00
 00043  1030.30    -1.92    53.04     5.01    29.73    20.06  9999.00  9999.00  9999.00  9999.00
 00044  1007.84    -2.31    47.51     2.35     1.95    19.75  9999.00  9999.00  9999.00  9999.00
 00045  1021.68    12.89    33.07     7.48    18.44    20.81  9999.00  9999.00  9999.00  9999.00
 00046   957.65     1.34    45.51     4.14     9.92    19.16  9999.00  9999.00  9999.00  9999.00
 00047  1021.83     1.22    45.58     7.96   338.55    12.94  9999.00  9999.00  9999.00  9999.00
 00048   610.08   -11.00    34.13     1.04    79.18    37.12  9999.00  9999.00  9999.00  9999.00
 00049   579.78    -4.56    19.96     1.03    21.26    28.09  9999.00  9999.00  9999.00  9999.00
 00050  1017.28    10.41    34.65     6.34    25.36    19.05  9999.00  9999.00  9999.00  9999.00
