stn_id       p       t2      rh2      spd      dir      vis    rain6   rain24   tmax24   tmin24 
 00001   980.28    19.34    81.39     0.72   189.09    22.34  9999.00  9999.00  9999.00  9999.00
 00002   996.46    24.20    43.45     2.13   265.62    23.52  9999.00  9999.00  9999.00  9999.00
 00003   906.78    17.68    50.13     1.92   203.11    22.31  9999.00  9999.00  9999.00  9999.00
 00004   838.20    13.72    34.09     4.52   263.68    22.19  9999.00  9999.00  9999.00  9999.00
 00005   871.38    12.77    32.06     3.86   220.32    24.50  9999.00  9999.00  9999.00  9999.00
 00006   880.35    11.58    37.14     3.23   250.31    25.38  9999.00  9999.00  9999.00  9999.00
 00007  1004.15    16.86    86.73     7.05   230.32     7.01  9999.00  9999.00  9999.00  9999.00
 00008   985.50    13.88    92.24     7.56   235.16    11.27  9999.00  9999.00  9999.00  9999.00
 00009   947.67    -3.60    22.31     1.00   221.86    36.68  9999.00  9999.00  9999.00  9999.00
 00010   967.82    16.80    60.38     2.95   159.27    28.78  9999.00  9999.00  9999.00  9999.00
 00011   992.83     5.45    86.76     1.23    94.34    28.00  9999.00  9999.00  9999.00  9999.00
 00012  1012.48    17.44    67.19     0.77    75.96    23.47  9999.00  9999.00  9999.00  9999.00
 00013  1019.30    23.50    62.36     1.53   192.38    20.63  9999.00  9999.00  9999.00  9999.00
 00014  1016.59    23.59    62.84     1.03   181.78    20.43  9999.00  9999.00  9999.00  9999.00
 00015   997.59    23.30    55.57     5.08   210.04    20.36  9999.00  9999.00  9999.00  9999.00
 00016   960.49    19.51    68.84     1.66   252.06    21.06  9999.00  9999.00  9999.00  9999.00
 00017  1000.21    24.49    59.23     2.31   241.91    20.36  9999.00  9999.00  9999.00  9999.00
 00018  1017.55    23.55    62.12     1.50   166.00    20.18  9999.00  9999.00  9999.00  9999.00
 00019   944.87    17.34    85.41     1.08   179.45    25.57  9999.00  9999.00  9999.00  9999.00
 00020  1022.61    23.81    61.01     3.22   182.06    20.25  9999.00  9999.00  9999.00  9999.00
 00021   888.66    13.13    48.33     4.77   149.99    29.85  9999.00  9999.00  9999.00  9999.00
 00022  1015.47    17.26    80.09     1.55   313.21    22.05  9999.00  9999.00  9999.00  9999.00
 00023   912.28    10.63    71.29     1.83   205.20    24.86  9999.00  9999.00  9999.00  9999.00
 00024   940.02     7.02    93.17     5.82   117.47     8.83  9999.00  9999.00  9999.00  9999.00
 00025   802.54    16.98    74.85     2.11   194.65    22.09  9999.00  9999.00  9999.00  9999.00
 00026  1017.84    23.77    64.30     1.19    57.98    20.32  9999.00  9999.00  9999.00  9999.00
 00027  1013.77    23.95    65.43     1.95   138.91    20.49  9999.00  9999.00  9999.00  9999.00
 00028   983.38    20.95    76.28     0.81   267.05    20.15  9999.00  9999.00  9999.00  9999.00
 00029  1014.09    25.76    64.59     2.62    48.32    23.32  9999.00  9999.00  9999.00  9999.00
 00030  1004.44    25.03    65.97     2.64    36.23    25.38  9999.00  9999.00  9999.00  9999.00
 00031   577.76    -0.41    41.58     0.64   122.89    31.39  9999.00  9999.00  9999.00  9999.00
 00032   985.78    21.94    63.35     3.64    54.13    19.52  9999.00  9999.00  9999.00  9999.00
 00033  1015.75    21.99    86.64     7.28    63.70    14.37  9999.00  9999.00  9999.00  9999.00
 00034  1015.20    27.56    80.47    10.06    46.61    18.11  9999.00  9999.00  9999.00  9999.00
 00035  1014.60    27.19    75.62     5.75    54.30    19.20  9999.00  9999.00  9999.00  9999.00
 00036   782.86    13.67    77.45     0.53   287.90    22.66  9999.00  9999.00  9999.00  9999.00
 00037   976.05    22.42    62.20     2.91    60.67    19.46  9999.00  9999.00  9999.00  9999.00
 00038  1002.37    25.71    55.81     3.12    47.40    22.07  9999.00  9999.00  9999.00  9999.00
 00039  1016.23    24.01    71.66    11.32    37.74    21.56  9999.00  9999.00  9999.00  9999.00
 00040  1013.49    25.51    61.56     7.74    46.15    22.94  9999.00  9999.00  9999.00  9999.00
 00041   978.40    22.26    57.83     0.87   149.70    19.41  9999.00  9999.00  9999.00  9999.00
 00042  1019.44    24.09    57.36     0.59   177.99    20.36  9999.00  9999.00  9999.00  9999.00
 00043  1011.32    23.35    67.43     1.63    48.65    20.75  9999.00  9999.00  9999.00  9999.00
 00044   992.91    22.14    66.72     1.68    66.16    19.90  9999.00  9999.00  9999.00  9999.00
 00045  1013.49    25.51    61.56     7.74    46.15    22.94  9999.00  9999.00  9999.00  9999.00
 00046   949.41    22.04    58.75     2.24    60.60    20.62  9999.00  9999.00  9999.00  9999.00
 00047  1011.12    22.17    67.40     2.45    28.63    20.17  9999.00  9999.00  9999.00  9999.00
 00048   611.00    -4.03    74.93     1.56    78.17    31.97  9999.00  9999.00  9999.00  9999.00
 00049   581.75    -1.15    54.39     0.71   186.91    28.40  9999.00  9999.00  9999.00  9999.00
 00050  1008.66    25.22    59.12     7.42    38.65    20.97  9999.00  9999.00  9999.00  9999.00
