stn_id       p       t2      rh2      spd      dir      vis    rain6   rain24   tmax24   tmin24 
 00001   974.47    21.03    83.66     1.34   327.40    19.67  9999.00  9999.00  9999.00  9999.00
 00002   990.04    22.72    53.28     1.64   225.49    23.53  9999.00  9999.00  9999.00  9999.00
 00003   902.49    15.65    66.97     2.17   224.78    22.31  9999.00  9999.00  9999.00  9999.00
 00004   835.33    10.03    44.19     5.99   287.09    22.18  9999.00  9999.00  9999.00  9999.00
 00005   868.09    11.17    26.51     6.63   277.41    24.39  9999.00  9999.00  9999.00  9999.00
 00006   875.00     9.63    36.98    14.28   269.64    25.19  9999.00  9999.00  9999.00  9999.00
 00007   997.08    17.67    78.54     8.29   184.12    25.88  9999.00  9999.00  9999.00  9999.00
 00008   978.22    14.37    72.95     8.16   203.15    26.87  9999.00  9999.00  9999.00  9999.00
 00009   944.93    -8.71    45.17     2.60     8.71    37.21  9999.00  9999.00  9999.00  9999.00
 00010   965.06     9.28    78.17     4.06   132.37    28.93  9999.00  9999.00  9999.00  9999.00
 00011   984.89    10.49    67.95     7.04   187.45    28.63  9999.00  9999.00  9999.00  9999.00
 00012  1005.30    15.97    77.88     0.56   261.96    23.02  9999.00  9999.00  9999.00  9999.00
 00013  1013.34    23.37    58.19     2.19   194.25    20.31  9999.00  9999.00  9999.00  9999.00
 00014  1011.31    23.18    65.05     2.81   188.38    20.04  9999.00  9999.00  9999.00  9999.00
 00015   992.19    22.89    56.80     6.81   198.77    20.32  9999.00  9999.00  9999.00  9999.00
 00016   957.38    19.25    63.96     3.55   255.95    20.95  9999.00  9999.00  9999.00  9999.00
 00017   995.43    22.01    71.84     3.35   249.31    20.16  9999.00  9999.00  9999.00  9999.00
 00018  1011.60    23.86    60.79     4.06   201.06    19.89  9999.00  9999.00  9999.00  9999.00
 00019   940.15    18.53    83.77     1.19    57.70    20.26  9999.00  9999.00  9999.00  9999.00
 00020  1017.39    23.72    57.75     5.69   174.20    19.99  9999.00  9999.00  9999.00  9999.00
 00021   900.74     3.71    74.35     1.29   285.00    23.04  9999.00  9999.00  9999.00  9999.00
 00022  1008.05    19.22    77.73     4.53   247.45    22.00  9999.00  9999.00  9999.00  9999.00
 00023   930.85     1.66    91.99     5.17   270.00     6.51  9999.00  9999.00  9999.00  9999.00
 00024   952.95     2.94    87.29     5.38   275.89    10.23  9999.00  9999.00  9999.00  9999.00
 00025   799.09    16.71    72.27     4.44   258.73    21.66  9999.00  9999.00  9999.00  9999.00
 00026  1012.27    23.76    65.15     1.30   157.35    19.95  9999.00  9999.00  9999.00  9999.00
 00027  1007.65    24.50    65.45     2.97   185.31    20.14  9999.00  9999.00  9999.00  9999.00
 00028   977.27    22.21    69.28     2.83   205.92    19.82  9999.00  9999.00  9999.00  9999.00
 00029  1011.35    25.59    76.15     1.69    97.72    22.99  9999.00  9999.00  9999.00  9999.00
 00030  1000.17    24.96    67.21     0.72    78.02    24.92  9999.00  9999.00  9999.00  9999.00
 00031   576.77    -1.72    29.38     1.69   211.36    31.64  9999.00  9999.00  9999.00  9999.00
 00032   982.63    19.79    85.84     1.31   247.65    14.10  9999.00  9999.00  9999.00  9999.00
 00033  1012.68    21.45    97.64     4.09   108.61     0.37  9999.00  9999.00  9999.00  9999.00
 00034  1012.97    27.50    88.01     8.03    63.39    25.77  9999.00  9999.00  9999.00  9999.00
 00035  1011.67    27.05    86.29     3.11    70.28     8.79  9999.00  9999.00  9999.00  9999.00
 00036   779.17    12.64    85.17     1.34   206.15    21.91  9999.00  9999.00  9999.00  9999.00
 00037   972.91    20.74    82.73     0.89   134.61    13.79  9999.00  9999.00  9999.00  9999.00
 00038   999.99    25.60    58.88     1.05    28.58    21.76  9999.00  9999.00  9999.00  9999.00
 00039  1013.24    25.23    68.38     6.87    30.80    21.26  9999.00  9999.00  9999.00  9999.00
 00040  1011.41    25.96    62.05     4.21    44.77    22.64  9999.00  9999.00  9999.00  9999.00
 00041   973.05    21.65    63.63     1.77   174.71    19.05  9999.00  9999.00  9999.00  9999.00
 00042  1013.43    24.58    55.21     1.90   195.53    20.02  9999.00  9999.00  9999.00  9999.00
 00043  1005.85    24.82    66.18     1.30   176.90    20.38  9999.00  9999.00  9999.00  9999.00
 00044   988.14    22.32    70.07     1.12   125.44    19.54  9999.00  9999.00  9999.00  9999.00
 00045  1011.41    25.96    62.05     4.21    44.77    22.64  9999.00  9999.00  9999.00  9999.00
 00046   946.36    22.93    61.20     0.53   234.53    20.28  9999.00  9999.00  9999.00  9999.00
 00047  1007.05    22.22    73.08     1.58    65.52    19.85  9999.00  9999.00  9999.00  9999.00
 00048   608.65    -0.73    71.73     0.74    83.72    33.87  9999.00  9999.00  9999.00  9999.00
 00049   580.23    -0.45    42.29     1.65   218.22    14.68  9999.00  9999.00  9999.00  9999.00
 00050  1005.54    26.73    57.97     4.34    32.27    20.69  9999.00  9999.00  9999.00  9999.00
