stn_id       p       t2      rh2      spd      dir      vis    rain6   rain24   tmax24   tmin24 
 00001   972.24    18.32    93.84     0.82    46.25    17.43  9999.00  9999.00  9999.00  9999.00
 00002   990.73    10.71    92.84     1.45   268.70    23.51  9999.00  9999.00  9999.00  9999.00
 00003   901.08     7.68    98.03     1.81   234.89    22.27  9999.00  9999.00  9999.00  9999.00
 00004   833.57     7.67    97.61     3.42   244.78    21.15  9999.00  9999.00  9999.00  9999.00
 00005   865.68     5.95    89.63     2.66   250.21    20.61  9999.00  9999.00  9999.00  9999.00
 00006   872.08    11.33    36.35     9.58   249.81    25.13  9999.00  9999.00  9999.00  9999.00
 00007  1001.56     9.69    86.97     4.37   167.66    22.73  9999.00  9999.00  9999.00  9999.00
 00008   985.07     2.74    91.05     5.06   160.20    28.73  9999.00  9999.00  9999.00  9999.00
 00009   944.44   -11.81    68.37     2.49    12.78    37.12  9999.00  9999.00  9999.00  9999.00
 00010   969.51     1.06    95.45     1.28   114.21    28.62  9999.00  9999.00  9999.00  9999.00
 00011   993.96     2.21    76.79     3.89   130.21    31.19  9999.00  9999.00  9999.00  9999.00
 00012  1006.62    12.38    87.47     1.89    25.13    14.23  9999.00  9999.00  9999.00  9999.00
 00013  1013.50    13.31    87.18     2.22   152.50    20.32  9999.00  9999.00  9999.00  9999.00
 00014  1011.66    12.65    94.80     1.70   170.85    20.06  9999.00  9999.00  9999.00  9999.00
 00015   993.18    16.96    77.55     5.64   191.13    20.33  9999.00  9999.00  9999.00  9999.00
 00016   954.75    10.76    95.48     1.34   179.67    20.90  9999.00  9999.00  9999.00  9999.00
 00017   994.72    15.45    96.17     2.10   210.56    17.60  9999.00  9999.00  9999.00  9999.00
 00018  1011.57    14.38    88.46     2.17   171.80    19.88  9999.00  9999.00  9999.00  9999.00
 00019   937.43    16.13    92.26     0.76    17.87    21.72  9999.00  9999.00  9999.00  9999.00
 00020  1018.15    16.28    92.21     3.05   172.88    20.04  9999.00  9999.00  9999.00  9999.00
 00021   896.10     0.96    77.14     1.28   174.64    30.58  9999.00  9999.00  9999.00  9999.00
 00022  1008.93    13.84    96.00     1.81   166.56    21.13  9999.00  9999.00  9999.00  9999.00
 00023   926.90     1.63    98.70     2.75   283.43     1.55  9999.00  9999.00  9999.00  9999.00
 00024   950.25     2.06    92.69     2.12   108.26     6.85  9999.00  9999.00  9999.00  9999.00
 00025   797.59    11.05    99.64     1.25   212.56     0.29  9999.00  9999.00  9999.00  9999.00
 00026  1011.83    14.52    95.95     0.99    96.46    10.30  9999.00  9999.00  9999.00  9999.00
 00027  1006.89    15.52    91.96     1.76   144.80    20.14  9999.00  9999.00  9999.00  9999.00
 00028   975.99    14.06    89.24     1.94   175.48    19.81  9999.00  9999.00  9999.00  9999.00
 00029  1009.39    21.95    90.59     1.04    86.48    22.98  9999.00  9999.00  9999.00  9999.00
 00030   998.65    16.31    94.62     1.45   330.33    24.91  9999.00  9999.00  9999.00  9999.00
 00031   575.35    -5.48    41.65     1.90   215.20    30.57  9999.00  9999.00  9999.00  9999.00
 00032   981.66    17.35    86.16     1.65   324.21    13.46  9999.00  9999.00  9999.00  9999.00
 00033  1010.81    22.27    97.90     3.27    88.64     8.55  9999.00  9999.00  9999.00  9999.00
 00034  1011.31    26.91    87.86     6.89    62.13    23.96  9999.00  9999.00  9999.00  9999.00
 00035  1009.88    23.75    94.93     1.87    51.35    13.65  9999.00  9999.00  9999.00  9999.00
 00036   777.68     8.13    91.73     1.01   105.43    21.86  9999.00  9999.00  9999.00  9999.00
 00037   972.05    16.89    89.50     1.17   327.64    15.42  9999.00  9999.00  9999.00  9999.00
 00038   999.01    15.55    95.30     1.29   318.58    21.76  9999.00  9999.00  9999.00  9999.00
 00039  1012.24    21.64    79.81     7.17    76.40    21.27  9999.00  9999.00  9999.00  9999.00
 00040  1009.95    20.06    81.95     4.04    55.51    22.64  9999.00  9999.00  9999.00  9999.00
 00041   972.95    10.49    91.93     1.32   147.82    19.05  9999.00  9999.00  9999.00  9999.00
 00042  1013.57    12.55    86.63     2.08   168.13    20.02  9999.00  9999.00  9999.00  9999.00
 00043  1005.46    15.55    94.28     0.97   235.04    20.39  9999.00  9999.00  9999.00  9999.00
 00044   987.96    11.11    94.17     1.79   104.38    19.53  9999.00  9999.00  9999.00  9999.00
 00045  1009.95    20.06    81.95     4.04    55.51    22.64  9999.00  9999.00  9999.00  9999.00
 00046   945.45    11.68    96.10     1.07   108.82    20.28  9999.00  9999.00  9999.00  9999.00
 00047  1006.51    17.35    88.53     2.93   328.42    19.50  9999.00  9999.00  9999.00  9999.00
 00048   606.64    -5.64    86.61     0.87   172.63    34.13  9999.00  9999.00  9999.00  9999.00
 00049   579.16    -7.09    95.12     0.42   150.14    10.27  9999.00  9999.00  9999.00  9999.00
 00050  1004.82    19.70    80.97     3.76   327.14    20.68  9999.00  9999.00  9999.00  9999.00
