stn_id       p       t2      rh2      spd      dir      vis    rain6   rain24   tmax24   tmin24 
 00001   978.71    11.28    86.94     1.48    56.61    19.31  9999.00  9999.00  9999.00  9999.00
 00002   998.20    11.00    52.38     2.16   226.77    21.03  9999.00  9999.00  9999.00  9999.00
 00003   906.30     5.76    66.09     2.31   239.36    19.26  9999.00  9999.00  9999.00  9999.00
 00004   837.28     0.82    79.23     1.97   157.27    18.44  9999.00  9999.00  9999.00  9999.00
 00005   872.14     1.08    61.12     1.40    78.54    19.56  9999.00  9999.00  9999.00  9999.00
 00006   882.18    -0.26    30.99     2.92   257.85    20.51  9999.00  9999.00  9999.00  9999.00
 00007  1010.40     5.76    72.54     4.35   174.00    23.55  9999.00  9999.00  9999.00  9999.00
 00008   993.20     2.71    56.93     4.39   185.51    26.95  9999.00  9999.00  9999.00  9999.00
 00009   932.24     1.08    71.27     4.23   213.45    45.20  9999.00  9999.00  9999.00  9999.00
 00010   973.69    -3.90    60.26     1.69   239.38    27.80  9999.00  9999.00  9999.00  9999.00
 00011   999.03     2.42    48.18     4.98   198.84    30.56  9999.00  9999.00  9999.00  9999.00
 00012  1013.51    10.58    60.88     2.24   221.86    20.67  9999.00  9999.00  9999.00  9999.00
 00013  1020.07    13.11    70.53     2.95   107.30    19.96  9999.00  9999.00  9999.00  9999.00
 00014  1016.69    13.27    77.50     1.67    90.83    20.15  9999.00  9999.00  9999.00  9999.00
 00015  1001.79    13.05    50.46     4.26   173.89    18.61  9999.00  9999.00  9999.00  9999.00
 00016   958.68     8.83    75.19     2.49   126.21    18.29  9999.00  9999.00  9999.00  9999.00
 00017  1003.22    12.97    58.89     3.35   190.05    19.02  9999.00  9999.00  9999.00  9999.00
 00018  1017.92    13.83    64.40     3.25   105.36    19.70  9999.00  9999.00  9999.00  9999.00
 00019   942.60    10.93    90.03     1.34   324.95    17.04  9999.00  9999.00  9999.00  9999.00
 00020  1023.70    13.14    76.02     2.00   101.02    19.46  9999.00  9999.00  9999.00  9999.00
 00021   892.55     3.84    93.26     1.06   201.75    12.08  9999.00  9999.00  9999.00  9999.00
 00022  1017.31    13.72    50.05     4.00   205.75    19.55  9999.00  9999.00  9999.00  9999.00
 00023   918.71     1.75    80.74     2.28   142.18    30.02  9999.00  9999.00  9999.00  9999.00
 00024   945.41     2.66    72.72     2.24   303.47    32.69  9999.00  9999.00  9999.00  9999.00
 00025   796.49    11.51    95.02     1.83   175.53    22.70  9999.00  9999.00  9999.00  9999.00
 00026  1017.18    12.63    91.56     1.09    55.90    20.40  9999.00  9999.00  9999.00  9999.00
 00027  1013.27    13.15    85.32     1.49   307.70    19.87  9999.00  9999.00  9999.00  9999.00
 00028   982.04    11.81    86.81     1.18   339.62    14.69  9999.00  9999.00  9999.00  9999.00
 00029  1012.66    18.23    85.61     2.92     7.54    20.47  9999.00  9999.00  9999.00  9999.00
 00030  1002.59    16.86    72.64     1.97   201.61    23.78  9999.00  9999.00  9999.00  9999.00
 00031   569.17    -4.66    23.13     2.76   212.35    28.02  9999.00  9999.00  9999.00  9999.00
 00032   984.64    14.79    83.26     1.92    62.62    17.93  9999.00  9999.00  9999.00  9999.00
 00033  1013.18    21.58    89.60     5.27    68.60    22.37  9999.00  9999.00  9999.00  9999.00
 00034  1013.78    27.46    80.32     5.52    29.83    22.58  9999.00  9999.00  9999.00  9999.00
 00035  1012.17    24.19    83.94     4.19    29.79    22.03  9999.00  9999.00  9999.00  9999.00
 00036   776.93     7.34    83.50     1.37   141.13    15.00  9999.00  9999.00  9999.00  9999.00
 00037   974.87    14.39    85.68     1.11    22.45    18.23  9999.00  9999.00  9999.00  9999.00
 00038  1001.79    16.39    84.30     1.14   146.55    20.75  9999.00  9999.00  9999.00  9999.00
 00039  1015.13    19.91    80.55     8.92    20.00    20.16  9999.00  9999.00  9999.00  9999.00
 00040  1012.91    19.32    76.07     6.27    32.90    21.18  9999.00  9999.00  9999.00  9999.00
 00041   977.46    10.95    85.41     1.03   107.87     7.93  9999.00  9999.00  9999.00  9999.00
 00042  1019.61    14.28    71.04     2.90   115.29    19.98  9999.00  9999.00  9999.00  9999.00
 00043  1010.65    12.34    94.92     1.08    32.43    20.82  9999.00  9999.00  9999.00  9999.00
 00044   991.59    12.25    94.44     1.62    60.81    14.28  9999.00  9999.00  9999.00  9999.00
 00045  1012.91    19.32    76.07     6.27    32.90    21.18  9999.00  9999.00  9999.00  9999.00
 00046   947.79    13.58    96.77     1.30    44.80    19.44  9999.00  9999.00  9999.00  9999.00
 00047  1010.12    16.05    72.56     3.96   352.84    17.76  9999.00  9999.00  9999.00  9999.00
 00048   601.32    -3.92    78.03     1.17   154.32    31.31  9999.00  9999.00  9999.00  9999.00
 00049   574.20    -9.14    98.06     0.51   140.91     4.63  9999.00  9999.00  9999.00  9999.00
 00050  1007.81    17.28    82.30     5.07    11.85    19.70  9999.00  9999.00  9999.00  9999.00
