stn_id       p       t2      rh2      spd      dir      vis    rain6   rain24   tmax24   tmin24 
 00001   992.66     6.79    67.96     0.79   216.42    22.12  9999.00  9999.00  9999.00  9999.00
 00002  1020.76   -20.62    78.08     2.14   291.89    26.58  9999.00  9999.00  9999.00  9999.00
 00003   918.83   -25.30    80.13     0.89    88.94    24.91  9999.00  9999.00  9999.00  9999.00
 00004   841.82   -25.40    83.61     1.54   266.19    24.96  9999.00  9999.00  9999.00  9999.00
 00005   881.70   -25.07    83.99     1.59   221.44    21.71  9999.00  9999.00  9999.00  9999.00
 00006   892.85   -24.93    80.18     5.77   302.61    30.52  9999.00  9999.00  9999.00  9999.00
 00007  1022.54   -19.55    63.51     3.39   322.18    36.93  9999.00  9999.00  9999.00  9999.00
 00008  1002.60   -21.79    74.62     3.09   294.58    35.66  9999.00  9999.00  9999.00  9999.00
 00009   958.21   -26.17    78.28     2.61   320.45    52.70  9999.00  9999.00  9999.00  9999.00
 00010   973.62   -21.79    63.38     5.52   292.89    41.56  9999.00  9999.00  9999.00  9999.00
 00011  1010.04   -28.31    94.20     2.72   241.03    45.64  9999.00  9999.00  9999.00  9999.00
 00012  1036.73   -14.76    60.25     1.47   277.08    28.65  9999.00  9999.00  9999.00  9999.00
 00013  1034.36    -5.89    59.68     4.30   313.22    21.91  9999.00  9999.00  9999.00  9999.00
 00014  1028.70    -2.55    58.32     4.73   319.14    21.56  9999.00  9999.00  9999.00  9999.00
 00015  1019.78   -16.21    70.46     1.55   319.13    23.42  9999.00  9999.00  9999.00  9999.00
 00016   978.68    -7.45    53.46     1.87    34.08    23.24  9999.00  9999.00  9999.00  9999.00
 00017  1022.77   -11.42    80.76     1.24   220.59    22.42  9999.00  9999.00  9999.00  9999.00
 00018  1034.95    -5.81    54.48     4.21   325.83    21.23  9999.00  9999.00  9999.00  9999.00
 00019   953.94     4.20    76.96     1.46   232.61    24.66  9999.00  9999.00  9999.00  9999.00
 00020  1032.06    -0.00    57.41     7.18   305.76    21.88  9999.00  9999.00  9999.00  9999.00
 00021   902.30   -14.04    61.93     1.25   199.42    39.18  9999.00  9999.00  9999.00  9999.00
 00022  1039.71   -12.70    52.63     5.75   330.48    26.73  9999.00  9999.00  9999.00  9999.00
 00023   927.71    -9.17    67.39     1.13   152.26    34.90  9999.00  9999.00  9999.00  9999.00
 00024   960.00   -14.49    73.18     6.53   113.44    33.22  9999.00  9999.00  9999.00  9999.00
 00025   803.45     6.15    77.09     2.64    81.25    18.76  9999.00  9999.00  9999.00  9999.00
 00026  1032.68     1.14    42.51     5.65    17.17    19.90  9999.00  9999.00  9999.00  9999.00
 00027  1030.14     0.52    57.77     4.97   344.22    19.66  9999.00  9999.00  9999.00  9999.00
 00028   997.18     1.14    72.42     3.74    18.12    18.88  9999.00  9999.00  9999.00  9999.00
 00029  1022.46     9.10    57.13     7.15     8.47    20.87  9999.00  9999.00  9999.00  9999.00
 00030  1013.99     9.86    51.30     6.41     7.20    22.15  9999.00  9999.00  9999.00  9999.00
 00031   578.65    -6.04     7.50     0.81   257.37    35.17  9999.00  9999.00  9999.00  9999.00
 00032   989.75     7.26    72.09     3.73   306.38    18.07  9999.00  9999.00  9999.00  9999.00
 00033  1022.86    11.80    81.45     7.37   355.01    18.94  9999.00  9999.00  9999.00  9999.00
 00034  1017.99    25.27    79.45    15.17    19.83    26.15  9999.00  9999.00  9999.00  9999.00
 00035  1020.65    17.53    78.67     5.80   190.33    21.24  9999.00  9999.00  9999.00  9999.00
 00036   783.91     3.26    90.24     0.49    97.18     5.74  9999.00  9999.00  9999.00  9999.00
 00037   979.91     6.41    74.40     3.44   303.86    18.02  9999.00  9999.00  9999.00  9999.00
 00038  1007.36    11.27    54.35     4.06   335.29    20.16  9999.00  9999.00  9999.00  9999.00
 00039  1021.00    13.40    67.76     8.34   117.34    17.41  9999.00  9999.00  9999.00  9999.00
 00040  1018.03    15.36    54.59     5.85    46.49    20.75  9999.00  9999.00  9999.00  9999.00
 00041   989.03    -5.45    59.73     2.44   351.07    19.95  9999.00  9999.00  9999.00  9999.00
 00042  1035.64    -6.31    62.97     3.51   296.08    21.39  9999.00  9999.00  9999.00  9999.00
 00043  1025.37     1.73    45.18     4.91    29.60    19.98  9999.00  9999.00  9999.00  9999.00
 00044  1003.06     2.38    58.70     2.01    14.95    19.67  9999.00  9999.00  9999.00  9999.00
 00045  1018.03    15.36    54.59     5.85    46.49    20.75  9999.00  9999.00  9999.00  9999.00
 00046   955.04     1.62    80.24     4.01     6.38    18.82  9999.00  9999.00  9999.00  9999.00
 00047  1016.40     5.07    58.68     8.34   324.53    19.89  9999.00  9999.00  9999.00  9999.00
 00048   611.93   -13.15    31.34     1.16    80.91    37.08  9999.00  9999.00  9999.00  9999.00
 00049   580.56    -8.93    27.62     1.96    21.06    28.04  9999.00  9999.00  9999.00  9999.00
 00050  1013.29    11.48    57.88     4.62   322.80    19.23  9999.00  9999.00  9999.00  9999.00
