stn_id       p       t2      rh2      spd      dir      vis    rain6   rain24   tmax24   tmin24 
 00001   987.18     7.81    56.75     1.59    66.72    21.99  9999.00  9999.00  9999.00  9999.00
 00002  1017.77   -13.04    56.16     5.27   290.97    26.53  9999.00  9999.00  9999.00  9999.00
 00003   916.77   -21.45    74.69     3.25   274.27    24.90  9999.00  9999.00  9999.00  9999.00
 00004   840.94   -26.05    92.69     2.50   305.18    24.87  9999.00  9999.00  9999.00  9999.00
 00005   881.24   -23.70    77.86     3.04   324.64    28.05  9999.00  9999.00  9999.00  9999.00
 00006   893.37   -25.18    78.17     4.47   301.71    30.67  9999.00  9999.00  9999.00  9999.00
 00007  1020.40   -21.52    70.94     2.50   329.61    36.88  9999.00  9999.00  9999.00  9999.00
 00008  1001.67   -24.02    77.23     3.10   302.75    41.74  9999.00  9999.00  9999.00  9999.00
 00009   957.82   -27.48    93.15     2.52   302.18    52.70  9999.00  9999.00  9999.00  9999.00
 00010   972.55   -22.59    70.70     4.15   302.61    41.47  9999.00  9999.00  9999.00  9999.00
 00011  1008.52   -27.81    98.89     2.82   246.77    43.33  9999.00  9999.00  9999.00  9999.00
 00012  1033.39   -14.40    65.23     3.54   314.79    28.60  9999.00  9999.00  9999.00  9999.00
 00013  1032.12    -5.96    64.27     3.74   297.56    21.87  9999.00  9999.00  9999.00  9999.00
 00014  1027.56    -4.46    58.25     3.47   313.96    21.54  9999.00  9999.00  9999.00  9999.00
 00015  1017.00   -19.44    88.16     2.79   266.62    23.37  9999.00  9999.00  9999.00  9999.00
 00016   976.01    -7.46    60.70     2.24    36.11    23.17  9999.00  9999.00  9999.00  9999.00
 00017  1020.74   -11.80    83.64     2.93   139.64    22.37  9999.00  9999.00  9999.00  9999.00
 00018  1032.37    -6.12    61.35     2.72   311.43    21.19  9999.00  9999.00  9999.00  9999.00
 00019   949.04     5.23    74.46     1.09   251.80    20.41  9999.00  9999.00  9999.00  9999.00
 00020  1031.28    -2.81    48.66     6.85   297.72    21.85  9999.00  9999.00  9999.00  9999.00
 00021   901.27   -14.49    87.25     0.48   215.07    37.84  9999.00  9999.00  9999.00  9999.00
 00022  1036.22   -14.95    71.27     4.35   281.91    26.67  9999.00  9999.00  9999.00  9999.00
 00023   927.16    -5.38    69.15     0.83    96.55    34.92  9999.00  9999.00  9999.00  9999.00
 00024   958.15   -12.29    72.44     7.05   113.97    35.07  9999.00  9999.00  9999.00  9999.00
 00025   799.73    11.48    60.23     0.91   163.21    18.96  9999.00  9999.00  9999.00  9999.00
 00026  1030.29     0.97    50.58     3.86    25.25    19.87  9999.00  9999.00  9999.00  9999.00
 00027  1026.31     1.86    50.15     4.32   256.45    19.60  9999.00  9999.00  9999.00  9999.00
 00028   991.95     2.85    56.03     3.00    19.99    18.79  9999.00  9999.00  9999.00  9999.00
 00029  1019.43     9.60    52.33     5.87    10.62    20.83  9999.00  9999.00  9999.00  9999.00
 00030  1009.46    11.26    52.55     5.09    13.59    22.09  9999.00  9999.00  9999.00  9999.00
 00031   576.08     2.95     2.48     1.88   296.25    35.10  9999.00  9999.00  9999.00  9999.00
 00032   988.71     7.67    63.76     3.09   310.79    18.35  9999.00  9999.00  9999.00  9999.00
 00033  1019.23    14.90    68.01     6.88    17.46    23.22  9999.00  9999.00  9999.00  9999.00
 00034  1015.28    24.92    78.52    15.58    21.65    25.87  9999.00  9999.00  9999.00  9999.00
 00035  1017.84    16.65    71.30     5.66     5.65    23.33  9999.00  9999.00  9999.00  9999.00
 00036   778.86    10.27    60.09     2.45   188.01    20.96  9999.00  9999.00  9999.00  9999.00
 00037   978.82     6.79    66.00     2.65   307.08    18.28  9999.00  9999.00  9999.00  9999.00
 00038  1005.98    11.19    50.69     3.84   350.40    20.15  9999.00  9999.00  9999.00  9999.00
 00039  1020.25    13.78    61.43     9.04    77.49    19.85  9999.00  9999.00  9999.00  9999.00
 00040  1016.65    15.05    51.41     6.85    16.09    20.73  9999.00  9999.00  9999.00  9999.00
 00041   987.36    -8.81    75.06     2.03   343.67    19.93  9999.00  9999.00  9999.00  9999.00
 00042  1033.20    -6.35    72.43     2.57   292.04    21.35  9999.00  9999.00  9999.00  9999.00
 00043  1022.84     1.32    49.05     3.44    45.58    19.95  9999.00  9999.00  9999.00  9999.00
 00044  1001.21     2.32    55.37     2.03   342.03    19.65  9999.00  9999.00  9999.00  9999.00
 00045  1016.65    15.05    51.41     6.85    16.09    20.73  9999.00  9999.00  9999.00  9999.00
 00046   952.93     2.91    71.84     3.80    12.82    19.08  9999.00  9999.00  9999.00  9999.00
 00047  1015.95     5.49    47.55     7.15   334.35    19.90  9999.00  9999.00  9999.00  9999.00
 00048   608.91    -4.41    26.96     1.43    89.16    37.01  9999.00  9999.00  9999.00  9999.00
 00049   578.75     0.74    23.82     1.00   290.80    28.00  9999.00  9999.00  9999.00  9999.00
 00050  1012.58    10.79    55.08     5.13    29.60    19.42  9999.00  9999.00  9999.00  9999.00
