stn_id       p       t2      rh2      spd      dir      vis    rain6   rain24   tmax24   tmin24 
 00001   989.48     4.15    73.61     1.71    25.95    22.00  9999.00  9999.00  9999.00  9999.00
 00002  1019.78   -14.69    59.04     5.69   287.34    26.58  9999.00  9999.00  9999.00  9999.00
 00003   918.49   -25.79    83.28     2.26   271.91    24.94  9999.00  9999.00  9999.00  9999.00
 00004   842.69   -28.27   100.00     1.90   273.43    13.42  9999.00  9999.00  9999.00  9999.00
 00005   882.96   -27.39    76.14     2.59   338.21    28.15  9999.00  9999.00  9999.00  9999.00
 00006   894.40   -27.76    83.32     4.40   271.15    30.75  9999.00  9999.00  9999.00  9999.00
 00007  1021.00   -22.36    66.51     2.64   339.32    36.90  9999.00  9999.00  9999.00  9999.00
 00008  1001.37   -24.00    80.07     2.34   273.92    41.11  9999.00  9999.00  9999.00  9999.00
 00009   957.15   -28.10    92.70     2.61   297.18    52.31  9999.00  9999.00  9999.00  9999.00
 00010   972.13   -24.02    81.66     4.08   290.09    41.51  9999.00  9999.00  9999.00  9999.00
 00011  1007.87   -29.32   100.00     2.53   267.32    44.11  9999.00  9999.00  9999.00  9999.00
 00012  1035.41   -16.98    64.31     3.48   340.01    28.65  9999.00  9999.00  9999.00  9999.00
 00013  1035.14   -10.02    63.83     4.30   306.78    21.91  9999.00  9999.00  9999.00  9999.00
 00014  1029.98    -7.79    65.38     4.67   311.81    21.58  9999.00  9999.00  9999.00  9999.00
 00015  1018.33   -23.29    84.58     2.70   264.77    23.38  9999.00  9999.00  9999.00  9999.00
 00016   980.23   -10.53    66.16     1.49   112.63    23.22  9999.00  9999.00  9999.00  9999.00
 00017  1023.25   -12.70    67.36     5.67   293.56    22.39  9999.00  9999.00  9999.00  9999.00
 00018  1035.53   -10.43    61.58     3.44   333.90    21.23  9999.00  9999.00  9999.00  9999.00
 00019   951.90     4.15    83.33     1.42    34.33     9.43  9999.00  9999.00  9999.00  9999.00
 00020  1033.62    -6.29    44.85     7.01   298.50    21.88  9999.00  9999.00  9999.00  9999.00
 00021   900.94   -14.50    71.32     1.48   177.54    39.21  9999.00  9999.00  9999.00  9999.00
 00022  1038.12   -15.30    62.66     4.65   330.51    26.71  9999.00  9999.00  9999.00  9999.00
 00023   931.12    -6.50    82.93     0.81   282.99     6.88  9999.00  9999.00  9999.00  9999.00
 00024   958.14   -13.63    68.44     6.45   112.09    35.10  9999.00  9999.00  9999.00  9999.00
 00025   800.89     4.91    94.36     1.45   129.62    18.99  9999.00  9999.00  9999.00  9999.00
 00026  1033.33    -3.09    63.51     3.87    14.35    19.92  9999.00  9999.00  9999.00  9999.00
 00027  1029.70    -2.94    60.56     4.91    16.85    19.64  9999.00  9999.00  9999.00  9999.00
 00028   995.16    -2.98    68.63     3.01    14.06    18.82  9999.00  9999.00  9999.00  9999.00
 00029  1021.56     5.18    45.97     5.19    16.86    20.86  9999.00  9999.00  9999.00  9999.00
 00030  1011.94     6.33    64.96     3.61    13.35    22.13  9999.00  9999.00  9999.00  9999.00
 00031   577.03    -4.74     9.01     1.88   188.45    35.17  9999.00  9999.00  9999.00  9999.00
 00032   991.15     2.19    80.52     2.43   312.73    18.40  9999.00  9999.00  9999.00  9999.00
 00033  1021.33    13.36    81.57     8.17     3.29    23.17  9999.00  9999.00  9999.00  9999.00
 00034  1017.47    24.58    73.98    14.32    22.67    24.48  9999.00  9999.00  9999.00  9999.00
 00035  1019.79    16.40    71.55     5.42    21.35    22.47  9999.00  9999.00  9999.00  9999.00
 00036   780.22     5.64    75.39     1.63   134.08    20.97  9999.00  9999.00  9999.00  9999.00
 00037   981.15     1.07    82.38     2.22   311.03    18.33  9999.00  9999.00  9999.00  9999.00
 00038  1008.62     5.97    64.17     2.11   324.32    20.20  9999.00  9999.00  9999.00  9999.00
 00039  1022.57    11.53    62.87     9.54   122.56    19.90  9999.00  9999.00  9999.00  9999.00
 00040  1019.45     9.83    61.42     6.66    50.22    20.78  9999.00  9999.00  9999.00  9999.00
 00041   989.75   -13.66    93.68     2.51   330.78    19.96  9999.00  9999.00  9999.00  9999.00
 00042  1036.18   -10.08    72.10     3.01   300.49    21.39  9999.00  9999.00  9999.00  9999.00
 00043  1025.81    -2.71    62.66     3.32    36.46    20.00  9999.00  9999.00  9999.00  9999.00
 00044  1004.12    -3.82    70.16     0.97   295.16    19.69  9999.00  9999.00  9999.00  9999.00
 00045  1019.45     9.83    61.42     6.66    50.22    20.78  9999.00  9999.00  9999.00  9999.00
 00046   955.05    -2.77    84.18     2.89    10.93    19.12  9999.00  9999.00  9999.00  9999.00
 00047  1019.19     1.16    47.77     5.56   338.20    19.95  9999.00  9999.00  9999.00  9999.00
 00048   609.67   -11.88    50.50     1.43   124.13    37.06  9999.00  9999.00  9999.00  9999.00
 00049   579.91    -9.52    17.53     1.17    30.72    28.06  9999.00  9999.00  9999.00  9999.00
 00050  1015.04     6.13    62.12     4.55   320.39    19.46  9999.00  9999.00  9999.00  9999.00
