stn_id       p       t2      rh2      spd      dir      vis    rain6   rain24   tmax24   tmin24 
 00001   990.95     2.79    83.08     1.09    72.93    21.97     0.00  9999.00  9999.00  9999.00
 00002  1020.68   -24.19    83.41     3.04   284.16    26.61     0.00  9999.00  9999.00  9999.00
 00003   920.02   -33.02    98.56     1.19   295.51    24.97     0.00  9999.00  9999.00  9999.00
 00004   843.05   -31.71   100.00     1.58   238.18    25.02     0.00  9999.00  9999.00  9999.00
 00005   883.62   -32.00    84.65     1.80   121.50    28.21     0.00  9999.00  9999.00  9999.00
 00006   894.00   -26.97    82.91     4.55   271.04    30.83     0.00  9999.00  9999.00  9999.00
 00007  1022.50   -24.22    79.13     2.80   320.53    36.95     0.00  9999.00  9999.00  9999.00
 00008  1002.72   -25.86    79.81     2.37   294.53    41.86     0.00  9999.00  9999.00  9999.00
 00009   957.70   -27.14    92.64     2.41   298.40    52.54     0.02  9999.00  9999.00  9999.00
 00010   973.00   -25.32    76.67     4.96   279.71    41.55     0.00  9999.00  9999.00  9999.00
 00011  1009.29   -32.29   100.00     2.46   310.98    45.84     0.00  9999.00  9999.00  9999.00
 00012  1037.03   -19.34    66.53     3.25   317.04    28.70     0.00  9999.00  9999.00  9999.00
 00013  1037.53   -12.09    63.26     3.76   294.18    21.94     0.00  9999.00  9999.00  9999.00
 00014  1033.17   -11.32    61.90     3.43   300.03    21.62     0.00  9999.00  9999.00  9999.00
 00015  1020.19   -21.29    78.81     1.71   243.78    23.40     0.00  9999.00  9999.00  9999.00
 00016   980.79   -12.88    57.31     1.96    62.01    23.17     0.00  9999.00  9999.00  9999.00
 00017  1024.37   -15.73    68.40     3.79   284.16    22.38     0.00  9999.00  9999.00  9999.00
 00018  1037.87   -11.91    62.18     3.22   304.04    21.25     0.00  9999.00  9999.00  9999.00
 00019   953.71     2.99    92.48     0.50    66.66    18.19     1.06  9999.00  9999.00  9999.00
 00020  1036.17    -8.78    31.93     7.52   301.35    21.91     0.00  9999.00  9999.00  9999.00
 00021   908.60   -10.42    80.21     2.70   140.45     5.29     1.32  9999.00  9999.00  9999.00
 00022  1040.05   -16.17    63.89     4.46   320.95    26.75     0.00  9999.00  9999.00  9999.00
 00023   937.97    -4.66    93.18     4.55   273.43    11.35     1.86  9999.00  9999.00  9999.00
 00024   964.30   -12.81    86.76     3.83   120.73    16.48     1.61  9999.00  9999.00  9999.00
 00025   800.53     2.24    99.15     0.52    90.36     0.32     0.05  9999.00  9999.00  9999.00
 00026  1036.90    -5.40    62.24     4.00     8.98    19.96     0.00  9999.00  9999.00  9999.00
 00027  1033.41    -5.34    51.72     4.01   356.28    19.68     0.00  9999.00  9999.00  9999.00
 00028   998.81    -5.18    65.65     3.39    19.40    18.84     0.00  9999.00  9999.00  9999.00
 00029  1025.20     2.05    35.01     5.19    18.90    20.90     0.00  9999.00  9999.00  9999.00
 00030  1014.27     2.82    66.05     3.53    10.29    22.15     0.00  9999.00  9999.00  9999.00
 00031   576.15    -8.99    10.45     1.29   227.62    35.17     0.00  9999.00  9999.00  9999.00
 00032   993.25    -0.85    62.51     2.52   306.69    18.42     0.00  9999.00  9999.00  9999.00
 00033  1023.07    12.23    83.42     9.69    23.29    11.99     0.37  9999.00  9999.00  9999.00
 00034  1017.27    24.93    74.28    13.69    27.01    24.82     0.56  9999.00  9999.00  9999.00
 00035  1020.87    14.02    75.80     6.59     7.95    20.79     0.10  9999.00  9999.00  9999.00
 00036   780.32    -1.47    98.57     1.27    94.59     0.40     0.00  9999.00  9999.00  9999.00
 00037   982.99    -1.88    64.57     2.22   303.64    18.35     0.00  9999.00  9999.00  9999.00
 00038  1011.19     3.15    55.08     2.60   325.94    20.24     0.00  9999.00  9999.00  9999.00
 00039  1025.25     8.03    61.04     9.60   127.08    19.94     0.00  9999.00  9999.00  9999.00
 00040  1021.89     6.99    54.66     6.40    43.48    20.82     0.00  9999.00  9999.00  9999.00
 00041   991.95   -14.22    76.26     1.85   341.05    19.99     0.00  9999.00  9999.00  9999.00
 00042  1038.91   -13.70    68.34     2.67   286.19    21.43     0.00  9999.00  9999.00  9999.00
 00043  1029.23    -5.43    63.63     3.96    29.61    20.05     0.00  9999.00  9999.00  9999.00
 00044  1007.26    -5.83    66.03     1.65    16.18    19.74     0.00  9999.00  9999.00  9999.00
 00045  1021.89     6.99    54.66     6.40    43.48    20.82     0.00  9999.00  9999.00  9999.00
 00046   956.53    -4.57    61.51     3.24    11.41    19.14     0.00  9999.00  9999.00  9999.00
 00047  1021.75    -2.10    54.97     6.24   347.47    12.18     0.00  9999.00  9999.00  9999.00
 00048   608.84   -16.56    47.57     1.30   181.01    37.07     0.00  9999.00  9999.00  9999.00
 00049   578.75   -12.85    16.85     1.24    30.40    28.04     0.00  9999.00  9999.00  9999.00
 00050  1017.74     1.83    51.28     4.15   322.06    19.50     0.00  9999.00  9999.00  9999.00
