stn_id       p       t2      rh2      spd      dir      vis    rain6   rain24   tmax24   tmin24 
 00001   992.24     1.35    89.62     0.66    78.37    22.13     0.00  9999.00  9999.00  9999.00
 00002  1020.59   -27.51    90.54     2.22   282.23    26.57     0.00  9999.00  9999.00  9999.00
 00003   918.30   -32.76    98.85     1.60   298.88    24.92     0.00  9999.00  9999.00  9999.00
 00004   841.57   -32.11    98.91     2.04   248.87    24.96     0.00  9999.00  9999.00  9999.00
 00005   881.40   -28.82    84.50     1.38   123.40    28.03     0.00  9999.00  9999.00  9999.00
 00006   892.28   -27.84    86.98     3.86   287.67    30.59     0.00  9999.00  9999.00  9999.00
 00007  1023.78   -24.46    76.45     2.65   311.48    36.96     0.00  9999.00  9999.00  9999.00
 00008  1003.67   -24.38    69.22     2.07   240.37    41.41     0.01  9999.00  9999.00  9999.00
 00009   958.57   -31.63    94.70     2.27   299.02    52.71     0.00  9999.00  9999.00  9999.00
 00010   975.44   -24.51    78.74     4.49   290.18    41.59     0.00  9999.00  9999.00  9999.00
 00011  1011.20   -34.71    99.95     3.09   215.81    16.92     0.00  9999.00  9999.00  9999.00
 00012  1037.23   -19.51    68.49     3.21   329.04    28.65     0.00  9999.00  9999.00  9999.00
 00013  1034.20    -9.29    69.95     3.70   317.71    21.91     0.00  9999.00  9999.00  9999.00
 00014  1028.30    -4.72    73.11     4.14   322.30    21.55     0.00  9999.00  9999.00  9999.00
 00015  1019.43   -21.91    76.41     3.28   128.33    23.41     0.00  9999.00  9999.00  9999.00
 00016   977.29   -11.60    67.30     1.81    83.40    23.24     0.00  9999.00  9999.00  9999.00
 00017  1022.67   -17.83    78.49     1.26   241.31    22.42     0.00  9999.00  9999.00  9999.00
 00018  1034.91    -9.62    64.82     3.65   321.57    21.23     0.00  9999.00  9999.00  9999.00
 00019   953.78     3.20    83.31     0.38   174.50    24.30     0.13  9999.00  9999.00  9999.00
 00020  1032.01    -3.55    71.76     6.63   306.59    21.88     0.00  9999.00  9999.00  9999.00
 00021   902.17   -13.13    58.00     1.50   160.88    39.16     0.00  9999.00  9999.00  9999.00
 00022  1040.02   -15.44    61.45     5.52   330.26    26.73     0.00  9999.00  9999.00  9999.00
 00023   927.64    -9.00    69.48     1.31   127.44    34.87     0.00  9999.00  9999.00  9999.00
 00024   960.57   -15.28    70.41     6.27   110.22    31.10     0.21  9999.00  9999.00  9999.00
 00025   801.64     4.27    90.49     2.29    80.93    18.41     0.01  9999.00  9999.00  9999.00
 00026  1032.38    -0.70    55.19     5.93    16.74    19.90     0.01  9999.00  9999.00  9999.00
 00027  1029.78    -2.71    73.69     4.87   348.51    19.66     0.00  9999.00  9999.00  9999.00
 00028   996.55    -2.32    81.65     2.86    18.98    18.87     0.00  9999.00  9999.00  9999.00
 00029  1021.77     5.29    67.66     5.80     5.09    20.86     0.00  9999.00  9999.00  9999.00
 00030  1012.72     7.39    56.37     4.92     1.51    22.12     0.00  9999.00  9999.00  9999.00
 00031   577.44   -12.66    13.54     1.30   231.54    35.11     0.00  9999.00  9999.00  9999.00
 00032   989.11     5.04    80.00     3.50   305.06    15.23     0.16  9999.00  9999.00  9999.00
 00033  1021.18    12.17    85.54     7.43   357.50     4.89     1.75  9999.00  9999.00  9999.00
 00034  1016.37    25.44    81.13    15.02    21.15    19.58     0.29  9999.00  9999.00  9999.00
 00035  1019.06    17.20    82.82     5.14   187.91    18.15     0.26  9999.00  9999.00  9999.00
 00036   782.84    -3.47    97.83     1.55    84.63     0.44     0.01  9999.00  9999.00  9999.00
 00037   979.25     4.18    82.90     3.12   302.34    16.74     0.13  9999.00  9999.00  9999.00
 00038  1006.71     9.56    61.29     3.56   331.71    20.15     0.00  9999.00  9999.00  9999.00
 00039  1020.45    12.81    71.07     8.40   116.48    18.38     0.04  9999.00  9999.00  9999.00
 00040  1017.41    13.27    63.60     4.89   358.13    20.75     0.01  9999.00  9999.00  9999.00
 00041   989.07   -10.45    92.60     1.90   342.83    19.96     0.00  9999.00  9999.00  9999.00
 00042  1035.47    -9.89    75.73     2.27   283.01    21.39     0.00  9999.00  9999.00  9999.00
 00043  1024.80     0.57    60.33     4.91    23.79    19.98     0.02  9999.00  9999.00  9999.00
 00044  1002.32     0.97    73.92     2.21    34.52    19.40     0.05  9999.00  9999.00  9999.00
 00045  1017.41    13.27    63.60     4.89   358.13    20.75     0.01  9999.00  9999.00  9999.00
 00046   954.21    -0.60    90.63     3.65     5.44    18.63     0.02  9999.00  9999.00  9999.00
 00047  1015.83     4.36    69.28     8.05   324.20    12.88     0.06  9999.00  9999.00  9999.00
 00048   610.83   -17.64    43.77     1.43   127.18    37.03     0.00  9999.00  9999.00  9999.00
 00049   579.24   -14.84    26.68     2.65    22.42    27.99     0.00  9999.00  9999.00  9999.00
 00050  1012.80     9.46    65.69     4.08   318.63    19.37     0.00  9999.00  9999.00  9999.00
