stn_id       p       t2      rh2      spd      dir      vis    rain6   rain24   tmax24   tmin24 
 00001   959.92    29.63    74.38     1.25   289.66    20.45     0.72  9999.00  9999.00  9999.00
 00002   988.97    23.57    98.80     3.81    28.32     0.43    17.16  9999.00  9999.00  9999.00
 00003   898.70    22.27    81.50     4.13    52.26     2.17     1.56  9999.00  9999.00  9999.00
 00004   832.44    22.38    62.85     2.85   103.71    22.77     0.23  9999.00  9999.00  9999.00
 00005   866.40    27.87    43.40     2.25   120.81    26.57     0.00  9999.00  9999.00  9999.00
 00006   876.31    31.23    27.14     1.16   198.60    26.47     0.00  9999.00  9999.00  9999.00
 00007  1001.25    24.30    89.19     5.56   196.13    11.99     3.52  9999.00  9999.00  9999.00
 00008   983.80    26.17    74.91     6.83   211.06    23.75     0.56  9999.00  9999.00  9999.00
 00009   938.64    23.76    63.91     1.21   339.05    34.89     0.51  9999.00  9999.00  9999.00
 00010   965.55    23.60    96.61     1.25   161.20     2.07     4.86  9999.00  9999.00  9999.00
 00011   988.62    28.94    62.98     7.79   197.83    27.81     0.00  9999.00  9999.00  9999.00
 00012  1004.72    26.45    77.56     2.08    63.40    24.29     0.64  9999.00  9999.00  9999.00
 00013   999.28    26.90    89.10     7.18   120.90     3.88     4.95  9999.00  9999.00  9999.00
 00014   997.48    29.25    79.18     5.05   130.91     3.68     3.23  9999.00  9999.00  9999.00
 00015   986.78    28.95    70.54     3.57   129.22    22.46     0.89  9999.00  9999.00  9999.00
 00016   943.24    29.87    63.78     2.29   160.92    26.01     0.22  9999.00  9999.00  9999.00
 00017   985.23    27.79    74.81     4.66    61.97    11.55     0.92  9999.00  9999.00  9999.00
 00018   995.74    26.92    87.99     6.78   119.14     3.22     5.49  9999.00  9999.00  9999.00
 00019   925.77    28.92    70.18     0.84   200.18    25.37     1.06  9999.00  9999.00  9999.00
 00020  1006.50    25.88    87.29     7.20   140.54     2.89     1.86  9999.00  9999.00  9999.00
 00021   885.76    24.13    49.50     3.84   330.06    26.16     0.68  9999.00  9999.00  9999.00
 00022  1007.24    25.11    88.75     2.42    78.77     3.88     7.35  9999.00  9999.00  9999.00
 00023   912.30    24.96    39.83     2.36   328.60    21.71     0.01  9999.00  9999.00  9999.00
 00024   934.71    25.78    36.93     8.10   290.30    23.76     0.01  9999.00  9999.00  9999.00
 00025   789.99    21.44    66.71     2.09    72.39    24.83     0.29  9999.00  9999.00  9999.00
 00026   995.19    27.96    86.64     3.77   185.08     8.32    11.63  9999.00  9999.00  9999.00
 00027   990.65    29.78    77.60     1.78   296.27    12.12     4.50  9999.00  9999.00  9999.00
 00028   961.42    30.98    64.99     1.30   255.88    26.81     0.62  9999.00  9999.00  9999.00
 00029   995.75    27.39    87.59     3.53   171.92     3.98     3.49  9999.00  9999.00  9999.00
 00030   982.72    31.03    77.00     2.56   139.27    28.42     2.78  9999.00  9999.00  9999.00
 00031   573.09    13.71    59.39     1.35   156.97    22.39     0.60  9999.00  9999.00  9999.00
 00032   970.14    24.27    96.92     2.74   153.31     1.62     6.46  9999.00  9999.00  9999.00
 00033   997.27    22.24    98.80     4.69   113.60     1.54     0.15  9999.00  9999.00  9999.00
 00034  1001.60    28.68    88.44     5.47   214.64    34.91     0.00  9999.00  9999.00  9999.00
 00035   997.07    30.03    79.24     2.95   152.45     3.79     5.73  9999.00  9999.00  9999.00
 00036   771.30    23.29    56.10     1.20    66.41    24.56     0.21  9999.00  9999.00  9999.00
 00037   960.50    25.07    92.42     2.95   151.77     3.31     4.72  9999.00  9999.00  9999.00
 00038   986.72    27.37    87.18     2.20   148.72     7.49     5.78  9999.00  9999.00  9999.00
 00039  1000.81    26.57    90.67     3.21   175.77    15.44     3.15  9999.00  9999.00  9999.00
 00040   997.84    27.17    90.25     4.35   176.03    15.50     4.50  9999.00  9999.00  9999.00
 00041   958.48    26.32    85.87     3.16   137.27    17.51     4.74  9999.00  9999.00  9999.00
 00042   998.24    28.52    84.07     5.62   122.14     5.39     7.00  9999.00  9999.00  9999.00
 00043   989.08    28.68    80.07     4.23   193.16    15.65     3.65  9999.00  9999.00  9999.00
 00044   972.85    26.42    87.56     1.78   150.01     4.10     3.17  9999.00  9999.00  9999.00
 00045   997.84    27.17    90.25     4.35   176.03    15.50     4.50  9999.00  9999.00  9999.00
 00046   933.28    24.24    95.31     2.21   190.31     7.06     4.02  9999.00  9999.00  9999.00
 00047   994.58    24.69    95.45     4.64   159.63     4.68     3.17  9999.00  9999.00  9999.00
 00048   603.50    14.97    55.62     0.93   122.26    27.30     0.91  9999.00  9999.00  9999.00
 00049   576.98     9.74    84.56     2.31   189.15     6.51     3.03  9999.00  9999.00  9999.00
 00050   993.41    26.44    90.66     2.37   182.16    12.42     6.74  9999.00  9999.00  9999.00
