stn_id       p       t2      rh2      spd      dir      vis    rain6   rain24   tmax24   tmin24 
 00001   984.11     8.79    84.26     2.03    85.69    20.69  9999.00  9999.00  9999.00  9999.00
 00002  1007.15    -0.08    41.09     2.46   138.09    25.31  9999.00  9999.00  9999.00  9999.00
 00003   910.39    -2.89    19.35     2.57   201.69    23.74  9999.00  9999.00  9999.00  9999.00
 00004   838.97    -7.48    27.04     1.71   261.80    23.55  9999.00  9999.00  9999.00  9999.00
 00005   875.13    -7.01    31.24     2.19   208.48    25.75  9999.00  9999.00  9999.00  9999.00
 00006   883.02    -5.51    43.44     5.59   255.18    27.06  9999.00  9999.00  9999.00  9999.00
 00007  1015.83    -7.14    38.84     2.00   201.74    31.16  9999.00  9999.00  9999.00  9999.00
 00008   997.45   -13.98    86.04     2.98   220.89    35.49  9999.00  9999.00  9999.00  9999.00
 00009   943.23   -17.31    78.94     2.77   278.45    46.51  9999.00  9999.00  9999.00  9999.00
 00010   972.98    -9.30    57.50     3.19   282.27    35.42  9999.00  9999.00  9999.00  9999.00
 00011  1004.12   -16.95    94.43     5.34   200.66    39.31  9999.00  9999.00  9999.00  9999.00
 00012  1023.19    -0.71    32.13     3.46   206.20    25.98  9999.00  9999.00  9999.00  9999.00
 00013  1028.20     4.53    49.06     1.58   244.73    20.43  9999.00  9999.00  9999.00  9999.00
 00014  1024.35     3.70    53.62     1.94   244.73    19.75  9999.00  9999.00  9999.00  9999.00
 00015  1008.96     1.40    21.18     1.94   235.64    21.97  9999.00  9999.00  9999.00  9999.00
 00016   966.84     3.49    58.39     1.48   150.94    22.00  9999.00  9999.00  9999.00  9999.00
 00017  1011.44     3.01    49.91     2.46   214.52    21.05  9999.00  9999.00  9999.00  9999.00
 00018  1026.94     4.75    49.20     1.87   215.76    19.90  9999.00  9999.00  9999.00  9999.00
 00019   946.62     9.31    72.81     1.44    91.10    21.69  9999.00  9999.00  9999.00  9999.00
 00020  1029.68     5.44    51.58     3.16   317.44    20.36  9999.00  9999.00  9999.00  9999.00
 00021   898.26    -3.08    87.78     0.65   311.95    37.51  9999.00  9999.00  9999.00  9999.00
 00022  1027.20    -1.52    32.21     2.64   220.67    24.55  9999.00  9999.00  9999.00  9999.00
 00023   926.21     1.83    90.73     0.69   287.34    21.08  9999.00  9999.00  9999.00  9999.00
 00024   952.94    -4.04    67.79     2.56   131.37    33.50  9999.00  9999.00  9999.00  9999.00
 00025   798.65    16.08    61.46     4.34   228.41    19.25  9999.00  9999.00  9999.00  9999.00
 00026  1025.76     7.90    48.85     2.42   107.08    19.06  9999.00  9999.00  9999.00  9999.00
 00027  1021.54     8.93    50.81     3.45   352.49    19.14  9999.00  9999.00  9999.00  9999.00
 00028   989.24     6.25    57.35     3.06    16.11    18.75  9999.00  9999.00  9999.00  9999.00
 00029  1016.02    17.60    57.71     3.87   330.76    20.92  9999.00  9999.00  9999.00  9999.00
 00030  1006.73    13.24    65.12     4.34   153.63    22.29  9999.00  9999.00  9999.00  9999.00
 00031   572.44     1.43    14.60     4.18   231.51    34.13  9999.00  9999.00  9999.00  9999.00
 00032   989.16    10.97    64.52     2.63    65.54    17.91  9999.00  9999.00  9999.00  9999.00
 00033  1015.75    20.21    83.19    10.07    61.57    23.30  9999.00  9999.00  9999.00  9999.00
 00034  1013.32    26.80    85.33    11.90    58.88    14.16  9999.00  9999.00  9999.00  9999.00
 00035  1014.66    22.49    79.02     6.81    46.10    22.64  9999.00  9999.00  9999.00  9999.00
 00036   778.46     8.58    86.10     1.70   172.76    19.91  9999.00  9999.00  9999.00  9999.00
 00037   978.95    11.19    69.74     1.63    81.50    16.38  9999.00  9999.00  9999.00  9999.00
 00038  1004.19    19.78    56.31     2.80    50.22    20.05  9999.00  9999.00  9999.00  9999.00
 00039  1019.89    16.75    72.42    12.35    35.60    17.44  9999.00  9999.00  9999.00  9999.00
 00040  1015.62    19.87    64.92     8.62    55.27    20.83  9999.00  9999.00  9999.00  9999.00
 00041   984.16     3.14    61.32     1.51    15.19    18.58  9999.00  9999.00  9999.00  9999.00
 00042  1028.45     6.66    36.27     0.72    18.67    19.89  9999.00  9999.00  9999.00  9999.00
 00043  1018.58     8.15    52.38     2.72    29.16    19.24  9999.00  9999.00  9999.00  9999.00
 00044   998.27     7.90    68.94     1.36    30.15    18.67  9999.00  9999.00  9999.00  9999.00
 00045  1015.62    19.87    64.92     8.62    55.27    20.83  9999.00  9999.00  9999.00  9999.00
 00046   951.93     8.92    85.54     2.86    16.01    18.69  9999.00  9999.00  9999.00  9999.00
 00047  1016.04    10.90    43.23     4.04   147.30    19.00  9999.00  9999.00  9999.00  9999.00
 00048   604.49     0.66    39.11     2.09    39.07    35.80  9999.00  9999.00  9999.00  9999.00
 00049   577.51    -1.37    47.73     2.85   207.14    27.99  9999.00  9999.00  9999.00  9999.00
 00050  1012.64    14.27    61.78     7.09    34.73    19.01  9999.00  9999.00  9999.00  9999.00
