stn_id       p       t2      rh2      spd      dir      vis    rain6   rain24   tmax24   tmin24 
 00001   973.02    19.14    96.10     1.53   307.04     3.64     7.53  9999.00  9999.00  9999.00
 00002  1005.08    14.02    69.69     1.65   247.99    23.39     0.00  9999.00  9999.00  9999.00
 00003   912.05    10.01    54.67     1.50    49.59    22.64     0.00  9999.00  9999.00  9999.00
 00004   843.01     5.03    59.85     1.44   122.43    22.80     0.00  9999.00  9999.00  9999.00
 00005   879.75     2.69    49.52     2.31    46.00    25.54     0.00  9999.00  9999.00  9999.00
 00006   891.28     1.05    47.52     1.46   212.84    26.55     0.00  9999.00  9999.00  9999.00
 00007  1011.58     8.20    40.86     4.17   327.23    25.52     0.00  9999.00  9999.00  9999.00
 00008   993.27     6.54    50.80     5.25   314.92    26.84     0.00  9999.00  9999.00  9999.00
 00009   947.73    -1.24    70.33     2.60   236.56    32.81     0.00  9999.00  9999.00  9999.00
 00010   964.55     6.29    69.09     5.63   289.93    28.18     0.00  9999.00  9999.00  9999.00
 00011   997.24     7.35    51.11     5.99   313.31    27.93     0.08  9999.00  9999.00  9999.00
 00012  1022.13    10.08    50.64     2.48    32.54    23.26     0.00  9999.00  9999.00  9999.00
 00013  1015.42    18.47    80.44     1.63     9.26    22.79     0.10  9999.00  9999.00  9999.00
 00014  1010.83    16.65    78.58     2.28   336.03    23.75     0.00  9999.00  9999.00  9999.00
 00015  1004.14    14.77    69.83     1.87    60.14    20.12     0.00  9999.00  9999.00  9999.00
 00016   962.58    14.94    95.44     2.25    47.66     5.71     1.08  9999.00  9999.00  9999.00
 00017  1005.56    17.36    57.40     3.14    28.41    21.63     0.95  9999.00  9999.00  9999.00
 00018  1014.49    18.27    80.09     2.04    19.41    22.29     0.01  9999.00  9999.00  9999.00
 00019   939.58    17.86    92.25     1.24   258.25    23.34     0.26  9999.00  9999.00  9999.00
 00020  1016.62    18.05    87.24     2.96     5.27    22.20     0.00  9999.00  9999.00  9999.00
 00021   896.57     9.08    83.94     1.19   173.26    25.85     0.00  9999.00  9999.00  9999.00
 00022  1024.40    13.30    35.25     3.14    46.23    21.34     0.00  9999.00  9999.00  9999.00
 00023   923.66     5.60    80.82     1.26   177.37    22.11     0.00  9999.00  9999.00  9999.00
 00024   949.47     6.88    95.61     1.72   313.17    24.34     0.00  9999.00  9999.00  9999.00
 00025   796.83    15.25    96.14     1.63   198.77    24.87     0.00  9999.00  9999.00  9999.00
 00026  1010.64    20.45    75.00     5.07    11.59    23.17     0.01  9999.00  9999.00  9999.00
 00027  1007.29    20.13    92.82     4.08   342.36    11.29     0.51  9999.00  9999.00  9999.00
 00028   976.49    18.20    89.23     4.41    27.54    12.28     1.92  9999.00  9999.00  9999.00
 00029  1004.27    25.46    94.37     2.60   325.30    25.81     0.47  9999.00  9999.00  9999.00
 00030   994.64    24.95    95.73     1.14   135.46    28.64     0.00  9999.00  9999.00  9999.00
 00031   575.61     1.86    83.60     2.29   195.85    26.61     0.02  9999.00  9999.00  9999.00
 00032   975.80    19.35    85.45     2.26    31.23    22.00     0.00  9999.00  9999.00  9999.00
 00033  1007.47    23.48    95.71     2.18   188.87     0.19     0.05  9999.00  9999.00  9999.00
 00034  1009.33    27.22    88.57     1.03   272.19    30.88     0.22  9999.00  9999.00  9999.00
 00035  1006.65    24.92    96.46     1.73   233.96    16.88     0.00  9999.00  9999.00  9999.00
 00036   777.31    15.31    92.23     1.47   204.15    14.30     6.80  9999.00  9999.00  9999.00
 00037   966.25    18.61    90.96     1.35    36.62    21.90     0.00  9999.00  9999.00  9999.00
 00038   991.64    22.19    84.19     0.62   186.62    24.57     0.01  9999.00  9999.00  9999.00
 00039  1005.06    23.60    73.57    11.96    25.85    23.95     0.00  9999.00  9999.00  9999.00
 00040  1002.78    24.28    74.20     2.52    33.79    25.19     0.00  9999.00  9999.00  9999.00
 00041   972.70    17.89    83.33     2.82    37.93    22.47     0.08  9999.00  9999.00  9999.00
 00042  1015.11    18.04    79.67     1.61    49.57    22.97     0.00  9999.00  9999.00  9999.00
 00043  1003.68    21.02    78.77     4.23    17.58    23.76     0.00  9999.00  9999.00  9999.00
 00044   984.98    18.96    80.50     3.85    44.31    22.90     0.00  9999.00  9999.00  9999.00
 00045  1002.78    24.28    74.20     2.52    33.79    25.19     0.00  9999.00  9999.00  9999.00
 00046   940.43    19.86    96.92     2.02   353.97    23.68     0.08  9999.00  9999.00  9999.00
 00047  1001.70    20.45    75.19     5.38    25.94    22.86     0.00  9999.00  9999.00  9999.00
 00048   606.34     6.07    86.60     1.30   186.39    31.54     1.34  9999.00  9999.00  9999.00
 00049   580.21     1.38    99.23     0.72   221.81     1.20     5.53  9999.00  9999.00  9999.00
 00050   997.91    22.89    69.23     7.17    27.13    23.45     0.00  9999.00  9999.00  9999.00
