stn_id       p       t2      rh2      spd      dir      vis    rain6   rain24   tmax24   tmin24 
 00001   971.92    20.43    90.90     1.08   297.21    19.04  9999.00  9999.00  9999.00  9999.00
 00002  1001.58    23.04    48.49     2.93    35.47    23.36  9999.00  9999.00  9999.00  9999.00
 00003   909.18    17.74    41.32     4.09    23.09    22.64  9999.00  9999.00  9999.00  9999.00
 00004   841.71    12.58    39.94     3.24    56.45    22.82  9999.00  9999.00  9999.00  9999.00
 00005   878.10    13.38    25.62     4.01    14.72    25.54  9999.00  9999.00  9999.00  9999.00
 00006   889.48    12.15    26.17     5.95   323.91    26.54  9999.00  9999.00  9999.00  9999.00
 00007  1006.65    16.05    33.60     5.55   325.47    25.46  9999.00  9999.00  9999.00  9999.00
 00008   987.18    14.14    41.37     5.74   290.51    26.73  9999.00  9999.00  9999.00  9999.00
 00009   948.79     4.71    40.27     4.40   331.79    32.83  9999.00  9999.00  9999.00  9999.00
 00010   962.68    15.98    56.60     4.83   270.69    28.24  9999.00  9999.00  9999.00  9999.00
 00011   990.09    12.05    72.70     7.42   281.66    22.40  9999.00  9999.00  9999.00  9999.00
 00012  1017.67    21.15    32.36     5.87   355.75    23.20  9999.00  9999.00  9999.00  9999.00
 00013  1013.77    21.55    55.80     3.10    72.63    22.76  9999.00  9999.00  9999.00  9999.00
 00014  1009.74    20.96    77.33     1.54    35.30    23.76  9999.00  9999.00  9999.00  9999.00
 00015   999.53    23.53    58.61     2.93   339.67    20.07  9999.00  9999.00  9999.00  9999.00
 00016   959.78    15.85    94.63     0.90   309.25     1.75  9999.00  9999.00  9999.00  9999.00
 00017  1000.61    21.16    76.27     0.70    84.48    21.65  9999.00  9999.00  9999.00  9999.00
 00018  1012.70    20.48    60.32     2.91    76.21    22.26  9999.00  9999.00  9999.00  9999.00
 00019   937.63    18.95    89.87     0.61   139.20    15.97  9999.00  9999.00  9999.00  9999.00
 00020  1015.70    22.84    67.22     4.20    57.22    22.16  9999.00  9999.00  9999.00  9999.00
 00021   895.60    12.30    64.42     0.95    55.00    26.14  9999.00  9999.00  9999.00  9999.00
 00022  1019.63    22.30    40.93     4.58   118.90    21.30  9999.00  9999.00  9999.00  9999.00
 00023   922.87    11.34    72.80     0.78    71.96    22.12  9999.00  9999.00  9999.00  9999.00
 00024   947.38     9.64    83.74     1.88   325.75    16.17  9999.00  9999.00  9999.00  9999.00
 00025   797.87    20.51    73.33     4.14   247.90    24.56  9999.00  9999.00  9999.00  9999.00
 00026  1010.33    22.25    78.18     3.09     8.47    23.23  9999.00  9999.00  9999.00  9999.00
 00027  1006.65    22.06    80.18     2.19   334.78    23.27  9999.00  9999.00  9999.00  9999.00
 00028   975.97    19.25    85.52     1.85   258.09    16.93  9999.00  9999.00  9999.00  9999.00
 00029  1005.34    30.92    68.09     2.47    26.05    25.82  9999.00  9999.00  9999.00  9999.00
 00030   995.79    29.46    72.75     0.79   175.48    28.64  9999.00  9999.00  9999.00  9999.00
 00031   577.42     5.54    62.16     1.52   164.02    27.55  9999.00  9999.00  9999.00  9999.00
 00032   975.98    26.59    61.78     4.03    36.51    22.21  9999.00  9999.00  9999.00  9999.00
 00033  1009.56    22.98    97.42     2.80   127.14     0.34  9999.00  9999.00  9999.00  9999.00
 00034  1011.52    27.69    85.10     1.37   122.29    23.03  9999.00  9999.00  9999.00  9999.00
 00035  1008.59    29.20    74.32     1.13    94.20    28.30  9999.00  9999.00  9999.00  9999.00
 00036   777.19    19.29    77.30     3.33   196.08    20.99  9999.00  9999.00  9999.00  9999.00
 00037   966.46    27.30    61.18     3.36    28.80    22.15  9999.00  9999.00  9999.00  9999.00
 00038   992.83    29.87    60.16     2.11   214.09    24.62  9999.00  9999.00  9999.00  9999.00
 00039  1006.32    26.98    61.99     8.76    34.85    24.00  9999.00  9999.00  9999.00  9999.00
 00040  1004.39    28.70    61.31     0.64   133.44    25.24  9999.00  9999.00  9999.00  9999.00
 00041   971.62    19.80    84.02     2.04    79.79    12.76  9999.00  9999.00  9999.00  9999.00
 00042  1013.60    21.42    63.81     2.53    79.96    22.97  9999.00  9999.00  9999.00  9999.00
 00043  1003.75    23.97    75.42     2.89    38.12    23.83  9999.00  9999.00  9999.00  9999.00
 00044   985.05    21.61    84.28     2.64    44.46    22.66  9999.00  9999.00  9999.00  9999.00
 00045  1004.39    28.70    61.31     0.64   133.44    25.24  9999.00  9999.00  9999.00  9999.00
 00046   941.57    25.88    68.65     3.15    16.51    23.73  9999.00  9999.00  9999.00  9999.00
 00047  1001.72    23.68    64.97     4.00   235.01    22.90  9999.00  9999.00  9999.00  9999.00
 00048   609.37     7.63    65.19     1.88   185.30    31.73  9999.00  9999.00  9999.00  9999.00
 00049   581.85     3.85    78.26     0.45   189.15    19.65  9999.00  9999.00  9999.00  9999.00
 00050   998.66    30.01    49.39     6.41    31.41    23.51  9999.00  9999.00  9999.00  9999.00
