stn_id       p       t2      rh2      spd      dir      vis    rain6   rain24   tmax24   tmin24 
 00001   961.09    20.73    95.07     0.81   239.70    15.04  9999.00  9999.00  9999.00  9999.00
 00002   984.38    24.39    61.56     1.30   245.00    23.30  9999.00  9999.00  9999.00  9999.00
 00003   896.29    17.89    85.16     0.57    86.02    13.42  9999.00  9999.00  9999.00  9999.00
 00004   829.46    13.44    88.37     2.79   152.94     2.10  9999.00  9999.00  9999.00  9999.00
 00005   863.93    13.73    81.76     1.10   146.74     7.31  9999.00  9999.00  9999.00  9999.00
 00006   874.13    18.39    52.33     2.33   193.96    19.17  9999.00  9999.00  9999.00  9999.00
 00007   999.79    18.71    78.72     2.85   184.00    21.83  9999.00  9999.00  9999.00  9999.00
 00008   982.73    21.42    79.57     4.25   201.40    23.44  9999.00  9999.00  9999.00  9999.00
 00009   944.53    10.09    83.04     2.37   193.91    37.02  9999.00  9999.00  9999.00  9999.00
 00010   964.52    18.44    95.03     1.25   137.17    13.13  9999.00  9999.00  9999.00  9999.00
 00011   990.60    19.94    53.54     4.40    82.89    25.09  9999.00  9999.00  9999.00  9999.00
 00012  1002.04    24.07    58.51     3.48    65.29    20.98  9999.00  9999.00  9999.00  9999.00
 00013  1002.28    21.00    91.60     5.00   117.69    19.53  9999.00  9999.00  9999.00  9999.00
 00014   999.62    21.63    97.18     3.39    99.22     4.74  9999.00  9999.00  9999.00  9999.00
 00015   986.83    23.13    64.80     4.17   169.65    22.06  9999.00  9999.00  9999.00  9999.00
 00016   946.13    18.45    86.58     1.35   139.20    24.14  9999.00  9999.00  9999.00  9999.00
 00017   987.01    20.59    76.34     1.48   302.83    24.98  9999.00  9999.00  9999.00  9999.00
 00018  1000.03    21.77    97.35     3.23   105.23     2.16  9999.00  9999.00  9999.00  9999.00
 00019   926.76    20.79    85.46     0.92    21.56    27.07  9999.00  9999.00  9999.00  9999.00
 00020  1007.01    21.01    77.29     4.75   130.04    24.49  9999.00  9999.00  9999.00  9999.00
 00021   882.91    16.69    34.95     1.87   154.10    25.43  9999.00  9999.00  9999.00  9999.00
 00022  1004.04    23.70    50.93     3.88   103.31    20.66  9999.00  9999.00  9999.00  9999.00
 00023   908.03    14.33    32.54     1.59   179.31    23.78  9999.00  9999.00  9999.00  9999.00
 00024   932.95    17.78    22.51     1.28   299.51    25.47  9999.00  9999.00  9999.00  9999.00
 00025   790.35    16.58    89.86     1.69   211.00    25.87  9999.00  9999.00  9999.00  9999.00
 00026   999.29    23.40    98.30     1.24   156.14    12.80  9999.00  9999.00  9999.00  9999.00
 00027   994.24    24.04    97.15     1.35   175.64    17.49  9999.00  9999.00  9999.00  9999.00
 00028   963.47    24.22    93.20     1.98   225.07    21.16  9999.00  9999.00  9999.00  9999.00
 00029  1000.38    26.29    95.13     2.96   163.47    27.04  9999.00  9999.00  9999.00  9999.00
 00030   987.05    25.34    92.50     3.47   157.47    32.00  9999.00  9999.00  9999.00  9999.00
 00031   572.70     4.69    79.48     1.28   211.74    21.30  9999.00  9999.00  9999.00  9999.00
 00032   972.05    22.21    96.78     0.64   266.81     5.84  9999.00  9999.00  9999.00  9999.00
 00033  1002.12    23.14    96.92     5.80   177.16     0.93  9999.00  9999.00  9999.00  9999.00
 00034  1005.89    27.36    87.54     4.77   167.50    32.03  9999.00  9999.00  9999.00  9999.00
 00035  1001.71    26.86    94.22     4.23   185.81    30.91  9999.00  9999.00  9999.00  9999.00
 00036   769.86    16.04    86.63     0.96    66.43    23.85  9999.00  9999.00  9999.00  9999.00
 00037   962.60    21.92    97.97     0.65   271.43     9.19  9999.00  9999.00  9999.00  9999.00
 00038   990.28    24.22    98.79     0.63   173.88    19.88  9999.00  9999.00  9999.00  9999.00
 00039  1003.72    25.05    97.13     4.37   215.14    23.25  9999.00  9999.00  9999.00  9999.00
 00040  1001.77    25.27    96.94     2.21   224.55    22.24  9999.00  9999.00  9999.00  9999.00
 00041   961.46    20.64    98.63     1.35   142.62    12.52  9999.00  9999.00  9999.00  9999.00
 00042  1001.47    21.98    95.77     3.92   108.32     9.11  9999.00  9999.00  9999.00  9999.00
 00043   993.07    25.40    88.11     3.36   190.02    27.82  9999.00  9999.00  9999.00  9999.00
 00044   976.13    22.21    97.55     0.81   157.71    24.29  9999.00  9999.00  9999.00  9999.00
 00045  1001.77    25.27    96.94     2.21   224.55    22.24  9999.00  9999.00  9999.00  9999.00
 00046   937.13    22.09    98.67     2.58   194.11    22.52  9999.00  9999.00  9999.00  9999.00
 00047   994.95    21.44    99.02     0.42   171.05     2.67  9999.00  9999.00  9999.00  9999.00
 00048   604.12     4.81    89.50     0.97   125.15    15.92  9999.00  9999.00  9999.00  9999.00
 00049   576.20     1.83    98.93     0.99    59.68     2.74  9999.00  9999.00  9999.00  9999.00
 00050   995.82    24.55    98.31     3.14   211.17     8.09  9999.00  9999.00  9999.00  9999.00
