stn_id       p       t2      rh2      spd      dir      vis    rain6   rain24   tmax24   tmin24 
 00001   961.35    23.55    76.22     0.57   155.90    26.53     0.24  9999.00  9999.00  9999.00
 00002   987.23    35.07    27.15     4.95   167.13    23.23     0.00  9999.00  9999.00  9999.00
 00003   898.61    26.37    30.94     6.58   172.11    22.39     0.00  9999.00  9999.00  9999.00
 00004   831.62    21.18    35.12     6.05   158.41    20.62     0.03  9999.00  9999.00  9999.00
 00005   864.79    27.25    22.90     7.75   179.80    19.97     0.00  9999.00  9999.00  9999.00
 00006   874.16    32.33    10.12     6.36   180.60    19.04     0.00  9999.00  9999.00  9999.00
 00007   998.42    32.68    46.11     5.21   211.86    21.78     0.00  9999.00  9999.00  9999.00
 00008   982.59    31.17    46.23     2.97   207.36    23.40     0.00  9999.00  9999.00  9999.00
 00009   943.90    23.51    28.71     0.90   259.35    37.05     0.00  9999.00  9999.00  9999.00
 00010   962.02    30.36    47.90     2.67   288.94    25.40     0.00  9999.00  9999.00  9999.00
 00011   991.53    26.44    34.94     4.12    47.45    25.08     0.02  9999.00  9999.00  9999.00
 00012  1001.41    39.90    17.07     4.52   182.29    20.84     0.00  9999.00  9999.00  9999.00
 00013  1004.11    27.43    56.60     4.76   121.92    26.69     0.00  9999.00  9999.00  9999.00
 00014  1001.73    24.37    85.31     2.18    94.78     1.65     2.88  9999.00  9999.00  9999.00
 00015   986.51    37.40    22.83     3.02   117.09    21.94     0.00  9999.00  9999.00  9999.00
 00016   945.55    21.35    86.74     3.25    65.37    16.32     3.43  9999.00  9999.00  9999.00
 00017   989.80    25.98    59.44     1.95   291.08    25.00     1.21  9999.00  9999.00  9999.00
 00018  1002.29    26.45    65.85     3.34   129.75    18.22     0.08  9999.00  9999.00  9999.00
 00019   925.80    25.66    57.47     1.03   107.69    27.25     0.03  9999.00  9999.00  9999.00
 00020  1008.92    25.64    73.14     5.58   135.29    24.51     0.55  9999.00  9999.00  9999.00
 00021   883.75    27.66    16.63     2.24   345.02    25.45     0.00  9999.00  9999.00  9999.00
 00022  1004.31    40.27    16.63     4.77   146.10    20.56     0.00  9999.00  9999.00  9999.00
 00023   910.31    26.30    13.57     1.79    45.47    23.90     0.00  9999.00  9999.00  9999.00
 00024   934.50    27.28    13.11     3.76   305.23    25.58     0.00  9999.00  9999.00  9999.00
 00025   790.54    23.52    59.45     6.12   252.58    22.93     0.15  9999.00  9999.00  9999.00
 00026   999.95    26.66    88.59     1.26   303.09     9.74     7.79  9999.00  9999.00  9999.00
 00027   994.17    29.59    78.97     2.96   179.00    25.47     4.70  9999.00  9999.00  9999.00
 00028   962.63    30.23    71.41     3.71   192.62    25.43     0.46  9999.00  9999.00  9999.00
 00029  1000.05    29.29    78.64     4.10   163.46    13.62     2.38  9999.00  9999.00  9999.00
 00030   985.38    32.54    66.53     5.28   173.75    31.98     0.07  9999.00  9999.00  9999.00
 00031   572.05    15.76    19.73     3.35   274.89    22.23     0.13  9999.00  9999.00  9999.00
 00032   973.33    23.22    85.55     1.39   152.41    20.00     0.05  9999.00  9999.00  9999.00
 00033  1001.51    26.04    92.23     2.60   124.83    28.14     0.03  9999.00  9999.00  9999.00
 00034  1006.28    28.32    87.55     5.24   178.36    32.95     0.11  9999.00  9999.00  9999.00
 00035  1001.21    31.25    70.72     5.24   175.86    24.76     0.89  9999.00  9999.00  9999.00
 00036   769.46    23.26    56.48     3.24   195.70    24.81     0.24  9999.00  9999.00  9999.00
 00037   963.66    23.59    84.84     1.53   155.17    21.38     0.02  9999.00  9999.00  9999.00
 00038   990.85    26.84    81.15     1.90   148.30    23.11     0.48  9999.00  9999.00  9999.00
 00039  1004.92    24.76    87.36     1.90   123.04    18.02     2.80  9999.00  9999.00  9999.00
 00040  1002.30    26.91    87.31     3.09   138.21    11.88     0.69  9999.00  9999.00  9999.00
 00041   963.47    21.08    89.39     1.21   118.73     0.56    22.63  9999.00  9999.00  9999.00
 00042  1004.02    24.21    81.32     2.37   123.45     1.05     4.50  9999.00  9999.00  9999.00
 00043   993.56    29.05    79.65     3.41   206.37    23.60     4.19  9999.00  9999.00  9999.00
 00044   977.03    25.33    87.86     2.04    74.88     4.64     5.87  9999.00  9999.00  9999.00
 00045  1002.30    26.91    87.31     3.09   138.21    11.88     0.69  9999.00  9999.00  9999.00
 00046   936.70    26.78    77.98     2.83   223.77    19.51     1.30  9999.00  9999.00  9999.00
 00047   996.96    22.73    88.50     1.22   221.86    23.00     0.78  9999.00  9999.00  9999.00
 00048   603.81     9.46    66.80     1.59    70.34    17.59     3.02  9999.00  9999.00  9999.00
 00049   576.85     2.38    96.34     1.22   154.51     2.36     6.64  9999.00  9999.00  9999.00
 00050   997.07    25.58    82.98     2.01   178.73    21.15     1.18  9999.00  9999.00  9999.00
