stn_id       p       t2      rh2      spd      dir      vis    rain6   rain24   tmax24   tmin24 
 00001   965.28    18.74    90.16     0.66   135.99     1.28    12.86  9999.00  9999.00  9999.00
 00002   985.43    24.06    40.84     2.00   242.73    23.00     0.00  9999.00  9999.00  9999.00
 00003   898.30    19.54    46.10     1.34   136.49    22.24     0.00  9999.00  9999.00  9999.00
 00004   832.10    13.32    57.70     1.99   155.29    20.46     0.00  9999.00  9999.00  9999.00
 00005   865.17    19.32    38.53     1.38   112.60    19.79     0.00  9999.00  9999.00  9999.00
 00006   874.50    21.05    29.09     3.95   199.67    18.86     0.00  9999.00  9999.00  9999.00
 00007   998.41    19.00    65.99     3.75   165.34    21.57     0.00  9999.00  9999.00  9999.00
 00008   981.51    20.25    64.24     5.26   203.32    23.24     0.00  9999.00  9999.00  9999.00
 00009   938.01    12.54    83.48     3.34   262.13    18.88     0.05  9999.00  9999.00  9999.00
 00010   962.46    13.97    96.52     0.80   256.34    18.34     0.00  9999.00  9999.00  9999.00
 00011   987.23    20.63    68.65     5.00   193.72    25.02     0.00  9999.00  9999.00  9999.00
 00012  1001.10    23.88    55.68     2.22    52.27    20.69     0.00  9999.00  9999.00  9999.00
 00013  1005.98    21.98    65.03     2.26   156.05    26.59     0.00  9999.00  9999.00  9999.00
 00014  1003.51    20.40    86.13     1.37    77.90    26.81     0.00  9999.00  9999.00  9999.00
 00015   987.94    26.02    39.80     3.01   204.64    21.82     0.00  9999.00  9999.00  9999.00
 00016   946.13    20.83    77.59     1.90   153.79    24.25     0.00  9999.00  9999.00  9999.00
 00017   989.97    22.54    66.48     2.40   193.53    24.92     0.00  9999.00  9999.00  9999.00
 00018  1004.10    22.42    76.97     2.34   135.27    26.68     0.00  9999.00  9999.00  9999.00
 00019   930.01    18.07    92.73     0.85    57.03    25.72     0.90  9999.00  9999.00  9999.00
 00020  1009.99    18.80    99.42     2.18   147.31     2.08     0.00  9999.00  9999.00  9999.00
 00021   882.72    16.43    64.34     1.66   138.93    25.52     0.48  9999.00  9999.00  9999.00
 00022  1003.23    24.83    46.27     2.48   183.46    20.40     0.00  9999.00  9999.00  9999.00
 00023   909.27    15.97    32.06     1.86   223.26    24.07     0.00  9999.00  9999.00  9999.00
 00024   932.93    16.71    16.97     2.63   316.17    25.69     0.00  9999.00  9999.00  9999.00
 00025   792.76    16.58    98.59     1.98   240.35     7.03     0.17  9999.00  9999.00  9999.00
 00026  1002.78    23.79    72.89     1.58    86.58    27.75     0.00  9999.00  9999.00  9999.00
 00027   997.83    24.35    81.70     1.86    94.29    27.84     0.88  9999.00  9999.00  9999.00
 00028   967.12    21.83    90.40     0.84    40.12    26.64     0.00  9999.00  9999.00  9999.00
 00029  1001.08    25.38    94.54     2.55   117.60    27.19     0.18  9999.00  9999.00  9999.00
 00030   989.30    25.11    97.78     1.96   117.50    21.24     1.37  9999.00  9999.00  9999.00
 00031   572.06     4.39    60.86     2.20   214.84    22.29     0.00  9999.00  9999.00  9999.00
 00032   974.52    20.18    93.51     0.51    75.75    22.00     0.50  9999.00  9999.00  9999.00
 00033  1003.53    24.34    97.58     3.09   170.53     0.29     0.07  9999.00  9999.00  9999.00
 00034  1007.97    28.14    92.23     5.18   208.58    33.10     0.00  9999.00  9999.00  9999.00
 00035  1003.15    26.64    96.00     1.07   200.86    25.52     0.00  9999.00  9999.00  9999.00
 00036   772.28    14.11    94.58     1.10   182.90    20.89     0.21  9999.00  9999.00  9999.00
 00037   964.94    19.82    94.77     0.41    45.24    20.91     1.01  9999.00  9999.00  9999.00
 00038   991.72    22.19    88.50     0.81    97.25    25.37     0.04  9999.00  9999.00  9999.00
 00039  1005.52    22.16    88.40     5.50    26.27     5.86     4.04  9999.00  9999.00  9999.00
 00040  1002.58    23.68    90.34     5.56    36.84    19.05     0.73  9999.00  9999.00  9999.00
 00041   965.86    20.78    73.59     1.46   109.32    26.55     0.00  9999.00  9999.00  9999.00
 00042  1005.79    21.43    74.96     1.85   130.89    26.92     0.00  9999.00  9999.00  9999.00
 00043   996.46    23.61    87.22     1.11   120.02    28.19     0.17  9999.00  9999.00  9999.00
 00044   979.47    21.74    78.64     1.17    94.18    25.72     0.12  9999.00  9999.00  9999.00
 00045  1002.58    23.68    90.34     5.56    36.84    19.05     0.73  9999.00  9999.00  9999.00
 00046   938.02    20.12    98.09     1.11   105.04    23.81     0.98  9999.00  9999.00  9999.00
 00047   998.65    20.63    98.76     1.31   346.75     1.26     0.06  9999.00  9999.00  9999.00
 00048   603.05     6.30    88.43     0.73   179.57    14.96     1.22  9999.00  9999.00  9999.00
 00049   576.62     0.05    99.45     0.58   185.79     0.55     3.64  9999.00  9999.00  9999.00
 00050   998.07    20.54    89.30     2.28    17.34     9.79     2.44  9999.00  9999.00  9999.00
