stn_id       p       t2      rh2      spd      dir      vis    rain6   rain24   tmax24   tmin24 
 00001   966.30    20.51    93.14     2.28    12.36     3.93  9999.00  9999.00  9999.00  9999.00
 00002   985.45    28.27    39.29     1.07   104.13    22.94  9999.00  9999.00  9999.00  9999.00
 00003   898.38    22.30    43.33     0.52   149.59    22.15  9999.00  9999.00  9999.00  9999.00
 00004   832.42    19.76    44.99     1.03   187.05    20.41  9999.00  9999.00  9999.00  9999.00
 00005   865.91    21.65    30.05     1.54   165.52    19.74  9999.00  9999.00  9999.00  9999.00
 00006   874.37    25.67    19.98     5.61   222.06    18.83  9999.00  9999.00  9999.00  9999.00
 00007   997.61    23.60    61.80     2.65   174.90    21.53  9999.00  9999.00  9999.00  9999.00
 00008   982.83    23.26    57.43     2.73   194.57    23.22  9999.00  9999.00  9999.00  9999.00
 00009   941.64    16.55    51.50     2.65   155.86    37.20  9999.00  9999.00  9999.00  9999.00
 00010   963.25    17.88    83.44     0.48   129.84    25.17  9999.00  9999.00  9999.00  9999.00
 00011   989.72    20.96    69.92     3.53   133.31    25.05  9999.00  9999.00  9999.00  9999.00
 00012  1001.92    24.09    55.00     2.23    50.26    20.65  9999.00  9999.00  9999.00  9999.00
 00013  1005.41    26.10    63.55     1.78   139.24    26.56  9999.00  9999.00  9999.00  9999.00
 00014  1002.69    25.18    71.80     0.43   282.40    26.78  9999.00  9999.00  9999.00  9999.00
 00015   986.86    28.47    41.82     2.98   169.95    21.75  9999.00  9999.00  9999.00  9999.00
 00016   946.97    23.09    64.07     1.70   118.52    24.20  9999.00  9999.00  9999.00  9999.00
 00017   988.72    27.52    53.54     1.43   218.10    24.82  9999.00  9999.00  9999.00  9999.00
 00018  1003.83    25.37    69.01     1.12   160.64    26.61  9999.00  9999.00  9999.00  9999.00
 00019   931.47    18.84    86.77     1.60   218.60    26.30  9999.00  9999.00  9999.00  9999.00
 00020  1008.48    21.59    92.19     2.19   333.97    16.78  9999.00  9999.00  9999.00  9999.00
 00021   882.61    17.43    61.32     1.38    95.01    25.55  9999.00  9999.00  9999.00  9999.00
 00022  1004.40    24.73    51.89     1.21    82.82    20.37  9999.00  9999.00  9999.00  9999.00
 00023   909.74    14.30    50.11     0.41   222.19    24.11  9999.00  9999.00  9999.00  9999.00
 00024   934.12    14.34    37.88     5.48   299.76    25.79  9999.00  9999.00  9999.00  9999.00
 00025   791.87    15.53    93.32     1.83   116.78    18.07  9999.00  9999.00  9999.00  9999.00
 00026  1004.35    24.32    83.52     0.45    61.64    27.75  9999.00  9999.00  9999.00  9999.00
 00027   999.50    24.92    84.89     1.09    93.77    27.89  9999.00  9999.00  9999.00  9999.00
 00028   968.64    23.39    83.49     1.11    34.70    26.64  9999.00  9999.00  9999.00  9999.00
 00029  1000.08    26.34    85.93     2.28    31.19    25.21  9999.00  9999.00  9999.00  9999.00
 00030   988.89    27.03    88.55     1.36    80.39    29.88  9999.00  9999.00  9999.00  9999.00
 00031   570.28     2.45    76.39     1.41   216.38    22.31  9999.00  9999.00  9999.00  9999.00
 00032   973.49    22.31    94.18     0.89   280.79    21.05  9999.00  9999.00  9999.00  9999.00
 00033  1002.48    23.71    97.62     1.87   153.03     3.37  9999.00  9999.00  9999.00  9999.00
 00034  1006.61    28.54    89.39     5.18   211.39    32.99  9999.00  9999.00  9999.00  9999.00
 00035  1001.61    27.07    93.69     1.74   184.43    13.09  9999.00  9999.00  9999.00  9999.00
 00036   772.93    12.45    95.27     0.82   316.26     7.90  9999.00  9999.00  9999.00  9999.00
 00037   964.04    21.89    94.42     0.65   284.88    22.36  9999.00  9999.00  9999.00  9999.00
 00038   990.59    23.43    95.13     1.35    83.56    24.99  9999.00  9999.00  9999.00  9999.00
 00039  1004.44    24.12    84.02     3.75    39.68    16.36  9999.00  9999.00  9999.00  9999.00
 00040  1001.51    24.02    92.34     5.28    57.33     4.78  9999.00  9999.00  9999.00  9999.00
 00041   965.82    24.83    68.31     0.66   155.75    26.56  9999.00  9999.00  9999.00  9999.00
 00042  1005.54    25.67    72.31     0.71   183.11    26.91  9999.00  9999.00  9999.00  9999.00
 00043   998.05    24.52    84.65     1.06    84.25    28.25  9999.00  9999.00  9999.00  9999.00
 00044   980.17    23.97    85.38     0.91    88.67    25.82  9999.00  9999.00  9999.00  9999.00
 00045  1001.51    24.02    92.34     5.28    57.33     4.78  9999.00  9999.00  9999.00  9999.00
 00046   937.54    22.76    84.98     1.74    81.16    24.94  9999.00  9999.00  9999.00  9999.00
 00047   996.78    23.20    90.38     2.51   320.74    13.76  9999.00  9999.00  9999.00  9999.00
 00048   601.82     4.55    88.84     1.26   120.87    20.74  9999.00  9999.00  9999.00  9999.00
 00049   575.11    -0.20    97.14     0.52   139.15     4.07  9999.00  9999.00  9999.00  9999.00
 00050   996.87    23.59    89.80     1.58    25.35    22.68  9999.00  9999.00  9999.00  9999.00
