stn_id       p       t2      rh2      spd      dir      vis    rain6   rain24   tmax24   tmin24 
 00001   980.05     6.66    93.03     0.43    83.03    22.17     0.00     0.03    12.68     5.94
 00002  1010.20   -13.20    88.97     1.34   261.41    25.19    -0.00     0.03    -3.51   -13.91
 00003   908.45    -6.39    87.66     1.06   274.36     4.47     0.00     0.00    -1.49    -7.97
 00004   834.28    -8.87    80.02     2.37   169.71     4.81     0.00     0.47    -2.54    -9.41
 00005   870.77    -7.21    82.46     1.71   210.72    17.22     0.01     0.39    -0.95    -9.25
 00006   880.04    -9.79    73.29     3.09   205.72    28.79     0.00     0.06    -6.63   -13.78
 00007  1021.52   -14.43    45.08     4.68    13.94    34.96     0.00     2.28    -8.50   -14.87
 00008  1006.32   -20.07    59.31     2.93    26.41    39.80     0.00     0.08   -12.26   -20.58
 00009   957.07   -37.70    99.72     1.81   221.48    50.73     0.00     0.00   -25.69   -37.71
 00010   978.66   -13.73    60.63     2.31   331.68    39.67     0.41     2.06    -8.55   -15.01
 00011  1015.38   -30.41   100.00     1.38   315.26    33.16     0.01     0.02   -21.15   -30.58
 00012  1027.42    -6.96    63.25     1.35    89.24    27.56     0.00     0.24    -0.25    -7.35
 00013  1024.46     3.60    85.10     3.36   331.36    21.40     0.58     5.45     5.73     3.58
 00014  1019.85     5.88    86.02     2.95   309.61    20.13     0.50     2.23    12.86     5.55
 00015  1009.75    -4.71    76.48     0.81   122.09    22.93    -0.00     1.46    -0.99    -6.71
 00016   962.32    -2.90    95.09     1.31   110.07    16.29     0.00     0.11     4.06    -5.20
 00017  1011.86    -5.42    87.85     0.54   289.19    22.04    -0.00     0.01    -1.50    -7.30
 00018  1024.07     3.05    84.02     2.81   340.77    20.73     0.08     5.31     4.84     2.77
 00019   942.49     8.33    80.57     1.01   315.59    25.74     0.00     0.09    13.42     7.95
 00020  1023.84     6.91    85.91     5.14   304.05    21.26     0.78     5.23    14.49     6.85
 00021   885.83   -15.23    83.98     1.11   120.40    33.34     0.12     0.52    -9.88   -16.70
 00022  1030.40    -6.56    37.38     3.07    83.43    25.89    -0.00     0.72    -0.16    -6.90
 00023   917.82   -11.83    87.49     6.18   258.98    21.61     0.97     2.81    -8.34   -14.40
 00024   941.65   -13.36    94.24     6.81   300.59    25.62     0.38     0.97   -11.15   -23.05
 00025   798.36     6.60    87.08     1.16   165.39    19.02     0.00     0.00    16.64     6.21
 00026  1022.90     5.91    83.62     3.63   247.09    19.52     0.04     6.40    11.42     5.72
 00027  1019.33     3.75    83.09     2.62   143.85    19.31     0.01     2.17     5.60     3.47
 00028   986.53     3.28    83.83     2.67    14.16    18.85     0.00     5.91     7.45     2.71
 00029  1013.53    15.59    70.06     4.82     7.70    20.78     0.00     0.08    27.69    15.55
 00030  1002.58    14.17    78.03     3.79    25.58    21.76     0.91     2.42    26.67    14.20
 00031   567.47   -12.22    83.79     1.59   207.03    33.14     0.01     0.02     0.84   -12.18
 00032   983.89    15.50    96.96     1.56    87.92     5.07     1.18     3.88    26.93    15.49
 00033  1013.34    21.55    99.02     1.39   136.86     8.09     0.21     0.38    22.58    20.20
 00034  1014.18    26.86    77.58     5.23    40.74    26.31     0.00     0.00    27.26    26.65
 00035  1012.45    23.21    95.68     1.30   194.79     6.17     0.00     1.09    28.35    22.18
 00036   777.42     4.02    93.86     1.54   144.09    14.69     0.07     0.31    12.74     3.66
 00037   973.99    15.99    98.69     1.00   114.22     2.98     2.58     4.58    26.98    15.62
 00038  1000.43    19.78    90.46     0.49   163.47    19.90     0.09     0.09    29.35    18.00
 00039  1014.73    20.30    90.95     9.83    31.99    14.41     0.99     1.00    25.99    20.29
 00040  1011.36    22.21    86.95     5.50    35.55    20.05     0.01     0.01    27.57    20.46
 00041   980.59     2.84    92.67     2.07     8.18    19.31     0.45     3.63     9.82     2.35
 00042  1024.73     4.85    85.42     2.47   335.03    20.83     0.22     6.46     7.85     4.62
 00043  1016.05     6.17    82.37     3.27    38.69    19.66     0.00     2.74    12.62     6.10
 00044   994.91     6.48    95.54     2.05   246.14     6.34     0.45    14.50    17.06     6.45
 00045  1011.36    22.21    86.95     5.50    35.55    20.05     0.01     0.01    27.57    20.46
 00046   949.40     8.60    94.05     2.25   358.66    12.15     0.13     1.15    24.08     8.60
 00047  1010.20    11.46    82.90     5.52   340.46     6.82     2.27     5.28    22.78    11.53
 00048   600.19   -14.50    51.51     1.29   177.37    35.88     0.01     0.07    -3.26   -14.44
 00049   573.34   -14.83    77.58     0.59   110.98    14.64     0.03     0.16    -0.80   -14.86
 00050  1007.44    18.09    93.37     5.22    31.06    16.50     1.63     1.71    27.03    18.03
