stn_id       p       t2      rh2      spd      dir      vis    rain6   rain24   tmax24   tmin24 
 00001   968.85    11.97    76.02     1.74    92.76    19.49     0.14  9999.00  9999.00  9999.00
 00002  1006.59    -2.30    87.83     2.26   332.57    17.83     1.62  9999.00  9999.00  9999.00
 00003   904.84    -3.43    81.94     2.00    60.28    21.08     0.81  9999.00  9999.00  9999.00
 00004   830.70    -4.00    81.83     2.37   146.83    17.15     0.73  9999.00  9999.00  9999.00
 00005   867.28    -1.88    87.70     2.33   165.47    13.42     2.20  9999.00  9999.00  9999.00
 00006   877.05     0.58    74.86     4.49   193.27    13.57     0.36  9999.00  9999.00  9999.00
 00007  1021.17    -2.85    18.28     2.66    40.10    35.44     0.00  9999.00  9999.00  9999.00
 00008  1007.64    -9.76    26.55     4.44    57.08    40.37     0.00  9999.00  9999.00  9999.00
 00009   958.96   -22.45    76.06     1.65   238.90    51.28     0.00  9999.00  9999.00  9999.00
 00010   983.90    -7.05    29.91     0.99    37.50    40.33     0.00  9999.00  9999.00  9999.00
 00011  1019.29   -19.68    83.46     0.56    55.02    44.54     0.00  9999.00  9999.00  9999.00
 00012  1024.15    -1.12    69.68     1.61    23.40    14.07     0.88  9999.00  9999.00  9999.00
 00013  1018.39    11.96    74.99     1.63   137.46    21.45     0.01  9999.00  9999.00  9999.00
 00014  1015.41    13.34    70.10     1.61   184.34    20.96     0.00  9999.00  9999.00  9999.00
 00015  1005.01     2.50    93.21     1.91    15.86     5.60     3.01  9999.00  9999.00  9999.00
 00016   956.52     1.49    79.60     2.83    26.01    22.06     0.03  9999.00  9999.00  9999.00
 00017  1005.43    -1.17    94.42     2.30    26.72    17.50     0.61  9999.00  9999.00  9999.00
 00018  1016.95     9.14    76.51     1.96   144.33    15.88     0.09  9999.00  9999.00  9999.00
 00019   932.82    10.19    75.96     1.27    40.07    24.68     0.09  9999.00  9999.00  9999.00
 00020  1021.28    18.33    66.12     1.94   181.10    21.50     0.00  9999.00  9999.00  9999.00
 00021   907.13   -16.55    84.11     2.95   165.84    28.42     0.39  9999.00  9999.00  9999.00
 00022  1026.51     0.10    78.48     2.05    33.26    10.11     0.98  9999.00  9999.00  9999.00
 00023   941.40   -22.21    77.03     2.43   272.71    34.18     0.00  9999.00  9999.00  9999.00
 00024   967.84   -26.15    91.53     6.75   309.52    28.08     0.03  9999.00  9999.00  9999.00
 00025   796.74    15.33    84.25     4.22   229.97    14.49     1.16  9999.00  9999.00  9999.00
 00026  1016.33    11.29    80.19     0.93   201.37    19.35     0.08  9999.00  9999.00  9999.00
 00027  1010.58    12.52    77.92     2.67   162.56    19.37     0.09  9999.00  9999.00  9999.00
 00028   977.23     9.56    86.46     0.84    41.76    17.84     0.42  9999.00  9999.00  9999.00
 00029  1012.63    24.27    64.99     1.16    69.95    20.83     0.00  9999.00  9999.00  9999.00
 00030  1000.89    22.27    72.69     1.76   149.43    22.10     0.03  9999.00  9999.00  9999.00
 00031   566.00    -6.32    12.42     4.95   255.35    34.22     0.02  9999.00  9999.00  9999.00
 00032   985.24    17.96    73.93     1.35    44.18    18.15     0.00  9999.00  9999.00  9999.00
 00033  1013.09    22.78    86.59     6.78    62.33    17.42     0.05  9999.00  9999.00  9999.00
 00034  1013.44    28.14    82.98     7.16    78.10    26.52     0.24  9999.00  9999.00  9999.00
 00035  1012.09    28.17    73.33     3.86    83.95    20.09     0.63  9999.00  9999.00  9999.00
 00036   774.01    12.84    58.94     4.54   199.98    20.97     0.06  9999.00  9999.00  9999.00
 00037   975.42    17.83    75.59     0.92    66.45    18.08     0.00  9999.00  9999.00  9999.00
 00038  1001.91    24.66    54.87     2.27    86.29    20.07     0.00  9999.00  9999.00  9999.00
 00039  1016.26    21.54    73.00     8.71    36.33    19.73     0.00  9999.00  9999.00  9999.00
 00040  1013.21    24.18    63.11     6.98    58.93    20.72     0.00  9999.00  9999.00  9999.00
 00041   975.63     8.76    80.15     1.62   155.20    19.16     0.03  9999.00  9999.00  9999.00
 00042  1018.23    11.08    72.13     1.18   132.57    20.71     0.02  9999.00  9999.00  9999.00
 00043  1009.59    12.28    79.47     0.42   211.97    19.59     0.03  9999.00  9999.00  9999.00
 00044   990.55    15.22    76.81     1.76    72.86    19.23     0.00  9999.00  9999.00  9999.00
 00045  1013.21    24.18    63.11     6.98    58.93    20.72     0.00  9999.00  9999.00  9999.00
 00046   947.68    20.71    67.57     1.16   164.03    18.91     0.02  9999.00  9999.00  9999.00
 00047  1010.24    17.48    74.33     0.84   253.06    19.60     0.00  9999.00  9999.00  9999.00
 00048   597.36    -5.48    36.91     2.59   210.81    29.24     0.11  9999.00  9999.00  9999.00
 00049   571.18    -9.33    35.18     3.79   202.27    26.74     0.00  9999.00  9999.00  9999.00
 00050  1008.55    22.06    65.46     5.04    38.43    19.28     0.00  9999.00  9999.00  9999.00
