stn_id       p       t2      rh2      spd      dir      vis    rain6   rain24   tmax24   tmin24 
 00001   980.07     6.12    93.79     1.57   226.46    22.13  9999.00  9999.00  9999.00  9999.00
 00002  1009.19   -13.19    93.28     1.51   286.91    25.95  9999.00  9999.00  9999.00  9999.00
 00003   907.94    -7.49    92.40     0.52   296.34    24.18  9999.00  9999.00  9999.00  9999.00
 00004   834.40    -8.34    89.92     2.12   168.97     3.44  9999.00  9999.00  9999.00  9999.00
 00005   870.44    -7.04    63.74     1.45   192.19    25.68  9999.00  9999.00  9999.00  9999.00
 00006   879.89    -9.19    77.88     3.57   210.28    28.77  9999.00  9999.00  9999.00  9999.00
 00007  1020.59   -14.49    50.53     4.71    12.02    34.89  9999.00  9999.00  9999.00  9999.00
 00008  1005.76   -20.51    65.88     3.55    26.65    39.74  9999.00  9999.00  9999.00  9999.00
 00009   957.00   -37.39    99.81     1.73   219.11    50.68  9999.00  9999.00  9999.00  9999.00
 00010   977.63   -12.50    64.34     2.31   333.15    35.72  9999.00  9999.00  9999.00  9999.00
 00011  1014.40   -29.26   100.00     2.16    19.28    43.81  9999.00  9999.00  9999.00  9999.00
 00012  1026.66    -7.12    83.91     1.31   100.09    27.54  9999.00  9999.00  9999.00  9999.00
 00013  1023.03     4.33    88.33     3.75   332.91    19.33  9999.00  9999.00  9999.00  9999.00
 00014  1018.20     5.60    88.11     3.90   317.67    11.51  9999.00  9999.00  9999.00  9999.00
 00015  1008.75    -4.53    73.28     1.71   157.09    22.89  9999.00  9999.00  9999.00  9999.00
 00016   962.14    -5.01    97.52     1.95    95.56    21.38  9999.00  9999.00  9999.00  9999.00
 00017  1010.98    -6.65    90.43     2.12    72.71    22.01  9999.00  9999.00  9999.00  9999.00
 00018  1022.99     3.31    85.32     3.24   323.03    19.02  9999.00  9999.00  9999.00  9999.00
 00019   942.91     8.30    83.01     0.77   297.16    25.97  9999.00  9999.00  9999.00  9999.00
 00020  1021.97     7.18    87.99     5.85   310.83     7.10  9999.00  9999.00  9999.00  9999.00
 00021   884.50   -15.97    94.30     1.61   152.79    16.96  9999.00  9999.00  9999.00  9999.00
 00022  1029.77    -6.41    38.63     2.51    86.51    25.87  9999.00  9999.00  9999.00  9999.00
 00023   915.08    -9.46    89.55     4.02   266.87    14.00  9999.00  9999.00  9999.00  9999.00
 00024   939.92   -13.41    93.16     5.05   293.82    14.02  9999.00  9999.00  9999.00  9999.00
 00025   797.80     6.71    84.64     1.27   165.30    19.01  9999.00  9999.00  9999.00  9999.00
 00026  1021.51     5.77    85.19     4.32     3.57    18.59  9999.00  9999.00  9999.00  9999.00
 00027  1018.79     3.86    83.89     3.78   356.05    19.45  9999.00  9999.00  9999.00  9999.00
 00028   985.83     2.90    86.89     2.56   258.01    18.85  9999.00  9999.00  9999.00  9999.00
 00029  1011.65    16.50    71.34     5.37     5.18    20.76  9999.00  9999.00  9999.00  9999.00
 00030  1000.10    15.25    85.64     3.90    36.27    21.70  9999.00  9999.00  9999.00  9999.00
 00031   567.96   -10.72    77.58     1.92   203.76    31.60  9999.00  9999.00  9999.00  9999.00
 00032   981.92    16.11    99.37     1.85    91.27     1.77  9999.00  9999.00  9999.00  9999.00
 00033  1011.54    21.66    98.87     2.41   127.46     0.98  9999.00  9999.00  9999.00  9999.00
 00034  1012.68    26.82    76.54     3.24    81.92    26.53  9999.00  9999.00  9999.00  9999.00
 00035  1010.85    22.68    96.51     1.28    33.58    15.63  9999.00  9999.00  9999.00  9999.00
 00036   777.25     4.61    91.37     1.26   105.25    17.89  9999.00  9999.00  9999.00  9999.00
 00037   971.99    16.78    99.69     1.34   113.12     1.13  9999.00  9999.00  9999.00  9999.00
 00038   998.24    18.24    94.81     1.40   319.63    19.99  9999.00  9999.00  9999.00  9999.00
 00039  1012.54    21.26    94.03     9.68    28.33    14.19  9999.00  9999.00  9999.00  9999.00
 00040  1009.09    20.75    91.02     2.03   326.48    20.69  9999.00  9999.00  9999.00  9999.00
 00041   979.51     2.57    93.13     2.19   217.50    14.42  9999.00  9999.00  9999.00  9999.00
 00042  1023.53     5.01    90.22     2.65   314.49    16.87  9999.00  9999.00  9999.00  9999.00
 00043  1014.72     6.32    82.48     3.45    39.85    19.55  9999.00  9999.00  9999.00  9999.00
 00044   993.15     6.67    97.16     2.75   252.99     4.28  9999.00  9999.00  9999.00  9999.00
 00045  1009.09    20.75    91.02     2.03   326.48    20.69  9999.00  9999.00  9999.00  9999.00
 00046   947.76     9.55    95.67     2.36   340.48    18.05  9999.00  9999.00  9999.00  9999.00
 00047  1007.70    12.92    84.04     4.82   342.38    10.34  9999.00  9999.00  9999.00  9999.00
 00048   600.75   -13.56    50.16     1.44   182.21    35.78  9999.00  9999.00  9999.00  9999.00
 00049   573.68   -12.40    76.49     0.66   120.16    21.08  9999.00  9999.00  9999.00  9999.00
 00050  1005.29    18.90    95.43     5.71    30.64    17.04  9999.00  9999.00  9999.00  9999.00
