stn_id       p       t2      rh2      spd      dir      vis    rain6   rain24   tmax24   tmin24 
 00001   976.99    12.11    82.60     2.02   292.27    21.21  9999.00  9999.00  9999.00  9999.00
 00002  1012.41    -4.49    83.68     1.51   339.65    25.77  9999.00  9999.00  9999.00  9999.00
 00003   910.90    -4.37    74.60     1.20   206.12    24.34  9999.00  9999.00  9999.00  9999.00
 00004   837.51    -3.28    87.30     2.79   261.29    18.69  9999.00  9999.00  9999.00  9999.00
 00005   873.89    -2.39    78.94     2.55   315.51    21.36  9999.00  9999.00  9999.00  9999.00
 00006   886.04    -8.92    55.50     5.33   282.17    28.71  9999.00  9999.00  9999.00  9999.00
 00007  1021.62    -8.85    34.41     6.49    23.62    14.25  9999.00  9999.00  9999.00  9999.00
 00008  1009.17   -12.40    39.52     3.35    32.39    39.48  9999.00  9999.00  9999.00  9999.00
 00009   962.45   -29.03    77.70     1.98   246.07    50.52  9999.00  9999.00  9999.00  9999.00
 00010   982.63    -9.50    25.57     1.11    11.69    39.37  9999.00  9999.00  9999.00  9999.00
 00011  1018.65   -22.72    84.65     1.46   339.50    43.56  9999.00  9999.00  9999.00  9999.00
 00012  1029.00    -1.52    60.80     1.30    41.38    27.10  9999.00  9999.00  9999.00  9999.00
 00013  1019.10     4.51    88.54     5.72   345.48    21.21  9999.00  9999.00  9999.00  9999.00
 00014  1011.98    12.44    89.04     4.84   331.51    19.79  9999.00  9999.00  9999.00  9999.00
 00015  1008.20    -2.44    90.33     4.85    18.21    18.58  9999.00  9999.00  9999.00  9999.00
 00016   966.58     2.08    85.91     0.56   221.61    19.94  9999.00  9999.00  9999.00  9999.00
 00017  1012.30    -2.30    84.74     4.47    32.68    21.93  9999.00  9999.00  9999.00  9999.00
 00018  1019.56     3.07    87.60     4.73   354.68    20.24  9999.00  9999.00  9999.00  9999.00
 00019   941.41    12.08    77.26     1.02   199.00    25.61  9999.00  9999.00  9999.00  9999.00
 00020  1015.62    13.91    94.16     5.13   306.41    15.09  9999.00  9999.00  9999.00  9999.00
 00021   889.44   -13.30    95.41     1.35   215.24    17.84  9999.00  9999.00  9999.00  9999.00
 00022  1031.77    -2.38    59.89     3.30    19.62    22.33  9999.00  9999.00  9999.00  9999.00
 00023   916.53   -12.42    69.63     0.85   132.95    29.42  9999.00  9999.00  9999.00  9999.00
 00024   946.80   -20.43    92.59     1.99    93.36    20.08  9999.00  9999.00  9999.00  9999.00
 00025   797.76    14.26    55.70     4.28   240.32    19.03  9999.00  9999.00  9999.00  9999.00
 00026  1014.89    11.12    91.71     6.15    11.05    10.61  9999.00  9999.00  9999.00  9999.00
 00027  1014.30     5.56    91.13     6.01   343.02     6.01  9999.00  9999.00  9999.00  9999.00
 00028   981.53     6.92    91.24     4.56    14.37     2.56  9999.00  9999.00  9999.00  9999.00
 00029  1010.48    25.78    73.97     2.73   188.41    20.70  9999.00  9999.00  9999.00  9999.00
 00030   999.32    24.71    81.39     3.65   170.18    21.31  9999.00  9999.00  9999.00  9999.00
 00031   572.57    -5.35    31.04     1.06   221.79    34.43  9999.00  9999.00  9999.00  9999.00
 00032   978.87    24.00    68.47     0.98   234.57    18.05  9999.00  9999.00  9999.00  9999.00
 00033  1013.18    21.55    98.70     1.92   141.35     1.00  9999.00  9999.00  9999.00  9999.00
 00034  1014.84    26.98    75.90     3.76   107.81    26.60  9999.00  9999.00  9999.00  9999.00
 00035  1012.22    27.59    74.25     2.80   131.31    23.59  9999.00  9999.00  9999.00  9999.00
 00036   776.86     9.36    75.87     1.35   184.34    20.89  9999.00  9999.00  9999.00  9999.00
 00037   969.30    24.11    69.21     0.90   247.15    17.99  9999.00  9999.00  9999.00  9999.00
 00038   997.75    26.19    64.54     1.00   237.91    20.03  9999.00  9999.00  9999.00  9999.00
 00039  1011.03    24.38    72.62     1.06   166.06    19.67  9999.00  9999.00  9999.00  9999.00
 00040  1009.41    26.09    67.78     1.78   193.43    20.71  9999.00  9999.00  9999.00  9999.00
 00041   975.03     7.94    93.44     3.28   278.66    13.45  9999.00  9999.00  9999.00  9999.00
 00042  1019.38     5.67    91.49     4.62   338.46    18.52  9999.00  9999.00  9999.00  9999.00
 00043  1008.11    11.81    93.28     4.83    25.81     6.73  9999.00  9999.00  9999.00  9999.00
 00044   986.99    16.47    95.00     1.18   276.68    11.75  9999.00  9999.00  9999.00  9999.00
 00045  1009.41    26.09    67.78     1.78   193.43    20.71  9999.00  9999.00  9999.00  9999.00
 00046   944.19    23.16    72.17     2.87   221.64    18.84  9999.00  9999.00  9999.00  9999.00
 00047  1002.59    20.57    82.08     0.77   284.20    11.90  9999.00  9999.00  9999.00  9999.00
 00048   605.85    -7.48    63.65     1.22    24.37    36.25  9999.00  9999.00  9999.00  9999.00
 00049   575.37    -6.27    51.83     0.98    44.05    27.73  9999.00  9999.00  9999.00  9999.00
 00050  1003.02    25.43    65.24     2.08   201.99    19.19  9999.00  9999.00  9999.00  9999.00
