stn_id       p       t2      rh2      spd      dir      vis    rain6   rain24   tmax24   tmin24 
 00001   976.50    27.20    79.57     1.00   270.00    12.00     0.00  9999.00  9999.00  9999.00
 00002  1000.80    20.20    96.93     1.00   320.00     1.30     5.00  9999.00  9999.00  9999.00
 00003   922.90    19.50    93.90     2.00    20.00    14.00     0.00  9999.00  9999.00  9999.00
 00004   858.30    13.30    98.05     0.00     0.00     3.00     0.00  9999.00  9999.00  9999.00
 00005   883.40    15.00    88.92     3.00   340.00    12.00     0.00  9999.00  9999.00  9999.00
 00006   882.20    17.80    64.65     3.00   200.00    30.00     0.00  9999.00  9999.00  9999.00
 00007  1005.30    19.30    95.69     0.00   110.00    17.00     0.00  9999.00  9999.00  9999.00
 00008   984.40    13.50    89.99     1.00    40.00    11.00     0.00  9999.00  9999.00  9999.00
 00009   957.70     2.30    97.17     2.00   220.00     4.60     0.10  9999.00  9999.00  9999.00
 00010   982.30    20.40    95.73     1.00   250.00  9999.00     0.00  9999.00  9999.00  9999.00
 00011   998.80    12.80   100.00     0.00     0.00     0.30     0.00  9999.00  9999.00  9999.00
 00012  1007.80    19.80   100.00     1.00    90.00     4.30     3.00  9999.00  9999.00  9999.00
 00013  1004.70    23.60    87.92     3.00   110.00    11.00     0.00  9999.00  9999.00  9999.00
 00014  1003.80    23.80    82.66     1.00   220.00    14.00     0.00  9999.00  9999.00  9999.00
 00015   989.80    24.60    82.75     1.00   110.00     4.70     0.00  9999.00  9999.00  9999.00
 00016   960.10    23.70    92.93     1.00    20.00     8.00     0.00  9999.00  9999.00  9999.00
 00017   994.80    27.80    61.88     1.00   110.00    16.00     0.00  9999.00  9999.00  9999.00
 00018  1005.00    23.90    72.96     2.00    40.00    21.00     0.00  9999.00  9999.00  9999.00
 00019   942.80    23.00    95.80     3.00   270.00     1.20    26.00  9999.00  9999.00  9999.00
 00020  1009.30    21.30    89.96     1.00   110.00    24.00     0.00  9999.00  9999.00  9999.00
 00021   909.90    19.00    45.70     3.00   180.00    29.00     0.00  9999.00  9999.00  9999.00
 00022  1011.10    20.90    93.97     1.00    20.00     3.20     1.00  9999.00  9999.00  9999.00
 00023   931.60    18.50    43.71     2.00   200.00    30.00     0.00  9999.00  9999.00  9999.00
 00024   960.80     9.40    96.02     1.00    20.00    28.00     0.00  9999.00  9999.00  9999.00
 00025   810.70    18.90    92.68     1.00   340.00    20.00     0.60  9999.00  9999.00  9999.00
 00026  1001.60    27.10    77.64     1.00    90.00    18.00     0.00  9999.00  9999.00  9999.00
 00027   992.40    27.40    83.05     1.00    70.00     9.00     0.00  9999.00  9999.00  9999.00
 00028   973.60    25.30    89.13     1.00    20.00    14.00     0.00  9999.00  9999.00  9999.00
 00029   999.10    24.80    95.85     2.00    90.00     7.00     4.00  9999.00  9999.00  9999.00
 00030   987.10    25.20    95.87     1.00   140.00    12.00     0.00  9999.00  9999.00  9999.00
 00031   627.40    12.80    64.84     1.00    20.00    30.00     0.00  9999.00  9999.00  9999.00
 00032   999.80    25.00    82.79     4.00   340.00    20.00     0.00  9999.00  9999.00  9999.00
 00033   996.80    25.60    93.02     3.00   160.00    26.00     0.00  9999.00  9999.00  9999.00
 00034  1005.80    29.40    81.78     4.00   200.00    18.00     0.00  9999.00  9999.00  9999.00
 00035  1002.10    26.00    97.05     0.00   220.00    26.00     0.10  9999.00  9999.00  9999.00
 00036   838.10    20.00   100.00     0.00     0.00     4.40    21.00  9999.00  9999.00  9999.00
 00037  1003.00    23.40    90.10     1.00   340.00    16.00     0.00  9999.00  9999.00  9999.00
 00038  1002.20    24.90    92.99     2.00   270.00     7.00     0.00  9999.00  9999.00  9999.00
 00039  1005.70    26.20    81.92     4.00    20.00    17.00     0.00  9999.00  9999.00  9999.00
 00040  1003.00    22.70    95.21     4.00    40.00     1.10     4.00  9999.00  9999.00  9999.00
 00041   816.30    16.20    74.02     2.00   320.00    23.00     0.00  9999.00  9999.00  9999.00
 00042  1003.00    22.90    86.78     3.00    90.00    14.00     0.00  9999.00  9999.00  9999.00
 00043   999.00    25.80    98.22     2.00    90.00    30.00     0.00  9999.00  9999.00  9999.00
 00044   994.50    24.80    69.96     2.00    70.00    14.00     0.00  9999.00  9999.00  9999.00
 00045  1003.00    22.70    95.21     4.00    40.00     1.10     4.00  9999.00  9999.00  9999.00
 00046   962.80    23.70    95.82     0.00     0.00    11.00     0.00  9999.00  9999.00  9999.00
 00047  1005.30    24.30    86.90     2.00   290.00     8.00     0.00  9999.00  9999.00  9999.00
 00048   654.60    16.00    53.73     1.00    20.00    30.00     0.00  9999.00  9999.00  9999.00
 00049   604.70     6.70    85.76     1.00   160.00    30.00     0.00  9999.00  9999.00  9999.00
 00050  1000.90    24.80    82.77     4.00    20.00    24.00     0.00  9999.00  9999.00  9999.00
