stn_id       p       t2      rh2      spd      dir      vis    rain6   rain24   tmax24   tmin24 
 00001   977.10    30.10    71.73     3.00   220.00    17.00     0.00  9999.00  9999.00  9999.00
 00002   991.90    28.40    79.72     1.00   160.00  9999.00     0.00  9999.00  9999.00  9999.00
 00003   918.60    25.00    41.69     1.00    20.00    30.00     0.00  9999.00  9999.00  9999.00
 00004   856.40    16.10    61.72     2.00   220.00    30.00     0.00  9999.00  9999.00  9999.00
 00005   881.40    20.50    28.86     3.00   340.00    30.00     0.00  9999.00  9999.00  9999.00
 00006   881.40    18.10    45.76     5.00   360.00    30.00     0.00  9999.00  9999.00  9999.00
 00007   995.20    22.20    96.97     1.00   160.00     9.00    32.00  9999.00  9999.00  9999.00
 00008   972.90    20.50    98.76     2.00   250.00     3.30    18.00  9999.00  9999.00  9999.00
 00009   954.00    14.30    70.79     2.00   250.00    30.00     0.00  9999.00  9999.00  9999.00
 00010   974.70    23.10    91.77     1.00   110.00    13.00     0.30  9999.00  9999.00  9999.00
 00011   986.30    21.30   100.00     2.00   110.00     6.00    12.00  9999.00  9999.00  9999.00
 00012   998.10    26.70    77.58     2.00   180.00    21.00     0.00  9999.00  9999.00  9999.00
 00013   999.70    25.10    98.80     4.00   320.00     1.30    37.00  9999.00  9999.00  9999.00
 00014   998.90    28.30    78.75     2.00   290.00    19.00     0.20  9999.00  9999.00  9999.00
 00015  9999.00  9999.00  9999.00  9999.00  9999.00  9999.00  9999.00  9999.00  9999.00  9999.00
 00016   956.40    27.70    65.82     1.00   160.00    30.00     0.00  9999.00  9999.00  9999.00
 00017   989.80    29.60    63.80     0.00   270.00    27.00     0.00  9999.00  9999.00  9999.00
 00018  1001.00    28.60    76.90     1.00    70.00    16.00     0.00  9999.00  9999.00  9999.00
 00019   940.10    28.60    79.73     1.00   360.00    15.00     0.00  9999.00  9999.00  9999.00
 00020  1003.20    31.70    66.58     3.00   160.00    17.00     0.00  9999.00  9999.00  9999.00
 00021   906.70    27.50    30.75     2.00   290.00    30.00     0.00  9999.00  9999.00  9999.00
 00022  1002.00    24.70    90.74     1.00   220.00     6.00     0.00  9999.00  9999.00  9999.00
 00023   929.30    29.40    13.77     2.00   360.00    30.00     0.00  9999.00  9999.00  9999.00
 00024   955.20    28.10    28.70     2.00   290.00    22.00     0.00  9999.00  9999.00  9999.00
 00025   810.80    17.90    95.03     1.00   220.00     6.00    35.00  9999.00  9999.00  9999.00
 00026   999.45    28.30  9999.00     3.00   250.00     7.00     8.00  9999.00  9999.00  9999.00
 00027   991.20    24.70    95.85     2.00   200.00  9999.00    20.00  9999.00  9999.00  9999.00
 00028   972.60    24.50   100.00     2.00   250.00     2.60    33.00  9999.00  9999.00  9999.00
 00029   998.90    25.60    96.46     2.00   340.00     9.00    10.00  9999.00  9999.00  9999.00
 00030   987.90    28.90    79.78     4.00   140.00    26.00     0.00  9999.00  9999.00  9999.00
 00031   626.50    17.90    52.73     1.00   340.00    30.00     0.00  9999.00  9999.00  9999.00
 00032   997.20    26.40    83.96     1.00    90.00     8.00     6.00  9999.00  9999.00  9999.00
 00033   998.70    27.90    94.81     2.00   110.00    19.00    33.00  9999.00  9999.00  9999.00
 00034  1006.10    30.10    79.93     5.00   200.00    19.00     0.00  9999.00  9999.00  9999.00
 00035  1003.90    30.30    76.68     1.00    70.00    30.00     0.00  9999.00  9999.00  9999.00
 00036   838.40    22.00    81.91     1.00   110.00    30.00     0.00  9999.00  9999.00  9999.00
 00037  1000.20    26.10    93.05     1.00    40.00     9.00     1.00  9999.00  9999.00  9999.00
 00038  1001.00    28.00    83.62     1.00    40.00    30.00     0.00  9999.00  9999.00  9999.00
 00039  1004.70    27.70    90.92     5.00   220.00    17.00     0.00  9999.00  9999.00  9999.00
 00040  1002.00    28.00    88.79     3.00   250.00    22.00     0.00  9999.00  9999.00  9999.00
 00041   814.20    17.20   100.00     4.00   250.00     0.10     0.00  9999.00  9999.00  9999.00
 00042   999.30    26.10    89.73     2.00   220.00    13.00     0.30  9999.00  9999.00  9999.00
 00043   998.00    26.70   100.00     2.00   200.00    30.00     0.00  9999.00  9999.00  9999.00
 00044   993.20    25.10    97.03     2.00   140.00     4.10     3.00  9999.00  9999.00  9999.00
 00045  1002.00    28.00    88.79     3.00   250.00    22.00     0.00  9999.00  9999.00  9999.00
 00046   962.10    25.00   100.00     1.00   270.00    11.00     7.00  9999.00  9999.00  9999.00
 00047  1001.90    28.10    84.64     2.00   250.00    10.00     0.00  9999.00  9999.00  9999.00
 00048   655.50    14.90    77.83     4.00   110.00     7.00     0.20  9999.00  9999.00  9999.00
 00049   604.10     9.80    82.02     2.00   250.00    30.00     0.60  9999.00  9999.00  9999.00
 00050   999.50    27.90    82.60     3.00   200.00    25.00     0.00  9999.00  9999.00  9999.00
