stn_id       p       t2      rh2      spd      dir      vis    rain6   rain24   tmax24   tmin24 
 00001   962.16    21.77    94.68     0.29   151.54    10.12  9999.00  9999.00  9999.00  9999.00
 00002   997.38    18.16    33.08     3.78   338.87    20.50  9999.00  9999.00  9999.00  9999.00
 00003   905.30    12.36    24.77     6.96     8.91    19.35  9999.00  9999.00  9999.00  9999.00
 00004   837.84     5.46    39.44     4.40    19.69    18.00  9999.00  9999.00  9999.00  9999.00
 00005   874.82     7.08    36.71     1.86   284.57    18.16  9999.00  9999.00  9999.00  9999.00
 00006   885.05     7.98    45.19     4.37   295.58    18.14  9999.00  9999.00  9999.00  9999.00
 00007  1000.95    13.94    58.03     4.40   331.45    19.82  9999.00  9999.00  9999.00  9999.00
 00008   983.05    12.05    66.60     4.63   306.31    21.91  9999.00  9999.00  9999.00  9999.00
 00009   946.62    11.89    40.53     2.87   337.08    37.23  9999.00  9999.00  9999.00  9999.00
 00010   957.97    12.10    66.75     5.29   279.58    22.76  9999.00  9999.00  9999.00  9999.00
 00011   987.36    12.30    70.46     5.04   306.97    24.50  9999.00  9999.00  9999.00  9999.00
 00012  1011.37    19.59    29.85     4.31   319.01    19.14  9999.00  9999.00  9999.00  9999.00
 00013  1005.44    21.68    84.66     3.33    79.63    24.29  9999.00  9999.00  9999.00  9999.00
 00014  1002.10    22.27    88.15     1.60    69.89    24.69  9999.00  9999.00  9999.00  9999.00
 00015   995.40    17.01    37.22     3.62   152.61    19.26  9999.00  9999.00  9999.00  9999.00
 00016   958.18    11.21    84.61     3.33   325.07     2.97  9999.00  9999.00  9999.00  9999.00
 00017   996.65    15.40    73.67     5.81    36.25    12.76  9999.00  9999.00  9999.00  9999.00
 00018  1003.05    22.92    81.99     3.05    75.91    24.33  9999.00  9999.00  9999.00  9999.00
 00019   928.51    21.30    88.07     1.33    74.79    17.48  9999.00  9999.00  9999.00  9999.00
 00020  1009.21    21.97    81.21     3.80   142.33    22.59  9999.00  9999.00  9999.00  9999.00
 00021   889.56    11.04    80.72     1.64   148.37    26.97  9999.00  9999.00  9999.00  9999.00
 00022  1013.95    18.55    33.01     4.42   324.98    18.54  9999.00  9999.00  9999.00  9999.00
 00023   915.90    10.12    76.44     1.39   207.51    25.19  9999.00  9999.00  9999.00  9999.00
 00024   940.43    11.45    71.36     0.62   168.20    26.69  9999.00  9999.00  9999.00  9999.00
 00025   792.65    18.35    57.83     3.72   242.19    26.35  9999.00  9999.00  9999.00  9999.00
 00026  1002.02    23.47    97.20     2.19   152.53    16.57  9999.00  9999.00  9999.00  9999.00
 00027   997.14    24.27    92.37     1.05   118.82    22.50  9999.00  9999.00  9999.00  9999.00
 00028   965.49    22.89    95.25     0.81   101.85    16.35  9999.00  9999.00  9999.00  9999.00
 00029  1003.03    27.32    86.38     5.79   177.94    26.27  9999.00  9999.00  9999.00  9999.00
 00030   988.09    28.27    81.87     4.24   168.08    31.39  9999.00  9999.00  9999.00  9999.00
 00031   571.61    -1.12    62.35     1.46   236.79    24.20  9999.00  9999.00  9999.00  9999.00
 00032   973.92    22.65    92.47     0.90   260.02    18.05  9999.00  9999.00  9999.00  9999.00
 00033  1004.21    23.24    97.36     5.62   168.73     0.73  9999.00  9999.00  9999.00  9999.00
 00034  1009.02    28.30    90.00     6.13   176.15    30.63  9999.00  9999.00  9999.00  9999.00
 00035  1004.18    28.49    85.78     5.66   189.50    29.49  9999.00  9999.00  9999.00  9999.00
 00036   771.34    14.45    78.44     0.77    87.42    18.23  9999.00  9999.00  9999.00  9999.00
 00037   964.40    22.38    93.75     0.80   261.76    20.54  9999.00  9999.00  9999.00  9999.00
 00038   992.33    23.96    93.80     1.11   143.62    10.84  9999.00  9999.00  9999.00  9999.00
 00039  1006.08    24.23    92.68     3.88   197.50    12.19  9999.00  9999.00  9999.00  9999.00
 00040  1003.94    25.60    90.06     2.17   152.62    24.33  9999.00  9999.00  9999.00  9999.00
 00041   964.17    22.54    83.94     0.52   125.79    22.54  9999.00  9999.00  9999.00  9999.00
 00042  1004.65    23.16    88.48     1.10   124.84    24.94  9999.00  9999.00  9999.00  9999.00
 00043   995.72    24.05    94.91     2.01   138.86    21.79  9999.00  9999.00  9999.00  9999.00
 00044   978.25    23.93    91.78     1.18   118.86    13.59  9999.00  9999.00  9999.00  9999.00
 00045  1003.94    25.60    90.06     2.17   152.62    24.33  9999.00  9999.00  9999.00  9999.00
 00046   938.39    23.22    89.72     3.06   173.56    25.78  9999.00  9999.00  9999.00  9999.00
 00047   997.43    21.73    98.36     1.59    40.39     1.02  9999.00  9999.00  9999.00  9999.00
 00048   602.86    -0.62    88.33     1.01   175.32    14.46  9999.00  9999.00  9999.00  9999.00
 00049   575.91    -2.74    93.99     0.91   144.20    12.60  9999.00  9999.00  9999.00  9999.00
 00050   998.17    24.44    89.53     3.09   211.03    23.44  9999.00  9999.00  9999.00  9999.00
