stn_id       p       t2      rh2      spd      dir      vis    rain6   rain24   tmax24   tmin24 
 00001   978.05    12.02    85.68     1.05   117.66    21.79  9999.00  9999.00  9999.00  9999.00
 00002   996.20    -2.77    77.11     1.58   274.22    25.31  9999.00  9999.00  9999.00  9999.00
 00003   901.86    -4.36    47.47     0.94   285.29    23.78  9999.00  9999.00  9999.00  9999.00
 00004   830.95    -3.95    44.27     2.87   220.78    23.62  9999.00  9999.00  9999.00  9999.00
 00005   864.91    -3.82    43.95     2.03   177.74    25.87  9999.00  9999.00  9999.00  9999.00
 00006   872.42    -3.32    53.83     6.22   210.92    27.35  9999.00  9999.00  9999.00  9999.00
 00007  1005.99    -4.76    88.99     1.27    53.20    32.02  9999.00  9999.00  9999.00  9999.00
 00008   990.22   -13.19    99.90     2.61   155.36     7.58  9999.00  9999.00  9999.00  9999.00
 00009   931.32   -10.39    86.71     3.64   190.83    46.83  9999.00  9999.00  9999.00  9999.00
 00010   968.12    -4.85    92.45     1.42   272.65    36.49  9999.00  9999.00  9999.00  9999.00
 00011   997.64   -12.30    97.49     4.61   187.60    40.04  9999.00  9999.00  9999.00  9999.00
 00012  1012.04    -1.53    69.96     1.10   217.62    26.24  9999.00  9999.00  9999.00  9999.00
 00013  1015.31     5.23    84.36     2.30   229.87    20.56  9999.00  9999.00  9999.00  9999.00
 00014  1012.58     5.25    96.22     2.04   236.22    19.95  9999.00  9999.00  9999.00  9999.00
 00015   995.80     0.00    84.49     2.21   176.18    22.07  9999.00  9999.00  9999.00  9999.00
 00016   956.15     1.80    86.21     1.04   141.07    22.14  9999.00  9999.00  9999.00  9999.00
 00017   998.02     6.60    50.56     3.22   275.98    21.14  9999.00  9999.00  9999.00  9999.00
 00018  1013.95     5.63    86.59     2.33   211.94    20.01  9999.00  9999.00  9999.00  9999.00
 00019   942.11     9.51    89.74     1.01   256.09    22.56  9999.00  9999.00  9999.00  9999.00
 00020  1017.81     7.62    93.09     2.43   273.41    20.53  9999.00  9999.00  9999.00  9999.00
 00021   898.86    -1.16    68.52     2.57   134.47    30.73  9999.00  9999.00  9999.00  9999.00
 00022  1015.20    -2.82    82.83     2.06   332.58    24.74  9999.00  9999.00  9999.00  9999.00
 00023   928.82    -3.72    79.87     2.57   262.84    29.35  9999.00  9999.00  9999.00  9999.00
 00024   952.45    -6.12    78.41     6.44   281.25    32.30  9999.00  9999.00  9999.00  9999.00
 00025   797.77     9.15    86.61     2.10   205.56    19.17  9999.00  9999.00  9999.00  9999.00
 00026  1015.95     7.40    93.52     1.87   209.23    19.12  9999.00  9999.00  9999.00  9999.00
 00027  1012.15     7.26    92.89     2.53   180.66    19.16  9999.00  9999.00  9999.00  9999.00
 00028   980.09     7.33    89.72     1.53   177.12    18.70  9999.00  9999.00  9999.00  9999.00
 00029  1012.27    14.09    81.74     3.37   331.03    20.85  9999.00  9999.00  9999.00  9999.00
 00030  1003.08    14.04    84.73     0.86   327.76    22.22  9999.00  9999.00  9999.00  9999.00
 00031   572.52    -5.82    51.44     2.73   219.01    33.28  9999.00  9999.00  9999.00  9999.00
 00032   980.74    12.95    95.39     2.36   295.26    17.64  9999.00  9999.00  9999.00  9999.00
 00033  1013.95    19.48    82.66     5.64     3.85    23.37  9999.00  9999.00  9999.00  9999.00
 00034  1013.48    26.92    85.80     7.36    52.50    16.61  9999.00  9999.00  9999.00  9999.00
 00035  1012.90    23.05    79.31     3.29     9.30    23.71  9999.00  9999.00  9999.00  9999.00
 00036   777.68     6.81    91.32     0.78   101.45    19.62  9999.00  9999.00  9999.00  9999.00
 00037   971.11    12.73    96.69     2.15   293.19    17.83  9999.00  9999.00  9999.00  9999.00
 00038   999.10    15.28    98.87     1.58   312.08    16.68  9999.00  9999.00  9999.00  9999.00
 00039  1012.34    18.68    87.44     3.82   343.09    19.57  9999.00  9999.00  9999.00  9999.00
 00040  1010.34    19.17    82.58     2.14   349.27    20.74  9999.00  9999.00  9999.00  9999.00
 00041   974.16     3.74    90.86     1.86   219.06    18.73  9999.00  9999.00  9999.00  9999.00
 00042  1015.73     5.21    86.22     2.35   214.61    20.02  9999.00  9999.00  9999.00  9999.00
 00043  1009.63     6.64    95.16     1.69   191.45    19.28  9999.00  9999.00  9999.00  9999.00
 00044   990.16     9.01    94.92     1.20   243.18    18.62  9999.00  9999.00  9999.00  9999.00
 00045  1010.34    19.17    82.58     2.14   349.27    20.74  9999.00  9999.00  9999.00  9999.00
 00046   946.41     9.52    98.84     1.70   330.21     6.45  9999.00  9999.00  9999.00  9999.00
 00047  1004.85    13.03    91.21     4.22   318.86    17.85  9999.00  9999.00  9999.00  9999.00
 00048   603.24    -4.64    46.23     1.15   138.62    35.84  9999.00  9999.00  9999.00  9999.00
 00049   576.48    -7.39    89.32     0.64   209.35    23.94  9999.00  9999.00  9999.00  9999.00
 00050  1004.58    14.53    96.23     2.02   331.20    19.14  9999.00  9999.00  9999.00  9999.00
