stn_id       p       t2      rh2      spd      dir      vis    rain6   rain24   tmax24   tmin24 
 00001   962.33    22.78    90.89     3.14    23.58     0.45  9999.00  9999.00  9999.00  9999.00
 00002   991.42    27.63    63.73     1.76    85.34    27.20  9999.00  9999.00  9999.00  9999.00
 00003   901.09    23.77    67.47     2.50    32.50    25.21  9999.00  9999.00  9999.00  9999.00
 00004   835.18    18.69    75.16     1.65   151.38     9.18  9999.00  9999.00  9999.00  9999.00
 00005   868.94    22.82    59.71     2.78   195.18    26.57  9999.00  9999.00  9999.00  9999.00
 00006   878.08    26.52    40.26     0.82   263.13    26.40  9999.00  9999.00  9999.00  9999.00
 00007  1001.00    27.22    74.94     6.29   213.54    15.55  9999.00  9999.00  9999.00  9999.00
 00008   984.12    27.25    70.18     7.44   217.55    26.19  9999.00  9999.00  9999.00  9999.00
 00009   936.46    22.98    58.03     2.25   222.85    36.02  9999.00  9999.00  9999.00  9999.00
 00010   965.86    27.69    64.67     2.02   229.63    27.06  9999.00  9999.00  9999.00  9999.00
 00011   990.86    24.57    86.07     6.42   216.77    20.27  9999.00  9999.00  9999.00  9999.00
 00012  1006.85    26.81    74.73     0.55   250.81    24.75  9999.00  9999.00  9999.00  9999.00
 00013  1002.54    26.81    86.61     7.65    98.51     8.38  9999.00  9999.00  9999.00  9999.00
 00014   998.38    25.52    93.77     6.12    95.60     6.94  9999.00  9999.00  9999.00  9999.00
 00015   990.01    31.01    61.08     0.99    65.41    22.11  9999.00  9999.00  9999.00  9999.00
 00016   947.27    25.31    85.88     0.81   319.36    11.63  9999.00  9999.00  9999.00  9999.00
 00017   989.72    29.31    74.13     4.10    86.66    26.11  9999.00  9999.00  9999.00  9999.00
 00018  1000.46    27.80    79.60     7.20    93.52    10.09  9999.00  9999.00  9999.00  9999.00
 00019   929.25    26.87    68.55     0.98   193.33    27.82  9999.00  9999.00  9999.00  9999.00
 00020  1007.47    25.44    88.96     6.87   113.29     6.51  9999.00  9999.00  9999.00  9999.00
 00021   879.34    31.14    25.48     3.13   321.82    25.88  9999.00  9999.00  9999.00  9999.00
 00022  1009.04    29.36    65.18     1.58   118.32    23.73  9999.00  9999.00  9999.00  9999.00
 00023   907.48    26.37    35.92     8.26   269.97    21.51  9999.00  9999.00  9999.00  9999.00
 00024   928.05    30.43    21.68     0.77   234.65    23.48  9999.00  9999.00  9999.00  9999.00
 00025   790.54    18.16    95.46     1.62   157.01     0.66  9999.00  9999.00  9999.00  9999.00
 00026   995.98    25.61    89.98     4.58    15.71     5.48  9999.00  9999.00  9999.00  9999.00
 00027   992.20    30.90    68.66     3.68    19.17    28.43  9999.00  9999.00  9999.00  9999.00
 00028   963.21    29.10    75.37     3.97    34.50    24.23  9999.00  9999.00  9999.00  9999.00
 00029   991.50    32.77    59.04     3.33   318.58    29.61  9999.00  9999.00  9999.00  9999.00
 00030   983.24    32.09    70.96     0.46   243.79    31.49  9999.00  9999.00  9999.00  9999.00
 00031   575.27     8.23    70.38     0.87    49.63    21.77  9999.00  9999.00  9999.00  9999.00
 00032   962.13    22.57    97.83     5.32    69.07     0.29  9999.00  9999.00  9999.00  9999.00
 00033   996.57    24.02    96.44     3.67   266.50    13.11  9999.00  9999.00  9999.00  9999.00
 00034  1000.64    28.67    88.90     5.99   204.27    34.94  9999.00  9999.00  9999.00  9999.00
 00035   995.84    32.17    68.81     2.15   321.79    16.79  9999.00  9999.00  9999.00  9999.00
 00036   773.44    21.11    69.98     1.93   132.35    24.61  9999.00  9999.00  9999.00  9999.00
 00037   952.37    23.19    98.41     4.53    60.21     0.40  9999.00  9999.00  9999.00  9999.00
 00038   974.62    27.15    91.02     4.28   255.36     4.32  9999.00  9999.00  9999.00  9999.00
 00039   985.21    26.36    87.38    18.52   173.89     3.81  9999.00  9999.00  9999.00  9999.00
 00040   988.29    28.39    78.73     7.49   214.37    20.85  9999.00  9999.00  9999.00  9999.00
 00041   959.84    24.85    91.27     3.05    83.36     2.18  9999.00  9999.00  9999.00  9999.00
 00042  1000.87    26.01    94.19     6.05    87.71     0.45  9999.00  9999.00  9999.00  9999.00
 00043   989.24    26.14    81.90     5.28    29.15    14.70  9999.00  9999.00  9999.00  9999.00
 00044   970.93    25.51    90.37     5.79    55.56     4.31  9999.00  9999.00  9999.00  9999.00
 00045   988.29    28.39    78.73     7.49   214.37    20.85  9999.00  9999.00  9999.00  9999.00
 00046   926.84    24.33    91.32     4.38    53.95     3.62  9999.00  9999.00  9999.00  9999.00
 00047   991.44    24.29    93.07     6.88    96.81     2.60  9999.00  9999.00  9999.00  9999.00
 00048   605.86    11.74    77.42     0.78   203.22    26.66  9999.00  9999.00  9999.00  9999.00
 00049   578.43     6.03    95.49     0.64   260.28     2.99  9999.00  9999.00  9999.00  9999.00
 00050   979.14    25.04    94.68    13.96   141.33     1.11  9999.00  9999.00  9999.00  9999.00
