stn_id       p       t2      rh2      spd      dir      vis    rain6   rain24   tmax24   tmin24 
 00001   962.31    33.32    44.75     1.66   100.55    27.22  9999.00  9999.00  9999.00  9999.00
 00002   988.58    36.28    23.24     4.60   154.99    27.87  9999.00  9999.00  9999.00  9999.00
 00003   898.51    33.38    17.11     2.70   104.21    26.33  9999.00  9999.00  9999.00  9999.00
 00004   833.95    25.98    28.38     3.42   138.63    25.14  9999.00  9999.00  9999.00  9999.00
 00005   866.66    30.01    21.77     3.86   200.02    25.79  9999.00  9999.00  9999.00  9999.00
 00006   876.03    30.11    24.09     3.08    93.38    25.04  9999.00  9999.00  9999.00  9999.00
 00007  1000.83    27.54    60.28     1.40   250.59    25.24  9999.00  9999.00  9999.00  9999.00
 00008   985.27    23.24    69.48     2.40   317.12    25.48  9999.00  9999.00  9999.00  9999.00
 00009   941.24    31.26    31.55     0.78   178.27    33.78  9999.00  9999.00  9999.00  9999.00
 00010   964.07    21.83    92.17     0.96   201.11    18.40  9999.00  9999.00  9999.00  9999.00
 00011   992.51    19.81    86.65     1.18    33.47    26.08  9999.00  9999.00  9999.00  9999.00
 00012  1003.81    35.91    28.24     4.66   184.40    25.85  9999.00  9999.00  9999.00  9999.00
 00013  1002.71    28.02    80.51     4.54    43.99    28.66  9999.00  9999.00  9999.00  9999.00
 00014   998.60    28.83    78.26     4.20    77.26    26.79  9999.00  9999.00  9999.00  9999.00
 00015   989.84    32.11    38.68     3.08    91.27    25.04  9999.00  9999.00  9999.00  9999.00
 00016   947.06    31.68    41.61     4.35   115.70    26.62  9999.00  9999.00  9999.00  9999.00
 00017   990.44    32.12    41.28     3.44    80.01    27.26  9999.00  9999.00  9999.00  9999.00
 00018  1001.86    26.03    86.06     4.84    37.17    28.70  9999.00  9999.00  9999.00  9999.00
 00019   928.26    31.19    48.50     0.92   167.36    28.34  9999.00  9999.00  9999.00  9999.00
 00020  1005.93    25.91    87.31     3.93    87.85    27.57  9999.00  9999.00  9999.00  9999.00
 00021   885.15    31.68    16.01     6.31   351.23    24.98  9999.00  9999.00  9999.00  9999.00
 00022  1007.63    34.65    30.61     4.34   165.66    24.81  9999.00  9999.00  9999.00  9999.00
 00023   910.96    32.95    14.39     3.09   321.62    20.66  9999.00  9999.00  9999.00  9999.00
 00024   933.91    33.13    13.90     7.63   297.36    22.56  9999.00  9999.00  9999.00  9999.00
 00025   791.38    24.41    37.38     3.63    64.94    25.02  9999.00  9999.00  9999.00  9999.00
 00026   998.78    29.24    77.19     4.29    11.87    28.11  9999.00  9999.00  9999.00  9999.00
 00027   994.70    28.98    74.54     4.31    15.21    24.92  9999.00  9999.00  9999.00  9999.00
 00028   964.99    29.87    52.84     5.68    37.92    27.34  9999.00  9999.00  9999.00  9999.00
 00029   992.51    25.56    94.82     5.60    83.85     2.57  9999.00  9999.00  9999.00  9999.00
 00030   980.88    32.37    55.32     5.77     2.57    31.83  9999.00  9999.00  9999.00  9999.00
 00031   572.92    15.78    48.30     1.33    91.20    22.21  9999.00  9999.00  9999.00  9999.00
 00032   970.16    25.60    87.80     1.55   125.82    23.61  9999.00  9999.00  9999.00  9999.00
 00033   991.51    23.31    95.46    10.32   271.68     0.50  9999.00  9999.00  9999.00  9999.00
 00034   998.54    27.21    88.10     9.92   247.13     2.12  9999.00  9999.00  9999.00  9999.00
 00035   990.63    26.23    90.53     6.59   268.05     1.56  9999.00  9999.00  9999.00  9999.00
 00036   772.71    24.30    36.44     2.31    79.09    24.84  9999.00  9999.00  9999.00  9999.00
 00037   960.67    25.84    86.62     1.81   112.42    25.90  9999.00  9999.00  9999.00  9999.00
 00038   986.92    25.72    93.90     2.19   101.18    10.27  9999.00  9999.00  9999.00  9999.00
 00039  1000.77    26.42    90.02     3.59   115.52    20.51  9999.00  9999.00  9999.00  9999.00
 00040   997.36    26.73    90.69     4.87   112.03    18.72  9999.00  9999.00  9999.00  9999.00
 00041   962.13    27.00    81.58     2.26    33.13    15.49  9999.00  9999.00  9999.00  9999.00
 00042  1001.91    29.20    78.63     2.77    56.40    15.60  9999.00  9999.00  9999.00  9999.00
 00043   992.39    28.93    78.31     3.69    30.98    18.81  9999.00  9999.00  9999.00  9999.00
 00044   974.68    28.84    79.13     2.19    62.54    27.47  9999.00  9999.00  9999.00  9999.00
 00045   997.36    26.73    90.69     4.87   112.03    18.72  9999.00  9999.00  9999.00  9999.00
 00046   933.60    26.29    87.59     0.85   160.05    26.23  9999.00  9999.00  9999.00  9999.00
 00047   993.68    25.86    92.03     1.99   102.70    11.32  9999.00  9999.00  9999.00  9999.00
 00048   603.40    16.48    46.02     0.98   198.15    26.53  9999.00  9999.00  9999.00  9999.00
 00049   578.74     5.15    98.89     1.80   216.62     1.16  9999.00  9999.00  9999.00  9999.00
 00050   993.12    28.18    80.10     2.98   150.43    26.07  9999.00  9999.00  9999.00  9999.00
