stn_id       p       t2      rh2      spd      dir      vis    rain6   rain24   tmax24   tmin24 
 00001   980.05    20.26    75.73     1.07    46.89    22.34  9999.00  9999.00  9999.00  9999.00
 00002   995.51    20.30    59.76     0.94   190.07    23.52  9999.00  9999.00  9999.00  9999.00
 00003   905.33    17.32    58.37     2.79   210.82    22.30  9999.00  9999.00  9999.00  9999.00
 00004   836.68    12.82    43.43     4.94   257.13    22.18  9999.00  9999.00  9999.00  9999.00
 00005   869.90    12.72    32.70     3.90   232.77    24.47  9999.00  9999.00  9999.00  9999.00
 00006   878.91    11.71    37.15     5.62   269.71    25.35  9999.00  9999.00  9999.00  9999.00
 00007  1004.40    16.14    85.25     5.72   217.75    19.92  9999.00  9999.00  9999.00  9999.00
 00008   986.98    11.20    91.65     4.98   222.14    10.70  9999.00  9999.00  9999.00  9999.00
 00009   948.08    -3.58    32.76     1.28    97.80    30.47  9999.00  9999.00  9999.00  9999.00
 00010   969.23    14.03    74.17     2.72   133.97    28.81  9999.00  9999.00  9999.00  9999.00
 00011   994.84     8.30    68.07     2.85   121.40    29.67  9999.00  9999.00  9999.00  9999.00
 00012  1011.34    14.45    68.79     0.96    31.51    23.43  9999.00  9999.00  9999.00  9999.00
 00013  1018.94    22.78    65.62     1.94   179.48    20.62  9999.00  9999.00  9999.00  9999.00
 00014  1016.36    22.74    65.49     1.38   153.72    20.42  9999.00  9999.00  9999.00  9999.00
 00015   997.24    22.04    58.10     6.49   207.43    20.36  9999.00  9999.00  9999.00  9999.00
 00016   960.13    18.15    69.09     1.46   254.05    21.06  9999.00  9999.00  9999.00  9999.00
 00017  1000.12    22.74    61.78     2.74   232.66    20.36  9999.00  9999.00  9999.00  9999.00
 00018  1017.37    22.67    63.29     2.47   183.88    12.70  9999.00  9999.00  9999.00  9999.00
 00019   944.48    17.16    84.33     0.82   124.43    21.54  9999.00  9999.00  9999.00  9999.00
 00020  1022.45    23.05    64.40     3.14   167.28    20.25  9999.00  9999.00  9999.00  9999.00
 00021   886.65    12.88    47.22     6.64   154.13    29.80  9999.00  9999.00  9999.00  9999.00
 00022  1014.08    16.55    82.28     2.72   269.85    22.03  9999.00  9999.00  9999.00  9999.00
 00023   911.24    11.66    68.86     3.66   262.38    24.83  9999.00  9999.00  9999.00  9999.00
 00024   935.55     6.69    93.20     6.44   119.33     2.81  9999.00  9999.00  9999.00  9999.00
 00025   802.47    14.46    83.59     0.57   172.04    21.94  9999.00  9999.00  9999.00  9999.00
 00026  1017.60    23.04    64.82     0.98    57.74    20.37  9999.00  9999.00  9999.00  9999.00
 00027  1013.64    23.54    68.56     1.53   168.32    20.49  9999.00  9999.00  9999.00  9999.00
 00028   982.96    21.50    74.19     0.33   257.71    20.15  9999.00  9999.00  9999.00  9999.00
 00029  1014.15    25.24    66.68     2.52    41.25    23.32  9999.00  9999.00  9999.00  9999.00
 00030  1004.28    24.65    64.81     3.21    36.49    25.37  9999.00  9999.00  9999.00  9999.00
 00031   578.17    -0.85    50.83     0.96   184.18    31.41  9999.00  9999.00  9999.00  9999.00
 00032   985.64    20.93    66.87     3.43    49.85    19.54  9999.00  9999.00  9999.00  9999.00
 00033  1015.24    22.19    84.04     7.55    63.59    20.95  9999.00  9999.00  9999.00  9999.00
 00034  1014.31    27.17    84.67     9.65    53.84    20.66  9999.00  9999.00  9999.00  9999.00
 00035  1014.11    26.71    76.37     6.66    52.75    20.60  9999.00  9999.00  9999.00  9999.00
 00036   782.76    12.48    85.26     1.16   234.71    21.90  9999.00  9999.00  9999.00  9999.00
 00037   975.88    21.52    65.38     2.77    58.85    19.45  9999.00  9999.00  9999.00  9999.00
 00038  1002.12    25.49    60.36     3.78    52.93    22.07  9999.00  9999.00  9999.00  9999.00
 00039  1015.96    23.59    72.95    11.46    34.76    21.55  9999.00  9999.00  9999.00  9999.00
 00040  1013.24    25.36    65.13     8.17    48.61    22.95  9999.00  9999.00  9999.00  9999.00
 00041   977.96    21.43    64.97     0.94   148.76    19.41  9999.00  9999.00  9999.00  9999.00
 00042  1019.08    23.51    62.80     1.09   187.82    20.37  9999.00  9999.00  9999.00  9999.00
 00043  1011.20    22.72    64.77     1.11    45.19    20.74  9999.00  9999.00  9999.00  9999.00
 00044   992.34    21.76    69.75     1.39    67.80    19.89  9999.00  9999.00  9999.00  9999.00
 00045  1013.24    25.36    65.13     8.17    48.61    22.95  9999.00  9999.00  9999.00  9999.00
 00046   949.10    21.88    60.21     2.41    58.41    20.62  9999.00  9999.00  9999.00  9999.00
 00047  1010.86    22.39    66.76     2.76    39.20    20.17  9999.00  9999.00  9999.00  9999.00
 00048   610.83    -0.37    70.08     0.72   195.44    32.23  9999.00  9999.00  9999.00  9999.00
 00049   581.78    -1.41    63.33     0.28   213.44    28.53  9999.00  9999.00  9999.00  9999.00
 00050  1008.55    24.13    63.68     7.42    35.05    20.97  9999.00  9999.00  9999.00  9999.00
