stn_id       p       t2      rh2      spd      dir      vis    rain6   rain24   tmax24   tmin24 
 00001   979.72    12.49    95.76     1.27    88.33    21.69    -0.00  9999.00  9999.00  9999.00
 00002   996.89    12.11    85.72     1.26   274.58    22.83     0.00  9999.00  9999.00  9999.00
 00003   906.02     8.04    90.80     1.22   274.71    22.29     0.00  9999.00  9999.00  9999.00
 00004   836.90     6.11    78.17     3.16   228.66    16.38    -0.00  9999.00  9999.00  9999.00
 00005   870.11     4.75    60.47     1.94   248.00    24.48     0.00  9999.00  9999.00  9999.00
 00006   879.07     5.64    56.39     3.90   250.66    25.36     0.00  9999.00  9999.00  9999.00
 00007  1006.08    13.22    92.58     3.98   206.36    17.36     0.37  9999.00  9999.00  9999.00
 00008   989.49     7.71    84.51     2.93   162.53    10.37     0.27  9999.00  9999.00  9999.00
 00009   949.28    -5.89    31.49     0.89    93.95    32.59     0.04  9999.00  9999.00  9999.00
 00010   972.18     8.37    92.96     1.17   143.78    18.59     0.51  9999.00  9999.00  9999.00
 00011   998.63     4.01    64.24     2.89   101.75    30.93     0.00  9999.00  9999.00  9999.00
 00012  1012.70    12.12    71.45     1.83    15.24    22.60     0.10  9999.00  9999.00  9999.00
 00013  1019.88    15.95    87.21     1.84   146.44    20.63     0.00  9999.00  9999.00  9999.00
 00014  1017.29    15.74    92.84     0.85   208.50    11.53    -0.00  9999.00  9999.00  9999.00
 00015   998.21    17.00    79.37     5.40   192.10    20.38     0.00  9999.00  9999.00  9999.00
 00016   960.64    10.39    95.87     2.06   175.40    14.99     0.00  9999.00  9999.00  9999.00
 00017  1000.74    13.87    90.45     2.54   218.21    19.27     0.00  9999.00  9999.00  9999.00
 00018  1018.19    15.53    91.98     2.07   159.77     7.59     0.00  9999.00  9999.00  9999.00
 00019   943.87    15.79    91.70     0.98    75.32    22.56     0.35  9999.00  9999.00  9999.00
 00020  1023.43    18.60    85.46     2.11   141.16    20.29     0.00  9999.00  9999.00  9999.00
 00021   888.06     7.72    66.17     5.03   150.80    29.79     0.00  9999.00  9999.00  9999.00
 00022  1015.15    14.19    96.48     2.17   216.99     4.05     0.15  9999.00  9999.00  9999.00
 00023   911.30     7.27    84.08     2.42   169.39    24.80     0.00  9999.00  9999.00  9999.00
 00024   939.15     6.15    92.65     3.99   123.31     3.72     3.27  9999.00  9999.00  9999.00
 00025   802.08     8.54    98.78     0.52   251.13     0.30    -0.00  9999.00  9999.00  9999.00
 00026  1017.83    16.75    83.72     1.98    17.74    20.37     0.00  9999.00  9999.00  9999.00
 00027  1013.83    16.49    92.43     0.98   145.16    20.24    -0.00  9999.00  9999.00  9999.00
 00028   983.16    15.15    94.38     0.50   187.35    20.14     0.01  9999.00  9999.00  9999.00
 00029  1014.37    20.37    83.14     1.98    25.04    23.34     0.01  9999.00  9999.00  9999.00
 00030  1004.16    19.77    86.34     2.17    22.03    25.40    -0.01  9999.00  9999.00  9999.00
 00031   576.81    -6.36    77.84     1.79   207.76    28.36     0.00  9999.00  9999.00  9999.00
 00032   986.20    17.63    82.87     1.74   356.73    12.25     0.00  9999.00  9999.00  9999.00
 00033  1015.32    21.73    85.26     6.58    53.20    20.96     0.86  9999.00  9999.00  9999.00
 00034  1014.53    26.46    88.18     9.82    48.83    18.11     7.84  9999.00  9999.00  9999.00
 00035  1014.34    24.69    85.66     4.53    39.86    19.63     0.39  9999.00  9999.00  9999.00
 00036   782.32     9.19    95.08     0.46   109.36    18.39     0.36  9999.00  9999.00  9999.00
 00037   976.52    16.86    87.95     1.08   350.11     9.42     0.00  9999.00  9999.00  9999.00
 00038  1003.01    19.34    83.19     1.07   340.57    22.10     0.00  9999.00  9999.00  9999.00
 00039  1016.52    22.15    76.54     9.82    21.91    21.44     0.00  9999.00  9999.00  9999.00
 00040  1013.95    22.00    73.92     5.39    27.75    22.96    -0.00  9999.00  9999.00  9999.00
 00041   978.54    14.90    92.53     0.86   138.03    13.85     0.00  9999.00  9999.00  9999.00
 00042  1019.87    15.77    88.94     1.06   153.97    20.38     0.00  9999.00  9999.00  9999.00
 00043  1011.46    16.70    89.17     1.17    77.54    20.76    -0.01  9999.00  9999.00  9999.00
 00044   993.09    15.79    89.57     1.24    73.66    19.91    -0.01  9999.00  9999.00  9999.00
 00045  1013.95    22.00    73.92     5.39    27.75    22.96    -0.00  9999.00  9999.00  9999.00
 00046   949.66    16.22    88.84     1.19    66.15    20.67    -0.01  9999.00  9999.00  9999.00
 00047  1011.55    18.04    86.59     3.08   330.10    14.12    -0.01  9999.00  9999.00  9999.00
 00048   609.61    -4.29    87.43     0.84   159.53    31.87     0.02  9999.00  9999.00  9999.00
 00049   580.95    -6.94    94.18     0.94    38.07    13.07     0.03  9999.00  9999.00  9999.00
 00050  1009.10    21.41    71.40     5.63    16.33    20.98     0.00  9999.00  9999.00  9999.00
