stn_id       p       t2      rh2      spd      dir      vis    rain6   rain24   tmax24   tmin24 
 00001   981.75     5.12    81.15     1.21   346.08    18.70     0.00  9999.00  9999.00  9999.00
 00002  1003.36    -0.70    27.91     0.83   247.74    27.13     0.00  9999.00  9999.00  9999.00
 00003   906.97    -3.40    33.85     1.85   315.85    25.06     0.00  9999.00  9999.00  9999.00
 00004   834.45    -9.87    49.71     3.59   247.73    26.19     0.00  9999.00  9999.00  9999.00
 00005   870.01   -10.56    56.85     2.56   279.87    31.06     0.01  9999.00  9999.00  9999.00
 00006   880.37   -11.70    71.15     3.85   274.06    32.81     0.05  9999.00  9999.00  9999.00
 00007  1015.30    -7.64    34.22     2.86    27.56    36.39     0.00  9999.00  9999.00  9999.00
 00008   999.72   -13.47    48.31     2.40   335.22    41.89     0.00  9999.00  9999.00  9999.00
 00009   957.24   -39.82    92.47     2.19   249.10    54.50     0.00  9999.00  9999.00  9999.00
 00010   976.79   -12.08    42.94     1.49   100.86    39.91     0.05  9999.00  9999.00  9999.00
 00011  1009.83   -18.18    76.91     3.01    54.05    46.15     0.06  9999.00  9999.00  9999.00
 00012  1019.61    -2.90    20.10     1.66   257.66    29.34     0.00  9999.00  9999.00  9999.00
 00013  1019.59     4.68    83.52     1.74    95.70     9.76     0.04  9999.00  9999.00  9999.00
 00014  1015.98     6.76    89.56     0.94   312.90    17.30     0.04  9999.00  9999.00  9999.00
 00015  1003.74    -0.51    38.90     2.44   194.99    22.18     0.00  9999.00  9999.00  9999.00
 00016   964.31     1.36    51.25     1.11   193.44    19.80     0.00  9999.00  9999.00  9999.00
 00017  1005.15     2.57    49.98     1.38   220.46    20.17     0.00  9999.00  9999.00  9999.00
 00018  1018.73     3.83    74.65     1.32    47.03     8.06     0.08  9999.00  9999.00  9999.00
 00019   945.43     3.42    88.07     0.93   322.60    21.50     0.34  9999.00  9999.00  9999.00
 00020  1022.15    11.17    70.81     3.13   116.17    20.60     0.00  9999.00  9999.00  9999.00
 00021   905.63    -9.53    62.07     2.27   132.78    43.60     0.00  9999.00  9999.00  9999.00
 00022  1022.68    -1.06    23.01     1.27   269.59    26.57     0.00  9999.00  9999.00  9999.00
 00023   936.12   -11.62    81.68     1.32   216.13    40.37     0.00  9999.00  9999.00  9999.00
 00024   962.72   -18.09    95.15     2.91   123.72    26.56     1.00  9999.00  9999.00  9999.00
 00025   793.43    10.32    74.93     3.02   224.31    19.10     0.00  9999.00  9999.00  9999.00
 00026  1017.10     6.69    81.70     2.38   241.33    19.28     0.06  9999.00  9999.00  9999.00
 00027  1014.44     5.11    80.81     3.04   338.36    16.90     0.13  9999.00  9999.00  9999.00
 00028   982.47     4.20    79.04     2.72   100.36    13.59     0.13  9999.00  9999.00  9999.00
 00029  1011.16    16.89    79.78     1.13    45.80    20.80     0.00  9999.00  9999.00  9999.00
 00030   999.52    15.49    78.98     1.88    77.36    21.87     0.00  9999.00  9999.00  9999.00
 00031   569.08    -5.58    13.56     3.52   231.05    36.78     0.00  9999.00  9999.00  9999.00
 00032   983.82    13.53    86.58     1.72    53.75    17.73     0.11  9999.00  9999.00  9999.00
 00033  1011.63    20.86    87.77     5.56    21.37    10.54     0.47  9999.00  9999.00  9999.00
 00034  1011.30    27.70    82.83     5.74    70.45    15.99     1.50  9999.00  9999.00  9999.00
 00035  1010.44    22.97    95.30     2.13    48.99    12.49     1.74  9999.00  9999.00  9999.00
 00036   771.39     7.48    58.67     2.13   149.01    20.04     0.00  9999.00  9999.00  9999.00
 00037   974.03    13.15    89.83     0.96    29.20    18.70     0.00  9999.00  9999.00  9999.00
 00038  1000.68    16.41    82.76     1.24   150.29    19.89     0.13  9999.00  9999.00  9999.00
 00039  1014.37    18.76    82.63     9.47    18.93    16.15     0.62  9999.00  9999.00  9999.00
 00040  1011.78    19.41    78.65     5.78    34.47    18.41     0.52  9999.00  9999.00  9999.00
 00041   975.85     5.90    88.17     1.14   127.33     2.47     0.66  9999.00  9999.00  9999.00
 00042  1018.91     5.30    84.33     2.30    77.93    20.25     0.00  9999.00  9999.00  9999.00
 00043  1010.25     5.06    85.52     1.64    30.18    19.51     0.00  9999.00  9999.00  9999.00
 00044   990.34     6.78    85.65     1.86    63.52    19.36     0.00  9999.00  9999.00  9999.00
 00045  1011.78    19.41    78.65     5.78    34.47    18.41     0.52  9999.00  9999.00  9999.00
 00046   945.91    13.08    91.69     0.91   101.74    19.44     0.00  9999.00  9999.00  9999.00
 00047  1009.54    15.29    80.63     2.82   176.37    18.96     0.02  9999.00  9999.00  9999.00
 00048   598.95     3.17     6.23     1.29   267.57    38.78     0.00  9999.00  9999.00  9999.00
 00049   572.53    -6.22    55.07     0.60   241.84    29.72     0.00  9999.00  9999.00  9999.00
 00050  1007.06    15.51    83.05     5.04     4.21    18.80     0.06  9999.00  9999.00  9999.00
