stn_id       p       t2      rh2      spd      dir      vis    rain6   rain24   tmax24   tmin24 
 00001   974.63    11.10    91.73     0.99    57.39    10.37  9999.00  9999.00  9999.00  9999.00
 00002  1004.03     4.18    77.34     0.66   284.97    21.27  9999.00  9999.00  9999.00  9999.00
 00003   906.96     0.79    53.69     1.72    44.02    19.15  9999.00  9999.00  9999.00  9999.00
 00004   835.42    -2.68    31.07     1.52   168.77    18.69  9999.00  9999.00  9999.00  9999.00
 00005   871.33    -2.69    27.95     1.13    76.69    20.16  9999.00  9999.00  9999.00  9999.00
 00006   881.24    -3.01    14.07     3.48   200.90    21.43  9999.00  9999.00  9999.00  9999.00
 00007  1013.59    -2.15    49.43     1.30   215.15    24.23  9999.00  9999.00  9999.00  9999.00
 00008   995.16    -1.80    44.60     2.03   236.23    28.00  9999.00  9999.00  9999.00  9999.00
 00009   943.78    -8.89    68.91     3.12   216.87    47.20  9999.00  9999.00  9999.00  9999.00
 00010   971.09    -0.07    27.90     1.44   275.18    28.82  9999.00  9999.00  9999.00  9999.00
 00011  1001.52    -1.51    49.24     1.83   245.91    32.01  9999.00  9999.00  9999.00  9999.00
 00012  1020.61     1.93    34.50     1.86   113.48    21.09  9999.00  9999.00  9999.00  9999.00
 00013  1019.18     7.76    70.33     1.52    44.68    19.58  9999.00  9999.00  9999.00  9999.00
 00014  1015.40     9.07    71.83     1.30   322.35    19.72  9999.00  9999.00  9999.00  9999.00
 00015  1003.57     6.13    61.49     2.00    64.54    18.50  9999.00  9999.00  9999.00  9999.00
 00016   959.13     6.06    83.51     1.25    78.95    18.13  9999.00  9999.00  9999.00  9999.00
 00017  1006.00     7.17    68.04     1.43    36.90    18.84  9999.00  9999.00  9999.00  9999.00
 00018  1018.14     7.60    69.82     1.94    51.11    19.36  9999.00  9999.00  9999.00  9999.00
 00019   938.34    10.32    89.40     1.57    35.36     4.96  9999.00  9999.00  9999.00  9999.00
 00020  1021.28     9.44    73.70     3.05   324.10    19.13  9999.00  9999.00  9999.00  9999.00
 00021   891.91     0.12    61.19     1.87   179.32    33.77  9999.00  9999.00  9999.00  9999.00
 00022  1023.48     3.75    70.38     1.11   308.78    19.78  9999.00  9999.00  9999.00  9999.00
 00023   918.51     0.01    66.73     1.07   190.22    30.65  9999.00  9999.00  9999.00  9999.00
 00024   946.09    -5.51    71.79     0.95   140.35    33.31  9999.00  9999.00  9999.00  9999.00
 00025   791.45    12.44    59.61     2.61   197.40    21.80  9999.00  9999.00  9999.00  9999.00
 00026  1016.53     8.37    70.97     2.98     7.66    20.04  9999.00  9999.00  9999.00  9999.00
 00027  1012.95     8.04    87.79     2.29     7.03    19.48  9999.00  9999.00  9999.00  9999.00
 00028   980.86     7.10    91.04     1.52   103.65    18.27  9999.00  9999.00  9999.00  9999.00
 00029  1009.57    14.30    91.85     2.78    33.94     2.42  9999.00  9999.00  9999.00  9999.00
 00030   998.20    13.16    87.59     3.09     4.32    23.79  9999.00  9999.00  9999.00  9999.00
 00031   569.21    -7.03    74.59     2.18   218.17    28.33  9999.00  9999.00  9999.00  9999.00
 00032   981.21    12.50    94.04     1.94    77.03     2.27  9999.00  9999.00  9999.00  9999.00
 00033  1008.40    20.75    96.37     4.75   146.15     4.16  9999.00  9999.00  9999.00  9999.00
 00034  1011.35    27.16    81.89     5.19   121.13    23.57  9999.00  9999.00  9999.00  9999.00
 00035  1008.24    24.96    82.90     2.38   216.32    22.30  9999.00  9999.00  9999.00  9999.00
 00036   771.55     5.39    89.44     1.20    47.11    19.52  9999.00  9999.00  9999.00  9999.00
 00037   971.16    12.70    95.54     1.45    86.65     8.32  9999.00  9999.00  9999.00  9999.00
 00038   997.98    16.70    95.41     0.90   123.18    13.04  9999.00  9999.00  9999.00  9999.00
 00039  1012.10    17.74    90.20     9.62    39.52     3.68  9999.00  9999.00  9999.00  9999.00
 00040  1009.47    18.48    91.31     3.87    57.19     0.41  9999.00  9999.00  9999.00  9999.00
 00041   975.42     6.65    69.68     1.53    64.43    18.94  9999.00  9999.00  9999.00  9999.00
 00042  1019.11     7.52    72.01     0.52   106.43    19.59  9999.00  9999.00  9999.00  9999.00
 00043  1009.67     8.40    73.78     3.03    18.46    20.42  9999.00  9999.00  9999.00  9999.00
 00044   989.59     8.42    84.26     2.24    63.58    19.18  9999.00  9999.00  9999.00  9999.00
 00045  1009.47    18.48    91.31     3.87    57.19     0.41  9999.00  9999.00  9999.00  9999.00
 00046   944.29     9.77    99.37     2.10    16.48     3.47  9999.00  9999.00  9999.00  9999.00
 00047  1007.98    10.52    79.55     4.27   346.82    18.92  9999.00  9999.00  9999.00  9999.00
 00048   599.91    -6.15    81.93     1.21   178.08    30.38  9999.00  9999.00  9999.00  9999.00
 00049   572.94    -6.89    98.96     0.55   175.45     5.37  9999.00  9999.00  9999.00  9999.00
 00050  1004.65    15.02    93.84     4.97    38.37     4.52  9999.00  9999.00  9999.00  9999.00
