stn_id       p       t2      rh2      spd      dir      vis    rain6   rain24   tmax24   tmin24 
 00001   969.16    24.49    87.05     1.05   136.50    25.15     0.79  9999.00  9999.00  9999.00
 00002   991.94    23.03    76.43     2.39   169.42    25.02     0.00  9999.00  9999.00  9999.00
 00003   901.60    20.45    62.39     1.46   261.44    24.40    -0.00  9999.00  9999.00  9999.00
 00004   835.42    18.01    46.43     1.09   343.74    24.52     0.00  9999.00  9999.00  9999.00
 00005   868.18    20.72    30.57     2.68   256.28    27.06     0.00  9999.00  9999.00  9999.00
 00006   878.51    15.60    66.00     3.56   141.15    28.05     1.05  9999.00  9999.00  9999.00
 00007  1001.22    19.59    73.65     1.33   161.79    25.40     0.00  9999.00  9999.00  9999.00
 00008   985.42    16.97    80.11     1.73   290.86    27.05     0.00  9999.00  9999.00  9999.00
 00009   948.31    16.08    68.01     2.33    35.58    36.93     0.06  9999.00  9999.00  9999.00
 00010   963.78    19.18    80.76     0.77   231.15    26.53     0.33  9999.00  9999.00  9999.00
 00011   990.57    17.57    80.35     4.52   227.26    28.34     0.14  9999.00  9999.00  9999.00
 00012  1006.35    23.44    70.27     2.42   178.06    23.88     0.88  9999.00  9999.00  9999.00
 00013  1009.17    21.54    85.70     1.87   177.62    23.81     0.11  9999.00  9999.00  9999.00
 00014  1005.95    20.60    84.63     2.25   352.11    21.50     0.08  9999.00  9999.00  9999.00
 00015   993.05    24.48    58.50     0.69   254.16    20.30     0.00  9999.00  9999.00  9999.00
 00016   951.72    23.68    70.65     1.85    80.44    25.21     0.00  9999.00  9999.00  9999.00
 00017   994.67    23.29    84.76     1.72   165.23    23.47     0.62  9999.00  9999.00  9999.00
 00018  1007.74    22.06    86.93     1.84   168.02    23.73     0.02  9999.00  9999.00  9999.00
 00019   934.74    22.58    81.16     1.83   216.04    27.26     0.00  9999.00  9999.00  9999.00
 00020  1011.73    19.51    81.96     3.03   328.06    21.40     0.30  9999.00  9999.00  9999.00
 00021   885.48    24.87    39.79     3.49   341.33    27.27     0.00  9999.00  9999.00  9999.00
 00022  1009.79    23.91    59.22     2.86   191.31    21.43     0.19  9999.00  9999.00  9999.00
 00023   910.12    27.46    27.64     1.35    87.79    23.18     0.00  9999.00  9999.00  9999.00
 00024   935.35    26.56    39.66     4.11   108.58    25.43     0.00  9999.00  9999.00  9999.00
 00025   796.01    17.19    80.12     2.41    87.07    24.73     0.08  9999.00  9999.00  9999.00
 00026  1005.80    21.08    85.06     5.30    27.60     9.34     4.53  9999.00  9999.00  9999.00
 00027  1001.75    24.42    80.33     2.87    13.52    25.78     0.50  9999.00  9999.00  9999.00
 00028   972.06    22.11    74.48     1.84    45.04    25.22     0.00  9999.00  9999.00  9999.00
 00029   999.39    27.17    72.99     2.33     9.53    27.30     0.00  9999.00  9999.00  9999.00
 00030   990.92    25.69    75.44     2.72    23.08    29.77     0.01  9999.00  9999.00  9999.00
 00031   574.40    13.66    44.86     0.97   222.78    24.34     0.22  9999.00  9999.00  9999.00
 00032   971.82    23.26    93.06     3.34    58.15    20.19     0.51  9999.00  9999.00  9999.00
 00033  1002.02    23.10    98.01     1.83   251.89     0.43     0.13  9999.00  9999.00  9999.00
 00034  1003.77    27.77    88.88     3.43   263.11    25.36     0.83  9999.00  9999.00  9999.00
 00035  1001.04    26.07    90.86     1.67   173.61    19.58     4.97  9999.00  9999.00  9999.00
 00036   778.07    15.08    90.77     0.45   273.82    10.21     0.36  9999.00  9999.00  9999.00
 00037   962.30    24.00    92.10     2.40    65.54    20.83     0.72  9999.00  9999.00  9999.00
 00038   986.30    27.08    89.02     1.38   135.13    25.26     2.28  9999.00  9999.00  9999.00
 00039   999.73    25.41    89.34    13.59    27.72    15.29     0.09  9999.00  9999.00  9999.00
 00040   997.10    26.87    93.45     1.13   277.01    15.55     6.70  9999.00  9999.00  9999.00
 00041   968.33    18.61    89.14     1.87    42.76     5.54     6.16  9999.00  9999.00  9999.00
 00042  1009.52    19.89    85.88     1.81   127.04    24.36     0.20  9999.00  9999.00  9999.00
 00043   998.87    22.15    80.10     4.63    32.05    25.47     1.11  9999.00  9999.00  9999.00
 00044   980.83    21.39    87.21     4.41    48.61    13.92     1.32  9999.00  9999.00  9999.00
 00045   997.10    26.87    93.45     1.13   277.01    15.55     6.70  9999.00  9999.00  9999.00
 00046   936.43    23.34    88.38     2.44     3.67    21.70     0.78  9999.00  9999.00  9999.00
 00047   997.61    23.28    87.27     4.29    32.38    19.64     0.52  9999.00  9999.00  9999.00
 00048   604.98    13.71    60.85     1.10   254.15    29.10     0.46  9999.00  9999.00  9999.00
 00049   579.08     6.33    88.35     1.60   208.72    14.28     2.29  9999.00  9999.00  9999.00
 00050   992.92    25.13    88.47     9.15    28.46    20.21     0.01  9999.00  9999.00  9999.00
