stn_id       p       t2      rh2      spd      dir      vis    rain6   rain24   tmax24   tmin24 
 00001   968.98    22.23    81.07     2.08    74.77    25.67  9999.00  9999.00  9999.00  9999.00
 00002   991.13    23.90    85.24     3.71   124.18    24.37  9999.00  9999.00  9999.00  9999.00
 00003   901.53    18.70    76.35     1.88   221.08    24.38  9999.00  9999.00  9999.00  9999.00
 00004   835.61    14.44    69.73     2.20   203.97    24.51  9999.00  9999.00  9999.00  9999.00
 00005   869.64    18.33    31.95     3.17    41.22    27.03  9999.00  9999.00  9999.00  9999.00
 00006   881.74    14.90    57.19     3.07   103.25    28.03  9999.00  9999.00  9999.00  9999.00
 00007  1002.52    18.56    90.96     4.04   207.81    18.44  9999.00  9999.00  9999.00  9999.00
 00008   985.61    17.21    94.26     3.71   213.45    27.06  9999.00  9999.00  9999.00  9999.00
 00009   941.21    11.84    90.32     1.48   217.59    36.47  9999.00  9999.00  9999.00  9999.00
 00010   965.75    14.36    94.57     1.46   222.82    29.74  9999.00  9999.00  9999.00  9999.00
 00011   991.27    15.70    85.26     2.11   237.75    28.68  9999.00  9999.00  9999.00  9999.00
 00012  1009.46    20.58    94.03     1.37    55.78    23.92  9999.00  9999.00  9999.00  9999.00
 00013  1010.21    18.70    88.53     2.29    86.83    23.82  9999.00  9999.00  9999.00  9999.00
 00014  1006.33    19.49    93.28     1.32    25.49    25.01  9999.00  9999.00  9999.00  9999.00
 00015   993.16    23.21    73.05     3.57   179.38    20.29  9999.00  9999.00  9999.00  9999.00
 00016   951.39    21.10    76.48     1.81   112.52    25.16  9999.00  9999.00  9999.00  9999.00
 00017   994.33    23.97    79.15     2.97   185.16    23.41  9999.00  9999.00  9999.00  9999.00
 00018  1008.56    20.27    88.32     2.29   108.31    23.71  9999.00  9999.00  9999.00  9999.00
 00019   934.72    22.62    82.41     1.32    38.08    26.17  9999.00  9999.00  9999.00  9999.00
 00020  1012.26    18.47    95.70     2.35    27.05    22.16  9999.00  9999.00  9999.00  9999.00
 00021   888.47    23.18    34.18     2.59   308.39    27.22  9999.00  9999.00  9999.00  9999.00
 00022  1011.84    19.38    97.25     1.13    70.08    21.47  9999.00  9999.00  9999.00  9999.00
 00023   918.78    15.73    68.88     1.41   270.84    23.34  9999.00  9999.00  9999.00  9999.00
 00024   939.40    19.62    60.27     8.19   281.47    25.48  9999.00  9999.00  9999.00  9999.00
 00025   796.21    17.22    87.61     1.08   144.47    24.42  9999.00  9999.00  9999.00  9999.00
 00026  1005.14    22.61    82.36     3.41    36.34    25.59  9999.00  9999.00  9999.00  9999.00
 00027  1001.29    23.34    79.67     2.83     9.68    25.84  9999.00  9999.00  9999.00  9999.00
 00028   972.10    21.70    79.48     1.72    28.17    25.15  9999.00  9999.00  9999.00  9999.00
 00029  1000.06    26.06    75.32     2.76    14.21    27.10  9999.00  9999.00  9999.00  9999.00
 00030   991.85    24.67    85.53     1.64   328.26    29.74  9999.00  9999.00  9999.00  9999.00
 00031   577.94     6.78    81.65     1.01   130.63    22.48  9999.00  9999.00  9999.00  9999.00
 00032   972.16    22.11    87.93     4.01    49.13    12.63  9999.00  9999.00  9999.00  9999.00
 00033  1003.62    22.82    98.72     2.90   232.80     2.88  9999.00  9999.00  9999.00  9999.00
 00034  1005.87    27.19    86.62     1.64   304.68    20.82  9999.00  9999.00  9999.00  9999.00
 00035  1002.82    24.86    91.06     1.81   301.30    15.34  9999.00  9999.00  9999.00  9999.00
 00036   777.25    15.67    84.14     0.49   171.09    24.39  9999.00  9999.00  9999.00  9999.00
 00037   962.63    22.69    87.27     2.61    57.97    16.10  9999.00  9999.00  9999.00  9999.00
 00038   988.07    24.65    82.43     2.65    45.47    11.18  9999.00  9999.00  9999.00  9999.00
 00039  1001.22    24.12    88.96    11.72    30.61     9.71  9999.00  9999.00  9999.00  9999.00
 00040   998.24    24.67    88.74     9.37    39.25     2.03  9999.00  9999.00  9999.00  9999.00
 00041   968.22    18.27    92.79     1.26   104.60    24.32  9999.00  9999.00  9999.00  9999.00
 00042  1009.74    19.30    90.10     2.33    91.98    24.37  9999.00  9999.00  9999.00  9999.00
 00043   998.23    22.62    84.98     3.48    35.17    26.14  9999.00  9999.00  9999.00  9999.00
 00044   980.78    20.13    89.05     3.72    56.35    24.69  9999.00  9999.00  9999.00  9999.00
 00045   998.24    24.67    88.74     9.37    39.25     2.03  9999.00  9999.00  9999.00  9999.00
 00046   936.66    21.86    90.72     1.97    40.79    24.94  9999.00  9999.00  9999.00  9999.00
 00047   997.66    22.97    84.60     4.01    27.67    10.45  9999.00  9999.00  9999.00  9999.00
 00048   608.26     9.42    79.52     1.04   158.39    27.84  9999.00  9999.00  9999.00  9999.00
 00049   580.98     5.09    97.24     1.01   211.49     1.64  9999.00  9999.00  9999.00  9999.00
 00050   994.13    23.62    87.07     7.92    30.87    22.40  9999.00  9999.00  9999.00  9999.00
