stn_id       p       t2      rh2      spd      dir      vis    rain6   rain24   tmax24   tmin24 
 00001  1002.10    11.60    47.97     2.00   220.00     7.00     0.00  9999.00  9999.00  9999.00
 00002  1021.50     4.40     7.80     2.00   340.00    30.00     0.00  9999.00  9999.00  9999.00
 00003   940.40    -2.30    16.07     3.00   220.00    30.00     0.00  9999.00  9999.00  9999.00
 00004   869.40    -8.40    16.99     6.00   270.00    30.00     0.00  9999.00  9999.00  9999.00
 00005   895.70    -7.90    20.39     6.00   200.00    30.00     0.00  9999.00  9999.00  9999.00
 00006   892.00    -9.50    23.58    11.00   270.00    25.00     0.00  9999.00  9999.00  9999.00
 00007  1021.40    -8.60    21.11     4.00   320.00    30.00     0.00  9999.00  9999.00  9999.00
 00008   993.90   -12.80    28.74     3.00   290.00     9.00     0.00  9999.00  9999.00  9999.00
 00009   963.50   -25.80    45.23     1.00    90.00    12.00     0.00  9999.00  9999.00  9999.00
 00010   985.70   -12.10    33.62     7.00   290.00    16.00     0.00  9999.00  9999.00  9999.00
 00011  1007.60   -17.40    44.02     5.00   290.00     6.00     0.00  9999.00  9999.00  9999.00
 00012  1027.70     1.30    10.23     6.00   290.00    30.00     0.00  9999.00  9999.00  9999.00
 00013  1029.80     3.80    16.86     4.00   320.00    23.00     0.00  9999.00  9999.00  9999.00
 00014  1026.90     5.40    23.91     6.00   340.00    16.00     0.00  9999.00  9999.00  9999.00
 00015  9999.00  9999.00  9999.00  9999.00  9999.00  9999.00  9999.00  9999.00  9999.00  9999.00
 00016   986.10     3.50    11.30     2.00   290.00    15.00     0.00  9999.00  9999.00  9999.00
 00017  1021.30     5.00    10.47     4.00   320.00    30.00     0.00  9999.00  9999.00  9999.00
 00018  1032.10     5.20    22.75     5.00   320.00    22.00     0.00  9999.00  9999.00  9999.00
 00019   961.70    10.70    13.87     2.00    40.00    21.00     0.00  9999.00  9999.00  9999.00
 00020  1031.40     3.30    31.44     5.00   320.00    18.00     0.00  9999.00  9999.00  9999.00
 00021   923.80   -11.50    49.86     2.00    20.00     3.50     0.00  9999.00  9999.00  9999.00
 00022  1032.20     1.10    11.02     4.00   320.00    30.00     0.00  9999.00  9999.00  9999.00
 00023   946.80    -8.50    53.64     1.00    90.00    20.00     0.00  9999.00  9999.00  9999.00
 00024   981.10   -16.60    53.48     3.00   140.00    30.00     0.00  9999.00  9999.00  9999.00
 00025   817.10     3.30    66.08     3.00    20.00    25.00     0.00  9999.00  9999.00  9999.00
 00026  1027.50     8.30    25.83     3.00    40.00    14.00     0.00  9999.00  9999.00  9999.00
 00027  1018.80     8.80    25.97     8.00   320.00    16.00     0.00  9999.00  9999.00  9999.00
 00028   997.90    11.00    13.84     3.00    20.00    15.00     0.20  9999.00  9999.00  9999.00
 00029  1016.30    13.00    36.97     8.00   360.00    30.00     0.00  9999.00  9999.00  9999.00
 00030  1008.50    12.10    41.91     7.00    40.00    17.00     0.00  9999.00  9999.00  9999.00
 00031   623.10     7.40     5.33     2.00    20.00    30.00     0.00  9999.00  9999.00  9999.00
 00032  1013.10    15.40    27.87     4.00   290.00    22.00     0.00  9999.00  9999.00  9999.00
 00033  1014.10    14.30    87.70     4.00    20.00    15.00     0.50  9999.00  9999.00  9999.00
 00034  1013.50    25.00    66.56     6.00    40.00    16.00     0.00  9999.00  9999.00  9999.00
 00035  1018.20    16.20    81.77     2.00    20.00    19.00     0.10  9999.00  9999.00  9999.00
 00036   846.40     6.30    37.77     1.00   110.00    26.00     0.00  9999.00  9999.00  9999.00
 00037  1016.30    15.40    30.93     5.00   270.00    23.00     0.00  9999.00  9999.00  9999.00
 00038  1014.80    16.30    32.82     4.00   340.00    22.00     0.00  9999.00  9999.00  9999.00
 00039  1020.40    13.20    62.80     6.00    70.00    12.00     0.00  9999.00  9999.00  9999.00
 00040  1015.00    15.00    66.74     7.00    70.00    12.00     0.00  9999.00  9999.00  9999.00
 00041   818.90   -10.30    47.86     7.00   340.00    14.00     0.00  9999.00  9999.00  9999.00
 00042  1029.10     4.60    24.61     4.00    20.00    18.00     0.00  9999.00  9999.00  9999.00
 00043  1024.50     8.30    21.42     6.00    70.00    16.00     0.00  9999.00  9999.00  9999.00
 00044  1016.10    10.00    33.96     1.00   320.00    19.00     0.00  9999.00  9999.00  9999.00
 00045  1015.00    15.00    66.74     7.00    70.00    12.00     0.00  9999.00  9999.00  9999.00
 00046   978.10     9.80    28.84    10.00   340.00    11.00     0.00  9999.00  9999.00  9999.00
 00047  1021.80    11.00    22.94     5.00   270.00    15.00     0.00  9999.00  9999.00  9999.00
 00048   649.70    12.20     9.21     2.00   320.00    30.00     0.00  9999.00  9999.00  9999.00
 00049   598.60     3.10    33.30     7.00   220.00    30.00     0.00  9999.00  9999.00  9999.00
 00050  1015.40    13.40    53.90    10.00    70.00    18.00     0.00  9999.00  9999.00  9999.00
