stn_id       p       t2      rh2      spd      dir      vis    rain6   rain24   tmax24   tmin24 
 00001  1000.40     3.80    93.15     0.00     0.00     1.80     0.00  9999.00  9999.00  9999.00
 00002  9999.00  9999.00  9999.00  9999.00  9999.00  9999.00  9999.00  9999.00  9999.00  9999.00
 00003   936.80    -9.00    30.15     2.00   200.00    27.00     0.00  9999.00  9999.00  9999.00
 00004   866.90   -19.10    46.27     2.00   220.00    30.00     0.00  9999.00  9999.00  9999.00
 00005   893.30   -16.00    51.06     1.00   200.00    30.00     0.00  9999.00  9999.00  9999.00
 00006   890.80   -16.30    48.03     5.00   270.00    30.00     0.00  9999.00  9999.00  9999.00
 00007  1015.90   -17.60    56.48     0.00     0.00    29.00     0.00  9999.00  9999.00  9999.00
 00008   988.40   -14.50    37.90     4.00   220.00    10.00     0.00  9999.00  9999.00  9999.00
 00009   961.80   -42.00    61.54     1.00   160.00     1.30     0.00  9999.00  9999.00  9999.00
 00010   986.30   -17.70    48.11     5.00   270.00    12.00     0.00  9999.00  9999.00  9999.00
 00011  1003.80   -25.90    72.78     1.00    40.00     7.00     0.00  9999.00  9999.00  9999.00
 00012  1021.40    -7.70    29.43     1.00   220.00    21.00     0.00  9999.00  9999.00  9999.00
 00013  1027.30    -3.60    54.41     1.00   290.00    16.00     0.00  9999.00  9999.00  9999.00
 00014  1025.90    -0.70    50.78     3.00   290.00    16.00     0.00  9999.00  9999.00  9999.00
 00015  1006.90    -2.40    14.24     1.00   140.00    30.00     0.00  9999.00  9999.00  9999.00
 00016   982.50    -5.60    34.60     1.00    40.00     6.00     0.00  9999.00  9999.00  9999.00
 00017  1016.00     0.60    17.37     3.00   270.00    30.00     0.00  9999.00  9999.00  9999.00
 00018  1029.30    -3.90    71.90     1.00   200.00    14.00     0.00  9999.00  9999.00  9999.00
 00019   960.30    -0.50    67.77     0.00   270.00    21.00     0.00  9999.00  9999.00  9999.00
 00020  1030.10    -2.50    47.49     2.00   250.00    20.00     0.00  9999.00  9999.00  9999.00
 00021   924.00   -16.80    75.91     1.00   110.00     3.20     0.00  9999.00  9999.00  9999.00
 00022  1025.90    -6.10    21.62     1.00   250.00    19.00     0.00  9999.00  9999.00  9999.00
 00023   946.80   -17.50    73.62     3.00   180.00    27.00     0.00  9999.00  9999.00  9999.00
 00024   980.90   -21.30    69.35     1.00   140.00    29.00     0.00  9999.00  9999.00  9999.00
 00025   814.70     2.20    81.04     2.00    70.00     8.00     0.00  9999.00  9999.00  9999.00
 00026  1026.60     1.50    48.69     0.00     0.00    10.00     0.00  9999.00  9999.00  9999.00
 00027  1018.20     1.80    48.02     3.00   290.00    14.00     0.00  9999.00  9999.00  9999.00
 00028   997.00    -0.50    61.80     1.00    90.00    14.00     0.00  9999.00  9999.00  9999.00
 00029  1017.80     9.10    33.95     5.00   360.00    30.00     0.00  9999.00  9999.00  9999.00
 00030  1008.40     9.50    18.71     6.00    40.00    25.00     0.00  9999.00  9999.00  9999.00
 00031   622.70     2.70     4.36     2.00   320.00    30.00     0.00  9999.00  9999.00  9999.00
 00032  1017.20     6.20    58.94     1.00   290.00    17.00     0.00  9999.00  9999.00  9999.00
 00033  1015.50    13.50    63.74     4.00    70.00    19.00     0.00  9999.00  9999.00  9999.00
 00034  1015.70    22.40    71.79     6.00    40.00    13.00     0.30  9999.00  9999.00  9999.00
 00035  1019.70    14.40    69.86     3.00    20.00    13.00     0.00  9999.00  9999.00  9999.00
 00036   844.60     4.30    58.88     1.00    70.00    29.00     0.00  9999.00  9999.00  9999.00
 00037  1020.50     4.20    77.87     1.00   290.00    14.00     0.00  9999.00  9999.00  9999.00
 00038  1018.90     7.40    56.70     4.00    20.00    16.00     0.00  9999.00  9999.00  9999.00
 00039  1023.50     8.50    52.98     4.00    20.00    14.00     0.00  9999.00  9999.00  9999.00
 00040  1018.10     9.20    64.12     7.00    20.00    11.00     0.00  9999.00  9999.00  9999.00
 00041   816.20   -13.50    37.81    11.00   320.00    13.00     0.00  9999.00  9999.00  9999.00
 00042  1026.40    -3.30    69.82     2.00   250.00    12.00     0.00  9999.00  9999.00  9999.00
 00043  1023.70    -1.00    69.76     2.00    90.00    14.00     0.00  9999.00  9999.00  9999.00
 00044  1016.50    -0.50    65.72     1.00   110.00    19.00     0.00  9999.00  9999.00  9999.00
 00045  1018.10     9.20    64.12     7.00    20.00    11.00     0.00  9999.00  9999.00  9999.00
 00046   979.80     1.30    47.87     2.00    40.00    11.00     0.00  9999.00  9999.00  9999.00
 00047  1025.00     3.00    31.26     2.00    20.00    17.00     0.00  9999.00  9999.00  9999.00
 00048   648.00    -0.60    21.85     0.00     0.00    12.00     0.00  9999.00  9999.00  9999.00
 00049   598.30    -4.70    56.50     3.00   320.00    30.00     0.00  9999.00  9999.00  9999.00
 00050  1018.60     7.00    53.75     5.00    20.00    23.00     0.00  9999.00  9999.00  9999.00
