stn_id       p       t2      rh2      spd      dir      vis    rain6   rain24   tmax24   tmin24 
 00001   977.61    20.80  9999.00     1.00    70.00  9999.00  9999.00  9999.00  9999.00  9999.00
 00002   997.55    33.00  9999.00     6.00   180.00    30.00  9999.00  9999.00  9999.00  9999.00
 00003   919.54    28.00  9999.00     1.00    90.00    30.00  9999.00  9999.00  9999.00  9999.00
 00004   853.22    24.60  9999.00     3.00   360.00    30.00  9999.00  9999.00  9999.00  9999.00
 00005   888.58    26.00  9999.00     4.00   340.00    30.00  9999.00  9999.00  9999.00  9999.00
 00006   879.32    22.70  9999.00     6.00   320.00    30.00  9999.00  9999.00  9999.00  9999.00
 00007  1000.86    27.40  9999.00     4.00   320.00    30.00  9999.00  9999.00  9999.00  9999.00
 00008   976.34    24.50  9999.00     4.00   290.00    20.00  9999.00  9999.00  9999.00  9999.00
 00009   955.35    20.90  9999.00     2.00   360.00    30.00  9999.00  9999.00  9999.00  9999.00
 00010   971.96    17.90  9999.00     8.00   270.00    27.00  9999.00  9999.00  9999.00  9999.00
 00011   985.19    20.40  9999.00     4.00   290.00    30.00  9999.00  9999.00  9999.00  9999.00
 00012  1003.06    32.10  9999.00     3.00   220.00    28.00  9999.00  9999.00  9999.00  9999.00
 00013  1009.76    28.90  9999.00     3.00   110.00    17.00  9999.00  9999.00  9999.00  9999.00
 00014  1005.56    27.20  9999.00     3.00    70.00    17.00  9999.00  9999.00  9999.00  9999.00
 00015   990.60    28.90  9999.00     3.00   250.00    30.00  9999.00  9999.00  9999.00  9999.00
 00016   965.01    15.20  9999.00     2.00    70.00     4.50  9999.00  9999.00  9999.00  9999.00
 00017   999.84    21.40  9999.00     1.00   320.00    11.00  9999.00  9999.00  9999.00  9999.00
 00018  1006.97    28.60  9999.00     1.00   360.00    19.00  9999.00  9999.00  9999.00  9999.00
 00019   939.06    22.80  9999.00     3.00    70.00    19.00  9999.00  9999.00  9999.00  9999.00
 00020  1011.42    24.50  9999.00     4.00    90.00    28.00  9999.00  9999.00  9999.00  9999.00
 00021   906.17    26.50  9999.00     3.00    20.00    30.00  9999.00  9999.00  9999.00  9999.00
 00022  1007.10    31.90  9999.00     5.00   250.00    26.00  9999.00  9999.00  9999.00  9999.00
 00023   930.66    29.10  9999.00     8.00   110.00    30.00  9999.00  9999.00  9999.00  9999.00
 00024   961.42    29.10  9999.00     2.00    90.00    30.00  9999.00  9999.00  9999.00  9999.00
 00025   805.50    28.50    40.66     1.00   140.00    30.00  9999.00  9999.00  9999.00  9999.00
 00026  1002.23    30.10  9999.00     2.00    70.00    17.00  9999.00  9999.00  9999.00  9999.00
 00027  1000.09    25.80  9999.00     2.00   340.00    26.00  9999.00  9999.00  9999.00  9999.00
 00028   975.02    27.90  9999.00     3.00    20.00    14.00  9999.00  9999.00  9999.00  9999.00
 00029   999.80    35.60  9999.00     2.00   160.00    30.00  9999.00  9999.00  9999.00  9999.00
 00030   987.39    35.80  9999.00     4.00   110.00    27.00  9999.00  9999.00  9999.00  9999.00
 00031   622.50    20.30     4.02     3.00   180.00    30.00  9999.00  9999.00  9999.00  9999.00
 00032   998.47    30.30  9999.00     3.00   160.00    25.00  9999.00  9999.00  9999.00  9999.00
 00033  1003.21    29.70  9999.00     2.00   160.00    27.00  9999.00  9999.00  9999.00  9999.00
 00034  1004.50    33.10  9999.00     2.00    20.00    21.00  9999.00  9999.00  9999.00  9999.00
 00035  1002.60    33.20  9999.00     3.00   160.00    30.00  9999.00  9999.00  9999.00  9999.00
 00036   827.40    36.40    20.60     3.00   200.00    29.00  9999.00  9999.00  9999.00  9999.00
 00037  1002.23    31.70  9999.00     5.00   160.00    19.00  9999.00  9999.00  9999.00  9999.00
 00038  1004.24    29.70  9999.00     5.00   140.00    18.00  9999.00  9999.00  9999.00  9999.00
 00039  1005.75    27.20  9999.00     4.00    70.00    11.00  9999.00  9999.00  9999.00  9999.00
 00040  1001.46    28.50  9999.00     2.00   140.00    12.00  9999.00  9999.00  9999.00  9999.00
 00041   816.60    16.60    83.96     2.00    90.00     7.00  9999.00  9999.00  9999.00  9999.00
 00042  1008.08    27.30  9999.00     2.00    90.00     6.00  9999.00  9999.00  9999.00  9999.00
 00043  1004.22    28.50  9999.00     2.00    20.00    16.00  9999.00  9999.00  9999.00  9999.00
 00044   998.43    30.70  9999.00     2.00    20.00    17.00  9999.00  9999.00  9999.00  9999.00
 00045  1001.46    28.50  9999.00     2.00   140.00    12.00  9999.00  9999.00  9999.00  9999.00
 00046   964.33    25.90  9999.00     1.00   340.00     8.00  9999.00  9999.00  9999.00  9999.00
 00047  1005.95    27.90  9999.00     1.00   110.00    13.00  9999.00  9999.00  9999.00  9999.00
 00048   648.20    25.20     8.84     2.00   290.00    20.00  9999.00  9999.00  9999.00  9999.00
 00049   603.10     9.30    53.90     5.00   200.00    30.00  9999.00  9999.00  9999.00  9999.00
 00050  1006.05    29.00  9999.00     4.00    70.00    24.00  9999.00  9999.00  9999.00  9999.00
