stn_id       p       t2      rh2      spd      dir      vis    rain6   rain24   tmax24   tmin24 
 00001   969.82    25.63    66.16     2.47   188.54    20.80     0.18  9999.00  9999.00  9999.00
 00002   997.23    23.00    52.87     1.94    59.36    22.92     0.00  9999.00  9999.00  9999.00
 00003   905.05    17.82    53.10     1.90    49.26    21.86     0.00  9999.00  9999.00  9999.00
 00004   837.26    13.07    54.15     2.78   262.42    21.96     0.00  9999.00  9999.00  9999.00
 00005   873.88    12.55    23.59     2.24   347.97    24.76     0.00  9999.00  9999.00  9999.00
 00006   884.43    12.17    20.50     5.73   299.12    25.94     0.00  9999.00  9999.00  9999.00
 00007  1006.78    15.02    56.17     1.75   328.82    25.33     0.22  9999.00  9999.00  9999.00
 00008   989.21    13.80    39.31     3.61   285.85    27.09     1.27  9999.00  9999.00  9999.00
 00009   938.74     3.67    58.90     3.10   294.24    33.11     0.23  9999.00  9999.00  9999.00
 00010   966.10    10.71    95.61     1.35   178.76    12.45     2.11  9999.00  9999.00  9999.00
 00011   994.29    13.32    33.03     4.74   273.18    28.61     0.00  9999.00  9999.00  9999.00
 00012  1013.86    21.37    41.06     2.94   349.73    23.10     0.00  9999.00  9999.00  9999.00
 00013  1013.77    25.28    53.94     2.80   154.67    21.95     0.00  9999.00  9999.00  9999.00
 00014  1011.74    24.61    52.92     2.39   148.76    22.50     0.00  9999.00  9999.00  9999.00
 00015   997.23    21.78    60.52     3.27   210.71    20.08     0.01  9999.00  9999.00  9999.00
 00016   955.70    16.81    94.97     1.85   145.00     2.22     5.25  9999.00  9999.00  9999.00
 00017   997.79    22.38    67.38     1.19    76.81    20.87     3.26  9999.00  9999.00  9999.00
 00018  1011.91    25.86    46.31     3.94   184.89    21.45     0.00  9999.00  9999.00  9999.00
 00019   935.31    19.69    79.37     2.99    64.75    26.22     0.43  9999.00  9999.00  9999.00
 00020  1018.49    22.85    58.34     4.42   155.11    21.35     0.00  9999.00  9999.00  9999.00
 00021   895.00    13.14    24.72     6.68   149.88    26.21     0.00  9999.00  9999.00  9999.00
 00022  1015.93    22.52    49.96     3.24     4.86    21.46     0.00  9999.00  9999.00  9999.00
 00023   919.36    13.84    36.81     4.06   128.06    21.74     0.00  9999.00  9999.00  9999.00
 00024   949.86    10.78    36.25     5.80   120.65    24.13     0.00  9999.00  9999.00  9999.00
 00025   797.76    19.08    55.41     3.86   248.54    24.44     0.02  9999.00  9999.00  9999.00
 00026  1011.67    27.22    51.66     1.86   163.35    22.27     0.00  9999.00  9999.00  9999.00
 00027  1006.23    28.33    54.02     3.07   167.11    22.11     0.00  9999.00  9999.00  9999.00
 00028   975.50    24.13    68.77     2.03   196.12    19.89     0.79  9999.00  9999.00  9999.00
 00029  1009.54    27.80    66.27     5.14   127.50    25.35     0.03  9999.00  9999.00  9999.00
 00030   997.46    22.47    89.36     2.30    38.47     7.67     4.18  9999.00  9999.00  9999.00
 00031   572.79     3.80    21.54     4.89   233.89    29.14     0.16  9999.00  9999.00  9999.00
 00032   983.11    21.69    60.86     3.33    81.89    21.34     0.06  9999.00  9999.00  9999.00
 00033  1009.09    21.11    97.55     6.70   107.66     5.73     3.78  9999.00  9999.00  9999.00
 00034  1011.79    27.50    85.72     6.87   152.89    17.57     1.49  9999.00  9999.00  9999.00
 00035  1008.53    26.23    88.96     4.81   136.00     3.84    14.81  9999.00  9999.00  9999.00
 00036   776.48    18.12    55.02     3.36   200.07    24.10     0.16  9999.00  9999.00  9999.00
 00037   973.22    22.57    57.93     2.72    91.41    21.26     0.06  9999.00  9999.00  9999.00
 00038   999.83    26.30    52.37     1.61    80.54    23.94     0.00  9999.00  9999.00  9999.00
 00039  1013.88    24.38    62.83     9.46    46.03    23.30     0.00  9999.00  9999.00  9999.00
 00040  1011.42    25.91    60.17     5.93    71.73    24.73     0.00  9999.00  9999.00  9999.00
 00041   973.24    23.66    51.93     2.03   163.34    21.31     0.00  9999.00  9999.00  9999.00
 00042  1013.58    26.55    48.68     1.62   161.93    21.97     0.00  9999.00  9999.00  9999.00
 00043  1005.23    27.46    51.29     1.65   168.24    22.74     0.00  9999.00  9999.00  9999.00
 00044   987.80    24.82    53.21     1.38    97.29    21.84     0.00  9999.00  9999.00  9999.00
 00045  1011.42    25.91    60.17     5.93    71.73    24.73     0.00  9999.00  9999.00  9999.00
 00046   945.76    25.46    43.53     0.43   103.98    22.72     0.00  9999.00  9999.00  9999.00
 00047  1008.05    21.63    67.59     2.55   104.97    21.95     0.00  9999.00  9999.00  9999.00
 00048   604.55     5.43    39.74     2.75   190.55    32.57     0.48  9999.00  9999.00  9999.00
 00049   578.55     1.01    54.75     3.93   210.32    27.38     0.00  9999.00  9999.00  9999.00
 00050  1006.17    25.84    49.88     5.95    52.41    22.74     0.00  9999.00  9999.00  9999.00
