stn_id       p       t2      rh2      spd      dir      vis    rain6   rain24   tmax24   tmin24 
 00001   970.74    19.33    86.81     1.53   154.52    23.44  9999.00  9999.00  9999.00  9999.00
 00002   997.09    12.30    96.89     1.24   290.60    22.89  9999.00  9999.00  9999.00  9999.00
 00003   905.66     6.94    97.68     1.36   269.45     1.71  9999.00  9999.00  9999.00  9999.00
 00004   837.70     4.48    89.56     1.22   142.12    20.69  9999.00  9999.00  9999.00  9999.00
 00005   873.86     2.11    79.82     2.63   177.92    24.31  9999.00  9999.00  9999.00  9999.00
 00006   885.32     0.30    70.14     1.68   262.78    26.00  9999.00  9999.00  9999.00  9999.00
 00007  1005.50    13.74    81.85     5.63   192.45     5.80  9999.00  9999.00  9999.00  9999.00
 00008   988.59    11.34    91.13     3.46   265.88     7.86  9999.00  9999.00  9999.00  9999.00
 00009   937.81    -1.07    92.02     3.64   275.58    32.36  9999.00  9999.00  9999.00  9999.00
 00010   969.67     2.01    90.07     1.44   217.29    27.30  9999.00  9999.00  9999.00  9999.00
 00011   994.23     8.59    87.90     3.27   286.68    27.57  9999.00  9999.00  9999.00  9999.00
 00012  1012.78    11.11    97.25     1.33   333.04    23.10  9999.00  9999.00  9999.00  9999.00
 00013  1016.72    14.76    87.65     3.24   125.79    22.04  9999.00  9999.00  9999.00  9999.00
 00014  1014.47    11.87    95.94     1.00   210.50    18.77  9999.00  9999.00  9999.00  9999.00
 00015   997.59    17.63    66.46     5.11   188.99    20.07  9999.00  9999.00  9999.00  9999.00
 00016   956.16    16.27    97.78     0.84    59.95    20.64  9999.00  9999.00  9999.00  9999.00
 00017   998.71    16.10    87.55     1.71   208.55    20.89  9999.00  9999.00  9999.00  9999.00
 00018  1014.49    15.12    88.07     2.54   125.93    21.54  9999.00  9999.00  9999.00  9999.00
 00019   936.08    17.17    92.23     1.08    87.38     3.61  9999.00  9999.00  9999.00  9999.00
 00020  1021.00    12.43    90.19     2.37   127.36    21.41  9999.00  9999.00  9999.00  9999.00
 00021   895.84     3.38    48.60     3.73   145.96    26.13  9999.00  9999.00  9999.00  9999.00
 00022  1015.27    15.00    93.23     1.22    29.68    21.41  9999.00  9999.00  9999.00  9999.00
 00023   920.33     2.99    61.23     3.91   125.67    21.66  9999.00  9999.00  9999.00  9999.00
 00024   951.70     2.05    77.81     3.79   112.35    24.09  9999.00  9999.00  9999.00  9999.00
 00025   798.14    10.62    99.17     1.38   181.55     6.36  9999.00  9999.00  9999.00  9999.00
 00026  1013.72    14.18    91.71     1.69    62.59    22.34  9999.00  9999.00  9999.00  9999.00
 00027  1008.34    16.26    90.53     1.88   132.89    22.20  9999.00  9999.00  9999.00  9999.00
 00028   977.15    14.41    93.34     0.59    86.15    21.52  9999.00  9999.00  9999.00  9999.00
 00029  1010.47    20.85    74.02     2.52    67.69    25.37  9999.00  9999.00  9999.00  9999.00
 00030   997.79    21.04    88.75     2.86    37.71    27.51  9999.00  9999.00  9999.00  9999.00
 00031   573.63    -5.70    80.11     1.77   195.58    27.92  9999.00  9999.00  9999.00  9999.00
 00032   984.49    13.75    92.47     1.40   345.93    21.39  9999.00  9999.00  9999.00  9999.00
 00033  1008.59    21.45    98.17     5.45   107.50     1.05  9999.00  9999.00  9999.00  9999.00
 00034  1010.99    26.93    89.06     8.29   144.38    23.11  9999.00  9999.00  9999.00  9999.00
 00035  1007.98    24.67    95.99     3.69   129.26     4.98  9999.00  9999.00  9999.00  9999.00
 00036   777.15     9.62    91.12     1.88   176.27    24.14  9999.00  9999.00  9999.00  9999.00
 00037   974.76    12.96    94.77     0.95   261.63    21.32  9999.00  9999.00  9999.00  9999.00
 00038  1001.71    13.89    88.75     1.40   328.07    24.01  9999.00  9999.00  9999.00  9999.00
 00039  1014.95    20.75    76.51     8.11    16.62    23.38  9999.00  9999.00  9999.00  9999.00
 00040  1012.62    19.68    73.13     5.62    24.50    24.77  9999.00  9999.00  9999.00  9999.00
 00041   975.26    10.93    88.10     1.45   127.40    21.39  9999.00  9999.00  9999.00  9999.00
 00042  1016.40    14.37    88.14     2.48   117.71    22.06  9999.00  9999.00  9999.00  9999.00
 00043  1006.90    15.47    90.19     0.81    71.88    22.83  9999.00  9999.00  9999.00  9999.00
 00044   990.18    10.58    92.69     1.77   107.32    21.92  9999.00  9999.00  9999.00  9999.00
 00045  1012.62    19.68    73.13     5.62    24.50    24.77  9999.00  9999.00  9999.00  9999.00
 00046   947.17    10.69    95.09     1.17    98.88    22.82  9999.00  9999.00  9999.00  9999.00
 00047  1009.50    14.74    98.07     2.20   324.88     6.73  9999.00  9999.00  9999.00  9999.00
 00048   605.28    -1.19    61.54     1.38   190.01    33.15  9999.00  9999.00  9999.00  9999.00
 00049   578.24    -6.49    81.27     0.44   101.46    26.01  9999.00  9999.00  9999.00  9999.00
 00050  1007.61    17.88    80.51     4.34    31.75    22.84  9999.00  9999.00  9999.00  9999.00
