stn_id       p       t2      rh2      spd      dir      vis    rain6   rain24   tmax24   tmin24 
 00001   969.08    19.20    59.38     0.94   144.88    17.39     0.00  9999.00  9999.00  9999.00
 00002   986.29    20.33    30.93     2.82    99.50    21.78     0.00  9999.00  9999.00  9999.00
 00003   895.87    16.77    19.55     5.44   329.47    20.01     0.00  9999.00  9999.00  9999.00
 00004   829.68     5.10    38.99     6.46   325.88    20.18     0.00  9999.00  9999.00  9999.00
 00005   866.77     2.64    22.36     7.20   330.45    23.25     0.00  9999.00  9999.00  9999.00
 00006   877.73    -0.27    20.50     9.72   310.28    26.14     0.00  9999.00  9999.00  9999.00
 00007   995.50    14.76    44.74     8.02   211.82    26.96     0.01  9999.00  9999.00  9999.00
 00008   981.14     3.60    88.00     3.78   200.14     2.98     1.66  9999.00  9999.00  9999.00
 00009   938.81    -5.93    51.10     2.55   312.06    53.86     0.05  9999.00  9999.00  9999.00
 00010   963.49     5.42    51.71     3.81   138.13    21.04     0.18  9999.00  9999.00  9999.00
 00011   990.66     2.84    24.77     2.63    99.81    33.85     0.02  9999.00  9999.00  9999.00
 00012  1001.73    18.42    25.63     2.41   331.67    22.48     0.00  9999.00  9999.00  9999.00
 00013  1008.77    20.76    32.21     5.74   202.49    18.25     0.00  9999.00  9999.00  9999.00
 00014  1007.93    20.16    37.56     4.14   199.19    18.30     0.00  9999.00  9999.00  9999.00
 00015   986.12    19.73    35.62     4.99   210.87    18.00     0.00  9999.00  9999.00  9999.00
 00016   950.23    20.44    32.77     1.73   295.01    17.50     0.00  9999.00  9999.00  9999.00
 00017   987.10    25.52    21.50     4.03   250.89    17.93     0.00  9999.00  9999.00  9999.00
 00018  1006.27    21.17    34.34     7.64   196.43    18.04     0.00  9999.00  9999.00  9999.00
 00019   934.53    13.43    69.87     2.70    73.58    18.04     0.09  9999.00  9999.00  9999.00
 00020  1014.13    19.60    32.88     4.91   193.26    18.13     0.00  9999.00  9999.00  9999.00
 00021   897.13     2.88    80.19     1.23   200.53    21.87     1.00  9999.00  9999.00  9999.00
 00022  1004.58    18.44    24.13     2.89   339.93    20.30     0.00  9999.00  9999.00  9999.00
 00023   923.75     6.44    61.78     2.61    88.98    33.89     0.00  9999.00  9999.00  9999.00
 00024   952.59    -1.61    83.07     0.75   137.75    36.41     0.00  9999.00  9999.00  9999.00
 00025   792.68    19.26    37.83     6.70   282.26    21.23     0.02  9999.00  9999.00  9999.00
 00026  1009.14    20.86    45.74     4.61   197.26    18.67     0.00  9999.00  9999.00  9999.00
 00027  1003.09    21.74    50.26     5.15   186.85    18.07     0.00  9999.00  9999.00  9999.00
 00028   971.84    19.69    56.24     4.75   208.25    16.88     0.00  9999.00  9999.00  9999.00
 00029  1008.35    24.85    49.71     2.12   212.33    20.22     0.00  9999.00  9999.00  9999.00
 00030   996.10    25.95    48.19     5.43   200.11    22.35     0.00  9999.00  9999.00  9999.00
 00031   569.57     2.40    16.35     4.15   249.27    29.67     0.29  9999.00  9999.00  9999.00
 00032   979.80    18.51    56.60     2.02   110.11    17.03     0.00  9999.00  9999.00  9999.00
 00033  1010.60    19.92    85.59     6.30    95.08     5.80     0.00  9999.00  9999.00  9999.00
 00034  1011.80    26.08    71.97     7.56    46.38    21.79     0.02  9999.00  9999.00  9999.00
 00035  1009.97    26.37    60.32     2.89   106.23    20.79     1.29  9999.00  9999.00  9999.00
 00036   772.89    15.83    40.42     1.67   266.04    20.50     0.01  9999.00  9999.00  9999.00
 00037   969.79    18.99    52.09     1.83   127.65    16.98     0.00  9999.00  9999.00  9999.00
 00038   997.40    22.71    36.30     0.98   146.87    19.21     0.00  9999.00  9999.00  9999.00
 00039  1011.75    20.26    62.59     4.89    60.30    18.66     0.00  9999.00  9999.00  9999.00
 00040  1009.19    22.20    48.37     3.96   109.76    19.82     0.00  9999.00  9999.00  9999.00
 00041   968.97    17.88    39.71     4.37   204.35    17.56     0.00  9999.00  9999.00  9999.00
 00042  1009.32    20.95    34.64     5.17   205.51    18.21     0.00  9999.00  9999.00  9999.00
 00043  1002.78    21.05    46.51     3.83   197.69    19.06     0.00  9999.00  9999.00  9999.00
 00044   984.62    19.79    43.80     1.50   214.61    17.87     0.00  9999.00  9999.00  9999.00
 00045  1009.19    22.20    48.37     3.96   109.76    19.82     0.00  9999.00  9999.00  9999.00
 00046   942.40    20.16    35.70     2.11   224.48    18.42     0.00  9999.00  9999.00  9999.00
 00047  1004.81    17.28    62.35     2.51   145.72    17.80     0.00  9999.00  9999.00  9999.00
 00048   600.80     4.92    34.80     2.27   185.98    32.82     0.02  9999.00  9999.00  9999.00
 00049   574.58    -2.98    56.52     3.18   207.75    27.15     0.01  9999.00  9999.00  9999.00
 00050  1003.57    22.46    44.01     2.86    87.07    18.20     0.00  9999.00  9999.00  9999.00
