stn_id       p       t2      rh2      spd      dir      vis    rain6   rain24   tmax24   tmin24 
 00001   970.08    15.78    67.45     1.11    92.61    17.40  9999.00  9999.00  9999.00  9999.00
 00002   985.90    15.14    38.23     1.39    13.82    21.79  9999.00  9999.00  9999.00  9999.00
 00003   895.63    13.24    36.45     1.37   236.40    20.04  9999.00  9999.00  9999.00  9999.00
 00004   829.43     5.25    37.39     6.06   342.96    20.19  9999.00  9999.00  9999.00  9999.00
 00005   866.07     1.55    30.07     9.03   339.92    23.27  9999.00  9999.00  9999.00  9999.00
 00006   877.92    -1.77    36.51    10.13   307.47    26.15  9999.00  9999.00  9999.00  9999.00
 00007   998.38     9.03    60.54     5.11   187.27    27.02  9999.00  9999.00  9999.00  9999.00
 00008   982.91     2.90    71.84     3.68   164.44    10.43  9999.00  9999.00  9999.00  9999.00
 00009   940.68    -9.08    58.49     1.37   289.07    53.84  9999.00  9999.00  9999.00  9999.00
 00010   965.33     2.62    48.13     2.91   138.35    25.68  9999.00  9999.00  9999.00  9999.00
 00011   993.17     1.21    18.26     2.33   117.80    38.72  9999.00  9999.00  9999.00  9999.00
 00012  1002.62    12.56    30.84     2.43    31.03    22.51  9999.00  9999.00  9999.00  9999.00
 00013  1010.88    17.79    37.44     5.64   190.52    18.28  9999.00  9999.00  9999.00  9999.00
 00014  1010.55    17.18    43.99     4.15   198.72    18.33  9999.00  9999.00  9999.00  9999.00
 00015   986.58    15.66    37.57     6.65   199.89    18.00  9999.00  9999.00  9999.00  9999.00
 00016   950.51    15.90    43.75     2.62   249.18    17.51  9999.00  9999.00  9999.00  9999.00
 00017   988.41    20.14    29.53     2.74   232.11    17.95  9999.00  9999.00  9999.00  9999.00
 00018  1008.10    18.31    35.22     7.59   190.73    18.06  9999.00  9999.00  9999.00  9999.00
 00019   934.92    11.82    74.63     1.93    72.13    18.03  9999.00  9999.00  9999.00  9999.00
 00020  1016.42    17.26    38.41     5.47   195.81    18.16  9999.00  9999.00  9999.00  9999.00
 00021   897.35     1.05    90.76     1.28   260.05    10.05  9999.00  9999.00  9999.00  9999.00
 00022  1004.41    14.40    33.06     1.63   275.43    20.32  9999.00  9999.00  9999.00  9999.00
 00023   924.23     1.72    74.39     0.75   144.87    33.91  9999.00  9999.00  9999.00  9999.00
 00024   952.98    -4.20    86.78     1.03   331.35    36.42  9999.00  9999.00  9999.00  9999.00
 00025   794.29    15.79    62.32     5.75   263.20    21.30  9999.00  9999.00  9999.00  9999.00
 00026  1011.84    17.58    48.01     4.33   193.87    18.70  9999.00  9999.00  9999.00  9999.00
 00027  1005.98    18.58    55.61     4.73   179.33    18.10  9999.00  9999.00  9999.00  9999.00
 00028   974.35    16.56    58.29     4.25   201.87    16.90  9999.00  9999.00  9999.00  9999.00
 00029  1012.07    21.66    55.52     2.14   152.63    20.27  9999.00  9999.00  9999.00  9999.00
 00030   999.91    21.51    50.73     2.72   178.44    22.38  9999.00  9999.00  9999.00  9999.00
 00031   571.45    -2.07    38.32     1.82   228.64    29.75  9999.00  9999.00  9999.00  9999.00
 00032   982.55    16.47    55.73     1.58    77.70    17.06  9999.00  9999.00  9999.00  9999.00
 00033  1014.22    19.02    89.67     3.63   111.88    21.03  9999.00  9999.00  9999.00  9999.00
 00034  1014.80    25.72    71.03     7.32    50.66    21.84  9999.00  9999.00  9999.00  9999.00
 00035  1013.40    24.87    66.92     3.50    88.20    16.58  9999.00  9999.00  9999.00  9999.00
 00036   774.39    10.37    68.84     1.03   249.31    20.56  9999.00  9999.00  9999.00  9999.00
 00037   972.56    16.55    53.01     1.24    99.44    17.01  9999.00  9999.00  9999.00  9999.00
 00038  1001.06    19.44    41.17     0.96    82.67    19.26  9999.00  9999.00  9999.00  9999.00
 00039  1014.78    18.82    60.84     5.85    34.40    18.69  9999.00  9999.00  9999.00  9999.00
 00040  1012.67    20.35    43.00     3.66    51.28    19.85  9999.00  9999.00  9999.00  9999.00
 00041   971.02    15.06    47.25     4.57   192.59    17.59  9999.00  9999.00  9999.00  9999.00
 00042  1011.34    18.23    38.69     5.53   194.03    18.24  9999.00  9999.00  9999.00  9999.00
 00043  1005.56    17.57    47.35     4.12   190.43    19.08  9999.00  9999.00  9999.00  9999.00
 00044   987.54    15.89    53.42     1.38   171.70    17.91  9999.00  9999.00  9999.00  9999.00
 00045  1012.67    20.35    43.00     3.66    51.28    19.85  9999.00  9999.00  9999.00  9999.00
 00046   945.41    16.95    50.18     1.26   193.80    18.48  9999.00  9999.00  9999.00  9999.00
 00047  1007.89    14.74    63.37     1.69   138.91    17.83  9999.00  9999.00  9999.00  9999.00
 00048   603.07     0.66    41.48     1.47   183.23    32.86  9999.00  9999.00  9999.00  9999.00
 00049   575.67    -7.09    74.63     0.60   146.48    18.95  9999.00  9999.00  9999.00  9999.00
 00050  1006.71    19.87    46.87     3.30    40.32    18.23  9999.00  9999.00  9999.00  9999.00
