stn_id       p       t2      rh2      spd      dir      vis    rain6   rain24   tmax24   tmin24 
 00001   956.19    27.06    81.21     1.64    98.19    27.06  9999.00  9999.00  9999.00  9999.00
 00002   981.48    27.57    72.43     1.07    87.66    26.88  9999.00  9999.00  9999.00  9999.00
 00003   893.72    24.05    73.60     1.05    68.27    25.54  9999.00  9999.00  9999.00  9999.00
 00004   828.98    18.10    64.29     1.20   141.12    24.08  9999.00  9999.00  9999.00  9999.00
 00005   861.97    19.08    54.35     2.23    42.48    24.32  9999.00  9999.00  9999.00  9999.00
 00006   872.83    16.27    72.31     2.55   174.01    23.53  9999.00  9999.00  9999.00  9999.00
 00007   994.09    21.29    97.65     2.75   267.81    21.51  9999.00  9999.00  9999.00  9999.00
 00008   977.90    19.72    97.46     2.14   305.18    20.87  9999.00  9999.00  9999.00  9999.00
 00009   942.41    11.35    83.21     1.92   191.50    34.25  9999.00  9999.00  9999.00  9999.00
 00010   956.92    18.46    93.84     2.29   259.48    25.10  9999.00  9999.00  9999.00  9999.00
 00011   984.96    19.87    96.51     3.39     9.27    21.87  9999.00  9999.00  9999.00  9999.00
 00012   997.03    25.50    82.92     1.79    78.26    24.73  9999.00  9999.00  9999.00  9999.00
 00013  1001.13    26.12    92.41     2.07   161.08    28.87  9999.00  9999.00  9999.00  9999.00
 00014   999.11    25.69    93.34     1.83   187.40    29.58  9999.00  9999.00  9999.00  9999.00
 00015   982.48    25.87    84.73     4.34   195.62    24.49  9999.00  9999.00  9999.00  9999.00
 00016   940.15    24.87    81.82     1.78   103.00    26.10  9999.00  9999.00  9999.00  9999.00
 00017   982.88    27.82    81.55     2.14   163.64    26.84  9999.00  9999.00  9999.00  9999.00
 00018   999.14    26.60    80.37     3.24   185.87    28.56  9999.00  9999.00  9999.00  9999.00
 00019   923.45    26.23    80.61     1.65   316.06    22.41  9999.00  9999.00  9999.00  9999.00
 00020  1005.03    24.22    94.30     4.67   166.08     8.52  9999.00  9999.00  9999.00  9999.00
 00021   886.86    16.65    61.46     1.47   133.89    25.10  9999.00  9999.00  9999.00  9999.00
 00022   999.97    25.80    82.88     1.83   122.98    23.93  9999.00  9999.00  9999.00  9999.00
 00023   914.86    16.27    65.64     2.60   233.11    21.21  9999.00  9999.00  9999.00  9999.00
 00024   936.42    17.07    64.01     6.39   295.23    23.11  9999.00  9999.00  9999.00  9999.00
 00025   792.39    16.35    97.58     1.88   198.29    21.63  9999.00  9999.00  9999.00  9999.00
 00026  1000.25    27.93    68.63     2.77   205.22    29.77  9999.00  9999.00  9999.00  9999.00
 00027   995.35    29.21    61.48     5.12   190.80    29.10  9999.00  9999.00  9999.00  9999.00
 00028   965.56    27.04    73.85     5.41   194.87    27.30  9999.00  9999.00  9999.00  9999.00
 00029  1003.64    25.00    95.92     1.17   206.94    30.07  9999.00  9999.00  9999.00  9999.00
 00030   990.72    25.09    84.95     2.04   161.59    32.10  9999.00  9999.00  9999.00  9999.00
 00031   575.42     7.15    85.56     1.43   199.87    18.15  9999.00  9999.00  9999.00  9999.00
 00032   973.49    22.95    96.01     1.20   227.11    16.48  9999.00  9999.00  9999.00  9999.00
 00033  1005.53    23.10    96.38     4.18   155.67     0.20  9999.00  9999.00  9999.00  9999.00
 00034  1008.89    27.72    88.21     3.90   214.20    34.97  9999.00  9999.00  9999.00  9999.00
 00035  1005.21    26.27    93.86     3.24   184.66    32.35  9999.00  9999.00  9999.00  9999.00
 00036   771.36    18.74    83.59     1.18   184.09    24.69  9999.00  9999.00  9999.00  9999.00
 00037   964.03    23.19    97.24     0.90   213.42    11.79  9999.00  9999.00  9999.00  9999.00
 00038   991.60    24.85    98.24     0.72   163.78    27.17  9999.00  9999.00  9999.00  9999.00
 00039  1005.21    25.64    94.80     5.48   199.83    27.14  9999.00  9999.00  9999.00  9999.00
 00040  1003.29    25.75    95.77     3.73   206.49    27.30  9999.00  9999.00  9999.00  9999.00
 00041   962.72    23.11    91.18     1.39   165.47    28.78  9999.00  9999.00  9999.00  9999.00
 00042  1001.22    25.91    87.83     2.00   170.25    29.16  9999.00  9999.00  9999.00  9999.00
 00043   994.50    28.47    64.74     3.61   194.52    30.21  9999.00  9999.00  9999.00  9999.00
 00044   977.16    24.64    90.50     1.09   178.37    28.43  9999.00  9999.00  9999.00  9999.00
 00045  1003.29    25.75    95.77     3.73   206.49    27.30  9999.00  9999.00  9999.00  9999.00
 00046   938.56    23.70    84.12     2.29   186.57    28.36  9999.00  9999.00  9999.00  9999.00
 00047   997.12    23.86    96.42     2.38   165.51    15.31  9999.00  9999.00  9999.00  9999.00
 00048   605.83     8.47    93.86     0.76   228.84    11.34  9999.00  9999.00  9999.00  9999.00
 00049   579.32     4.90    99.14     1.03   201.30     1.99  9999.00  9999.00  9999.00  9999.00
 00050   997.42    25.25    96.13     3.06   197.01    26.61  9999.00  9999.00  9999.00  9999.00
