stn_id       p       t2      rh2      spd      dir      vis    rain6   rain24   tmax24   tmin24 
 00001   989.30     9.50    39.93     3.00   160.00    14.00     0.00  9999.00  9999.00  9999.00
 00002  9999.00  9999.00  9999.00  9999.00  9999.00  9999.00  9999.00  9999.00  9999.00  9999.00
 00003   926.10    -3.70    18.55     3.00   250.00    18.00     0.00  9999.00  9999.00  9999.00
 00004   855.00    -2.70    16.88     4.00   200.00    30.00     0.00  9999.00  9999.00  9999.00
 00005   882.90   -11.50    24.04     5.00   180.00    30.00     0.00  9999.00  9999.00  9999.00
 00006   879.80   -10.70    30.84     9.00   270.00    20.00     0.00  9999.00  9999.00  9999.00
 00007  1014.70    -4.80    15.75     5.00   220.00    28.00     0.00  9999.00  9999.00  9999.00
 00008   990.10   -12.30    31.93     3.00   200.00    10.00     0.00  9999.00  9999.00  9999.00
 00009   962.50   -25.20    44.45     0.00     0.00    12.00     0.00  9999.00  9999.00  9999.00
 00010   989.10   -13.20    21.26     7.00   290.00    30.00     0.00  9999.00  9999.00  9999.00
 00011  1006.00   -16.40    36.95     2.00   180.00    18.00     0.00  9999.00  9999.00  9999.00
 00012  1018.10    -6.00    16.42     2.00   250.00    16.00     0.00  9999.00  9999.00  9999.00
 00013  1024.10     0.20    27.56     2.00   160.00    28.00     0.00  9999.00  9999.00  9999.00
 00014  1022.90     2.70    31.37     1.00    90.00    15.00     0.00  9999.00  9999.00  9999.00
 00015  9999.00  9999.00  9999.00  9999.00  9999.00  9999.00  9999.00  9999.00  9999.00  9999.00
 00016   971.50    -1.70    22.40     2.00   270.00    15.00     0.00  9999.00  9999.00  9999.00
 00017  1009.30     0.70    27.83     3.00   180.00    14.00     0.00  9999.00  9999.00  9999.00
 00018  1025.10     0.30    38.65     3.00   200.00    23.00     0.00  9999.00  9999.00  9999.00
 00019  9999.00  9999.00  9999.00  9999.00  9999.00  9999.00  9999.00  9999.00  9999.00  9999.00
 00020  1028.30     1.90    36.01     2.00   220.00    24.00     0.00  9999.00  9999.00  9999.00
 00021   921.70    -9.10    40.92     3.00    90.00    13.00     0.00  9999.00  9999.00  9999.00
 00022  1022.10    -2.30    17.89     3.00   220.00    23.00     0.00  9999.00  9999.00  9999.00
 00023   948.30   -10.90    68.83     1.00   290.00     3.20     0.00  9999.00  9999.00  9999.00
 00024   981.00   -18.70    62.08     1.00   140.00    17.00     0.00  9999.00  9999.00  9999.00
 00025   808.60    17.40    33.82     4.00   250.00    30.00     0.00  9999.00  9999.00  9999.00
 00026  1020.50     5.10    35.98     2.00   220.00    15.00     0.00  9999.00  9999.00  9999.00
 00027  1009.90     7.30    28.78     2.00   140.00    21.00     0.00  9999.00  9999.00  9999.00
 00028   988.60     4.10    46.86     2.00   160.00    12.00     0.00  9999.00  9999.00  9999.00
 00029  1014.10    12.30    39.00     3.00   340.00    30.00     0.00  9999.00  9999.00  9999.00
 00030  1001.50    15.70    32.89     3.00   160.00    13.00     0.00  9999.00  9999.00  9999.00
 00031   623.60     9.70     4.60     7.00   220.00    30.00     0.00  9999.00  9999.00  9999.00
 00032  1015.60     6.50    52.04     1.00    20.00    17.00     0.00  9999.00  9999.00  9999.00
 00033  1012.60    15.50    65.06     5.00    70.00    10.00     0.00  9999.00  9999.00  9999.00
 00034  1014.20    24.30    69.88     5.00    40.00    17.00     0.10  9999.00  9999.00  9999.00
 00035  1017.40    16.50    70.73     1.00   340.00     9.00     0.00  9999.00  9999.00  9999.00
 00036   834.70    14.60    38.79     2.00   360.00    15.00     0.00  9999.00  9999.00  9999.00
 00037  1018.70     7.40    50.76     2.00   110.00    19.00     0.00  9999.00  9999.00  9999.00
 00038  1016.70    10.40    46.94     2.00   140.00    20.00     0.00  9999.00  9999.00  9999.00
 00039  1022.10     6.70    61.72     6.00    20.00    12.00     0.00  9999.00  9999.00  9999.00
 00040  1016.80    10.30    57.04     8.00    40.00    13.00     0.00  9999.00  9999.00  9999.00
 00041   814.40    -1.90    11.69     6.00   200.00    30.00     0.00  9999.00  9999.00  9999.00
 00042  1022.30     2.50    41.90     3.00   110.00    19.00     0.00  9999.00  9999.00  9999.00
 00043  1017.50     5.00    40.73     3.00    20.00    16.00     0.00  9999.00  9999.00  9999.00
 00044  1011.40     5.60    36.99     2.00   290.00    22.00     0.00  9999.00  9999.00  9999.00
 00045  1016.80    10.30    57.04     8.00    40.00    13.00     0.00  9999.00  9999.00  9999.00
 00046   974.30     9.90    38.87     2.00   360.00    12.00     1.00  9999.00  9999.00  9999.00
 00047  1023.40     5.50    26.93     2.00    20.00    16.00     0.00  9999.00  9999.00  9999.00
 00048   650.40    12.30     5.54     2.00   340.00    30.00     0.00  9999.00  9999.00  9999.00
 00049   599.50     4.60    16.99     6.00   220.00    30.00     0.00  9999.00  9999.00  9999.00
 00050  1017.10     6.00    59.76     7.00    40.00    20.00     0.00  9999.00  9999.00  9999.00
