stn_id       p       t2      rh2      spd      dir      vis    rain6   rain24   tmax24   tmin24 
 00001   970.78    13.98    89.72     1.66   291.08    16.42  9999.00  9999.00  9999.00  9999.00
 00002  1009.65     6.84    90.98     1.40   332.95     3.54  9999.00  9999.00  9999.00  9999.00
 00003   911.68     0.38    99.34     1.73    24.11     5.29  9999.00  9999.00  9999.00  9999.00
 00004   839.16    -0.87    95.21     1.75   124.93    13.95  9999.00  9999.00  9999.00  9999.00
 00005   876.41     3.48    77.38     0.98   242.71    16.45  9999.00  9999.00  9999.00  9999.00
 00006   886.82     4.63    49.53     3.19   150.81    16.21  9999.00  9999.00  9999.00  9999.00
 00007  1019.57     3.55    35.37     2.65    59.75    19.87  9999.00  9999.00  9999.00  9999.00
 00008  1002.31     0.06    35.54     2.69   282.71    21.69  9999.00  9999.00  9999.00  9999.00
 00009   957.79    -7.14    58.89     2.28   289.66    36.66  9999.00  9999.00  9999.00  9999.00
 00010   976.25    -0.27    41.52     3.52   278.41    22.20  9999.00  9999.00  9999.00  9999.00
 00011  1007.32     1.88    29.46     4.45   289.12    23.78  9999.00  9999.00  9999.00  9999.00
 00012  1025.05     7.88    95.68     1.33   243.37    18.79  9999.00  9999.00  9999.00  9999.00
 00013  1013.40    18.41    85.46     5.35    88.36    17.61  9999.00  9999.00  9999.00  9999.00
 00014  1009.76    19.21    81.33     4.38    96.29    23.62  9999.00  9999.00  9999.00  9999.00
 00015  1006.68     8.59    87.60     4.67    35.68     7.80  9999.00  9999.00  9999.00  9999.00
 00016   962.23     5.95    92.06     2.87    26.74    10.07  9999.00  9999.00  9999.00  9999.00
 00017  1006.78     8.25    91.87     6.39    31.17     1.01  9999.00  9999.00  9999.00  9999.00
 00018  1011.25    17.28    84.81     5.00    64.99     2.26  9999.00  9999.00  9999.00  9999.00
 00019   936.58    13.27    83.17     1.22   182.44    15.79  9999.00  9999.00  9999.00  9999.00
 00020  1017.18    19.24    70.76     5.12    96.99    21.64  9999.00  9999.00  9999.00  9999.00
 00021   894.85     2.65    85.02     2.75   156.32    28.48  9999.00  9999.00  9999.00  9999.00
 00022  1028.15     8.30    92.73     2.06   298.68     7.52  9999.00  9999.00  9999.00  9999.00
 00023   922.74     1.78    56.93     1.90   237.07    26.05  9999.00  9999.00  9999.00  9999.00
 00024   947.59     3.59    83.95     5.09   294.71    28.58  9999.00  9999.00  9999.00  9999.00
 00025   792.99    19.26    42.94     2.46   207.53    25.06  9999.00  9999.00  9999.00  9999.00
 00026  1007.68    16.98    94.68     2.88    14.57    13.26  9999.00  9999.00  9999.00  9999.00
 00027  1004.52    14.28    96.64     5.51   323.41     6.25  9999.00  9999.00  9999.00  9999.00
 00028   974.11    11.27    94.57     5.19    18.44     1.99  9999.00  9999.00  9999.00  9999.00
 00029  1004.90    23.90    90.54     3.48   106.49    24.99  9999.00  9999.00  9999.00  9999.00
 00030   989.42    27.26    81.09     5.11   153.46    28.35  9999.00  9999.00  9999.00  9999.00
 00031   569.84    -3.49    26.35     2.76   228.71    25.82  9999.00  9999.00  9999.00  9999.00
 00032   979.24    16.65    93.50     1.39    49.89    21.25  9999.00  9999.00  9999.00  9999.00
 00033  1004.89    23.16    96.60     7.52   150.73     0.42  9999.00  9999.00  9999.00  9999.00
 00034  1009.71    28.07    83.17     6.34   143.97    29.36  9999.00  9999.00  9999.00  9999.00
 00035  1005.03    27.87    88.09     5.47   161.30    27.46  9999.00  9999.00  9999.00  9999.00
 00036   770.80    17.91    38.34     2.61   179.18    23.65  9999.00  9999.00  9999.00  9999.00
 00037   969.60    16.70    93.63     0.92    28.71    21.54  9999.00  9999.00  9999.00  9999.00
 00038   996.55    19.70    91.26     0.62   128.12    23.70  9999.00  9999.00  9999.00  9999.00
 00039  1010.10    21.83    82.90     6.51    26.02    22.02  9999.00  9999.00  9999.00  9999.00
 00040  1007.57    22.18    87.33     5.57    42.71    24.00  9999.00  9999.00  9999.00  9999.00
 00041   969.85    16.16    87.26     1.41    97.76    12.41  9999.00  9999.00  9999.00  9999.00
 00042  1012.10    18.62    89.57     4.94    88.88     9.10  9999.00  9999.00  9999.00  9999.00
 00043  1000.84    17.36    96.15     2.37    35.60    16.49  9999.00  9999.00  9999.00  9999.00
 00044   983.58    17.07    93.16     1.67    63.38     4.98  9999.00  9999.00  9999.00  9999.00
 00045  1007.57    22.18    87.33     5.57    42.71    24.00  9999.00  9999.00  9999.00  9999.00
 00046   941.33    19.41    94.67     1.22   130.19    23.37  9999.00  9999.00  9999.00  9999.00
 00047  1003.82    19.92    92.02     2.42    31.11    21.44  9999.00  9999.00  9999.00  9999.00
 00048   600.08     2.43    38.63     2.34   169.24    28.94  9999.00  9999.00  9999.00  9999.00
 00049   574.86    -4.82    96.97     1.75   183.44     9.64  9999.00  9999.00  9999.00  9999.00
 00050  1002.53    19.64    83.89     3.51    10.53    22.83  9999.00  9999.00  9999.00  9999.00
