stn_id       p       t2      rh2      spd      dir      vis    rain6   rain24   tmax24   tmin24 
 00001   979.50    20.70    87.68     1.00   200.00     9.00     0.00  9999.00  9999.00  9999.00
 00002  1006.60    12.80    59.72     2.00   360.00    28.00     0.00  9999.00  9999.00  9999.00
 00003   930.20     4.70   100.00     1.00   110.00  9999.00     0.00  9999.00  9999.00  9999.00
 00004   863.50     2.80    89.80     1.00   250.00    13.00     0.00  9999.00  9999.00  9999.00
 00005   890.70     6.90    39.74     4.00   320.00    30.00     0.00  9999.00  9999.00  9999.00
 00006   892.10     5.40    57.00     2.00   340.00    30.00     0.00  9999.00  9999.00  9999.00
 00007  1009.30     9.10    54.71     1.00   140.00    30.00     0.00  9999.00  9999.00  9999.00
 00008   987.40     5.60    52.97     1.00   270.00    11.00     0.00  9999.00  9999.00  9999.00
 00009   961.60    -4.00    71.88     1.00   180.00    30.00     0.00  9999.00  9999.00  9999.00
 00010   985.30     5.10    79.71     1.00   340.00    20.00     0.00  9999.00  9999.00  9999.00
 00011  1000.60     5.50    68.06     0.00     0.00     9.00     0.00  9999.00  9999.00  9999.00
 00012  1012.60    13.40    55.05     2.00    70.00    17.00     0.00  9999.00  9999.00  9999.00
 00013  1006.80    15.00    91.89     2.00   360.00     8.00     1.00  9999.00  9999.00  9999.00
 00014  1004.10    15.10    91.89     2.00   360.00     4.20    12.00  9999.00  9999.00  9999.00
 00015   995.80    14.50    42.91     2.00    40.00    30.00     0.00  9999.00  9999.00  9999.00
 00016   967.20    12.70    98.04     1.00    90.00     2.70     1.00  9999.00  9999.00  9999.00
 00017  1004.10    15.10    59.85     2.00   320.00    25.00     0.00  9999.00  9999.00  9999.00
 00018  1009.20    16.90    89.07     2.00   320.00    13.00     1.00  9999.00  9999.00  9999.00
 00019   943.50    17.90   100.00     2.00   320.00     6.00    14.00  9999.00  9999.00  9999.00
 00020  1007.20    15.60    88.97     3.00   360.00    11.00     1.00  9999.00  9999.00  9999.00
 00021   913.20     5.50    46.91     3.00   200.00    25.00     0.00  9999.00  9999.00  9999.00
 00022  1016.50    13.00    56.91     1.00   110.00    19.00     0.00  9999.00  9999.00  9999.00
 00023   936.80     6.20    37.75     5.00   220.00    30.00     0.00  9999.00  9999.00  9999.00
 00024   964.10    10.90    41.86     1.00    90.00    30.00     0.00  9999.00  9999.00  9999.00
 00025   806.50    19.70    52.89     4.00   200.00    27.00     0.00  9999.00  9999.00  9999.00
 00026  1003.30    18.20    86.91     5.00   360.00    20.00     0.00  9999.00  9999.00  9999.00
 00027   997.30    15.00    93.71     7.00   340.00     9.00     0.10  9999.00  9999.00  9999.00
 00028   978.00    15.90    85.01     4.00    20.00    20.00     0.00  9999.00  9999.00  9999.00
 00029   994.90    26.70    87.63     4.00   180.00    30.00     0.00  9999.00  9999.00  9999.00
 00030   984.00    27.30    86.63     3.00    70.00    13.00     0.00  9999.00  9999.00  9999.00
 00031   622.10     9.30     9.88     2.00   180.00    30.00     0.00  9999.00  9999.00  9999.00
 00032   993.40    23.20    96.99     2.00   140.00    18.00     0.40  9999.00  9999.00  9999.00
 00033   993.30    28.10    83.63     5.00   140.00    20.00     0.00  9999.00  9999.00  9999.00
 00034  1002.90    28.60    87.78     2.00   160.00    20.00     0.00  9999.00  9999.00  9999.00
 00035   999.00    27.90    88.78     2.00   180.00    21.00     0.00  9999.00  9999.00  9999.00
 00036   833.70    19.80    44.65     2.00    20.00    30.00     0.00  9999.00  9999.00  9999.00
 00037   996.30    23.20    95.81     1.00    20.00     3.60     0.60  9999.00  9999.00  9999.00
 00038   997.60    22.70    96.98     1.00    90.00     4.90    17.00  9999.00  9999.00  9999.00
 00039  1002.20    22.40    96.97     1.00   200.00     2.70    60.00  9999.00  9999.00  9999.00
 00040   997.70    26.20    97.05     5.00   250.00     8.00    13.00  9999.00  9999.00  9999.00
 00041   810.40     7.00   100.00     8.00   360.00     0.00    15.00  9999.00  9999.00  9999.00
 00042  1005.80    15.20    91.90     1.00    20.00  9999.00     6.00  9999.00  9999.00  9999.00
 00043  1000.70    17.70   100.00     2.00    20.00    10.00     1.00  9999.00  9999.00  9999.00
 00044   992.50    19.10    98.13     1.00    40.00  9999.00     0.40  9999.00  9999.00  9999.00
 00045   997.70    26.20    97.05     5.00   250.00     8.00    13.00  9999.00  9999.00  9999.00
 00046   958.20    21.80   100.00     1.00   250.00    24.00     4.00  9999.00  9999.00  9999.00
 00047  1000.40    18.70    95.67     0.00     0.00  9999.00     1.00  9999.00  9999.00  9999.00
 00048   649.70    12.20    20.80     3.00    90.00    20.00     0.00  9999.00  9999.00  9999.00
 00049   599.70     1.20    93.68     3.00   220.00     1.40     0.50  9999.00  9999.00  9999.00
 00050   996.80    22.20    94.02     4.00   180.00    10.00    10.00  9999.00  9999.00  9999.00
