stn_id       p       t2      rh2      spd      dir      vis    rain6   rain24   tmax24   tmin24 
 00001   984.64    17.50    58.80     1.00   340.00     6.00  9999.00  9999.00  9999.00  9999.00
 00002   992.49    15.30    36.83     1.00   220.00     9.00  9999.00  9999.00  9999.00  9999.00
 00003   917.87    15.50    13.40     4.00   220.00    23.00  9999.00  9999.00  9999.00  9999.00
 00004   852.96     6.30    19.05     4.00   220.00    20.00  9999.00  9999.00  9999.00  9999.00
 00005   888.76     2.70    28.40     2.00   320.00    21.00  9999.00  9999.00  9999.00  9999.00
 00006   871.63     5.80    36.75     7.00   220.00    18.00  9999.00  9999.00  9999.00  9999.00
 00007  1001.75     1.70    51.87     1.00    40.00    24.00  9999.00  9999.00  9999.00  9999.00
 00008   982.40    -4.10    33.28     3.00   110.00     9.00  9999.00  9999.00  9999.00  9999.00
 00009   959.96   -29.20    68.37     2.00   160.00     0.10  9999.00  9999.00  9999.00  9999.00
 00010   982.01    -2.30    28.02     3.00   340.00    27.00  9999.00  9999.00  9999.00  9999.00
 00011   995.45   -13.30    53.33     1.00   180.00    21.00  9999.00  9999.00  9999.00  9999.00
 00012  1000.27     6.40    36.95     1.00   360.00  9999.00  9999.00  9999.00  9999.00  9999.00
 00013  1012.76    18.30    30.85     4.00   220.00    15.00  9999.00  9999.00  9999.00  9999.00
 00014  1010.34    17.70    42.90     2.00   200.00    11.00  9999.00  9999.00  9999.00  9999.00
 00015   984.90    16.90    19.86     5.00   180.00    18.00  9999.00  9999.00  9999.00  9999.00
 00016   957.90    21.40    12.92     1.00   250.00    21.00  9999.00  9999.00  9999.00  9999.00
 00017   993.51    20.20    22.81     1.00   160.00    16.00  9999.00  9999.00  9999.00  9999.00
 00018  1009.16    17.00    45.81     4.00   200.00    16.00  9999.00  9999.00  9999.00  9999.00
 00019   947.28    14.50    67.08     2.00    90.00     4.40  9999.00  9999.00  9999.00  9999.00
 00020  1015.02    16.50    38.81     3.00   180.00     8.00  9999.00  9999.00  9999.00  9999.00
 00021   914.20    -0.30    62.80     4.00    20.00    20.00  9999.00  9999.00  9999.00  9999.00
 00022  1003.00     9.90    35.78     2.00    70.00     8.00  9999.00  9999.00  9999.00  9999.00
 00023   942.05    -4.10    71.86     7.00   270.00    28.00  9999.00  9999.00  9999.00  9999.00
 00024   968.30    -4.30    44.96     5.00   290.00    30.00  9999.00  9999.00  9999.00  9999.00
 00025   812.80    13.90    62.92     2.00   220.00    20.00  9999.00  9999.00  9999.00  9999.00
 00026  1010.69    18.60    53.75     1.00   140.00    16.00  9999.00  9999.00  9999.00  9999.00
 00027  1007.24    21.30    37.74     2.00   160.00    15.00  9999.00  9999.00  9999.00  9999.00
 00028   984.39    21.90    26.86     1.00   200.00    24.00  9999.00  9999.00  9999.00  9999.00
 00029  1011.75    22.80    33.71     1.00   360.00    30.00  9999.00  9999.00  9999.00  9999.00
 00030  1000.92    23.70    32.80     2.00   140.00    30.00  9999.00  9999.00  9999.00  9999.00
 00031   624.80     5.10    34.82     4.00   270.00    30.00  9999.00  9999.00  9999.00  9999.00
 00032  1007.99    18.70    35.73     3.00   140.00    22.00  9999.00  9999.00  9999.00  9999.00
 00033  1014.00    22.30    60.70     3.00    70.00    26.00  9999.00  9999.00  9999.00  9999.00
 00034  1012.40    26.30    71.55     3.00    40.00    26.00  9999.00  9999.00  9999.00  9999.00
 00035  1013.08    23.70    60.62     2.00    40.00    29.00  9999.00  9999.00  9999.00  9999.00
 00036   838.90    15.90    47.76     1.00   200.00    18.00  9999.00  9999.00  9999.00  9999.00
 00037  1012.18    19.50    39.94     3.00   160.00    18.00  9999.00  9999.00  9999.00  9999.00
 00038  1013.41    21.30    34.72     2.00   110.00    18.00  9999.00  9999.00  9999.00  9999.00
 00039  1014.93    19.00    64.93     4.00    70.00    16.00  9999.00  9999.00  9999.00  9999.00
 00040  1010.41    19.70    62.97     7.00    70.00    19.00  9999.00  9999.00  9999.00  9999.00
 00041   815.50     6.50    23.16     8.00   290.00    24.00  9999.00  9999.00  9999.00  9999.00
 00042  1012.08    19.70    33.79     2.00   220.00    22.00  9999.00  9999.00  9999.00  9999.00
 00043  1013.39    19.20    50.72     2.00   220.00    21.00  9999.00  9999.00  9999.00  9999.00
 00044  1008.45    17.90    43.87     1.00   180.00    12.00  9999.00  9999.00  9999.00  9999.00
 00045  1010.41    19.70    62.97     7.00    70.00    19.00  9999.00  9999.00  9999.00  9999.00
 00046   974.85    18.80    33.77     2.00   340.00    16.00  9999.00  9999.00  9999.00  9999.00
 00047  1014.42    15.80    62.95     3.00    90.00    11.00  9999.00  9999.00  9999.00  9999.00
 00048   652.60     7.50    21.21     2.00   140.00    28.00  9999.00  9999.00  9999.00  9999.00
 00049   599.30     2.20    34.27     5.00   180.00    30.00  9999.00  9999.00  9999.00  9999.00
 00050  1015.13    18.10    63.88     5.00    70.00    18.00  9999.00  9999.00  9999.00  9999.00
