stn_id       p       t2      rh2      spd      dir      vis    rain6   rain24   tmax24   tmin24 
 00001   965.22    30.47    55.27     1.45   145.97    25.30  9999.00  9999.00  9999.00  9999.00
 00002   990.67    24.02    79.34     2.81   242.43    18.16  9999.00  9999.00  9999.00  9999.00
 00003   899.77    22.03    66.25     2.84   121.02    16.90  9999.00  9999.00  9999.00  9999.00
 00004   832.39    20.71    49.35     1.72   235.23    23.99  9999.00  9999.00  9999.00  9999.00
 00005   866.51    21.17    54.99     2.42   201.81    26.38  9999.00  9999.00  9999.00  9999.00
 00006   875.49    24.73    28.78     1.55   215.98    26.88  9999.00  9999.00  9999.00  9999.00
 00007  1002.01    25.94    63.50     1.69   231.53    25.89  9999.00  9999.00  9999.00  9999.00
 00008   987.40    24.83    62.84     1.51   144.98    26.67  9999.00  9999.00  9999.00  9999.00
 00009   946.87    12.59    56.67     3.37   197.71    32.73  9999.00  9999.00  9999.00  9999.00
 00010   968.46    21.16    76.54     2.54   112.57    30.32  9999.00  9999.00  9999.00  9999.00
 00011   995.67    23.71    69.11     1.59   162.61    27.36  9999.00  9999.00  9999.00  9999.00
 00012  1006.75    25.23    73.40     0.97   217.60    22.77  9999.00  9999.00  9999.00  9999.00
 00013  1007.29    25.29    78.88     2.20    63.16    23.64  9999.00  9999.00  9999.00  9999.00
 00014  1004.13    26.45    78.68     0.78   152.87    24.58  9999.00  9999.00  9999.00  9999.00
 00015   991.28    27.69    49.56     1.20   218.96    19.90  9999.00  9999.00  9999.00  9999.00
 00016   947.43    27.61    60.42     2.73    70.80    24.59  9999.00  9999.00  9999.00  9999.00
 00017   991.98    27.99    57.09     2.52   165.98    22.52  9999.00  9999.00  9999.00  9999.00
 00018  1005.88    26.54    73.26     1.06    35.97    21.98  9999.00  9999.00  9999.00  9999.00
 00019   931.12    25.72    71.85     1.50   200.92    26.74  9999.00  9999.00  9999.00  9999.00
 00020  1009.68    24.52    87.71     2.52   281.44    22.65  9999.00  9999.00  9999.00  9999.00
 00021   891.51    15.65    51.13     4.16   349.34    26.52  9999.00  9999.00  9999.00  9999.00
 00022  1009.17    27.58    57.79     1.69   163.47    21.01  9999.00  9999.00  9999.00  9999.00
 00023   918.70    17.40    31.96     4.66   299.05    23.10  9999.00  9999.00  9999.00  9999.00
 00024   942.11    18.02    38.55     5.22   295.06    25.10  9999.00  9999.00  9999.00  9999.00
 00025   794.26    23.28    54.70     2.69   141.08    24.82  9999.00  9999.00  9999.00  9999.00
 00026  1005.32    28.24    69.91     1.30    52.05    24.60  9999.00  9999.00  9999.00  9999.00
 00027  1000.91    28.70    69.97     0.91   199.05    24.68  9999.00  9999.00  9999.00  9999.00
 00028   970.04    29.13    59.41     0.51   232.90    24.13  9999.00  9999.00  9999.00  9999.00
 00029  1003.85    27.24    85.26     2.15   120.09    15.17  9999.00  9999.00  9999.00  9999.00
 00030   992.30    26.96    82.38     1.86   111.15    26.80  9999.00  9999.00  9999.00  9999.00
 00031   575.31    14.14    23.31     2.61   189.86    25.19  9999.00  9999.00  9999.00  9999.00
 00032   975.64    25.80    89.13     0.74   209.52     7.48  9999.00  9999.00  9999.00  9999.00
 00033  1005.56    21.61    97.84     5.32    98.07     0.42  9999.00  9999.00  9999.00  9999.00
 00034  1007.43    28.37    80.46     2.48   139.88    27.51  9999.00  9999.00  9999.00  9999.00
 00035  1004.93    27.73    87.14     2.69    78.60    17.08  9999.00  9999.00  9999.00  9999.00
 00036   774.70    21.60    67.43     1.99   170.37    22.83  9999.00  9999.00  9999.00  9999.00
 00037   966.20    25.65    88.68     0.58   208.73    14.76  9999.00  9999.00  9999.00  9999.00
 00038   993.34    27.76    76.36     0.91   163.31    25.38  9999.00  9999.00  9999.00  9999.00
 00039  1006.90    26.44    84.73     3.17   210.80    24.90  9999.00  9999.00  9999.00  9999.00
 00040  1004.64    26.79    83.07     1.77   175.50    25.79  9999.00  9999.00  9999.00  9999.00
 00041   967.25    24.64    79.11     0.46    83.44    14.79  9999.00  9999.00  9999.00  9999.00
 00042  1007.11    26.73    74.47     1.35    37.28    24.17  9999.00  9999.00  9999.00  9999.00
 00043   999.06    28.32    69.63     0.85   264.99    25.04  9999.00  9999.00  9999.00  9999.00
 00044   981.45    25.77    78.79     0.56   203.93    17.96  9999.00  9999.00  9999.00  9999.00
 00045  1004.64    26.79    83.07     1.77   175.50    25.79  9999.00  9999.00  9999.00  9999.00
 00046   940.78    24.07    86.16     0.52   203.91    24.80  9999.00  9999.00  9999.00  9999.00
 00047   999.01    24.66    93.12     1.41   142.56     9.99  9999.00  9999.00  9999.00  9999.00
 00048   605.81    15.88    36.91     2.28   191.81    29.80  9999.00  9999.00  9999.00  9999.00
 00049   580.27     9.69    54.73     2.89   208.68    25.09  9999.00  9999.00  9999.00  9999.00
 00050   999.15    27.30    81.10     2.54   205.80    24.52  9999.00  9999.00  9999.00  9999.00
