stn_id       p       t2      rh2      spd      dir      vis    rain6   rain24   tmax24   tmin24 
 00001   965.00    24.69    71.41     1.88    97.43    25.26     0.00  9999.00  9999.00  9999.00
 00002   991.91    18.96    97.97     1.04   287.15    16.74     0.00  9999.00  9999.00  9999.00
 00003   900.54    15.65    91.72     1.12    85.09    23.76     0.00  9999.00  9999.00  9999.00
 00004   832.71    12.82    94.57     2.54   158.97    12.24     0.01  9999.00  9999.00  9999.00
 00005   866.93    14.13    86.86     3.00   230.22    21.52     1.70  9999.00  9999.00  9999.00
 00006   875.37    16.03    68.48     2.08   161.23    26.91     0.03  9999.00  9999.00  9999.00
 00007  1002.71    17.76    94.22     1.87   198.42    25.88     0.00  9999.00  9999.00  9999.00
 00008   987.15    17.96    90.29     2.20   197.50    26.67     0.00  9999.00  9999.00  9999.00
 00009   945.04     6.15    91.63     1.17   185.77    32.68     0.47  9999.00  9999.00  9999.00
 00010   968.30    15.04    98.71     0.99    81.63     9.44     0.01  9999.00  9999.00  9999.00
 00011   994.29    16.83    92.86     2.19   145.55    27.34     0.00  9999.00  9999.00  9999.00
 00012  1007.15    19.38    93.99     0.58    95.20    23.23     0.28  9999.00  9999.00  9999.00
 00013  1008.51    20.64    97.24     1.07   108.15    23.75     0.00  9999.00  9999.00  9999.00
 00014  1005.33    21.60    98.59     1.04   129.30    21.48     0.00  9999.00  9999.00  9999.00
 00015   992.44    20.63    75.64     1.72   179.64    19.93     0.00  9999.00  9999.00  9999.00
 00016   948.93    21.36    83.34     1.93    96.79    24.57     0.00  9999.00  9999.00  9999.00
 00017   993.47    21.39    83.87     2.00   174.05    22.53     0.00  9999.00  9999.00  9999.00
 00018  1007.06    20.30    98.71     1.72   133.25     3.15     0.00  9999.00  9999.00  9999.00
 00019   930.86    21.41    90.00     0.93   327.32    24.21     0.03  9999.00  9999.00  9999.00
 00020  1011.03    21.06    97.71     1.04   246.47    19.80     0.00  9999.00  9999.00  9999.00
 00021   892.83     9.54    80.62     1.22   151.91    26.54     0.00  9999.00  9999.00  9999.00
 00022  1009.96    19.21    78.05     2.30   124.08    21.00     0.00  9999.00  9999.00  9999.00
 00023   919.73     7.97    67.84     1.74   197.55    23.11     0.00  9999.00  9999.00  9999.00
 00024   943.68    11.48    66.23     3.79   294.71    25.13     0.00  9999.00  9999.00  9999.00
 00025   796.47    15.36    90.54     1.49   152.47    24.87     0.00  9999.00  9999.00  9999.00
 00026  1006.40    22.59    93.81     0.69   143.04    20.54     0.00  9999.00  9999.00  9999.00
 00027  1001.97    23.07    95.25     1.34   143.78    24.67     0.00  9999.00  9999.00  9999.00
 00028   971.40    22.69    90.82     0.98   147.31    24.14     0.00  9999.00  9999.00  9999.00
 00029  1005.33    24.62    95.76     1.59   107.82    22.31     0.31  9999.00  9999.00  9999.00
 00030   994.16    23.22    98.85     1.31   131.61    28.82     0.01  9999.00  9999.00  9999.00
 00031   576.53     4.01    63.83     2.31   192.56    25.30     0.00  9999.00  9999.00  9999.00
 00032   976.26    21.85    98.75     0.76   304.59     0.75     0.02  9999.00  9999.00  9999.00
 00033  1006.77    23.25    99.26     2.77   118.89     0.40     0.13  9999.00  9999.00  9999.00
 00034  1008.88    27.71    85.53     4.05   150.06    21.06     0.19  9999.00  9999.00  9999.00
 00035  1006.00    25.49    96.34     1.42   111.55    16.51     0.11  9999.00  9999.00  9999.00
 00036   775.74    14.94    94.13     1.76   159.46    24.22     0.00  9999.00  9999.00  9999.00
 00037   966.78    21.53    99.17     0.68   303.70     0.35     0.00  9999.00  9999.00  9999.00
 00038   994.13    22.87    98.03     0.67   306.24    14.72     0.00  9999.00  9999.00  9999.00
 00039  1007.41    24.08    95.08     1.98   247.22    24.33     0.00  9999.00  9999.00  9999.00
 00040  1005.46    24.09    98.48     1.07   299.62    25.76     0.00  9999.00  9999.00  9999.00
 00041   968.15    19.18    99.73     0.52   104.84     0.47     0.00  9999.00  9999.00  9999.00
 00042  1008.43    20.61    98.53     1.46   111.52    24.16     0.01  9999.00  9999.00  9999.00
 00043  1000.10    23.27    91.27     0.52   158.91    25.05     0.00  9999.00  9999.00  9999.00
 00044   982.33    21.47    98.21     0.80   125.35    23.29     0.02  9999.00  9999.00  9999.00
 00045  1005.46    24.09    98.48     1.07   299.62    25.76     0.00  9999.00  9999.00  9999.00
 00046   941.55    20.67    99.44     1.06   176.89     2.69     0.01  9999.00  9999.00  9999.00
 00047  1000.19    22.33    98.24     2.68   317.14     9.99     0.89  9999.00  9999.00  9999.00
 00048   606.72     8.79    50.91     1.91   193.19    29.86     0.00  9999.00  9999.00  9999.00
 00049   581.22     2.31    97.80     0.66   181.04     3.55     0.06  9999.00  9999.00  9999.00
 00050   999.69    23.25    97.45     0.92   285.90    24.49     0.00  9999.00  9999.00  9999.00
