stn_id       p       t2      rh2      spd      dir      vis    rain6   rain24   tmax24   tmin24 
 00001   971.47    20.48    90.69     1.43   311.16    13.89  9999.00  9999.00  9999.00  9999.00
 00002  1001.63    22.20    52.49     2.71    47.42    23.37  9999.00  9999.00  9999.00  9999.00
 00003   908.92    18.23    38.99     4.54    25.55    22.63  9999.00  9999.00  9999.00  9999.00
 00004   841.29    12.05    44.51     3.62    56.04    22.82  9999.00  9999.00  9999.00  9999.00
 00005   878.13    12.97    31.35     3.69     9.37    25.55  9999.00  9999.00  9999.00  9999.00
 00006   889.65    10.28    29.90     4.59   139.85    26.54  9999.00  9999.00  9999.00  9999.00
 00007  1006.00    15.45    33.53     5.99   326.35    25.45  9999.00  9999.00  9999.00  9999.00
 00008   986.40    13.30    39.70     6.85   298.09    26.71  9999.00  9999.00  9999.00  9999.00
 00009   948.11     4.64    42.09     3.95   325.56    32.82  9999.00  9999.00  9999.00  9999.00
 00010   961.62    15.14    55.53     4.97   276.80    28.21  9999.00  9999.00  9999.00  9999.00
 00011   989.72     9.98    67.40     7.26   273.22    27.31  9999.00  9999.00  9999.00  9999.00
 00012  1017.47    20.87    29.53     4.92   353.36    23.18  9999.00  9999.00  9999.00  9999.00
 00013  1013.50    21.70    54.84     2.48    68.02    22.76  9999.00  9999.00  9999.00  9999.00
 00014  1009.58    21.42    72.27     2.52    27.08    23.80  9999.00  9999.00  9999.00  9999.00
 00015   999.28    22.59    63.51     3.26   332.69    20.07  9999.00  9999.00  9999.00  9999.00
 00016   959.76    15.99    92.23     1.20   244.57     5.87  9999.00  9999.00  9999.00  9999.00
 00017  1000.07    20.26    80.35     0.64    79.63    21.64  9999.00  9999.00  9999.00  9999.00
 00018  1012.43    21.41    59.61     3.10    87.73    22.27  9999.00  9999.00  9999.00  9999.00
 00019   937.58    19.23    84.45     0.33   244.26    10.44  9999.00  9999.00  9999.00  9999.00
 00020  1015.48    22.39    64.35     4.09    35.59    22.21  9999.00  9999.00  9999.00  9999.00
 00021   896.08    12.45    60.80     1.06   106.25    26.14  9999.00  9999.00  9999.00  9999.00
 00022  1019.77    22.02    28.41     6.75    11.15    21.27  9999.00  9999.00  9999.00  9999.00
 00023   923.56    10.73    80.37     0.70   335.73    21.35  9999.00  9999.00  9999.00  9999.00
 00024   948.16     9.39    83.84     1.15   175.89     8.96  9999.00  9999.00  9999.00  9999.00
 00025   797.50    20.85    72.29     4.37   248.23    24.84  9999.00  9999.00  9999.00  9999.00
 00026  1010.06    21.19    77.48     3.41     9.29    21.86  9999.00  9999.00  9999.00  9999.00
 00027  1006.24    22.85    79.24     1.13   339.65    22.88  9999.00  9999.00  9999.00  9999.00
 00028   975.22    20.05    84.43     1.21   358.59    21.88  9999.00  9999.00  9999.00  9999.00
 00029  1005.22    30.80    68.97     3.01    45.79    25.81  9999.00  9999.00  9999.00  9999.00
 00030   995.79    28.99    74.42     1.03   236.59    17.32  9999.00  9999.00  9999.00  9999.00
 00031   577.84     4.47    69.57     1.59   159.45    27.52  9999.00  9999.00  9999.00  9999.00
 00032   976.25    24.98    66.72     3.19    56.26    20.28  9999.00  9999.00  9999.00  9999.00
 00033  1009.47    22.90   100.00     1.13   145.38     0.37  9999.00  9999.00  9999.00  9999.00
 00034  1011.72    27.38    86.44     0.66   181.18    22.61  9999.00  9999.00  9999.00  9999.00
 00035  1008.52    29.42    75.12     0.45   168.80    14.48  9999.00  9999.00  9999.00  9999.00
 00036   776.92    19.50    77.10     3.28   195.39    24.42  9999.00  9999.00  9999.00  9999.00
 00037   966.61    25.97    65.30     2.69    39.92    21.29  9999.00  9999.00  9999.00  9999.00
 00038   993.66    27.87    65.91     1.26   137.07    22.97  9999.00  9999.00  9999.00  9999.00
 00039  1007.10    25.64    72.64     6.98    43.79    23.76  9999.00  9999.00  9999.00  9999.00
 00040  1005.41    27.03    65.32     2.51    95.82    25.23  9999.00  9999.00  9999.00  9999.00
 00041   971.10    21.23    69.84     2.37    71.43    22.48  9999.00  9999.00  9999.00  9999.00
 00042  1013.27    21.83    56.96     3.58    75.61    22.96  9999.00  9999.00  9999.00  9999.00
 00043  1003.56    23.01    77.44     2.34    27.44    23.80  9999.00  9999.00  9999.00  9999.00
 00044   984.74    21.04    80.39     2.29    44.38    22.08  9999.00  9999.00  9999.00  9999.00
 00045  1005.41    27.03    65.32     2.51    95.82    25.23  9999.00  9999.00  9999.00  9999.00
 00046   941.64    25.73    69.04     3.44   356.76    23.73  9999.00  9999.00  9999.00  9999.00
 00047  1001.37    24.19    55.39     2.97    41.55    22.88  9999.00  9999.00  9999.00  9999.00
 00048   609.73     6.79    68.42     1.78   183.38    31.31  9999.00  9999.00  9999.00  9999.00
 00049   582.04     5.50    73.77     2.10   193.85    21.90  9999.00  9999.00  9999.00  9999.00
 00050   999.25    28.82    55.67     5.43    37.72    23.43  9999.00  9999.00  9999.00  9999.00
