stn_id       p       t2      rh2      spd      dir      vis    rain6   rain24   tmax24   tmin24 
 00001   978.86    17.45    87.05     1.60    70.26     5.44     3.09  9999.00  9999.00  9999.00
 00002  1003.91    22.24    46.58     2.73   153.72    23.07     0.00  9999.00  9999.00  9999.00
 00003   910.74    17.84    46.70     2.01   214.78    22.16     0.00  9999.00  9999.00  9999.00
 00004   841.86    13.04    53.84     3.20   250.04    22.29     0.19  9999.00  9999.00  9999.00
 00005   877.08    15.38    41.37     1.63   242.68    25.12     0.00  9999.00  9999.00  9999.00
 00006   888.02    15.30    25.87     4.17   313.35    26.24     0.00  9999.00  9999.00  9999.00
 00007  1014.57    21.00    51.66     2.53   209.04    25.49     0.00  9999.00  9999.00  9999.00
 00008   999.16    19.70    40.85     2.28   217.27    27.06     0.00  9999.00  9999.00  9999.00
 00009   948.17    13.86    47.55     4.98   245.04    32.91     0.00  9999.00  9999.00  9999.00
 00010   977.18    17.43    45.53     2.51   302.48    27.73     0.00  9999.00  9999.00  9999.00
 00011  1005.41    19.75    44.45     3.50   256.65    28.43     0.00  9999.00  9999.00  9999.00
 00012  1020.96    17.56    70.56     0.95   131.55    19.84     2.64  9999.00  9999.00  9999.00
 00013  1020.12    20.55    60.69     1.90    78.10    22.46     0.00  9999.00  9999.00  9999.00
 00014  1015.85    21.02    72.20     2.39    71.41    21.22     0.50  9999.00  9999.00  9999.00
 00015  1005.11    21.17    40.98     2.25   194.25    20.13     0.00  9999.00  9999.00  9999.00
 00016   962.70    18.66    64.42     2.42    28.99    21.90     0.05  9999.00  9999.00  9999.00
 00017  1006.28    21.32    49.59     1.43   169.63    21.27     0.00  9999.00  9999.00  9999.00
 00018  1018.88    21.49    54.33     2.04    70.42    21.95     0.00  9999.00  9999.00  9999.00
 00019   943.56    16.07    83.34     1.80    79.68    19.26     0.25  9999.00  9999.00  9999.00
 00020  1022.47    21.75    62.61     4.14    83.20    21.82     0.27  9999.00  9999.00  9999.00
 00021   891.64    21.70    22.32     7.43   133.05    25.82     0.00  9999.00  9999.00  9999.00
 00022  1023.56    21.78    39.27     1.14   208.37    21.42     0.00  9999.00  9999.00  9999.00
 00023   915.65    21.39    33.61     3.43   122.19    21.55     0.00  9999.00  9999.00  9999.00
 00024   945.01    17.26    47.09     5.10   122.07    23.89     0.00  9999.00  9999.00  9999.00
 00025   799.36    18.21    72.65     4.10   191.03    18.70     1.07  9999.00  9999.00  9999.00
 00026  1016.32    22.78    56.40     3.64    27.48    22.87     0.00  9999.00  9999.00  9999.00
 00027  1013.17    21.17    71.85     2.41   337.19    22.76     0.00  9999.00  9999.00  9999.00
 00028   982.15    19.03    72.33     2.88    21.71    21.96     0.04  9999.00  9999.00  9999.00
 00029  1011.24    27.45    64.12     1.92    49.26    25.74     0.01  9999.00  9999.00  9999.00
 00030  1001.66    24.22    75.39     2.04    24.16    28.56     0.18  9999.00  9999.00  9999.00
 00031   577.19     6.17    17.14     3.47   301.24    28.66     0.00  9999.00  9999.00  9999.00
 00032   983.24    21.71    68.32     4.07    76.15    21.83     0.03  9999.00  9999.00  9999.00
 00033  1012.93    21.83    92.88     6.81    81.58    21.73     0.69  9999.00  9999.00  9999.00
 00034  1012.43    26.87    89.27     9.52    61.76    18.27     4.06  9999.00  9999.00  9999.00
 00035  1011.82    27.97    77.66     5.86    64.52    18.27     1.75  9999.00  9999.00  9999.00
 00036   778.60    16.69    78.96     1.89    82.94    18.54     1.20  9999.00  9999.00  9999.00
 00037   973.33    23.08    60.86     2.99    70.30    21.76     0.03  9999.00  9999.00  9999.00
 00038   999.67    27.14    55.01     2.38    48.26    24.37     0.00  9999.00  9999.00  9999.00
 00039  1014.12    24.12    69.13    10.98    44.27    23.76     0.00  9999.00  9999.00  9999.00
 00040  1011.24    26.16    61.85     5.93    53.96    25.11     0.00  9999.00  9999.00  9999.00
 00041   977.07    20.28    58.08     1.90   107.32    21.95     0.00  9999.00  9999.00  9999.00
 00042  1019.61    21.61    59.15     2.16    78.84    22.56     0.01  9999.00  9999.00  9999.00
 00043  1009.61    22.84    59.60     3.25    32.34    23.36     0.00  9999.00  9999.00  9999.00
 00044   990.49    22.11    65.09     2.08    64.34    22.46     0.00  9999.00  9999.00  9999.00
 00045  1011.24    26.16    61.85     5.93    53.96    25.11     0.00  9999.00  9999.00  9999.00
 00046   947.35    21.46    66.17     1.86    37.21    23.33     0.00  9999.00  9999.00  9999.00
 00047  1008.49    22.54    68.07     2.61    60.38    22.48     0.10  9999.00  9999.00  9999.00
 00048   608.03     6.45    54.75     1.77   127.77    28.76     0.54  9999.00  9999.00  9999.00
 00049   579.89     3.75    53.48     2.62   204.68    27.87     0.03  9999.00  9999.00  9999.00
 00050  1006.37    25.86    55.98     6.90    46.72    23.21     0.00  9999.00  9999.00  9999.00
