stn_id       p       t2      rh2      spd      dir      vis    rain6   rain24   tmax24   tmin24 
 00001   990.51     8.88    62.80     1.39    55.95    21.67  9999.00  9999.00  9999.00  9999.00
 00002  1017.57   -11.08    66.62     3.13   285.36    26.64  9999.00  9999.00  9999.00  9999.00
 00003   917.80   -15.31    75.70     2.52   275.31    24.96  9999.00  9999.00  9999.00  9999.00
 00004   843.78   -20.91    98.12     1.48   292.25    23.57  9999.00  9999.00  9999.00  9999.00
 00005   883.15   -21.35    93.56     1.96   237.77    26.48  9999.00  9999.00  9999.00  9999.00
 00006   893.01   -18.65    80.04     3.77   255.88    31.24  9999.00  9999.00  9999.00  9999.00
 00007  1024.76   -10.64    61.90     2.39   330.72    37.08  9999.00  9999.00  9999.00  9999.00
 00008  1007.04   -12.92    71.44     2.63   219.50    42.07  9999.00  9999.00  9999.00  9999.00
 00009   954.05   -22.28    92.29     2.44   237.83    52.72  9999.00  9999.00  9999.00  9999.00
 00010   983.54   -16.87    73.63     2.66   273.72    41.76  9999.00  9999.00  9999.00  9999.00
 00011  1014.35   -18.62    95.91     4.41   204.87    46.08  9999.00  9999.00  9999.00  9999.00
 00012  1033.16    -9.80    68.39     3.24   284.94    28.75  9999.00  9999.00  9999.00  9999.00
 00013  1034.33    -1.82    61.75     2.01   248.21    21.85  9999.00  9999.00  9999.00  9999.00
 00014  1030.92    -1.94    72.24     2.14   240.49    21.62  9999.00  9999.00  9999.00  9999.00
 00015  1017.24   -11.42    96.78     1.56   269.21    23.31  9999.00  9999.00  9999.00  9999.00
 00016   976.68    -0.82    54.65     0.95   144.16    22.74  9999.00  9999.00  9999.00  9999.00
 00017  1019.40    -3.48    73.66     4.03   296.92    22.16  9999.00  9999.00  9999.00  9999.00
 00018  1032.99     0.17    43.05     1.59   254.44    21.11  9999.00  9999.00  9999.00  9999.00
 00019   953.95     4.40    79.40     2.50    44.98    15.98  9999.00  9999.00  9999.00  9999.00
 00020  1036.59    -0.13    55.08     2.48   297.85    21.88  9999.00  9999.00  9999.00  9999.00
 00021   897.40   -11.24    88.23     1.43   178.12    28.79  9999.00  9999.00  9999.00  9999.00
 00022  1036.47    -9.60    74.57     2.67   287.62    26.74  9999.00  9999.00  9999.00  9999.00
 00023   919.35    -1.94    66.68     5.26   119.37    35.27  9999.00  9999.00  9999.00  9999.00
 00024   954.28   -10.96    72.93     5.84   123.15    35.63  9999.00  9999.00  9999.00  9999.00
 00025   802.32     7.93    75.39     1.94   253.47    19.01  9999.00  9999.00  9999.00  9999.00
 00026  1031.97     2.36    61.30     1.93    35.81    19.90  9999.00  9999.00  9999.00  9999.00
 00027  1027.48     4.66    59.57     1.69   340.90    19.54  9999.00  9999.00  9999.00  9999.00
 00028   993.37     5.16    55.92     1.97    35.11    18.66  9999.00  9999.00  9999.00  9999.00
 00029  1023.55     9.58    57.27     3.90    12.80    20.92  9999.00  9999.00  9999.00  9999.00
 00030  1012.29    10.75    46.29     4.20    10.58    22.11  9999.00  9999.00  9999.00  9999.00
 00031   573.37     1.97    10.08     1.53   173.54    35.13  9999.00  9999.00  9999.00  9999.00
 00032   993.56     7.87    70.17     2.03   318.82    18.40  9999.00  9999.00  9999.00  9999.00
 00033  1023.29    14.57    75.25     6.86    22.15    23.20  9999.00  9999.00  9999.00  9999.00
 00034  1018.52    25.03    85.96    15.73    34.21     7.53  9999.00  9999.00  9999.00  9999.00
 00035  1021.75    16.43    77.72     5.56     6.76    22.68  9999.00  9999.00  9999.00  9999.00
 00036   780.82     8.77    64.34     2.61   175.15    20.90  9999.00  9999.00  9999.00  9999.00
 00037   983.55     6.90    68.24     1.68   308.35    18.35  9999.00  9999.00  9999.00  9999.00
 00038  1010.85    10.54    62.86     2.17   331.88    20.30  9999.00  9999.00  9999.00  9999.00
 00039  1024.85    13.82    74.19     9.80    82.77    18.09  9999.00  9999.00  9999.00  9999.00
 00040  1022.01    14.07    62.63     5.32    52.34    20.88  9999.00  9999.00  9999.00  9999.00
 00041   989.45    -2.18    68.72     1.89    88.39    19.96  9999.00  9999.00  9999.00  9999.00
 00042  1034.83     0.50    50.81     0.50   193.63    21.34  9999.00  9999.00  9999.00  9999.00
 00043  1024.86     2.64    66.72     1.49    39.26    20.00  9999.00  9999.00  9999.00  9999.00
 00044  1004.39     3.50    35.98     1.09   196.12    19.72  9999.00  9999.00  9999.00  9999.00
 00045  1022.01    14.07    62.63     5.32    52.34    20.88  9999.00  9999.00  9999.00  9999.00
 00046   956.95     1.87    59.34     1.97    13.99    19.05  9999.00  9999.00  9999.00  9999.00
 00047  1020.39     9.64    67.95     5.24    24.75    20.07  9999.00  9999.00  9999.00  9999.00
 00048   607.33    -1.72    21.69     1.66    84.61    37.28  9999.00  9999.00  9999.00  9999.00
 00049   578.75    -1.92    44.54     2.23   203.11    28.25  9999.00  9999.00  9999.00  9999.00
 00050  1017.09    10.75    66.74     5.04    30.78    19.28  9999.00  9999.00  9999.00  9999.00
