stn_id       p       t2      rh2      spd      dir      vis    rain6   rain24   tmax24   tmin24 
 00001   970.88    24.57    73.84     0.41    54.54    25.43  9999.00  9999.00  9999.00  9999.00
 00002   995.55    23.99    57.14     1.55   132.10    24.18  9999.00  9999.00  9999.00  9999.00
 00003   903.93    19.08    68.03     1.49   202.46    23.97  9999.00  9999.00  9999.00  9999.00
 00004   835.39    18.50    59.69     2.86   224.96    24.17  9999.00  9999.00  9999.00  9999.00
 00005   868.74    20.02    48.42     4.07   210.82    26.54  9999.00  9999.00  9999.00  9999.00
 00006   878.05    22.43    28.21     3.42   259.68    27.12  9999.00  9999.00  9999.00  9999.00
 00007  1005.06    22.87    39.56     1.40    69.53    25.78  9999.00  9999.00  9999.00  9999.00
 00008   990.04    21.52    40.78     2.41   175.32    26.71  9999.00  9999.00  9999.00  9999.00
 00009   941.10    12.55    38.14     1.49   291.81    33.21  9999.00  9999.00  9999.00  9999.00
 00010   969.83    18.85    57.58     2.93   115.79    30.22  9999.00  9999.00  9999.00  9999.00
 00011   996.83    21.12    43.64     4.15   204.64    27.55  9999.00  9999.00  9999.00  9999.00
 00012  1010.94    23.51    48.97     2.21   177.74    23.37  9999.00  9999.00  9999.00  9999.00
 00013  1005.01    20.68    95.40     5.42    43.33     0.78  9999.00  9999.00  9999.00  9999.00
 00014  1000.73    26.99    79.56     2.38   170.33     5.85  9999.00  9999.00  9999.00  9999.00
 00015   995.07    24.68    47.50     3.08    80.89    20.00  9999.00  9999.00  9999.00  9999.00
 00016   953.91    23.61    68.98     1.18   156.25    24.84  9999.00  9999.00  9999.00  9999.00
 00017   996.74    24.20    59.98     3.87    37.32    22.74  9999.00  9999.00  9999.00  9999.00
 00018  1005.39    22.00    90.26     4.96    20.81     6.71  9999.00  9999.00  9999.00  9999.00
 00019   935.84    24.81    69.57     1.15   177.72    27.31  9999.00  9999.00  9999.00  9999.00
 00020  1007.84    24.16    87.89     5.09   123.73    11.63  9999.00  9999.00  9999.00  9999.00
 00021   888.20    15.33    60.50     1.83   304.31    26.60  9999.00  9999.00  9999.00  9999.00
 00022  1014.36    23.87    42.73     1.88   170.58    21.10  9999.00  9999.00  9999.00  9999.00
 00023   916.69    15.62    48.76     2.85   271.66    23.14  9999.00  9999.00  9999.00  9999.00
 00024   940.03    17.23    44.34     2.13   280.81    25.16  9999.00  9999.00  9999.00  9999.00
 00025   796.57    17.24    68.04     0.66   144.67    24.80  9999.00  9999.00  9999.00  9999.00
 00026  1003.34    23.41    88.05     5.00   282.97    12.34  9999.00  9999.00  9999.00  9999.00
 00027  1001.31    21.65    93.18     4.51   354.54     1.97  9999.00  9999.00  9999.00  9999.00
 00028   972.63    22.74    78.59     4.42    39.12    23.75  9999.00  9999.00  9999.00  9999.00
 00029  1001.83    29.26    84.60     1.75   152.72    25.78  9999.00  9999.00  9999.00  9999.00
 00030   990.71    25.53    90.07     2.43   330.92    20.43  9999.00  9999.00  9999.00  9999.00
 00031   578.75     7.23    38.64     2.10    58.01    25.13  9999.00  9999.00  9999.00  9999.00
 00032   973.29    25.04    82.19     0.92   181.63    20.83  9999.00  9999.00  9999.00  9999.00
 00033  1004.27    24.13    96.48     2.18   128.35     2.24  9999.00  9999.00  9999.00  9999.00
 00034  1008.51    28.34    87.21     3.69   171.07    30.51  9999.00  9999.00  9999.00  9999.00
 00035  1003.54    30.33    74.03     1.54   228.68    23.11  9999.00  9999.00  9999.00  9999.00
 00036   779.14    14.24    74.78     0.36   269.62    22.64  9999.00  9999.00  9999.00  9999.00
 00037   963.76    24.92    83.00     0.98   177.27    23.27  9999.00  9999.00  9999.00  9999.00
 00038   991.01    27.75    80.98     1.36   161.34    10.17  9999.00  9999.00  9999.00  9999.00
 00039  1004.73    25.05    87.73     2.77   108.48    22.73  9999.00  9999.00  9999.00  9999.00
 00040  1002.39    27.50    84.54     2.66   152.59    21.06  9999.00  9999.00  9999.00  9999.00
 00041   964.06    21.89    98.97     1.40   319.95     0.26  9999.00  9999.00  9999.00  9999.00
 00042  1004.47    21.89    98.35     3.05   136.61     0.35  9999.00  9999.00  9999.00  9999.00
 00043   997.12    23.46    89.78     3.32   111.01     3.27  9999.00  9999.00  9999.00  9999.00
 00044   977.66    27.50    85.86     0.39   195.17    10.44  9999.00  9999.00  9999.00  9999.00
 00045  1002.39    27.50    84.54     2.66   152.59    21.06  9999.00  9999.00  9999.00  9999.00
 00046   937.97    26.15    83.11     2.10   210.13    21.91  9999.00  9999.00  9999.00  9999.00
 00047   996.69    25.39    82.78     3.07   147.71     9.43  9999.00  9999.00  9999.00  9999.00
 00048   610.08     9.69    38.91     1.54    72.89    29.76  9999.00  9999.00  9999.00  9999.00
 00049   581.02     7.50    56.17     2.24    45.34    24.93  9999.00  9999.00  9999.00  9999.00
 00050   996.77    27.01    78.77     2.37   160.86    24.16  9999.00  9999.00  9999.00  9999.00
