stn_id       p       t2      rh2      spd      dir      vis    rain6   rain24   tmax24   tmin24 
 00001   968.60    23.98    80.47     1.41   187.02    25.45     0.11     0.51    26.75    19.50
 00002   993.94    19.69    68.01     2.04   146.62    24.11     0.00    -0.00    25.72    14.71
 00003   901.91    20.25    61.07     0.36    47.64    23.91     0.00     0.03    22.86    12.27
 00004   834.48    13.28    77.62     1.66   141.09    24.13     0.28     0.40    20.26     9.33
 00005   867.73    18.29    56.73     2.22   201.22    26.50     1.01     1.08    23.61    11.22
 00006   876.93    18.72    31.88     3.26    87.67    27.06     0.00     1.49    24.92    11.42
 00007  1003.58    15.77    72.39     2.24   164.68    25.79     0.00     0.00    24.19    10.56
 00008   988.26    15.29    62.96     2.65   167.55    26.69     0.00     0.00    22.50    10.37
 00009   943.16     6.36    69.00     0.91   251.13    33.19     0.00     0.02    13.49     0.68
 00010   969.33    12.19    78.33     1.61   105.20    30.22     0.00    -0.00    20.09     7.30
 00011   994.58    16.06    58.13     4.44   175.45    27.48     0.00     0.01    22.15    11.51
 00012  1009.35    19.28    67.27     2.19   170.43    23.34     0.00     0.00    25.71    14.33
 00013  1005.64    20.12    94.66     6.08    26.15    23.04     5.45    34.37    22.54    20.13
 00014   999.73    23.84    96.60     1.52    24.34     1.37    10.02    14.94    27.32    23.67
 00015   994.29    19.45    56.98     2.34    77.94    19.97     0.00     0.01    26.60    15.25
 00016   950.21    23.10    65.53     2.94    75.59    24.75     0.00     0.01    28.13    16.13
 00017   995.26    21.28    79.18     1.68    69.51    22.73     0.00     0.15    26.23    19.29
 00018  1005.66    20.98    84.19     5.33    19.64    22.39     0.15    12.09    23.46    20.71
 00019   933.56    23.28    78.07     0.85   274.17    27.22     0.01     0.00    26.73    17.69
 00020  1007.37    22.37    97.51     5.90   111.37     1.77    11.04    14.85    24.43    22.03
 00021   888.84    13.93    77.06     1.44   186.94    26.63     2.08     3.43    22.30    12.79
 00022  1012.69    19.44    63.81     2.51   142.86    21.09     0.00     0.00    26.12    13.53
 00023   915.62    16.53    40.60     2.21   270.66    23.11     0.08     0.09    18.33    10.99
 00024   939.02    18.39    34.38     2.88   318.25    25.11     0.01     0.02    20.92    11.75
 00025   794.23    18.24    67.83     1.37    53.96    24.75     0.00     0.62    21.75    14.77
 00026  1003.68    22.97    88.47     3.82    27.33    18.96     2.19    18.55    25.89    21.93
 00027  1001.01    23.13    83.89     3.55   344.41    24.83     0.82    17.82    24.96    20.72
 00028   971.17    22.12    83.54     2.72    19.72    24.31     0.27     3.98    24.41    20.63
 00029  1000.60    26.34    92.55     0.97   197.64    24.18     4.87     6.61    30.68    24.74
 00030   989.47    25.95    83.88     2.80    57.66    21.09     0.27     8.26    27.86    23.90
 00031   576.52     9.37    40.58     1.84    88.76    25.06     0.00     0.00    12.82     1.67
 00032   972.69    22.31    95.78     1.11   136.28    13.73     0.24     0.76    27.37    21.00
 00033  1002.64    24.12    98.32     1.56   168.48     1.62     0.27     1.04    24.48    21.91
 00034  1006.07    28.39    87.81     1.23   225.04    30.48     0.01     0.09    28.66    27.74
 00035  1001.88    26.52    91.85     1.08   316.72    13.11     2.24     4.73    30.92    24.69
 00036   776.15    18.23    63.29     0.89   220.53    24.41     0.02     1.27    20.25    12.33
 00037   963.10    22.72    95.84     1.13   117.43    20.09     0.88     1.53    27.64    21.29
 00038   990.14    25.22    95.39     0.90    85.84    19.85     3.95     5.26    29.27    23.99
 00039  1003.81    24.91    92.33     2.48   145.89    23.42     0.06     0.39    26.18    23.63
 00040  1001.47    25.79    94.13     1.16   161.87    24.16     0.61     1.92    27.94    24.64
 00041   964.46    19.80    97.13     1.67   326.56     8.23    30.82    67.72    23.39    19.81
 00042  1004.68    20.54    98.01     4.86   145.75     3.57     1.80    43.77    24.07    20.54
 00043   997.34    23.11    92.09     1.74    45.63    17.66     7.09    28.10    26.53    23.10
 00044   978.60    22.22    95.19     2.28   251.69     1.07     5.73    15.53    27.77    22.25
 00045  1001.47    25.79    94.13     1.16   161.87    24.16     0.61     1.92    27.94    24.64
 00046   937.33    22.14    99.20     0.89   160.06     6.82     7.93     8.40    28.35    21.13
 00047   996.45    22.94    95.02     2.09   155.42     8.67     0.04     1.49    25.93    22.56
 00048   607.25    13.75    25.00     0.82   175.06    29.67     0.00     0.01    14.56     1.94
 00049   579.47     7.69    70.06     0.90   173.58     2.51     0.24     0.26    12.76     0.90
 00050   996.26    24.38    91.60     1.51   143.54    23.97     0.08     0.43    27.76    22.71
