stn_id       p       t2      rh2      spd      dir      vis    rain6   rain24   tmax24   tmin24 
 00001   968.68    22.38    88.29     1.07    93.75    25.45     0.00  9999.00  9999.00  9999.00
 00002   994.75    19.19    77.37     0.77   298.27    24.11     0.00  9999.00  9999.00  9999.00
 00003   903.13    15.72    84.61     0.68   142.63    23.93     0.00  9999.00  9999.00  9999.00
 00004   834.64    13.41    84.23     1.91   150.29    24.15     0.00  9999.00  9999.00  9999.00
 00005   868.84    16.24    71.59     2.59   193.01    26.52     0.00  9999.00  9999.00  9999.00
 00006   877.07    18.89    56.88     5.30   200.30    27.10     0.00  9999.00  9999.00  9999.00
 00007  1004.44    19.44    62.59     2.91   173.78    25.82     0.00  9999.00  9999.00  9999.00
 00008   988.39    18.85    52.63     4.04   200.53    26.67     0.00  9999.00  9999.00  9999.00
 00009   944.11     7.83    63.16     2.30   209.55    33.10     0.00  9999.00  9999.00  9999.00
 00010   970.00    14.10    81.09     0.51    87.72    30.27     0.00  9999.00  9999.00  9999.00
 00011   994.91    17.63    57.78     4.63   212.03    27.44     0.00  9999.00  9999.00  9999.00
 00012  1010.74    18.18    77.51     0.45   267.59    23.36     0.00  9999.00  9999.00  9999.00
 00013  1007.37    20.40    87.77     5.14    22.79    23.25     0.12  9999.00  9999.00  9999.00
 00014  1002.22    22.75    88.54     3.01   279.93    25.28     1.84  9999.00  9999.00  9999.00
 00015   995.40    20.03    69.48     0.58   153.23    20.01     0.00  9999.00  9999.00  9999.00
 00016   951.98    19.35    82.73     1.36    87.98    24.77     0.00  9999.00  9999.00  9999.00
 00017   996.60    20.75    87.54     0.87   131.20    22.73     0.00  9999.00  9999.00  9999.00
 00018  1007.41    19.77    84.53     4.65    28.53    23.27     0.00  9999.00  9999.00  9999.00
 00019   933.55    21.02    88.58     0.52   246.90    24.53     0.10  9999.00  9999.00  9999.00
 00020  1007.99    22.03    98.12     5.27    96.84     2.94    11.45  9999.00  9999.00  9999.00
 00021   890.12    11.30    85.70     0.38   254.69    26.63     0.13  9999.00  9999.00  9999.00
 00022  1013.48    18.90    54.61     1.92   195.22    21.06     0.00  9999.00  9999.00  9999.00
 00023   917.16    10.02    59.46     1.57   224.43    23.12     0.00  9999.00  9999.00  9999.00
 00024   940.44    10.01    74.44     1.96   308.79    25.15     0.07  9999.00  9999.00  9999.00
 00025   795.39    14.56    93.71     0.83    86.79    24.83     0.00  9999.00  9999.00  9999.00
 00026  1005.44    20.56    93.57     3.84    14.87     7.16     4.93  9999.00  9999.00  9999.00
 00027  1001.92    21.24    94.45     3.39   349.80     5.65     1.90  9999.00  9999.00  9999.00
 00028   972.41    21.17    89.02     2.43    11.45    24.32     0.06  9999.00  9999.00  9999.00
 00029  1001.47    25.14    94.75     0.55    24.61    12.63     1.71  9999.00  9999.00  9999.00
 00030   991.14    22.81    93.86     2.30   187.66    14.63     4.47  9999.00  9999.00  9999.00
 00031   577.22     2.22    44.98     0.61   220.01    25.11     0.00  9999.00  9999.00  9999.00
 00032   973.05    24.29    88.19     0.69   198.80    21.80     0.05  9999.00  9999.00  9999.00
 00033  1003.75    23.16    98.68     1.98   231.81     0.49     0.15  9999.00  9999.00  9999.00
 00034  1007.19    27.85    85.99     2.39   196.65    27.52     0.22  9999.00  9999.00  9999.00
 00035  1003.16    25.33    96.31     1.31   311.90     1.35     0.17  9999.00  9999.00  9999.00
 00036   776.36    11.15    88.85     0.93    97.17    23.90     0.00  9999.00  9999.00  9999.00
 00037   963.55    24.04    90.53     0.63   212.46    19.42     0.10  9999.00  9999.00  9999.00
 00038   990.86    24.48    98.36     0.49   134.65     7.90     1.42  9999.00  9999.00  9999.00
 00039  1004.38    25.06    93.02     1.59   119.87    23.29     0.03  9999.00  9999.00  9999.00
 00040  1002.07    25.50    91.41     0.36   291.81    25.78     1.84  9999.00  9999.00  9999.00
 00041   966.46    19.01    96.72     1.74   344.39     5.89     0.71  9999.00  9999.00  9999.00
 00042  1007.34    20.00    93.38     2.93   335.57    21.01     1.89  9999.00  9999.00  9999.00
 00043   999.05    21.08    94.15     3.09    35.25     4.26     4.36  9999.00  9999.00  9999.00
 00044   979.73    22.22    92.80     0.78   313.83    20.16     1.40  9999.00  9999.00  9999.00
 00045  1002.07    25.50    91.41     0.36   291.81    25.78     1.84  9999.00  9999.00  9999.00
 00046   937.82    22.51    95.57     1.11   188.81    13.86     1.27  9999.00  9999.00  9999.00
 00047   996.97    23.05    93.55     1.42   122.04     7.93     0.08  9999.00  9999.00  9999.00
 00048   608.42     2.69    55.88     1.38   179.46    29.73     0.00  9999.00  9999.00  9999.00
 00049   580.32     2.01    90.26     1.57    24.51    15.42     0.10  9999.00  9999.00  9999.00
 00050   996.61    25.46    88.00     1.32   165.34    24.26     0.02  9999.00  9999.00  9999.00
