stn_id       p       t2      rh2      spd      dir      vis    rain6   rain24   tmax24   tmin24 
 00001   968.58    20.38    97.55     0.95   263.23     4.74     3.91  9999.00  9999.00  9999.00
 00002   998.41    14.89    77.87     0.52   236.44    23.39     0.00  9999.00  9999.00  9999.00
 00003   906.08    11.51    80.29     0.35    87.70    22.74     0.70  9999.00  9999.00  9999.00
 00004   837.03     7.04    81.05     0.98   140.60    22.79     0.24  9999.00  9999.00  9999.00
 00005   872.14     8.49    83.17     1.50   147.83    25.58     0.00  9999.00  9999.00  9999.00
 00006   880.06    13.11    38.96     5.89   212.60    26.42     0.00  9999.00  9999.00  9999.00
 00007  1007.30    14.88    64.48     3.68   194.09    25.57     0.00  9999.00  9999.00  9999.00
 00008   990.49    12.82    56.14     3.36   209.49    26.79     0.00  9999.00  9999.00  9999.00
 00009   944.99     2.74    82.20     0.78   193.02    32.76     0.00  9999.00  9999.00  9999.00
 00010   969.78    11.81    59.86     3.39   279.86    28.58     0.00  9999.00  9999.00  9999.00
 00011   996.42    11.84    60.79     3.03   236.62    27.85     0.00  9999.00  9999.00  9999.00
 00012  1014.32    15.23    69.36     1.11   192.62    23.19     0.00  9999.00  9999.00  9999.00
 00013  1016.46    16.77    81.19     2.66    93.83    22.95     0.00  9999.00  9999.00  9999.00
 00014  1013.13    16.85    85.12     1.59    14.73    24.03     0.00  9999.00  9999.00  9999.00
 00015  1000.44    17.28    60.31     2.49   155.30    20.05     0.00  9999.00  9999.00  9999.00
 00016   957.01    12.61    90.42     1.49   141.61     9.40     1.14  9999.00  9999.00  9999.00
 00017  1001.43    16.10    75.62     0.30   195.32    21.72     0.03  9999.00  9999.00  9999.00
 00018  1014.74    16.90    83.14     3.61    82.73    22.39     0.85  9999.00  9999.00  9999.00
 00019   934.52    18.21    92.39     0.28   225.89    13.97     0.74  9999.00  9999.00  9999.00
 00020  1019.06    19.52    72.26     2.77    57.82    22.40     0.00  9999.00  9999.00  9999.00
 00021   890.86     7.17    75.95     1.63   158.03    26.08     0.00  9999.00  9999.00  9999.00
 00022  1017.67    16.72    59.10     3.28   209.53    21.25     0.00  9999.00  9999.00  9999.00
 00023   917.04     7.21    77.16     1.57   162.76    22.14     0.00  9999.00  9999.00  9999.00
 00024   944.90     4.62    90.56     1.41   110.09    23.45     0.00  9999.00  9999.00  9999.00
 00025   796.65    16.05    97.18     1.94   201.09     5.92     0.13  9999.00  9999.00  9999.00
 00026  1010.82    21.07    74.81     3.13    24.48    23.48     0.00  9999.00  9999.00  9999.00
 00027  1005.78    21.86    87.09     0.60   140.46    23.31     0.01  9999.00  9999.00  9999.00
 00028   974.36    19.59    90.32     1.19   103.88    22.78     0.08  9999.00  9999.00  9999.00
 00029  1007.82    24.96    89.76     1.52   165.38    25.56     1.28  9999.00  9999.00  9999.00
 00030   995.77    25.49    91.66     2.43   130.79    27.84     0.05  9999.00  9999.00  9999.00
 00031   576.29     0.85    94.99     1.35   203.16    14.44     0.17  9999.00  9999.00  9999.00
 00032   980.93    20.13    65.74     2.35    54.24    22.36     0.00  9999.00  9999.00  9999.00
 00033  1009.34    24.02    96.08     2.22    54.29    15.86     0.52  9999.00  9999.00  9999.00
 00034  1010.38    27.77    86.73     3.87    48.42    21.41     0.44  9999.00  9999.00  9999.00
 00035  1008.54    24.92    96.83     1.73   350.62     1.73     0.25  9999.00  9999.00  9999.00
 00036   775.45    16.22    90.39     1.71   179.22    24.18     0.06  9999.00  9999.00  9999.00
 00037   971.21    20.35    68.29     1.46    70.65    22.30     0.00  9999.00  9999.00  9999.00
 00038   997.58    23.39    76.37     0.99   110.73    24.77     0.00  9999.00  9999.00  9999.00
 00039  1011.36    23.03    74.56    10.29    30.83    24.15     0.01  9999.00  9999.00  9999.00
 00040  1009.00    24.09    70.45     6.84    48.24    25.35     0.00  9999.00  9999.00  9999.00
 00041   973.10    17.16    85.95     1.57    96.18    22.68     0.57  9999.00  9999.00  9999.00
 00042  1015.71    17.40    82.95     3.71    84.43    23.15     0.00  9999.00  9999.00  9999.00
 00043  1004.35    20.93    79.59     2.09    30.31    23.95     0.00  9999.00  9999.00  9999.00
 00044   986.35    19.36    76.69     2.73    47.82    22.92     0.10  9999.00  9999.00  9999.00
 00045  1009.00    24.09    70.45     6.84    48.24    25.35     0.00  9999.00  9999.00  9999.00
 00046   943.58    22.30    96.18     0.99   104.83     8.63     2.00  9999.00  9999.00  9999.00
 00047  1005.95    19.87    75.59     3.12    45.28    23.11     0.00  9999.00  9999.00  9999.00
 00048   607.77     4.28    92.79     1.15   193.57    26.82     0.35  9999.00  9999.00  9999.00
 00049   580.29     2.42    98.70     0.38   144.95     5.42     0.33  9999.00  9999.00  9999.00
 00050  1003.94    23.06    64.59     6.27    31.68    23.68     0.00  9999.00  9999.00  9999.00
