stn_id       p       t2      rh2      spd      dir      vis    rain6   rain24   tmax24   tmin24 
 00001   959.03    21.42    74.07     2.38   122.11    16.88  9999.00  9999.00  9999.00  9999.00
 00002   995.81    16.92    59.56     4.07   150.72    20.79  9999.00  9999.00  9999.00  9999.00
 00003   899.83    14.46    70.18     6.39   171.41    18.89  9999.00  9999.00  9999.00  9999.00
 00004   829.46     8.20    87.63     5.76   153.19     8.98  9999.00  9999.00  9999.00  9999.00
 00005   863.92     9.19    91.18     2.61   144.59     0.96  9999.00  9999.00  9999.00  9999.00
 00006   873.96    10.80    85.39     7.75   188.50     1.74  9999.00  9999.00  9999.00  9999.00
 00007  1010.31    19.87    29.78     4.02   205.01    22.49  9999.00  9999.00  9999.00  9999.00
 00008   993.56    18.74    32.15     7.43   215.57    25.39  9999.00  9999.00  9999.00  9999.00
 00009   954.18    -5.42    61.92     2.93   354.24    37.05  9999.00  9999.00  9999.00  9999.00
 00010   975.47    11.96    73.90     1.06    68.95    26.14  9999.00  9999.00  9999.00  9999.00
 00011   999.61    18.05    38.38     6.78   201.73    28.47  9999.00  9999.00  9999.00  9999.00
 00012  1013.56    17.63    49.52     2.28   184.84    20.10  9999.00  9999.00  9999.00  9999.00
 00013  1013.75    20.50    59.17     4.72   113.02    20.53  9999.00  9999.00  9999.00  9999.00
 00014  1010.79    19.82    70.18     2.42   100.38    20.81  9999.00  9999.00  9999.00  9999.00
 00015   997.58    19.80    38.37     4.30   161.34    18.77  9999.00  9999.00  9999.00  9999.00
 00016   945.53    20.15    60.49     4.48   109.92    18.40  9999.00  9999.00  9999.00  9999.00
 00017   995.81    22.17    48.14     4.76   136.65    19.28  9999.00  9999.00  9999.00  9999.00
 00018  1011.35    21.34    56.45     4.99   108.21    20.25  9999.00  9999.00  9999.00  9999.00
 00019   925.01    17.10    79.29     1.66    68.26    19.29  9999.00  9999.00  9999.00  9999.00
 00020  1016.86    21.14    54.61     3.65    61.67    19.84  9999.00  9999.00  9999.00  9999.00
 00021   892.30    -3.87    40.21     1.56   259.96    31.99  9999.00  9999.00  9999.00  9999.00
 00022  1016.24    21.45    33.09     4.44   165.56    19.29  9999.00  9999.00  9999.00  9999.00
 00023   923.23    -4.99    34.20     1.88   249.69    29.00  9999.00  9999.00  9999.00  9999.00
 00024   948.76    -4.97    40.96     7.82   303.93    31.70  9999.00  9999.00  9999.00  9999.00
 00025   792.07    19.12    45.07     8.40   242.15    23.05  9999.00  9999.00  9999.00  9999.00
 00026  1008.96    22.86    68.29     2.57   111.78    21.00  9999.00  9999.00  9999.00  9999.00
 00027  1001.54    21.57    79.66     4.35   126.08    20.31  9999.00  9999.00  9999.00  9999.00
 00028   966.82    22.10    83.29     0.96   165.50    19.03  9999.00  9999.00  9999.00  9999.00
 00029  1006.63    25.31    80.20     3.96   155.85    19.65  9999.00  9999.00  9999.00  9999.00
 00030   992.44    26.40    83.31     4.63   166.30    20.36  9999.00  9999.00  9999.00  9999.00
 00031   565.61    -3.33    27.71     3.08   253.00    27.32  9999.00  9999.00  9999.00  9999.00
 00032   979.88    19.85    71.80     1.92    87.73    19.04  9999.00  9999.00  9999.00  9999.00
 00033  1007.65    22.59    94.62     4.82   130.84     5.47  9999.00  9999.00  9999.00  9999.00
 00034  1011.80    27.68    74.32     3.88   117.75    25.17  9999.00  9999.00  9999.00  9999.00
 00035  1007.54    28.74    75.49     5.77   165.12    21.00  9999.00  9999.00  9999.00  9999.00
 00036   768.49    15.82    48.70     5.00   210.40    22.02  9999.00  9999.00  9999.00  9999.00
 00037   970.05    20.22    70.71     1.46   103.55    18.99  9999.00  9999.00  9999.00  9999.00
 00038   997.27    23.85    68.85     1.47   106.88    21.31  9999.00  9999.00  9999.00  9999.00
 00039  1011.26    22.34    76.69     6.20    52.81    19.76  9999.00  9999.00  9999.00  9999.00
 00040  1008.59    24.17    70.68     4.62    59.49    21.85  9999.00  9999.00  9999.00  9999.00
 00041   971.06    19.97    60.85     2.62   133.54    19.98  9999.00  9999.00  9999.00  9999.00
 00042  1013.04    21.23    63.18     4.12   101.99    20.59  9999.00  9999.00  9999.00  9999.00
 00043  1001.95    23.50    69.44     2.28   119.14    21.37  9999.00  9999.00  9999.00  9999.00
 00044   985.08    21.34    68.80     3.24    86.80    20.20  9999.00  9999.00  9999.00  9999.00
 00045  1008.59    24.17    70.68     4.62    59.49    21.85  9999.00  9999.00  9999.00  9999.00
 00046   942.65    21.83    74.13     2.39   185.11    20.59  9999.00  9999.00  9999.00  9999.00
 00047  1004.71    19.41    76.48     1.35    39.84    12.58  9999.00  9999.00  9999.00  9999.00
 00048   596.51    -0.46    46.63     2.57   201.75    28.75  9999.00  9999.00  9999.00  9999.00
 00049   569.97    -7.42    77.32     2.22   185.98    24.24  9999.00  9999.00  9999.00  9999.00
 00050  1003.32    23.33    67.83     3.49    63.72    20.19  9999.00  9999.00  9999.00  9999.00
