stn_id       p       t2      rh2      spd      dir      vis    rain6   rain24   tmax24   tmin24 
 00001   985.90    23.50    78.60     2.00    40.00    19.00     1.00  9999.00  9999.00  9999.00
 00002  1004.00    29.00    35.62     4.00   180.00    30.00     0.00  9999.00  9999.00  9999.00
 00003   928.00    25.30    30.80     3.00   320.00    30.00     0.00  9999.00  9999.00  9999.00
 00004   862.20    21.50    29.75     2.00    90.00    30.00     0.00  9999.00  9999.00  9999.00
 00005   886.80    21.60    32.88     6.00   200.00    27.00     0.00  9999.00  9999.00  9999.00
 00006   884.50    23.80    22.72     4.00   290.00    30.00     0.00  9999.00  9999.00  9999.00
 00007  1007.30    24.60    33.74     2.00   200.00    30.00     0.00  9999.00  9999.00  9999.00
 00008   983.60    23.00    29.77     5.00   250.00    17.00     0.00  9999.00  9999.00  9999.00
 00009   958.80    13.90    28.92     9.00   340.00    30.00     0.00  9999.00  9999.00  9999.00
 00010   981.10    21.60    25.84     6.00   320.00    26.00     0.00  9999.00  9999.00  9999.00
 00011   994.60    23.30    38.82     5.00   220.00    30.00     0.00  9999.00  9999.00  9999.00
 00012  1009.70    27.40    43.76     2.00   200.00    22.00     0.00  9999.00  9999.00  9999.00
 00013  1011.80    20.90    89.94     3.00   360.00    10.00     0.60  9999.00  9999.00  9999.00
 00014  1008.90    22.10    91.71     4.00    20.00     3.60     0.70  9999.00  9999.00  9999.00
 00015   996.50    27.70    35.75     3.00   220.00    30.00     0.00  9999.00  9999.00  9999.00
 00016   967.40    23.90    62.63     3.00    70.00    14.00     0.10  9999.00  9999.00  9999.00
 00017  1003.60    26.60    33.82     1.00   320.00    30.00     0.00  9999.00  9999.00  9999.00
 00018  1014.00    20.90    82.86     2.00    20.00    21.00     0.30  9999.00  9999.00  9999.00
 00019  9999.00  9999.00  9999.00  9999.00  9999.00  9999.00  9999.00  9999.00  9999.00  9999.00
 00020  1013.90    23.00    79.03     1.00   140.00    30.00     1.00  9999.00  9999.00  9999.00
 00021   914.20    17.00    46.76     3.00   290.00    30.00     0.00  9999.00  9999.00  9999.00
 00022  1013.80    29.00    32.68     5.00   220.00    30.00     0.00  9999.00  9999.00  9999.00
 00023   937.60    16.10    58.86     3.00   320.00    30.00     0.00  9999.00  9999.00  9999.00
 00024   963.60    18.00    68.69     1.00   290.00    30.00     0.10  9999.00  9999.00  9999.00
 00025  9999.00  9999.00  9999.00  9999.00  9999.00  9999.00  9999.00  9999.00  9999.00  9999.00
 00026  1007.10    25.80    75.57     2.00   360.00    21.00     0.00  9999.00  9999.00  9999.00
 00027  1000.70    20.20    92.76     3.00   340.00    15.00     0.00  9999.00  9999.00  9999.00
 00028   981.70    19.70   100.00     3.00    20.00    12.00     6.00  9999.00  9999.00  9999.00
 00029  1001.40    35.00    55.16     2.00   270.00    30.00     0.00  9999.00  9999.00  9999.00
 00030   992.40    33.10    58.53     2.00   220.00    30.00     0.00  9999.00  9999.00  9999.00
 00031   627.90    19.10    34.72     2.00    70.00    30.00     0.00  9999.00  9999.00  9999.00
 00032   999.36    34.50  9999.00     3.00   180.00    18.00     0.00  9999.00  9999.00  9999.00
 00033  1002.20    32.50    68.75     3.00    40.00    30.00     0.00  9999.00  9999.00  9999.00
 00034  1008.90    31.30    72.79     2.00    40.00    30.00     0.00  9999.00  9999.00  9999.00
 00035  1007.40    33.80    63.46     1.00   140.00    30.00     0.00  9999.00  9999.00  9999.00
 00036   840.30    19.90    88.16     0.00     0.00    16.00     0.60  9999.00  9999.00  9999.00
 00037  1002.60    34.70    49.38     3.00   140.00    23.00     0.00  9999.00  9999.00  9999.00
 00038  1002.30    34.70    54.43     2.00   110.00    14.00     0.00  9999.00  9999.00  9999.00
 00039  1007.60    30.10    73.93     4.00   140.00    15.00     0.00  9999.00  9999.00  9999.00
 00040  1003.70    31.80    66.60     3.00   180.00    30.00     0.00  9999.00  9999.00  9999.00
 00041   818.60    16.80    98.73     4.00   220.00     0.00     8.00  9999.00  9999.00  9999.00
 00042  1010.70    19.60    95.10     2.00    20.00     3.40    11.00  9999.00  9999.00  9999.00
 00043  1004.50    25.80    98.81     2.00   360.00     7.00     0.00  9999.00  9999.00  9999.00
 00044   997.10    30.90    69.73     1.00    90.00    12.00     0.00  9999.00  9999.00  9999.00
 00045  1003.70    31.80    66.60     3.00   180.00    30.00     0.00  9999.00  9999.00  9999.00
 00046   963.70    34.00    48.59     1.00   140.00    24.00     0.00  9999.00  9999.00  9999.00
 00047  1006.10    32.60    62.47     3.00    90.00    19.00     0.00  9999.00  9999.00  9999.00
 00048   656.00    20.40    35.59     2.00   180.00    30.00     0.00  9999.00  9999.00  9999.00
 00049   605.60     9.10    83.08     6.00   220.00    13.00     0.00  9999.00  9999.00  9999.00
 00050  1002.40    31.30    69.80     5.00   160.00    21.00     0.00  9999.00  9999.00  9999.00
