stn_id       p       t2      rh2      spd      dir      vis    rain6   rain24   tmax24   tmin24 
 00001   986.00    20.20   100.00     1.00    20.00     4.50     0.40     1.60    26.30    20.00
 00002  1007.30    19.00    76.97     1.00   180.00    24.00     0.00     0.00    26.60    15.70
 00003   931.60    13.00   100.00     1.00    70.00    28.00     0.00     0.00    22.20     9.10
 00004   864.80     9.10    72.79     2.00   220.00    30.00     0.00     0.00    18.50     5.10
 00005   889.90    12.60    53.67     1.00   320.00    30.00     0.00     0.00    21.30     8.00
 00006   887.50    12.50    39.91     1.00   200.00    30.00     0.00     0.00    20.70     8.30
 00007  1010.30    14.40    69.86     1.00   110.00    30.00     0.00     0.00    23.40     8.40
 00008   986.80    16.00    60.89     2.00   200.00  9999.00     0.00     0.00    20.20     7.40
 00009   958.70     7.80    54.76     3.00   340.00    30.00     0.00     0.00    19.40     1.00
 00010   986.10     9.00    79.71     1.00   320.00    22.00     0.00     0.00    21.40     4.20
 00011   998.60    14.70    61.01     2.00   180.00    30.00     0.00     0.00    18.00     7.20
 00012  1012.90    19.20    75.03     1.00    40.00    17.00     0.00     0.00    26.90    14.30
 00013  1012.20    21.10    76.79     3.00   360.00    25.00     0.00     1.00    24.80    21.10
 00014  1009.50    22.00    94.01     2.00   360.00     4.30     3.00     9.20    32.50    22.00
 00015   998.80    19.20    69.84     1.00   110.00    30.00     0.00     0.00    25.10    17.80
 00016   970.50    17.40    92.02     1.00   290.00     8.00     0.00     3.20    20.30    16.20
 00017  1005.90    21.40    69.80     2.00   200.00    14.00     0.00     0.00    26.20    20.80
 00018  1014.10    19.00    95.08     2.00    90.00    11.00     6.00    10.80    22.40    18.10
 00019   949.50    21.00    76.77     1.00   140.00    19.00     0.00     0.20    27.20    19.70
 00020  1014.70    21.50    95.17     2.00    40.00     7.00    12.00    15.30    29.80    21.50
 00021   914.20    12.90    86.99     2.00   220.00    25.00     2.00     2.00    22.70    12.00
 00022  1016.90    21.00    69.72     1.00   200.00    13.00     0.00     0.00    27.30    14.60
 00023   937.00    13.20    70.10     5.00   270.00    30.00     0.00     4.00    22.30    11.20
 00024   963.30    12.50    96.11     0.00     0.00    18.00     7.00     7.10    24.60     6.80
 00025   813.40    19.50    87.01     2.00   270.00    26.00     0.00     0.00    25.90    18.40
 00026  1007.50    24.70    82.76     2.00    40.00    16.00     0.00     0.00    34.40    23.90
 00027  1001.00    19.50    96.91     5.00   320.00  9999.00     0.00     0.00    23.10    19.50
 00028   982.00    19.00   100.00     3.00   340.00     4.60     1.00     1.00    30.80    19.00
 00029  1004.10    27.40    93.67     1.00   360.00    30.00     0.00     0.00    34.60    25.20
 00030   994.30    26.10    95.89     1.00    90.00     9.00     0.00     0.00    32.50    25.10
 00031   628.40     8.70    70.65     0.00     0.00    30.00     0.00     0.10    18.10     8.70
 00032  1002.50    29.50    75.65     2.00   320.00    13.00     0.00     0.00    35.30    26.30
 00033  1004.40    28.80    88.85     1.00   140.00    29.00     0.00    12.90    31.80    26.10
 00034  1010.40    30.40    81.89     2.00    90.00    25.00     0.00     1.00    32.30    27.60
 00035  1009.40    26.90    95.91     1.00   270.00    11.00     0.00     0.00    33.30    26.30
 00036   841.50    18.20    95.05     1.00   270.00     6.00     7.00     7.00    31.10    18.20
 00037  1005.50    28.20    79.70     2.00   290.00    12.00     0.00     0.00    35.40    25.50
 00038  1005.40    27.40    88.75     1.00   320.00     6.00     0.10    14.10    36.40    25.40
 00039  1009.40    29.80    78.94     1.00   160.00    14.00     0.00     0.00    30.80    27.30
 00040  1005.90    28.40    90.96     1.00   340.00     5.00     0.00     0.00    30.80    26.00
 00041   819.40    16.60   100.00     4.00   220.00     0.00    32.00    61.20    17.50    16.30
 00042  1010.90    20.60    95.73     2.00    40.00     2.60     1.00    28.00    24.30    20.60
 00043  1005.30    24.40   100.00     2.00    90.00    17.00     0.00     0.00    34.30    23.70
 00044   998.50    26.60    85.01     1.00   340.00    15.00     0.00     0.00    33.80    25.60
 00045  1005.90    28.40    90.96     1.00   340.00     5.00     0.00     0.00    30.80    26.00
 00046   966.30    25.30    93.01     2.00   180.00  9999.00     0.00     0.00    33.80    23.30
 00047  1008.10    29.40    77.95     0.00    70.00     4.70     0.00     0.00    32.50    26.30
 00048   657.00    11.40    66.85     1.00   270.00    30.00     0.00     0.00    23.00    11.10
 00049   605.20     5.90    85.68     2.00   290.00    30.00     0.00     0.70    13.40     5.90
 00050  1004.50    29.50    78.90     1.00    40.00     8.00     0.00     0.00    32.80    26.80
