stn_id       p       t2      rh2      spd      dir      vis    rain6   rain24   tmax24   tmin24 
 00001   983.08    24.30  9999.00     1.00   140.00    23.00  9999.00  9999.00  9999.00  9999.00
 00002  1003.81    28.20  9999.00     5.00   160.00    30.00  9999.00  9999.00  9999.00  9999.00
 00003   924.45    25.70  9999.00     1.00   220.00    30.00  9999.00  9999.00  9999.00  9999.00
 00004   858.02    20.70  9999.00     1.00   290.00    30.00  9999.00  9999.00  9999.00  9999.00
 00005   891.92    22.40  9999.00     6.00   250.00    30.00  9999.00  9999.00  9999.00  9999.00
 00006   883.88    16.70  9999.00     9.00   360.00    19.00  9999.00  9999.00  9999.00  9999.00
 00007  1006.93    23.70  9999.00     2.00   160.00    30.00  9999.00  9999.00  9999.00  9999.00
 00008   982.89    21.80  9999.00     4.00   220.00    15.00  9999.00  9999.00  9999.00  9999.00
 00009   961.40    12.30  9999.00     3.00   360.00    30.00  9999.00  9999.00  9999.00  9999.00
 00010   981.71    20.10  9999.00     4.00   320.00    25.00  9999.00  9999.00  9999.00  9999.00
 00011   991.01    21.30  9999.00     3.00   220.00    30.00  9999.00  9999.00  9999.00  9999.00
 00012  1008.35    27.30  9999.00     3.00   180.00    16.00  9999.00  9999.00  9999.00  9999.00
 00013  1015.56    19.80  9999.00     4.00   360.00    21.00  9999.00  9999.00  9999.00  9999.00
 00014  1009.64    21.50  9999.00     2.00    40.00    15.00  9999.00  9999.00  9999.00  9999.00
 00015   995.43    26.90  9999.00     2.00   290.00    30.00  9999.00  9999.00  9999.00  9999.00
 00016   965.10    23.40  9999.00     2.00   140.00    17.00  9999.00  9999.00  9999.00  9999.00
 00017  1002.61    26.50  9999.00     2.00   160.00    30.00  9999.00  9999.00  9999.00  9999.00
 00018  1013.75    16.80  9999.00     2.00    20.00    14.00  9999.00  9999.00  9999.00  9999.00
 00019   942.17    27.80  9999.00     2.00   160.00    30.00  9999.00  9999.00  9999.00  9999.00
 00020  1013.72    24.00  9999.00     2.00    20.00    30.00  9999.00  9999.00  9999.00  9999.00
 00021   911.74    16.30  9999.00     1.00   340.00    30.00  9999.00  9999.00  9999.00  9999.00
 00022  1013.00    28.50  9999.00     4.00   250.00    30.00  9999.00  9999.00  9999.00  9999.00
 00023   935.70    18.20  9999.00     2.00   320.00    30.00  9999.00  9999.00  9999.00  9999.00
 00024   961.90    18.20  9999.00     3.00   160.00    30.00  9999.00  9999.00  9999.00  9999.00
 00025   811.50    19.20    88.66     2.00   250.00    30.00  9999.00  9999.00  9999.00  9999.00
 00026  1006.61    23.70  9999.00     2.00    20.00    17.00  9999.00  9999.00  9999.00  9999.00
 00027  1006.25    19.30  9999.00     3.00   340.00    12.00  9999.00  9999.00  9999.00  9999.00
 00028   984.00    19.20  9999.00     3.00   360.00    20.00  9999.00  9999.00  9999.00  9999.00
 00029  1002.99    34.30  9999.00     1.00   160.00    30.00  9999.00  9999.00  9999.00  9999.00
 00030   993.02    30.90  9999.00     7.00   160.00    30.00  9999.00  9999.00  9999.00  9999.00
 00031   624.90    21.60    27.65     2.00   140.00    30.00  9999.00  9999.00  9999.00  9999.00
 00032   999.36    31.70  9999.00     2.00   140.00    30.00  9999.00  9999.00  9999.00  9999.00
 00033  1006.61    31.50  9999.00     3.00    70.00    30.00  9999.00  9999.00  9999.00  9999.00
 00034  1007.70    32.00  9999.00     1.00    20.00    30.00  9999.00  9999.00  9999.00  9999.00
 00035  1006.09    31.80  9999.00     1.00   140.00    30.00  9999.00  9999.00  9999.00  9999.00
 00036   837.60    24.40    61.89     1.00   340.00    30.00  9999.00  9999.00  9999.00  9999.00
 00037  1003.13    32.70  9999.00     5.00   160.00    20.00  9999.00  9999.00  9999.00  9999.00
 00038  1004.93    31.90  9999.00     5.00   110.00    17.00  9999.00  9999.00  9999.00  9999.00
 00039  1007.05    29.20  9999.00     3.00   140.00    22.00  9999.00  9999.00  9999.00  9999.00
 00040  1002.85    29.70  9999.00     3.00   180.00    30.00  9999.00  9999.00  9999.00  9999.00
 00041   818.60    16.60    98.73     6.00   270.00     0.00  9999.00  9999.00  9999.00  9999.00
 00042  1013.78    19.90  9999.00     2.00    20.00  9999.00  9999.00  9999.00  9999.00  9999.00
 00043  1008.31    25.00  9999.00     1.00    70.00     4.20  9999.00  9999.00  9999.00  9999.00
 00044  1001.80    28.50  9999.00     3.00   270.00     7.00  9999.00  9999.00  9999.00  9999.00
 00045  1002.85    29.70  9999.00     3.00   180.00    30.00  9999.00  9999.00  9999.00  9999.00
 00046   965.68    32.10  9999.00     2.00    40.00    18.00  9999.00  9999.00  9999.00  9999.00
 00047  1006.65    30.30  9999.00     4.00    90.00    20.00  9999.00  9999.00  9999.00  9999.00
 00048   652.50    22.40    27.67     3.00   270.00    30.00  9999.00  9999.00  9999.00  9999.00
 00049   604.60     7.70    82.91     7.00   220.00    25.00  9999.00  9999.00  9999.00  9999.00
 00050  1007.05    29.60  9999.00     3.00   160.00    27.00  9999.00  9999.00  9999.00  9999.00
