stn_id       p       t2      rh2      spd      dir      vis    rain6   rain24   tmax24   tmin24 
 00001   973.04    11.89    87.36     0.95    94.25    17.52     1.05  9999.00  9999.00  9999.00
 00002   999.91     3.92    93.37     1.17   259.43    21.59    -0.00  9999.00  9999.00  9999.00
 00003   904.76     2.04    91.40     1.96   203.52    19.74    -0.00  9999.00  9999.00  9999.00
 00004   833.78     0.76    91.61     2.44   212.03    19.16     0.15  9999.00  9999.00  9999.00
 00005   869.48    -2.22    59.39     1.26    47.40    22.16    -0.00  9999.00  9999.00  9999.00
 00006   880.87    -5.99    13.49     2.00   183.48    24.55    -0.00  9999.00  9999.00  9999.00
 00007  1008.12     0.34    62.06     3.21   185.22    26.18     0.00  9999.00  9999.00  9999.00
 00008   989.78    -0.98    46.35     4.27   222.78    31.16     0.00  9999.00  9999.00  9999.00
 00009   933.21    -2.89    70.11     4.24   235.05    52.55     0.00  9999.00  9999.00  9999.00
 00010   968.68    -5.28    56.78     2.07   238.76    32.24     0.01  9999.00  9999.00  9999.00
 00011   994.79    -2.27    36.44     4.29   199.52    36.49     0.00  9999.00  9999.00  9999.00
 00012  1015.79     3.18    78.18     1.63   264.28    22.07     0.00  9999.00  9999.00  9999.00
 00013  1016.97    10.00    80.84     2.68    64.86    18.65    -0.01  9999.00  9999.00  9999.00
 00014  1012.94    12.61    75.97     1.36    33.93    18.53     0.01  9999.00  9999.00  9999.00
 00015  1001.25     4.67    88.30     1.49   148.31    18.14    -0.00  9999.00  9999.00  9999.00
 00016   957.54     5.33    90.43     1.39    80.05    17.17     0.01  9999.00  9999.00  9999.00
 00017  1002.87     8.86    80.79     1.12   307.49    18.27     0.01  9999.00  9999.00  9999.00
 00018  1015.35    12.39    72.19     2.95    69.71    18.45    -0.00  9999.00  9999.00  9999.00
 00019   937.54    10.45    92.07     1.14    62.00    13.20     0.34  9999.00  9999.00  9999.00
 00020  1019.03    11.44    78.71     2.69    21.49    18.42     0.00  9999.00  9999.00  9999.00
 00021   886.85     1.02    98.40     1.27    62.31     3.21     0.86  9999.00  9999.00  9999.00
 00022  1019.33     3.75    80.87     2.23   233.91    20.12     0.00  9999.00  9999.00  9999.00
 00023   919.32    -2.95    90.76     2.53   265.04    12.59     1.47  9999.00  9999.00  9999.00
 00024   941.35    -1.11    93.79     6.09   297.61    21.14     0.00  9999.00  9999.00  9999.00
 00025   793.53    11.88    69.26     2.38   236.76    21.60    -0.00  9999.00  9999.00  9999.00
 00026  1012.32    13.22    91.00     2.87    19.80    14.61     1.28  9999.00  9999.00  9999.00
 00027  1008.63    11.68    97.17     2.48   332.69     6.90     1.91  9999.00  9999.00  9999.00
 00028   976.65     8.86    96.53     2.69     3.25    13.78     8.65  9999.00  9999.00  9999.00
 00029  1007.42    19.30    81.38     1.99    34.83    20.50     0.01  9999.00  9999.00  9999.00
 00030   995.16    18.97    84.42     1.88    74.54    21.62     0.03  9999.00  9999.00  9999.00
 00031   569.53    -7.03    59.18     2.06   202.08    27.77     0.00  9999.00  9999.00  9999.00
 00032   980.51    15.22    83.54     1.77    70.86    17.29     0.05  9999.00  9999.00  9999.00
 00033  1008.30    21.70    96.45     4.54   140.61     0.30     0.01  9999.00  9999.00  9999.00
 00034  1010.89    27.42    79.77     5.15    92.90    21.98     0.02  9999.00  9999.00  9999.00
 00035  1007.76    25.13    90.23     3.17   159.72    21.07     0.17  9999.00  9999.00  9999.00
 00036   770.76     9.08    60.07     1.94    77.61    19.86     0.00  9999.00  9999.00  9999.00
 00037   970.64    15.13    88.62     1.22    65.01    17.25     0.02  9999.00  9999.00  9999.00
 00038   997.47    18.43    85.52     1.16    93.12    19.33     0.08  9999.00  9999.00  9999.00
 00039  1011.10    20.39    82.28     9.39    28.87    18.88     0.06  9999.00  9999.00  9999.00
 00040  1008.68    21.30    81.52     6.09    41.30    19.72     0.02  9999.00  9999.00  9999.00
 00041   973.14    10.58    88.81     1.44    74.07    17.16     0.23  9999.00  9999.00  9999.00
 00042  1016.28    12.66    69.88     3.20    91.96    18.61     0.00  9999.00  9999.00  9999.00
 00043  1005.46    13.28    93.71     1.88    16.43    16.41     1.05  9999.00  9999.00  9999.00
 00044   986.62    11.81    90.02     2.11    60.73    16.07     1.13  9999.00  9999.00  9999.00
 00045  1008.68    21.30    81.52     6.09    41.30    19.72     0.02  9999.00  9999.00  9999.00
 00046   942.79    13.16    97.90     0.57    89.12    18.12     0.46  9999.00  9999.00  9999.00
 00047  1005.78    16.09    77.18     3.25   156.19    14.67     0.16  9999.00  9999.00  9999.00
 00048   600.52    -1.57    49.44     2.12   176.62    32.41     0.01  9999.00  9999.00  9999.00
 00049   573.97    -7.50    97.79     1.31   168.28    16.18     0.73  9999.00  9999.00  9999.00
 00050  1003.63    18.14    80.91     5.28    23.74    18.46     0.01  9999.00  9999.00  9999.00
