stn_id       p       t2      rh2      spd      dir      vis    rain6   rain24   tmax24   tmin24 
 00001   973.70    27.30  9999.00     1.00   270.00    11.00  9999.00  9999.00  9999.00  9999.00
 00002   999.04    26.70  9999.00     3.00   160.00    12.00  9999.00  9999.00  9999.00  9999.00
 00003   918.15    23.60  9999.00     4.00    20.00    21.00  9999.00  9999.00  9999.00  9999.00
 00004   856.88    15.20  9999.00     6.00   360.00    30.00  9999.00  9999.00  9999.00  9999.00
 00005   895.08    15.20  9999.00     7.00   360.00    30.00  9999.00  9999.00  9999.00  9999.00
 00006   885.40    12.40  9999.00    11.00   320.00  9999.00  9999.00  9999.00  9999.00  9999.00
 00007   997.28    19.90  9999.00     5.00   200.00    18.00  9999.00  9999.00  9999.00  9999.00
 00008  9999.00    18.60  9999.00     8.00   250.00     6.00  9999.00  9999.00  9999.00  9999.00
 00009   955.07    21.00  9999.00     5.00    70.00    30.00  9999.00  9999.00  9999.00  9999.00
 00010   974.11    10.60  9999.00     3.00   340.00     4.90  9999.00  9999.00  9999.00  9999.00
 00011  9999.00    14.00  9999.00     1.00   220.00  9999.00  9999.00  9999.00  9999.00  9999.00
 00012  1004.36    23.80  9999.00     3.00   290.00    29.00  9999.00  9999.00  9999.00  9999.00
 00013  1006.16    28.10  9999.00     2.00    90.00    24.00  9999.00  9999.00  9999.00  9999.00
 00014  1002.57    27.10  9999.00     1.00    70.00     6.00  9999.00  9999.00  9999.00  9999.00
 00015   988.93    22.80  9999.00     4.00    70.00     9.00  9999.00  9999.00  9999.00  9999.00
 00016   952.34    30.40  9999.00     3.00    40.00    15.00  9999.00  9999.00  9999.00  9999.00
 00017  9999.00  9999.00  9999.00  9999.00  9999.00  9999.00  9999.00  9999.00  9999.00  9999.00
 00018  1002.98    29.70  9999.00     2.00   180.00    29.00  9999.00  9999.00  9999.00  9999.00
 00019   934.71    24.50  9999.00     2.00    40.00     6.00  9999.00  9999.00  9999.00  9999.00
 00020  1007.52    24.00  9999.00     2.00   110.00    14.00  9999.00  9999.00  9999.00  9999.00
 00021   902.51    23.50  9999.00     1.00   360.00    23.00  9999.00  9999.00  9999.00  9999.00
 00022  1008.10    25.10  9999.00     3.00   320.00    15.00  9999.00  9999.00  9999.00  9999.00
 00023   932.53    12.50  9999.00     5.00   220.00     8.00  9999.00  9999.00  9999.00  9999.00
 00024   956.55    24.50  9999.00     3.00    70.00    30.00  9999.00  9999.00  9999.00  9999.00
 00025   805.60    27.60    32.67     4.00   220.00    29.00  9999.00  9999.00  9999.00  9999.00
 00026  1001.44    23.70  9999.00     2.00    70.00    10.00  9999.00  9999.00  9999.00  9999.00
 00027   997.41    25.90  9999.00     1.00   290.00    13.00  9999.00  9999.00  9999.00  9999.00
 00028   974.54    22.70  9999.00     1.00    40.00    14.00  9999.00  9999.00  9999.00  9999.00
 00029  1000.50    30.70  9999.00     6.00   180.00    30.00  9999.00  9999.00  9999.00  9999.00
 00030   987.59    32.50  9999.00     4.00   160.00    11.00  9999.00  9999.00  9999.00  9999.00
 00031   619.80    17.10     7.62     4.00   320.00    30.00  9999.00  9999.00  9999.00  9999.00
 00032   999.56    25.10  9999.00     2.00   110.00    13.00  9999.00  9999.00  9999.00  9999.00
 00033  1002.21    35.30  9999.00     3.00   160.00    24.00  9999.00  9999.00  9999.00  9999.00
 00034  1006.10    32.30  9999.00     2.00   180.00    15.00  9999.00  9999.00  9999.00  9999.00
 00035  1002.60    31.60  9999.00     3.00   160.00    19.00  9999.00  9999.00  9999.00  9999.00
 00036   828.70    30.80    28.57     4.00   160.00    30.00  9999.00  9999.00  9999.00  9999.00
 00037  1003.53    25.30  9999.00     2.00   110.00    11.00  9999.00  9999.00  9999.00  9999.00
 00038  1005.03    26.40  9999.00     4.00   110.00     7.00  9999.00  9999.00  9999.00  9999.00
 00039  1006.85    24.60  9999.00     4.00    70.00    14.00  9999.00  9999.00  9999.00  9999.00
 00040  1002.45    24.60  9999.00     4.00    70.00     8.00  9999.00  9999.00  9999.00  9999.00
 00041   814.70    16.20    89.00     2.00   250.00     1.10  9999.00  9999.00  9999.00  9999.00
 00042  1005.09    26.60  9999.00     2.00   140.00    10.00  9999.00  9999.00  9999.00  9999.00
 00043  1002.92    25.60  9999.00     3.00    20.00     7.00  9999.00  9999.00  9999.00  9999.00
 00044   998.53    26.00  9999.00     1.00   160.00     8.00  9999.00  9999.00  9999.00  9999.00
 00045  1002.45    24.60  9999.00     4.00    70.00     8.00  9999.00  9999.00  9999.00  9999.00
 00046   963.94    27.10  9999.00     8.00   220.00     9.00  9999.00  9999.00  9999.00  9999.00
 00047  1005.95    21.80  9999.00     2.00    90.00  9999.00  9999.00  9999.00  9999.00  9999.00
 00048   648.80    18.60    22.81     3.00   290.00    23.00  9999.00  9999.00  9999.00  9999.00
 00049   600.30     6.10    63.81     6.00   250.00    30.00  9999.00  9999.00  9999.00  9999.00
 00050  1006.75    25.80  9999.00     3.00    90.00    19.00  9999.00  9999.00  9999.00  9999.00
