stn_id       p       t2      rh2      spd      dir      vis    rain6   rain24   tmax24   tmin24 
 00001   964.57    29.22    72.43     1.78   289.82    16.56     0.83  9999.00  9999.00  9999.00
 00002   996.94    22.43    53.07     1.82   331.41    22.86     0.10  9999.00  9999.00  9999.00
 00003   905.16    17.00    72.52     3.96    45.84    13.02     0.81  9999.00  9999.00  9999.00
 00004   837.41    16.49    50.97     1.05    33.66    23.85     0.03  9999.00  9999.00  9999.00
 00005   872.84    19.09    30.84     2.63   338.30    26.27     0.00  9999.00  9999.00  9999.00
 00006   884.64    17.03    34.86     3.12   338.70    26.97     0.11  9999.00  9999.00  9999.00
 00007  1005.61    21.74    47.37     3.41   314.72    25.81     0.00  9999.00  9999.00  9999.00
 00008   989.12    18.66    57.06     5.79   319.42    26.45     0.28  9999.00  9999.00  9999.00
 00009   952.16     8.65    37.82     3.57   328.44    32.83    -0.00  9999.00  9999.00  9999.00
 00010   963.62    20.12    51.59     5.99   286.45    29.83     1.11  9999.00  9999.00  9999.00
 00011   994.57    17.58    55.55     5.74   329.56    27.37     0.55  9999.00  9999.00  9999.00
 00012  1012.42    23.68    49.15     2.38    32.34    23.27    -0.00  9999.00  9999.00  9999.00
 00013  1005.60    31.28    67.85     2.41   218.25    18.64     0.92  9999.00  9999.00  9999.00
 00014  1002.88    33.10    64.46     2.06   178.02    25.08     0.01  9999.00  9999.00  9999.00
 00015   992.73    22.38    91.78     5.96    58.55     0.78    18.54  9999.00  9999.00  9999.00
 00016   952.96    20.67    85.52     3.51   137.00     8.44    12.11  9999.00  9999.00  9999.00
 00017   989.98    22.20    97.36     8.69    29.31     0.23    54.48  9999.00  9999.00  9999.00
 00018  1004.38    27.57    86.53     1.77   176.32     2.39     4.15  9999.00  9999.00  9999.00
 00019   931.57    24.60    80.15     1.56    68.38    18.98     0.99  9999.00  9999.00  9999.00
 00020  1009.49    29.16    78.63     5.50   150.93    19.72     0.00  9999.00  9999.00  9999.00
 00021   891.40    20.16    29.04     1.10   181.14    26.40     0.03  9999.00  9999.00  9999.00
 00022  1014.90    24.66    47.99     2.20    84.09    21.08    -0.00  9999.00  9999.00  9999.00
 00023   917.46    20.13    37.18     1.69   106.84    22.92     0.01  9999.00  9999.00  9999.00
 00024   943.67    20.02    28.78     4.03   136.18    24.98     0.00  9999.00  9999.00  9999.00
 00025   796.01    21.92    66.42     4.39   240.91    23.47     0.61  9999.00  9999.00  9999.00
 00026  1003.69    33.46    61.94     3.54   204.97    24.39     0.38  9999.00  9999.00  9999.00
 00027   999.26    32.86    62.27     5.38   191.82    24.43    -0.00  9999.00  9999.00  9999.00
 00028   969.07    30.77    64.56     5.63   200.66    23.88     0.14  9999.00  9999.00  9999.00
 00029  1005.14    30.92    66.82     2.37   188.20    24.85     0.28  9999.00  9999.00  9999.00
 00030   993.50    30.79    66.17     2.87   185.68    28.09     0.46  9999.00  9999.00  9999.00
 00031   576.50    10.76    46.38     0.64   207.43    25.61     0.31  9999.00  9999.00  9999.00
 00032   976.13    28.99    72.06     2.23    93.87    15.71     0.07  9999.00  9999.00  9999.00
 00033  1008.01    22.05    98.56     4.20   117.87     0.52     0.10  9999.00  9999.00  9999.00
 00034  1010.64    28.14    82.82     1.79    99.77    28.67     0.74  9999.00  9999.00  9999.00
 00035  1007.27    29.99    77.85     2.27   129.52    13.06     1.57  9999.00  9999.00  9999.00
 00036   774.80    22.66    61.87     3.02   195.01    24.40     0.22  9999.00  9999.00  9999.00
 00037   966.57    29.92    67.29     2.22   109.61    16.70     0.09  9999.00  9999.00  9999.00
 00038   993.81    30.49    66.94     1.83   138.96    21.11     0.50  9999.00  9999.00  9999.00
 00039  1007.40    26.44    89.20     2.78   100.74    19.40     0.07  9999.00  9999.00  9999.00
 00040  1005.35    29.36    70.98     3.16   174.35    25.73     0.00  9999.00  9999.00  9999.00
 00041   966.11    31.43    64.31     2.24   200.90    23.63     0.07  9999.00  9999.00  9999.00
 00042  1005.52    32.55    65.09     0.89   228.87    23.96     0.00  9999.00  9999.00  9999.00
 00043   997.81    33.36    60.78     3.60   216.18    24.84     0.00  9999.00  9999.00  9999.00
 00044   980.13    32.77    61.78     0.55   128.42    23.52     0.16  9999.00  9999.00  9999.00
 00045  1005.35    29.36    70.98     3.16   174.35    25.73     0.00  9999.00  9999.00  9999.00
 00046   940.80    30.09    62.12     2.02   214.21    24.60     0.10  9999.00  9999.00  9999.00
 00047  1000.31    26.86    84.71     3.25   130.80     7.25     0.17  9999.00  9999.00  9999.00
 00048   607.48    12.67    47.87     1.70   192.33    30.14     0.06  9999.00  9999.00  9999.00
 00049   580.74     8.75    56.27     2.89   206.47    25.32     0.05  9999.00  9999.00  9999.00
 00050   999.51    29.74    74.83     2.22   127.47    12.11     0.13  9999.00  9999.00  9999.00
