stn_id       p       t2      rh2      spd      dir      vis    rain6   rain24   tmax24   tmin24 
 00001   971.66    19.43    89.32     2.27   243.48    19.20     7.46  9999.00  9999.00  9999.00
 00002   997.51    17.06    77.40     1.06   269.64    23.83     0.00  9999.00  9999.00  9999.00
 00003   906.52    12.95    72.27     0.43   149.01    23.52     0.00  9999.00  9999.00  9999.00
 00004   838.15    10.88    74.40     2.03   190.17    23.74     0.00  9999.00  9999.00  9999.00
 00005   872.45    11.27    65.33     1.02   154.66    26.19     0.00  9999.00  9999.00  9999.00
 00006   881.56    12.19    56.29     3.92   215.34    26.86     0.00  9999.00  9999.00  9999.00
 00007  1005.94    14.77    64.26     1.35   119.97    25.77     0.00  9999.00  9999.00  9999.00
 00008   989.68    13.84    58.26     3.14   189.62    26.67     0.00  9999.00  9999.00  9999.00
 00009   939.24     5.86    97.18     2.42   347.37     8.53     2.64  9999.00  9999.00  9999.00
 00010   968.25    11.02    74.76     0.15   202.55    29.64     0.00  9999.00  9999.00  9999.00
 00011   995.76    12.28    58.22     5.05   192.10    27.43     0.00  9999.00  9999.00  9999.00
 00012  1012.96    17.09    79.30     0.88   229.66    23.28     0.00  9999.00  9999.00  9999.00
 00013  1013.44    18.16    69.73     2.67   216.66    23.48     0.15  9999.00  9999.00  9999.00
 00014  1009.50    20.29    69.16     1.97   319.63    24.93     0.00  9999.00  9999.00  9999.00
 00015   998.88    18.41    63.71     0.77   145.35    20.01     0.00  9999.00  9999.00  9999.00
 00016   957.90    15.65    86.03     1.45    82.49    24.08     0.00  9999.00  9999.00  9999.00
 00017  1001.09    18.59    73.93     1.26   261.35    22.37     0.00  9999.00  9999.00  9999.00
 00018  1012.76    18.51    64.99     2.02   203.72    22.96     0.11  9999.00  9999.00  9999.00
 00019   937.19    18.10    89.52     0.63   278.95    26.82     1.82  9999.00  9999.00  9999.00
 00020  1014.52    19.37    73.70     3.13   302.43    23.01     0.00  9999.00  9999.00  9999.00
 00021   892.42    11.06    87.58     0.83   177.11     1.80     9.02  9999.00  9999.00  9999.00
 00022  1016.03    18.20    64.36     2.95   213.25    21.12     0.00  9999.00  9999.00  9999.00
 00023   920.67    10.41    93.38     4.27   270.21    13.21     4.53  9999.00  9999.00  9999.00
 00024   942.66    12.20    87.36     5.11   299.78    23.49     2.60  9999.00  9999.00  9999.00
 00025   796.94    15.91    95.82     1.12   128.59    16.21     1.44  9999.00  9999.00  9999.00
 00026  1009.39    21.97    77.17     4.17    22.85    24.18     0.01  9999.00  9999.00  9999.00
 00027  1005.65    21.08    90.11     4.04   321.29    22.19     0.72  9999.00  9999.00  9999.00
 00028   974.83    19.07    93.46     3.58    16.84    13.12     1.25  9999.00  9999.00  9999.00
 00029  1007.07    25.97    89.13     0.28   292.06    25.53     0.02  9999.00  9999.00  9999.00
 00030   995.58    24.42    94.61     1.40   153.20    14.47     0.00  9999.00  9999.00  9999.00
 00031   576.25     3.19    88.31     1.12   220.77    23.12     0.10  9999.00  9999.00  9999.00
 00032   977.99    23.16    97.82     1.68    77.86     1.31     2.28  9999.00  9999.00  9999.00
 00033  1008.85    22.60    99.40     1.88    99.87     4.44     0.28  9999.00  9999.00  9999.00
 00034  1009.89    27.67    87.66     3.80    31.74    30.11     0.01  9999.00  9999.00  9999.00
 00035  1007.98    25.51    96.62     1.84    22.34     0.18     0.01  9999.00  9999.00  9999.00
 00036   777.12    14.68    95.41     1.11   291.42     5.04     9.22  9999.00  9999.00  9999.00
 00037   968.38    23.89    96.31     1.44    88.71     5.44     1.88  9999.00  9999.00  9999.00
 00038   994.69    26.29    86.37     0.58   286.64    25.24     0.09  9999.00  9999.00  9999.00
 00039  1008.35    25.42    91.81     1.38   130.68    24.54     0.09  9999.00  9999.00  9999.00
 00040  1006.18    26.51    83.71     2.70   250.46    25.46     0.00  9999.00  9999.00  9999.00
 00041   971.55    18.76    70.56     2.25    46.46    23.50     0.00  9999.00  9999.00  9999.00
 00042  1013.48    19.21    73.92     2.17    17.76    23.84     0.00  9999.00  9999.00  9999.00
 00043  1002.91    22.35    78.99     3.30    31.16    24.65     0.24  9999.00  9999.00  9999.00
 00044   984.63    21.48    83.58     3.12    53.11    23.92     0.09  9999.00  9999.00  9999.00
 00045  1006.18    26.51    83.71     2.70   250.46    25.46     0.00  9999.00  9999.00  9999.00
 00046   942.66    23.87    90.38     0.13   254.44     4.09     0.37  9999.00  9999.00  9999.00
 00047  1002.87    21.43    95.57     3.16    81.70     3.28     3.23  9999.00  9999.00  9999.00
 00048   606.96     5.56    91.96     1.26   172.23    27.64     0.18  9999.00  9999.00  9999.00
 00049   580.47     2.46    97.27     1.52   205.77     6.34     1.25  9999.00  9999.00  9999.00
 00050  1000.91    25.93    88.72     2.19    52.75    23.28     0.26  9999.00  9999.00  9999.00
