stn_id       p       t2      rh2      spd      dir      vis    rain6   rain24   tmax24   tmin24 
 00001   971.16    20.90    80.54     1.91   348.03    23.49  9999.00  9999.00  9999.00  9999.00
 00002   997.12    15.10    91.09     1.62   292.20    17.52  9999.00  9999.00  9999.00  9999.00
 00003   904.67    11.66    95.86     0.75   291.04    16.63  9999.00  9999.00  9999.00  9999.00
 00004   836.78     6.16    97.08     1.14   330.24    17.02  9999.00  9999.00  9999.00  9999.00
 00005   872.88     5.93    65.43     2.33   348.47    24.78  9999.00  9999.00  9999.00  9999.00
 00006   883.97     6.01    54.64     2.91   322.10    25.98  9999.00  9999.00  9999.00  9999.00
 00007  1004.64    13.09    65.70     6.26   183.23    25.26  9999.00  9999.00  9999.00  9999.00
 00008   987.06    11.69    60.70     5.71   203.27    26.99  9999.00  9999.00  9999.00  9999.00
 00009   936.02    -0.24    97.44     2.76   259.37    16.37  9999.00  9999.00  9999.00  9999.00
 00010   969.18     3.02    81.29     1.49   211.19    27.27  9999.00  9999.00  9999.00  9999.00
 00011   992.72    10.12    53.09     6.13   189.26    28.48  9999.00  9999.00  9999.00  9999.00
 00012  1011.99    14.96    81.10     1.28   275.17     4.19  9999.00  9999.00  9999.00  9999.00
 00013  1015.58    17.46    67.12     3.83   128.56    22.05  9999.00  9999.00  9999.00  9999.00
 00014  1013.27    15.58    80.78     2.23   113.38    22.64  9999.00  9999.00  9999.00  9999.00
 00015   997.69    19.52    54.46     2.36   210.99    20.05  9999.00  9999.00  9999.00  9999.00
 00016   960.24    13.55    87.62     2.94   235.49    21.38  9999.00  9999.00  9999.00  9999.00
 00017   998.64    18.98    77.27     0.62   304.36    20.91  9999.00  9999.00  9999.00  9999.00
 00018  1013.70    17.48    69.25     3.31   117.28    21.55  9999.00  9999.00  9999.00  9999.00
 00019   937.84    18.42    84.23     2.40    32.97    10.61  9999.00  9999.00  9999.00  9999.00
 00020  1020.31    15.81    87.72     2.40   151.48    21.45  9999.00  9999.00  9999.00  9999.00
 00021   898.18     2.46    65.68     2.06   145.51    26.13  9999.00  9999.00  9999.00  9999.00
 00022  1014.93    16.02    91.41     1.56   269.28     3.04  9999.00  9999.00  9999.00  9999.00
 00023   922.60     4.53    65.69     3.47   125.18    21.66  9999.00  9999.00  9999.00  9999.00
 00024   953.00     3.28    76.29     3.23   111.74    24.06  9999.00  9999.00  9999.00  9999.00
 00025   797.49    14.60    88.78     1.75   199.83    24.61  9999.00  9999.00  9999.00  9999.00
 00026  1012.72    18.21    81.69     2.16   110.75    22.39  9999.00  9999.00  9999.00  9999.00
 00027  1007.61    19.43    65.52     2.94   116.82    22.20  9999.00  9999.00  9999.00  9999.00
 00028   976.13    18.47    79.48     0.96   128.58    21.55  9999.00  9999.00  9999.00  9999.00
 00029  1010.61    23.40    68.22     2.86    89.55    25.44  9999.00  9999.00  9999.00  9999.00
 00030   998.57    22.39    77.09     2.08    81.54    28.18  9999.00  9999.00  9999.00  9999.00
 00031   573.63    -2.26    51.59     2.42   198.78    29.36  9999.00  9999.00  9999.00  9999.00
 00032   983.96    15.26    84.87     2.12    31.40    21.44  9999.00  9999.00  9999.00  9999.00
 00033  1009.56    22.05    92.75     9.07    73.95    17.67  9999.00  9999.00  9999.00  9999.00
 00034  1010.67    26.71    89.24     7.89   160.99     5.67  9999.00  9999.00  9999.00  9999.00
 00035  1008.52    24.94    93.07     5.15    75.91     4.69  9999.00  9999.00  9999.00  9999.00
 00036   776.88    14.38    70.18     1.36   128.42    24.20  9999.00  9999.00  9999.00  9999.00
 00037   974.26    14.84    85.50     1.73    43.62    21.37  9999.00  9999.00  9999.00  9999.00
 00038  1000.75    20.50    66.20     1.50   102.59    24.02  9999.00  9999.00  9999.00  9999.00
 00039  1014.35    22.84    69.60     8.15    25.64    23.40  9999.00  9999.00  9999.00  9999.00
 00040  1011.94    22.41    68.85     6.35    47.68    24.82  9999.00  9999.00  9999.00  9999.00
 00041   973.84    14.33    73.99     2.11   130.69    21.41  9999.00  9999.00  9999.00  9999.00
 00042  1015.13    18.00    66.77     3.75   114.45    22.08  9999.00  9999.00  9999.00  9999.00
 00043  1006.11    17.79    84.88     1.83    83.52    22.87  9999.00  9999.00  9999.00  9999.00
 00044   988.36    15.55    81.21     1.86    88.48    21.94  9999.00  9999.00  9999.00  9999.00
 00045  1011.94    22.41    68.85     6.35    47.68    24.82  9999.00  9999.00  9999.00  9999.00
 00046   946.05    14.83    86.61     1.37    85.39    22.87  9999.00  9999.00  9999.00  9999.00
 00047  1009.10    18.40    88.59     1.20   187.60    22.08  9999.00  9999.00  9999.00  9999.00
 00048   604.79     1.73    60.37     1.15   154.06    33.15  9999.00  9999.00  9999.00  9999.00
 00049   578.78    -4.58    95.04     1.42   181.75    13.38  9999.00  9999.00  9999.00  9999.00
 00050  1006.94    20.66    66.49     4.76    19.36    22.85  9999.00  9999.00  9999.00  9999.00
