stn_id       p       t2      rh2      spd      dir      vis    rain6   rain24   tmax24   tmin24 
 00001   984.31    10.85    95.91     1.17   100.75    22.98     0.00  9999.00  9999.00  9999.00
 00002  1007.95     8.53    65.83     1.61   241.24    23.13     0.00  9999.00  9999.00  9999.00
 00003   913.42     3.12    66.97     1.23   317.22    22.03     0.00  9999.00  9999.00  9999.00
 00004   843.17    -0.21    56.79     0.98   265.76    22.07     0.00  9999.00  9999.00  9999.00
 00005   879.26    -0.99    60.11     1.50   176.16    24.85     0.00  9999.00  9999.00  9999.00
 00006   888.65     0.95    44.93     5.03   274.06    25.96     0.00  9999.00  9999.00  9999.00
 00007  1011.08     5.87    49.11     3.47   313.20    25.46     0.00  9999.00  9999.00  9999.00
 00008   992.13     3.51    55.25     4.13   317.27    27.33     0.02  9999.00  9999.00  9999.00
 00009   950.82    -5.42    58.67     3.99   331.56    33.77     0.00  9999.00  9999.00  9999.00
 00010   967.66     3.97    64.62     2.81   280.58    27.49     0.00  9999.00  9999.00  9999.00
 00011   997.89     2.12    58.20     3.25   329.50    28.96     0.27  9999.00  9999.00  9999.00
 00012  1023.27     7.96    51.09     2.24   320.44    23.27     0.00  9999.00  9999.00  9999.00
 00013  1020.59    13.99    77.93     3.32    19.52    21.65     4.09  9999.00  9999.00  9999.00
 00014  1015.26    14.81    87.87     5.15   352.85     2.87     1.51  9999.00  9999.00  9999.00
 00015  1006.93    10.11    37.14     2.42   147.04    20.20     0.00  9999.00  9999.00  9999.00
 00016   968.27     8.28    84.69     0.86   197.17    21.46     0.00  9999.00  9999.00  9999.00
 00017  1009.24    12.10    82.37     2.07   129.85    20.95     0.00  9999.00  9999.00  9999.00
 00018  1020.37    14.00    81.90     1.93   202.97    21.36     0.95  9999.00  9999.00  9999.00
 00019   947.68    14.49    78.14     1.63   115.19    26.46     0.00  9999.00  9999.00  9999.00
 00020  1020.30    15.77    82.97     5.87     4.33    12.36     0.69  9999.00  9999.00  9999.00
 00021   898.55     3.82    48.82     1.36   161.41    26.74     0.00  9999.00  9999.00  9999.00
 00022  1026.02     9.91    37.95     3.48   336.88    21.63     0.00  9999.00  9999.00  9999.00
 00023   924.49     4.26    67.25     1.66   166.75    22.22     0.00  9999.00  9999.00  9999.00
 00024   952.03     1.36    76.73     1.94   107.11    24.58     0.00  9999.00  9999.00  9999.00
 00025   802.26     9.81    59.79     3.25    68.10    24.11     0.02  9999.00  9999.00  9999.00
 00026  1017.30    14.88    77.21     6.43     6.33    15.27     0.22  9999.00  9999.00  9999.00
 00027  1015.50    14.94    76.02     5.73   350.91    21.95     0.00  9999.00  9999.00  9999.00
 00028   985.41    15.06    72.46     2.82    12.60    21.37     0.00  9999.00  9999.00  9999.00
 00029  1008.60    23.22    96.26     2.90   258.59     0.43    16.91  9999.00  9999.00  9999.00
 00030  1000.56    20.84    62.83     6.20   350.23    27.58     0.01  9999.00  9999.00  9999.00
 00031   573.94    -7.60    82.36     1.71   197.37    28.24     0.00  9999.00  9999.00  9999.00
 00032   980.27    20.90    91.77     0.97   140.76    17.03     0.20  9999.00  9999.00  9999.00
 00033  1008.02    22.26    96.53     4.69   141.83     0.40     0.69  9999.00  9999.00  9999.00
 00034  1012.76    27.27    87.65     2.26   182.56    29.01     0.14  9999.00  9999.00  9999.00
 00035  1007.63    26.68    88.88     5.45   165.23    28.19     0.02  9999.00  9999.00  9999.00
 00036   784.88     5.94    81.31     1.00    10.01    23.92     0.08  9999.00  9999.00  9999.00
 00037   970.76    20.65    93.83     0.88   260.99    11.92     0.47  9999.00  9999.00  9999.00
 00038   998.03    20.65    97.37     0.95   314.37    13.91     0.35  9999.00  9999.00  9999.00
 00039  1011.31    23.92    85.38     3.71    27.39    21.82     0.01  9999.00  9999.00  9999.00
 00040  1009.32    22.86    89.10     2.05   355.92    24.10     0.02  9999.00  9999.00  9999.00
 00041   977.68    11.99    87.22     4.30    18.42    14.68     0.76  9999.00  9999.00  9999.00
 00042  1020.90    13.66    82.65     3.59    36.30    17.53     4.52  9999.00  9999.00  9999.00
 00043  1010.63    15.24    81.71     5.63    20.61    15.74     1.15  9999.00  9999.00  9999.00
 00044   989.17    18.34    92.18     1.00   328.35    20.36     0.45  9999.00  9999.00  9999.00
 00045  1009.32    22.86    89.10     2.05   355.92    24.10     0.02  9999.00  9999.00  9999.00
 00046   945.52    18.44    99.27     2.40   353.31     1.93    12.71  9999.00  9999.00  9999.00
 00047  1004.92    20.34    96.25     2.50    17.09     3.69    12.14  9999.00  9999.00  9999.00
 00048   606.60    -6.20    89.09     1.26   130.11     9.39     0.01  9999.00  9999.00  9999.00
 00049   578.65    -7.50    84.70     0.45   119.32    15.38     0.06  9999.00  9999.00  9999.00
 00050  1003.57    23.97    81.04     2.19    43.49    21.44     0.01  9999.00  9999.00  9999.00
