stn_id       p       t2      rh2      spd      dir      vis    rain6   rain24   tmax24   tmin24 
 00001   966.45    20.46    89.14     1.70   147.57    27.29     0.00  9999.00  9999.00  9999.00
 00002   980.04    26.56    42.19     2.80   282.86    27.45     0.00  9999.00  9999.00  9999.00
 00003   894.55    19.68    55.80     2.24   308.69    26.08     0.00  9999.00  9999.00  9999.00
 00004   830.00    12.70    77.15     2.11   316.44    24.79     0.00  9999.00  9999.00  9999.00
 00005   864.31    14.52    68.37     2.11   340.39    25.30     0.00  9999.00  9999.00  9999.00
 00006   874.38    15.07    52.00     4.33   331.13    24.48     0.00  9999.00  9999.00  9999.00
 00007   980.36    22.19    86.12     6.86   182.28    24.20     0.14  9999.00  9999.00  9999.00
 00008   965.66    20.78    93.38     4.76   153.54     6.66    13.29  9999.00  9999.00  9999.00
 00009   939.73    16.51    94.41     1.21   340.65    31.94     0.00  9999.00  9999.00  9999.00
 00010   952.37    13.43    98.66     1.89   104.96    13.56     5.42  9999.00  9999.00  9999.00
 00011   975.64    17.89    93.21     4.13   117.11     4.17     5.35  9999.00  9999.00  9999.00
 00012   992.50    25.32    47.94     3.26   291.33    25.33     0.00  9999.00  9999.00  9999.00
 00013   996.62    27.23    94.17     1.95   238.39    27.37     0.27  9999.00  9999.00  9999.00
 00014   993.91    28.54    76.29     2.48   193.66    29.93     0.00  9999.00  9999.00  9999.00
 00015   978.46    24.56    82.66     1.20   176.57    24.87    -0.00  9999.00  9999.00  9999.00
 00016   946.41    20.58    79.62     1.65   229.58    26.51    -0.00  9999.00  9999.00  9999.00
 00017   980.74    26.65    51.15     4.69   298.58    27.01     0.00  9999.00  9999.00  9999.00
 00018   995.59    26.58    93.71     1.83   273.97    14.63     3.90  9999.00  9999.00  9999.00
 00019   930.57    20.55    86.19     1.16   300.59    28.38     0.00  9999.00  9999.00  9999.00
 00020   999.79    25.83    84.85     4.81   173.44    19.37     0.00  9999.00  9999.00  9999.00
 00021   884.26    22.16    35.34     2.69   151.26    24.95     0.00  9999.00  9999.00  9999.00
 00022   994.84    26.67    44.18     3.99   297.45    24.38     0.00  9999.00  9999.00  9999.00
 00023   909.54    22.49    32.34     1.90   192.00    20.76     0.00  9999.00  9999.00  9999.00
 00024   931.68    28.02    21.89     1.35   148.15    22.61     0.00  9999.00  9999.00  9999.00
 00025   794.52    15.12    75.77     0.92    96.06    25.16     0.00  9999.00  9999.00  9999.00
 00026   996.45    28.24    86.62     0.74   158.09    30.08     0.01  9999.00  9999.00  9999.00
 00027   994.78    25.99    86.89     2.10   321.83    21.57     0.32  9999.00  9999.00  9999.00
 00028   966.70    25.41    72.80     0.87   307.69    27.39     0.00  9999.00  9999.00  9999.00
 00029   997.30    25.64    85.17     1.95   211.11    30.30     0.00  9999.00  9999.00  9999.00
 00030   988.68    25.11    96.89     2.07   319.46    17.60     3.47  9999.00  9999.00  9999.00
 00031   576.62     5.45    89.93     0.92   206.42     6.64     2.46  9999.00  9999.00  9999.00
 00032   968.36    22.13    95.61     1.34    69.40    22.42     0.02  9999.00  9999.00  9999.00
 00033  1000.73    24.12    97.40     3.33   161.66     0.28     0.01  9999.00  9999.00  9999.00
 00034  1004.59    28.03    87.98     4.24   205.57    31.16     0.02  9999.00  9999.00  9999.00
 00035  1000.42    27.30    92.21     2.90   181.47    32.46     0.00  9999.00  9999.00  9999.00
 00036   777.44    14.65    71.86     0.79    40.10    24.98    -0.00  9999.00  9999.00  9999.00
 00037   958.93    22.71    95.73     1.00    58.02    23.96     0.00  9999.00  9999.00  9999.00
 00038   985.32    25.61    94.46     0.84    98.45    29.03     0.00  9999.00  9999.00  9999.00
 00039   998.66    24.41    94.28     3.68    38.10    28.02     0.00  9999.00  9999.00  9999.00
 00040   996.05    26.80    89.44     1.59    36.28    29.47     0.00  9999.00  9999.00  9999.00
 00041   958.48    25.17    91.68     1.21   245.24    29.00    -0.00  9999.00  9999.00  9999.00
 00042   997.12    27.76    88.67     2.27   243.49    29.45     0.00  9999.00  9999.00  9999.00
 00043   990.65    28.47    79.71     1.44   256.95    30.51    -0.00  9999.00  9999.00  9999.00
 00044   972.51    25.98    90.11     0.93   217.54    28.81     0.00  9999.00  9999.00  9999.00
 00045   996.05    26.80    89.44     1.59    36.28    29.47     0.00  9999.00  9999.00  9999.00
 00046   933.15    23.92    81.36     1.02   151.71    28.76    -0.00  9999.00  9999.00  9999.00
 00047   992.38    23.79    93.36     0.81   279.10    14.63     0.13  9999.00  9999.00  9999.00
 00048   607.08     9.25    85.90     1.18   192.99     3.18     5.99  9999.00  9999.00  9999.00
 00049   580.37     4.51    98.56     0.97   211.53     8.00     1.96  9999.00  9999.00  9999.00
 00050   991.09    24.82    89.09     1.81    16.79    27.59     0.00  9999.00  9999.00  9999.00
