stn_id       p       t2      rh2      spd      dir      vis    rain6   rain24   tmax24   tmin24 
 00001  1004.90     7.10   100.00     1.00    20.00     6.00     0.00  9999.00  9999.00  9999.00
 00002  1014.00     7.50    27.94     3.00    40.00    28.00     0.00  9999.00  9999.00  9999.00
 00003   935.40     3.80    23.55     3.00   290.00    30.00     0.00  9999.00  9999.00  9999.00
 00004   868.20    -9.10    53.69     3.00   250.00    27.00     0.00  9999.00  9999.00  9999.00
 00005   894.70    -5.20    37.54     2.00    40.00    30.00     0.00  9999.00  9999.00  9999.00
 00006   894.10   -12.80    69.08     4.00   250.00    30.00     0.00  9999.00  9999.00  9999.00
 00007  1013.00    -2.80    49.44     3.00   270.00    30.00     0.00  9999.00  9999.00  9999.00
 00008   987.70    -9.00    51.33     0.00     0.00    13.00     0.00  9999.00  9999.00  9999.00
 00009   969.80   -14.10    85.44     1.00    20.00    30.00     0.00  9999.00  9999.00  9999.00
 00010   983.40    -1.00    65.10     4.00   320.00    25.00     0.00  9999.00  9999.00  9999.00
 00011  1001.10    -6.60    93.27     2.00   220.00  9999.00     0.00  9999.00  9999.00  9999.00
 00012  1021.20     3.40    15.78     2.00   360.00    30.00     0.00  9999.00  9999.00  9999.00
 00013  1023.80     6.10    65.75     1.00   250.00    13.00     0.00  9999.00  9999.00  9999.00
 00014  1023.40     8.50    51.83     2.00   220.00    13.00     0.00  9999.00  9999.00  9999.00
 00015  1002.40     7.30    31.87     3.00   220.00    30.00     0.00  9999.00  9999.00  9999.00
 00016   980.10     1.80    66.75     1.00   160.00    16.00     0.00  9999.00  9999.00  9999.00
 00017  1012.60     8.60    29.86     1.00   220.00    18.00     0.00  9999.00  9999.00  9999.00
 00018  1025.80     5.00    79.70     1.00   200.00    14.00     0.00  9999.00  9999.00  9999.00
 00019   964.20     5.30    95.89     1.00   290.00    10.00     0.00  9999.00  9999.00  9999.00
 00020  1026.40     7.60    58.01     2.00   250.00    22.00     0.00  9999.00  9999.00  9999.00
 00021   918.40    -1.00    65.60     1.00   360.00    22.00     0.00  9999.00  9999.00  9999.00
 00022  1024.10     4.50    37.82     5.00   360.00    28.00     0.00  9999.00  9999.00  9999.00
 00023   938.90     0.80    77.90     1.00   250.00    30.00     0.00  9999.00  9999.00  9999.00
 00024   970.30     0.30    73.84     4.00   140.00    30.00     0.00  9999.00  9999.00  9999.00
 00025   824.50     7.90    64.72     2.00    40.00    19.00     0.00  9999.00  9999.00  9999.00
 00026  1024.90     8.00    59.82     1.00    90.00    14.00     0.00  9999.00  9999.00  9999.00
 00027  1016.80     6.40    97.94     0.00   250.00     3.30     0.00  9999.00  9999.00  9999.00
 00028   997.20     6.90    93.96     0.00     0.00  9999.00     0.00  9999.00  9999.00  9999.00
 00029  1018.80    13.00    69.59     5.00    20.00    30.00     0.00  9999.00  9999.00  9999.00
 00030  1010.80    15.70    42.94     3.00    20.00    30.00     0.00  9999.00  9999.00  9999.00
 00031   630.80     2.40    17.58     2.00   180.00    30.00     0.00  9999.00  9999.00  9999.00
 00032  1017.20    11.80    64.70     4.00   320.00  9999.00     0.00  9999.00  9999.00  9999.00
 00033  1017.70    18.30    61.83     3.00    20.00    30.00     0.00  9999.00  9999.00  9999.00
 00034  1018.40    26.30    76.59     6.00    40.00    14.00     0.00  9999.00  9999.00  9999.00
 00035  1022.10    19.80    67.71     2.00    20.00    30.00     0.00  9999.00  9999.00  9999.00
 00036   853.80     8.80    65.86     1.00   360.00    25.00     0.00  9999.00  9999.00  9999.00
 00037  1020.30    11.80    66.99     5.00   320.00    15.00     0.00  9999.00  9999.00  9999.00
 00038  1018.70    13.40    46.77     6.00   360.00    24.00     0.00  9999.00  9999.00  9999.00
 00039  1022.30    14.90    48.88     5.00   360.00    23.00     0.00  9999.00  9999.00  9999.00
 00040  1017.30    15.40    49.02     3.00   340.00    24.00     0.00  9999.00  9999.00  9999.00
 00041   820.40    -6.00    79.84    14.00   320.00    19.00     0.00  9999.00  9999.00  9999.00
 00042  1023.60     5.00    78.00     2.00   250.00    13.00     0.00  9999.00  9999.00  9999.00
 00043  1023.00     7.70    81.22     1.00   250.00    30.00     0.00  9999.00  9999.00  9999.00
 00044  1016.00     8.00    75.75     1.00   180.00    11.00     0.00  9999.00  9999.00  9999.00
 00045  1017.30    15.40    49.02     3.00   340.00    24.00     0.00  9999.00  9999.00  9999.00
 00046   981.10     5.90    93.26     0.00   290.00     6.00     0.00  9999.00  9999.00  9999.00
 00047  1022.30    12.40    58.79     2.00   320.00    19.00     0.00  9999.00  9999.00  9999.00
 00048   659.40     3.50    24.47     1.00    90.00    29.00     0.00  9999.00  9999.00  9999.00
 00049   607.70    -7.50    56.40     1.00   250.00    30.00     0.00  9999.00  9999.00  9999.00
 00050  1017.30    13.50    48.84     5.00   360.00    23.00     0.00  9999.00  9999.00  9999.00
