stn_id       p       t2      rh2      spd      dir      vis    rain6   rain24   tmax24   tmin24 
 00001   990.35    10.11    61.42     0.44   261.12    21.56  9999.00  9999.00  9999.00  9999.00
 00002  1011.65    -7.64    59.79     1.62   191.93    26.57  9999.00  9999.00  9999.00  9999.00
 00003   914.68   -14.07    78.45     1.97   187.64    24.91  9999.00  9999.00  9999.00  9999.00
 00004   841.07   -16.04    77.10     1.90   239.35    25.12  9999.00  9999.00  9999.00  9999.00
 00005   879.17   -18.92    89.63     0.71   114.70    25.58  9999.00  9999.00  9999.00  9999.00
 00006   887.47   -13.20    78.22     3.33   272.19    31.30  9999.00  9999.00  9999.00  9999.00
 00007  1018.42    -8.12    44.33     1.37   212.28    36.77  9999.00  9999.00  9999.00  9999.00
 00008  1000.26   -12.98    74.74     3.05   259.06    41.94  9999.00  9999.00  9999.00  9999.00
 00009   949.28   -23.07    93.82     2.36   213.46    52.64  9999.00  9999.00  9999.00  9999.00
 00010   976.17   -12.65    61.83     2.46   285.06    41.59  9999.00  9999.00  9999.00  9999.00
 00011  1007.04   -17.32    91.43     4.08   240.83    45.92  9999.00  9999.00  9999.00  9999.00
 00012  1028.06   -11.06    84.78     2.62   226.10    28.71  9999.00  9999.00  9999.00  9999.00
 00013  1031.71    -1.50    73.69     2.44   285.06    21.79  9999.00  9999.00  9999.00  9999.00
 00014  1027.93     0.57    69.75     2.55   328.26    21.59  9999.00  9999.00  9999.00  9999.00
 00015  1012.63    -8.47    77.38     2.61   222.71    23.20  9999.00  9999.00  9999.00  9999.00
 00016   972.09    -2.68    73.04     1.91    21.74    22.65  9999.00  9999.00  9999.00  9999.00
 00017  1015.19    -3.77    67.79     4.80   274.02    22.03  9999.00  9999.00  9999.00  9999.00
 00018  1030.82    -0.92    64.26     2.74   299.29    21.06  9999.00  9999.00  9999.00  9999.00
 00019   951.84     8.24    55.20     1.11   180.32    25.55  9999.00  9999.00  9999.00  9999.00
 00020  1033.50     0.22    57.09     2.95   289.69    21.81  9999.00  9999.00  9999.00  9999.00
 00021   893.81    -7.47    75.83     3.29   166.38    33.92  9999.00  9999.00  9999.00  9999.00
 00022  1031.43   -11.28    81.74     2.77   249.57    26.66  9999.00  9999.00  9999.00  9999.00
 00023   916.82    -1.54    64.07     2.25   126.05    35.38  9999.00  9999.00  9999.00  9999.00
 00024   950.06   -11.49    85.53     5.65   117.51    35.75  9999.00  9999.00  9999.00  9999.00
 00025   802.65     4.45    82.16     3.39   102.37    14.49  9999.00  9999.00  9999.00  9999.00
 00026  1030.61     4.09    54.46     2.08    50.67    19.88  9999.00  9999.00  9999.00  9999.00
 00027  1026.75     6.73    71.91     1.50   319.17    19.51  9999.00  9999.00  9999.00  9999.00
 00028   993.33     5.91    70.08     1.25    19.88    18.61  9999.00  9999.00  9999.00  9999.00
 00029  1022.26    12.64    41.33     3.80   329.34    20.91  9999.00  9999.00  9999.00  9999.00
 00030  1012.70    12.52    41.06     4.28    16.53    22.12  9999.00  9999.00  9999.00  9999.00
 00031   572.98    -1.49    14.42     3.97   312.46    35.14  9999.00  9999.00  9999.00  9999.00
 00032   992.55    11.34    74.02     1.27   102.97    18.58  9999.00  9999.00  9999.00  9999.00
 00033  1023.48    14.50    70.19     7.16    20.47    23.19  9999.00  9999.00  9999.00  9999.00
 00034  1019.60    24.51    80.57    15.01    27.19     8.39  9999.00  9999.00  9999.00  9999.00
 00035  1021.84    16.81    68.32     5.84    14.31    23.29  9999.00  9999.00  9999.00  9999.00
 00036   781.44     6.15    71.96     0.85   259.94    18.66  9999.00  9999.00  9999.00  9999.00
 00037   982.46    10.21    72.17     1.02   189.92    18.50  9999.00  9999.00  9999.00  9999.00
 00038  1009.38    15.98    45.66     2.74     2.52    20.32  9999.00  9999.00  9999.00  9999.00
 00039  1024.34    16.10    69.28    11.04    37.68    16.03  9999.00  9999.00  9999.00  9999.00
 00040  1020.33    18.92    51.46     5.63    28.51    20.90  9999.00  9999.00  9999.00  9999.00
 00041   987.83     0.74    53.21     1.96   352.14    19.93  9999.00  9999.00  9999.00  9999.00
 00042  1032.23     0.72    70.70     2.41   286.70    21.30  9999.00  9999.00  9999.00  9999.00
 00043  1023.70     4.92    63.10     1.80    27.77    19.99  9999.00  9999.00  9999.00  9999.00
 00044  1002.92     7.20    21.90     0.99   216.31    19.71  9999.00  9999.00  9999.00  9999.00
 00045  1020.33    18.92    51.46     5.63    28.51    20.90  9999.00  9999.00  9999.00  9999.00
 00046   955.90     6.01    55.86     2.12   349.72    19.24  9999.00  9999.00  9999.00  9999.00
 00047  1020.06     8.13    49.05     4.04   345.92    20.08  9999.00  9999.00  9999.00  9999.00
 00048   603.91    -2.84    64.09     1.27    91.22    27.11  9999.00  9999.00  9999.00  9999.00
 00049   575.98    -6.13    64.09     2.74   212.80    25.37  9999.00  9999.00  9999.00  9999.00
 00050  1016.67    13.87    63.56     5.51    38.85    19.20  9999.00  9999.00  9999.00  9999.00
