stn_id       p       t2      rh2      spd      dir      vis    rain6   rain24   tmax24   tmin24 
 00001   984.15    11.15    58.44     0.33   256.17    21.21  9999.00  9999.00  9999.00  9999.00
 00002  1012.34    -3.67    59.44     1.54   299.58    26.66  9999.00  9999.00  9999.00  9999.00
 00003   912.37    -8.42    81.91     2.18    22.82    24.90  9999.00  9999.00  9999.00  9999.00
 00004   838.51   -10.03    83.77     1.82    72.98    25.18  9999.00  9999.00  9999.00  9999.00
 00005   877.82    -9.25    81.03     1.84   209.76    28.81  9999.00  9999.00  9999.00  9999.00
 00006   891.13   -11.21    77.02     1.32   139.20    31.81  9999.00  9999.00  9999.00  9999.00
 00007  1022.84   -12.04    72.77     3.19    29.02    37.12  9999.00  9999.00  9999.00  9999.00
 00008  1005.01   -13.27    78.75     2.77   308.91    41.53  9999.00  9999.00  9999.00  9999.00
 00009   951.43   -19.75    93.34     2.87   236.48    52.77  9999.00  9999.00  9999.00  9999.00
 00010   976.79   -12.38    72.89     4.14   301.83    41.52  9999.00  9999.00  9999.00  9999.00
 00011  1010.96   -14.80    90.12     4.40   279.92    44.23  9999.00  9999.00  9999.00  9999.00
 00012  1029.18    -0.25    51.12     1.89   311.02    28.84  9999.00  9999.00  9999.00  9999.00
 00013  1024.01     3.97    76.19     1.62    48.10    21.63  9999.00  9999.00  9999.00  9999.00
 00014  1020.15     6.43    62.92     1.71    39.58    21.49  9999.00  9999.00  9999.00  9999.00
 00015  1008.58    -3.67    93.12     1.99   143.63    23.10  9999.00  9999.00  9999.00  9999.00
 00016   967.15     3.31    37.29     1.14   177.63    22.32  9999.00  9999.00  9999.00  9999.00
 00017  1011.70    -3.02    84.05     2.27   338.15    21.85  9999.00  9999.00  9999.00  9999.00
 00018  1022.47     5.37    51.06     1.03    81.72    20.87  9999.00  9999.00  9999.00  9999.00
 00019   946.36    10.75    68.09     1.15   153.03    25.22  9999.00  9999.00  9999.00  9999.00
 00020  1026.92     5.10    71.93     1.66    36.20    21.68  9999.00  9999.00  9999.00  9999.00
 00021   892.71    -4.43    70.51     2.50   185.33    39.82  9999.00  9999.00  9999.00  9999.00
 00022  1031.86    -3.38    71.09     2.78    11.30    26.72  9999.00  9999.00  9999.00  9999.00
 00023   923.65     2.46    60.91     3.76   278.71    35.29  9999.00  9999.00  9999.00  9999.00
 00024   946.55    -7.84    73.05     6.27   120.92    36.11  9999.00  9999.00  9999.00  9999.00
 00025   798.99    10.38    66.63     2.40   227.23    18.96  9999.00  9999.00  9999.00  9999.00
 00026  1022.00     9.61    60.41     1.10   165.51    19.76  9999.00  9999.00  9999.00  9999.00
 00027  1017.57    11.54    65.90     0.46    42.95    19.33  9999.00  9999.00  9999.00  9999.00
 00028   985.66    10.02    72.01     1.04   205.54    18.40  9999.00  9999.00  9999.00  9999.00
 00029  1016.49    16.89    54.94     2.31   335.33    20.86  9999.00  9999.00  9999.00  9999.00
 00030  1006.20    16.59    55.72     2.59   166.27    22.05  9999.00  9999.00  9999.00  9999.00
 00031   574.13     0.06     5.30     1.62   304.32    35.68  9999.00  9999.00  9999.00  9999.00
 00032   988.07    12.93    80.93     1.35    79.49    18.60  9999.00  9999.00  9999.00  9999.00
 00033  1017.59    19.24    74.56     6.07    33.74    22.01  9999.00  9999.00  9999.00  9999.00
 00034  1015.47    25.78    89.08     7.67    30.70    11.55  9999.00  9999.00  9999.00  9999.00
 00035  1016.32    21.35    77.17     4.88    16.10    21.43  9999.00  9999.00  9999.00  9999.00
 00036   778.94     9.23    63.39     0.85   263.24    19.70  9999.00  9999.00  9999.00  9999.00
 00037   978.05    12.84    82.22     1.17    87.20    18.53  9999.00  9999.00  9999.00  9999.00
 00038  1004.51    18.92    59.42     0.99    72.26    20.32  9999.00  9999.00  9999.00  9999.00
 00039  1019.06    18.79    71.95     9.03    29.96    20.07  9999.00  9999.00  9999.00  9999.00
 00040  1015.90    20.84    60.82     5.38    58.97    20.89  9999.00  9999.00  9999.00  9999.00
 00041   980.31     8.46    36.43     1.09   126.14    19.80  9999.00  9999.00  9999.00  9999.00
 00042  1023.91     6.57    69.02     1.12    76.34    21.15  9999.00  9999.00  9999.00  9999.00
 00043  1015.24     8.21    77.14     1.82   335.71    19.88  9999.00  9999.00  9999.00  9999.00
 00044   995.46    10.18    54.52     0.52   206.88    19.65  9999.00  9999.00  9999.00  9999.00
 00045  1015.90    20.84    60.82     5.38    58.97    20.89  9999.00  9999.00  9999.00  9999.00
 00046   950.66    11.49    64.85     1.46    44.32    19.24  9999.00  9999.00  9999.00  9999.00
 00047  1013.85    14.26    71.49     1.54    66.67    20.09  9999.00  9999.00  9999.00  9999.00
 00048   606.99    -3.56    40.88     1.38    42.72    37.47  9999.00  9999.00  9999.00  9999.00
 00049   576.53    -2.66    29.06     1.96   338.48    28.39  9999.00  9999.00  9999.00  9999.00
 00050  1011.62    16.73    68.36     4.83    29.55    19.65  9999.00  9999.00  9999.00  9999.00
