stn_id       p       t2      rh2      spd      dir      vis    rain6   rain24   tmax24   tmin24 
 00001   964.92    26.69    77.31     1.07   138.88    25.45     0.00  9999.00  9999.00  9999.00
 00002   992.91    19.98    90.43     1.62    17.94    23.05     0.94  9999.00  9999.00  9999.00
 00003   901.18    17.44    86.79     1.57    57.60    21.31     0.14  9999.00  9999.00  9999.00
 00004   833.69    15.48    94.08     1.89   270.74     3.09     4.78  9999.00  9999.00  9999.00
 00005   867.76    15.53    84.55     1.30   112.60    19.86     0.00  9999.00  9999.00  9999.00
 00006   876.39    19.42    53.21     4.93   222.60    27.34     0.00  9999.00  9999.00  9999.00
 00007  1001.70    21.32    86.84     0.68    76.45    25.73    -0.00  9999.00  9999.00  9999.00
 00008   987.06    19.19    80.65     0.99   127.33    26.83     0.00  9999.00  9999.00  9999.00
 00009   943.98     9.20    80.87     0.94    36.98    34.07     0.00  9999.00  9999.00  9999.00
 00010   967.20    18.02    96.42     2.52   102.80    12.12     2.95  9999.00  9999.00  9999.00
 00011   994.66    17.90    75.64     0.45    65.65    27.87     0.00  9999.00  9999.00  9999.00
 00012  1008.19    19.63    91.34     0.92   304.59    22.17     0.08  9999.00  9999.00  9999.00
 00013  1006.94    23.34    78.66     3.11   107.90    23.75     0.00  9999.00  9999.00  9999.00
 00014  1004.06    22.68    83.85     0.67   104.88    25.28     0.00  9999.00  9999.00  9999.00
 00015   991.41    22.35    90.55     1.08   258.83     9.26     2.75  9999.00  9999.00  9999.00
 00016   950.84    22.94    90.45     0.49   235.49    14.76     0.02  9999.00  9999.00  9999.00
 00017   992.00    21.89    96.34     3.62    59.19     1.95    17.90  9999.00  9999.00  9999.00
 00018  1004.60    23.99    70.96     3.32   106.22    23.34     0.00  9999.00  9999.00  9999.00
 00019   931.79    22.58    92.79     0.98   324.75     2.18    15.97  9999.00  9999.00  9999.00
 00020  1010.39    23.36    82.93     2.36   108.45    22.90     0.00  9999.00  9999.00  9999.00
 00021   890.32    14.63    53.91     1.61   153.50    26.79     0.00  9999.00  9999.00  9999.00
 00022  1010.82    19.46    92.14     1.51    65.28     9.64     3.03  9999.00  9999.00  9999.00
 00023   915.55    13.05    61.86     1.58   158.63    23.15     0.00  9999.00  9999.00  9999.00
 00024   941.81    10.48    67.95     1.15    93.65    25.26     0.00  9999.00  9999.00  9999.00
 00025   794.80    16.01    97.79     0.78    82.70     0.66     0.08  9999.00  9999.00  9999.00
 00026  1003.49    26.10    83.67     0.63    96.99    24.95     0.00  9999.00  9999.00  9999.00
 00027   998.89    26.97    82.76     1.80   143.15    25.14     0.00  9999.00  9999.00  9999.00
 00028   968.70    25.73    86.95     1.45    34.22    24.56     0.00  9999.00  9999.00  9999.00
 00029  1002.31    23.75    96.79     3.02   123.89     2.08     6.72  9999.00  9999.00  9999.00
 00030   989.45    24.44    95.72     2.31    35.03    15.55     4.39  9999.00  9999.00  9999.00
 00031   575.02     1.74    95.87     1.51   204.18    14.62     0.16  9999.00  9999.00  9999.00
 00032   974.61    20.99    91.62     0.70   305.96    10.26     0.01  9999.00  9999.00  9999.00
 00033  1002.66    24.13    95.80     2.89   174.69     0.14     1.23  9999.00  9999.00  9999.00
 00034  1007.48    28.08    85.27     8.54   190.17    29.49     0.90  9999.00  9999.00  9999.00
 00035  1002.17    26.35    91.91     3.57   183.79    28.28     0.13  9999.00  9999.00  9999.00
 00036   775.96    15.62    95.94     0.52    16.13    22.27     2.14  9999.00  9999.00  9999.00
 00037   965.07    21.08    90.99     0.55   306.44    11.74     0.00  9999.00  9999.00  9999.00
 00038   992.18    23.71    95.01     0.20   253.90    17.66     0.21  9999.00  9999.00  9999.00
 00039  1005.40    23.92    83.34     6.46    28.57    24.94     0.01  9999.00  9999.00  9999.00
 00040  1003.66    23.57    87.34     0.50   102.13    10.30     9.04  9999.00  9999.00  9999.00
 00041   966.01    23.15    81.95     0.97   140.07    24.11     0.00  9999.00  9999.00  9999.00
 00042  1006.28    23.31    78.34     2.44    88.99    24.22     0.00  9999.00  9999.00  9999.00
 00043   997.18    26.64    83.99     0.47   110.38    25.51     0.01  9999.00  9999.00  9999.00
 00044   979.93    23.88    81.41     1.55    72.24    24.47     0.00  9999.00  9999.00  9999.00
 00045  1003.66    23.57    87.34     0.50   102.13    10.30     9.04  9999.00  9999.00  9999.00
 00046   939.13    23.54    83.37     0.40   185.40    25.05     0.00  9999.00  9999.00  9999.00
 00047   998.50    22.43    87.58     1.14   223.92     9.54    -0.00  9999.00  9999.00  9999.00
 00048   605.98     6.53    93.26     0.70   181.44    28.99     0.71  9999.00  9999.00  9999.00
 00049   578.97     3.54    96.24     0.58   129.33    14.40     0.19  9999.00  9999.00  9999.00
 00050   997.90    24.32    76.17     3.21    33.87    24.58     0.00  9999.00  9999.00  9999.00
