stn_id       p       t2      rh2      spd      dir      vis    rain6   rain24   tmax24   tmin24 
 00001   983.75    10.17    94.58     1.22   319.55    17.92     0.00  9999.00  9999.00  9999.00
 00002  1007.02    -5.44    67.15     0.91   270.18    24.98     0.00  9999.00  9999.00  9999.00
 00003   909.75    -6.11    87.02     1.32   270.30    23.41     0.00  9999.00  9999.00  9999.00
 00004   838.14    -7.93    67.55     1.47   225.27    23.14     0.00  9999.00  9999.00  9999.00
 00005   873.51    -7.77    43.87     0.85   133.69    25.16     0.00  9999.00  9999.00  9999.00
 00006   883.43   -10.29    56.49     2.92   227.09    26.20     0.00  9999.00  9999.00  9999.00
 00007  1014.79    -3.02    75.89     3.49   201.44    29.22     0.28  9999.00  9999.00  9999.00
 00008   998.63    -7.93    83.94     1.58   128.91    18.83     1.14  9999.00  9999.00  9999.00
 00009   948.97   -20.02    63.53     2.43   242.25    44.85     0.00  9999.00  9999.00  9999.00
 00010   976.97    -8.49    40.58     0.41   113.09    32.13     0.14  9999.00  9999.00  9999.00
 00011  1008.80   -18.66    96.57     2.38    86.22    35.06     0.18  9999.00  9999.00  9999.00
 00012  1024.27    -6.33    59.71     1.21   115.17    25.25     0.00  9999.00  9999.00  9999.00
 00013  1022.06     7.43    91.82     2.58   118.28    19.86     0.00  9999.00  9999.00  9999.00
 00014  1018.95     7.05    91.46     1.33   177.89    19.13     0.00  9999.00  9999.00  9999.00
 00015  1007.34     2.38    86.46     0.38    82.63    21.33     0.17  9999.00  9999.00  9999.00
 00016   966.69    -1.42    80.85     0.61   162.73    21.49     0.00  9999.00  9999.00  9999.00
 00017  1008.62    -0.08    89.49     1.87   238.65    20.53     0.00  9999.00  9999.00  9999.00
 00018  1021.09     7.80    87.54     0.89   180.79    16.79     0.01  9999.00  9999.00  9999.00
 00019   947.91    10.28    87.12     1.86   257.56    25.28     0.29  9999.00  9999.00  9999.00
 00020  1025.38     9.57    86.65     2.30   123.38    19.80     0.00  9999.00  9999.00  9999.00
 00021   899.26    -3.41    56.70     2.20   173.00    37.11     0.00  9999.00  9999.00  9999.00
 00022  1027.18    -4.85    70.51     1.76   289.46    23.93     0.00  9999.00  9999.00  9999.00
 00023   926.79     0.80    91.82     1.37   160.02    31.50     0.02  9999.00  9999.00  9999.00
 00024   953.61    -4.73    87.81     1.60   123.63    33.11     0.01  9999.00  9999.00  9999.00
 00025   800.43     9.13    87.47     2.17   200.20    19.40     0.00  9999.00  9999.00  9999.00
 00026  1020.20     8.87    83.78     2.25   347.96    18.74     0.00  9999.00  9999.00  9999.00
 00027  1018.57     8.05    84.64     4.69   338.34    18.89     0.24  9999.00  9999.00  9999.00
 00028   986.28     7.54    87.50     2.93     1.49    17.97     1.84  9999.00  9999.00  9999.00
 00029  1015.95    14.63    91.75     1.84    80.98    21.04     0.00  9999.00  9999.00  9999.00
 00030  1004.43    17.86    90.52     1.61   125.11    22.46     0.00  9999.00  9999.00  9999.00
 00031   577.12    -5.77    11.61     0.62   238.85    34.14     0.00  9999.00  9999.00  9999.00
 00032   987.86    11.52    83.29     1.74   333.20    17.85     0.01  9999.00  9999.00  9999.00
 00033  1016.01    19.88    94.04     7.52    91.70     0.91     0.04  9999.00  9999.00  9999.00
 00034  1014.77    27.00    80.30    11.66    67.16    27.41     0.02  9999.00  9999.00  9999.00
 00035  1014.93    23.31    86.03     4.84    72.52    16.99     0.23  9999.00  9999.00  9999.00
 00036   781.91     5.22    83.51     1.60    55.09    18.25     0.00  9999.00  9999.00  9999.00
 00037   978.01    10.65    88.72     1.20   334.14    17.75     0.00  9999.00  9999.00  9999.00
 00038  1005.28    12.90    86.05     1.25   329.01    20.09     0.00  9999.00  9999.00  9999.00
 00039  1018.78    17.70    76.02     9.57    10.87    19.70     0.10  9999.00  9999.00  9999.00
 00040  1016.45    17.52    72.40     5.70    22.72    20.92     0.00  9999.00  9999.00  9999.00
 00041   979.08     7.42    91.90     1.08   173.45    18.08     0.00  9999.00  9999.00  9999.00
 00042  1021.59     6.92    90.79     1.91   121.38    19.33     0.00  9999.00  9999.00  9999.00
 00043  1013.48     8.61    91.02     1.42   351.43    18.96     0.00  9999.00  9999.00  9999.00
 00044   994.13     8.14    92.21     1.50    88.16    18.32     0.00  9999.00  9999.00  9999.00
 00045  1016.45    17.52    72.40     5.70    22.72    20.92     0.00  9999.00  9999.00  9999.00
 00046   950.76     8.25    95.66     1.12    89.98    18.59     0.00  9999.00  9999.00  9999.00
 00047  1013.25    11.74    84.81     3.25   323.35    18.73     0.00  9999.00  9999.00  9999.00
 00048   610.50    -9.49    57.92     1.72   139.62    35.77     0.00  9999.00  9999.00  9999.00
 00049   580.84    -8.98    92.92     1.26    33.12    14.18     0.01  9999.00  9999.00  9999.00
 00050  1011.27    14.86    73.84     4.96    27.97    19.15     0.00  9999.00  9999.00  9999.00
