stn_id       p       t2      rh2      spd      dir      vis    rain6   rain24   tmax24   tmin24 
 00001   982.38    12.38    90.33     1.40   205.46    21.53  9999.00  9999.00  9999.00  9999.00
 00002  1004.33     0.50    38.01     3.37   266.36    25.04  9999.00  9999.00  9999.00  9999.00
 00003   908.39    -5.17    47.37     1.78   243.96    23.48  9999.00  9999.00  9999.00  9999.00
 00004   835.52   -10.18    61.54     3.44   273.58    23.21  9999.00  9999.00  9999.00  9999.00
 00005   871.75   -10.31    57.80     1.80   281.52    25.31  9999.00  9999.00  9999.00  9999.00
 00006   882.23   -13.13    60.24     3.51   285.55    26.44  9999.00  9999.00  9999.00  9999.00
 00007  1008.86   -10.51    61.69     3.83   313.73    29.89  9999.00  9999.00  9999.00  9999.00
 00008   989.08   -17.67    94.82     2.26   291.45    31.84  9999.00  9999.00  9999.00  9999.00
 00009   942.84   -18.70    68.03     3.08   323.92    32.79  9999.00  9999.00  9999.00  9999.00
 00010   959.36    -7.54    75.06     4.17   300.85    32.22  9999.00  9999.00  9999.00  9999.00
 00011   994.82   -20.16    98.34     3.24   290.26    36.30  9999.00  9999.00  9999.00  9999.00
 00012  1020.72    -4.54    36.01     1.95   334.27    25.43  9999.00  9999.00  9999.00  9999.00
 00013  1020.56     7.12    59.58     3.19   311.70    19.99  9999.00  9999.00  9999.00  9999.00
 00014  1016.64     8.35    73.87     2.43   270.60    19.28  9999.00  9999.00  9999.00  9999.00
 00015  1004.43    -1.10    53.65     2.45    53.66    21.59  9999.00  9999.00  9999.00  9999.00
 00016   963.36     4.02    60.30     1.07   130.68    21.61  9999.00  9999.00  9999.00  9999.00
 00017  1007.91     4.62    34.97     2.86   314.29    20.66  9999.00  9999.00  9999.00  9999.00
 00018  1020.40     7.25    50.46     3.43   302.56    19.51  9999.00  9999.00  9999.00  9999.00
 00019   945.28     8.62    81.59     1.72   280.12    25.34  9999.00  9999.00  9999.00  9999.00
 00020  1020.94     8.77    75.20     3.79   303.18    19.90  9999.00  9999.00  9999.00  9999.00
 00021   896.25    -1.72    66.53     0.86   198.93    33.43  9999.00  9999.00  9999.00  9999.00
 00022  1023.79    -3.10    31.94     2.63   168.60    24.07  9999.00  9999.00  9999.00  9999.00
 00023   921.71     0.56    60.78     1.42   156.54    31.88  9999.00  9999.00  9999.00  9999.00
 00024   951.62    -8.14    93.21     1.79   296.76    33.32  9999.00  9999.00  9999.00  9999.00
 00025   800.99     9.94    77.05     1.79   107.74    19.36  9999.00  9999.00  9999.00  9999.00
 00026  1020.31     9.24    80.07     2.57   343.59    18.85  9999.00  9999.00  9999.00  9999.00
 00027  1016.70     9.80    93.78     2.09   146.14    19.02  9999.00  9999.00  9999.00  9999.00
 00028   985.29    10.01    97.74     1.15   328.74    18.07  9999.00  9999.00  9999.00  9999.00
 00029  1013.89    16.66    74.05     3.26    20.79    20.99  9999.00  9999.00  9999.00  9999.00
 00030  1003.99    14.27    88.20     1.99    43.59    22.40  9999.00  9999.00  9999.00  9999.00
 00031   575.70    -1.14    19.28     2.11   210.30    34.10  9999.00  9999.00  9999.00  9999.00
 00032   984.07    11.17    86.96     1.86   316.51    17.84  9999.00  9999.00  9999.00  9999.00
 00033  1014.93    22.52    75.52     1.75    32.55    23.77  9999.00  9999.00  9999.00  9999.00
 00034  1014.01    26.66    78.51    11.61    34.93    17.25  9999.00  9999.00  9999.00  9999.00
 00035  1014.00    21.76    72.99     2.83    27.80    23.90  9999.00  9999.00  9999.00  9999.00
 00036   781.24     6.73    78.63     1.14   102.00    20.46  9999.00  9999.00  9999.00  9999.00
 00037   974.41    10.21    89.84     1.53   313.90    17.76  9999.00  9999.00  9999.00  9999.00
 00038  1001.20    15.54    80.17     1.40   323.12    20.05  9999.00  9999.00  9999.00  9999.00
 00039  1014.93    20.13    66.40     5.87    82.33    19.66  9999.00  9999.00  9999.00  9999.00
 00040  1012.30    20.37    79.69     4.09    25.01    20.88  9999.00  9999.00  9999.00  9999.00
 00041   979.08     6.57    71.62     1.99   311.49    18.23  9999.00  9999.00  9999.00  9999.00
 00042  1021.34     8.00    68.36     3.55   281.24    19.49  9999.00  9999.00  9999.00  9999.00
 00043  1013.69     8.21    93.59     2.27    29.54    19.08  9999.00  9999.00  9999.00  9999.00
 00044   993.87     6.96    94.36     1.30   264.75    18.43  9999.00  9999.00  9999.00  9999.00
 00045  1012.30    20.37    79.69     4.09    25.01    20.88  9999.00  9999.00  9999.00  9999.00
 00046   949.12     8.62    82.03     1.93     9.24    18.61  9999.00  9999.00  9999.00  9999.00
 00047  1009.09    12.40    75.69     2.89   152.79    18.78  9999.00  9999.00  9999.00  9999.00
 00048   607.80    -4.99    41.27     1.43   178.22    35.75  9999.00  9999.00  9999.00  9999.00
 00049   579.81    -5.91    70.52     0.40   125.69    28.14  9999.00  9999.00  9999.00  9999.00
 00050  1007.34    16.03    70.43     2.90   329.38    19.12  9999.00  9999.00  9999.00  9999.00
