stn_id       p       t2      rh2      spd      dir      vis    rain6   rain24   tmax24   tmin24 
 00001   963.66    24.92    85.89     1.21   116.69    25.49     1.04  9999.00  9999.00  9999.00
 00002   982.50    34.13    24.30     4.69   160.90    24.01     0.00  9999.00  9999.00  9999.00
 00003   895.14    27.80    21.97     2.61   238.74    23.07     0.00  9999.00  9999.00  9999.00
 00004   830.39    19.62    45.25     2.36   205.54    21.44     0.00  9999.00  9999.00  9999.00
 00005   862.73    24.45    21.24     2.46   190.52    20.93     0.00  9999.00  9999.00  9999.00
 00006   872.09    28.10    22.49     5.90   209.82    20.03     0.05  9999.00  9999.00  9999.00
 00007   998.99    21.19    70.52     1.99    58.81    22.40     0.00  9999.00  9999.00  9999.00
 00008   984.61    20.64    63.28     2.33   107.02    23.80     0.00  9999.00  9999.00  9999.00
 00009   939.45    12.64    74.37     3.46    74.51    36.19     0.00  9999.00  9999.00  9999.00
 00010   966.14    16.26    93.90     1.59    95.38    24.97     0.02  9999.00  9999.00  9999.00
 00011   992.63    20.42    58.20     2.78    88.52    25.38     0.00  9999.00  9999.00  9999.00
 00012   998.01    33.64    27.60     2.62   134.90    21.69     0.03  9999.00  9999.00  9999.00
 00013  1003.15    23.93    70.11     3.12   120.27    27.25     0.00  9999.00  9999.00  9999.00
 00014  1000.05    21.97    87.08     2.01    82.49    27.52     0.00  9999.00  9999.00  9999.00
 00015   986.08    30.12    31.21     2.14   193.63    22.55     0.00  9999.00  9999.00  9999.00
 00016   944.48    26.95    57.62     2.18   118.15    24.83     0.00  9999.00  9999.00  9999.00
 00017   987.67    26.22    61.72     2.43   185.53    25.49     0.00  9999.00  9999.00  9999.00
 00018  1001.08    25.27    69.11     3.58    93.39    27.21     0.00  9999.00  9999.00  9999.00
 00019   928.90    26.38    66.25     0.55   152.39    27.22     0.56  9999.00  9999.00  9999.00
 00020  1007.34    20.71    86.58     2.62   154.69    25.16     0.00  9999.00  9999.00  9999.00
 00021   885.28    24.14    33.07     3.19   337.54    25.39     0.00  9999.00  9999.00  9999.00
 00022  1001.73    33.12    24.63     3.76   147.94    21.31     0.00  9999.00  9999.00  9999.00
 00023   911.04    26.11    16.64     4.88   286.59    23.11     0.00  9999.00  9999.00  9999.00
 00024   933.50    27.90    10.84     5.78   308.33    24.81     0.00  9999.00  9999.00  9999.00
 00025   791.06    17.05    85.89     0.84    93.57     8.83     2.64  9999.00  9999.00  9999.00
 00026  1000.31    23.07    84.79     1.55    85.86    28.11     0.01  9999.00  9999.00  9999.00
 00027   995.42    24.43    84.53     2.18   177.83    28.21     0.19  9999.00  9999.00  9999.00
 00028   965.56    24.53    81.98     0.55   284.48    26.84     0.04  9999.00  9999.00  9999.00
 00029   998.71    26.46    91.12     2.48   176.70    17.49     3.81  9999.00  9999.00  9999.00
 00030   986.19    26.16    92.76     0.93    74.33    30.41     1.46  9999.00  9999.00  9999.00
 00031   574.11    15.89    19.06     3.71    38.20    22.25     0.05  9999.00  9999.00  9999.00
 00032   971.86    21.20    99.64     1.39    93.18     0.96     7.74  9999.00  9999.00  9999.00
 00033  1000.16    23.74    98.40     2.98   134.94     7.70     0.15  9999.00  9999.00  9999.00
 00034  1005.25    28.20    86.95     5.60   161.32    27.90     0.01  9999.00  9999.00  9999.00
 00035  1000.02    28.44    84.54     4.18   162.84    31.30     1.20  9999.00  9999.00  9999.00
 00036   773.30    15.94    96.69     0.51   135.15     1.52    18.81  9999.00  9999.00  9999.00
 00037   962.20    21.43    99.86     1.41   105.50     1.73     9.05  9999.00  9999.00  9999.00
 00038   988.85    25.68    93.00     0.61   145.34    23.05     2.98  9999.00  9999.00  9999.00
 00039  1002.57    25.57    93.94     4.09   206.93    23.82     2.72  9999.00  9999.00  9999.00
 00040  1000.21    26.36    92.74     3.95   211.59    22.22     1.29  9999.00  9999.00  9999.00
 00041   962.39    20.85    83.90     1.31   138.48    27.11     0.01  9999.00  9999.00  9999.00
 00042  1002.55    23.86    73.63     3.50    89.32    27.54     0.00  9999.00  9999.00  9999.00
 00043   993.92    22.48    88.76     1.34   145.43    24.27     0.18  9999.00  9999.00  9999.00
 00044   976.41    20.74    97.13     1.23    92.14    21.01     8.68  9999.00  9999.00  9999.00
 00045  1000.21    26.36    92.74     3.95   211.59    22.22     1.29  9999.00  9999.00  9999.00
 00046   935.85    21.94    98.57     1.42   207.23     8.38     3.70  9999.00  9999.00  9999.00
 00047   995.55    19.98    97.33     2.01   287.77     0.72    17.84  9999.00  9999.00  9999.00
 00048   605.08    15.51    28.08     1.71   299.90    26.24     0.01  9999.00  9999.00  9999.00
 00049   577.72     7.70    74.64     1.49   205.41     6.05     2.08  9999.00  9999.00  9999.00
 00050   995.11    24.75    96.77     1.06   291.96    12.17     5.61  9999.00  9999.00  9999.00
