stn_id       p       t2      rh2      spd      dir      vis    rain6   rain24   tmax24   tmin24 
 00001   966.67    22.05    94.12     1.45   255.21    21.69     1.63  9999.00  9999.00  9999.00
 00002   985.00    30.23    26.24     2.25   184.39    23.76     0.00  9999.00  9999.00  9999.00
 00003   897.67    28.14    22.30     1.73   133.71    22.88     0.00  9999.00  9999.00  9999.00
 00004   832.70    21.22    41.13     1.50    71.80    21.23     0.00  9999.00  9999.00  9999.00
 00005   865.85    22.20    31.56     2.55   182.11    20.68     0.00  9999.00  9999.00  9999.00
 00006   875.24    23.63    24.13     2.73    87.94    19.75     0.00  9999.00  9999.00  9999.00
 00007   993.42    20.86    81.22     2.14    38.23    22.11     0.30  9999.00  9999.00  9999.00
 00008   978.91    19.47    87.54     1.24    43.75    23.45     0.29  9999.00  9999.00  9999.00
 00009   943.93    11.46    75.05     1.62   117.65    36.54     0.00  9999.00  9999.00  9999.00
 00010   959.39    13.31    96.10     1.83   107.18     8.32     2.20  9999.00  9999.00  9999.00
 00011   987.03    17.78    82.00     3.29   166.42    25.21    12.93  9999.00  9999.00  9999.00
 00012   998.68    31.15    25.32     3.13   191.24    21.40     0.00  9999.00  9999.00  9999.00
 00013  1002.92    26.98    79.22     1.04   220.57    27.12     0.12  9999.00  9999.00  9999.00
 00014  1000.12    25.82    71.92     2.17   187.65    27.33     0.02  9999.00  9999.00  9999.00
 00015   986.34    31.78    28.40     1.42   233.54    22.36     0.00  9999.00  9999.00  9999.00
 00016   946.84    25.72    72.58     1.83   138.62    24.74     0.31  9999.00  9999.00  9999.00
 00017   988.61    27.61    68.94     2.78   208.77    25.41     0.00  9999.00  9999.00  9999.00
 00018  1002.16    27.93    77.83     0.79   225.67    24.06     0.03  9999.00  9999.00  9999.00
 00019   931.71    24.35    64.81     1.48    85.70    27.55     0.00  9999.00  9999.00  9999.00
 00020  1006.02    22.69    86.60     2.08   129.20    24.93     0.00  9999.00  9999.00  9999.00
 00021   881.49    27.99    27.91     3.26   227.45    25.35     0.04  9999.00  9999.00  9999.00
 00022  1001.99    29.70    30.99     2.51   222.96    21.07     0.00  9999.00  9999.00  9999.00
 00023   910.41    20.78    60.76     3.71   262.20    23.38     2.21  9999.00  9999.00  9999.00
 00024   930.09    29.61    25.83     1.78   297.20    25.03     0.12  9999.00  9999.00  9999.00
 00025   791.92    18.96    92.43     0.12   100.37    23.64     7.07  9999.00  9999.00  9999.00
 00026  1001.20    25.76    94.16     1.17    95.60    17.18     4.81  9999.00  9999.00  9999.00
 00027   995.96    25.36    95.01     1.78    95.36     0.90    19.75  9999.00  9999.00  9999.00
 00028   965.28    25.02    93.90     1.11    85.88     3.51    16.42  9999.00  9999.00  9999.00
 00029  1000.32    28.70    81.30     2.57   148.95    28.23     0.38  9999.00  9999.00  9999.00
 00030   987.63    28.62    82.74     3.59   149.13    32.02     1.47  9999.00  9999.00  9999.00
 00031   574.96     5.21    84.84     1.24    75.38     3.12     5.28  9999.00  9999.00  9999.00
 00032   971.43    25.62    93.60     0.79   233.70     7.70     1.71  9999.00  9999.00  9999.00
 00033  1002.59    24.13    98.52     3.42   132.65     6.72     0.23  9999.00  9999.00  9999.00
 00034  1007.31    28.31    89.07     6.21   174.81    33.19     0.03  9999.00  9999.00  9999.00
 00035  1002.38    28.46    87.35     3.77   171.58    31.22     1.12  9999.00  9999.00  9999.00
 00036   774.23    16.03    81.36     1.77   133.83    13.42     1.24  9999.00  9999.00  9999.00
 00037   962.12    25.29    94.88     0.76   264.41    15.11     1.69  9999.00  9999.00  9999.00
 00038   989.27    26.76    93.32     1.01   226.04    26.10     1.15  9999.00  9999.00  9999.00
 00039  1002.61    26.45    90.44     4.82   216.64    23.13     0.25  9999.00  9999.00  9999.00
 00040  1001.00    27.30    90.07     3.79   210.86    25.36     0.21  9999.00  9999.00  9999.00
 00041   963.39    25.01    80.28     1.01   105.44    27.03     0.04  9999.00  9999.00  9999.00
 00042  1003.03    26.22    82.78     1.78    31.97    27.42     0.00  9999.00  9999.00  9999.00
 00043   994.98    24.93    97.53     0.90    85.38     2.11    13.80  9999.00  9999.00  9999.00
 00044   978.02    21.57    88.02     4.30    35.80     3.10    12.11  9999.00  9999.00  9999.00
 00045  1001.00    27.30    90.07     3.79   210.86    25.36     0.21  9999.00  9999.00  9999.00
 00046   937.30    23.51    95.76     1.24   138.60    25.03     2.38  9999.00  9999.00  9999.00
 00047   995.54    23.14    98.35     1.87    88.42     2.95     2.99  9999.00  9999.00  9999.00
 00048   605.59     8.82    78.75     2.08    66.53     3.03     3.85  9999.00  9999.00  9999.00
 00049   577.94     4.58    94.50     1.25   192.06    19.51     1.57  9999.00  9999.00  9999.00
 00050   994.84    26.81    94.80     1.92   199.64    24.01     1.76  9999.00  9999.00  9999.00
