stn_id       p       t2      rh2      spd      dir      vis    rain6   rain24   tmax24   tmin24 
 00001   965.03    23.74    90.56     1.05   124.65    25.87     0.33     1.48    29.10    20.70
 00002   987.76    30.13    38.41     1.03   316.28    24.20     0.00     0.00    40.64    23.52
 00003   899.66    23.09    57.04     2.85   193.47    23.31     0.00     0.00    34.15    17.90
 00004   832.90    19.44    52.97     2.29   195.09    21.59     0.00     0.00    27.31    13.96
 00005   866.30    19.83    62.24     1.69   157.13    21.14     0.54     0.62    30.14    17.88
 00006   874.00    23.32    46.54     7.92   187.88    20.19     0.32     0.39    34.22    21.62
 00007  1002.04    24.93    63.29     2.29   163.37    22.53     0.00     0.11    26.56    16.07
 00008   987.85    24.02    60.60     1.90   160.60    23.92     0.00     0.00    26.98    14.85
 00009   942.88    14.11    79.84     1.83    58.35    36.19     0.00     0.01    19.02     8.52
 00010   970.03    17.59    79.43     2.27   140.23    25.52     0.05     0.69    20.20    12.96
 00011   995.81    23.30    64.29     2.31   159.48    25.50     0.00     0.00    26.33    14.84
 00012  1004.68    27.29    44.79     2.26    58.98    21.91     0.00     0.03    40.86    22.52
 00013  1005.42    23.21    80.57     4.86   108.08    27.35     0.00     0.00    30.31    18.45
 00014  1002.99    21.92    86.57     4.09    94.94    26.29     0.30     0.33    25.99    19.20
 00015   989.99    31.40    40.30     1.59   178.32    22.72     0.00     0.00    37.48    23.41
 00016   948.23    22.76    69.52     2.34    96.88    24.93     0.00     0.01    32.50    18.40
 00017   990.87    27.09    64.27     0.40    74.00    25.60     0.00     0.00    33.74    21.73
 00018  1003.22    23.26    78.22     3.74   107.58    23.83     0.00     0.00    31.41    19.02
 00019   930.52    22.83    80.77     0.91    39.64    27.68     0.42     3.66    27.60    19.63
 00020  1009.67    23.59    80.41     4.61   122.12    25.26     0.00     0.00    27.54    18.60
 00021   886.58    17.87    60.37     1.73   133.39    25.44     0.09     0.10    24.89    15.48
 00022  1007.03    30.59    36.66     2.57   122.25    21.50     0.00     0.00    40.54    22.65
 00023   910.34    17.46    45.14     2.66   211.30    23.08     0.00     0.00    27.31    14.22
 00024   934.13    18.21    33.58     3.04   297.14    24.80     0.00     0.00    28.83    17.18
 00025   792.54    16.02    91.16     1.10    45.02    25.78     0.06    11.35    18.14    13.89
 00026  1001.23    21.76    95.03     2.02   307.35     6.12    15.81    16.89    24.89    20.73
 00027   997.08    23.27    88.14     1.92   175.35    26.40     0.04     0.37    27.76    21.73
 00028   967.63    22.17    88.33     0.86   211.25    26.88     0.05     0.33    26.03    20.66
 00029  1000.77    26.97    92.12     3.16   175.28    16.81     0.50     9.82    30.56    25.46
 00030   988.69    24.04    98.12     1.94    79.64     3.92    13.03    28.14    28.34    23.99
 00031   576.22     5.88    33.38     0.75   144.11    22.32     0.00     0.56    18.11     4.44
 00032   973.14    22.45    96.92     0.42   188.40     3.67     0.18    10.10    23.85    20.12
 00033  1002.27    22.89    97.28     4.74   164.58     0.18     0.00     0.29    26.56    22.59
 00034  1006.01    27.57    88.19     5.51   146.36    33.64     0.16     0.34    28.35    27.26
 00035  1002.14    27.99    85.92     4.25   181.47    30.38     0.01     2.21    32.37    26.58
 00036   774.42    13.83    93.97     0.98   317.03     4.19     0.02    33.00    21.96    12.49
 00037   963.63    22.32    97.78     0.46   154.13     6.76     0.42    11.35    24.33    20.43
 00038   991.01    26.42    87.97     1.69   227.22    23.44     0.23     3.77    31.86    24.24
 00039  1004.40    25.88    93.44     5.02   208.42    15.51     0.47     5.49    27.29    24.49
 00040  1002.55    26.34    92.97     4.03   226.21    11.16     1.47     4.50    29.35    25.31
 00041   963.67    21.40    83.92     1.80   105.58    16.98     0.25     1.46    24.05    17.89
 00042  1004.60    23.24    81.75     4.56   101.81    27.61     0.00     0.00    29.03    18.77
 00043   995.14    21.90    94.68     0.95   315.89    10.26    15.96    21.47    25.15    21.00
 00044   977.60    20.62    96.98     1.96    67.82     0.42    18.81    36.06    21.75    18.76
 00045  1002.55    26.34    92.97     4.03   226.21    11.16     1.47     4.50    29.35    25.31
 00046   937.89    22.58    95.77     2.94   188.54    15.30     0.75     9.07    26.34    21.36
 00047   997.23    20.86    95.27     1.49    42.04     5.01     5.06    46.41    20.77    19.22
 00048   607.61     4.77    53.19     1.32   177.31    26.33     0.00     0.05    17.65     3.62
 00049   579.00     0.94    93.81     1.93    26.97     1.43     0.00     2.53    14.05     0.07
 00050   996.52    26.45    89.58     4.36   216.56     8.66     1.12    11.54    28.35    23.71
