stn_id       p       t2      rh2      spd      dir      vis    rain6   rain24   tmax24   tmin24 
 00001   967.47    23.16    82.78     1.49   235.79     6.40  9999.00  9999.00  9999.00  9999.00
 00002   985.58    38.51    15.23     2.60   190.12    23.85  9999.00  9999.00  9999.00  9999.00
 00003   898.82    30.03    23.23     0.88   182.46    22.99  9999.00  9999.00  9999.00  9999.00
 00004   833.48    24.40    32.38     1.40   245.02    21.31  9999.00  9999.00  9999.00  9999.00
 00005   866.54    27.36    22.63     3.35   204.74    20.79  9999.00  9999.00  9999.00  9999.00
 00006   875.52    30.81    16.41     4.32   284.85    19.85  9999.00  9999.00  9999.00  9999.00
 00007   994.96    27.11    58.81     4.04    30.17    22.21  9999.00  9999.00  9999.00  9999.00
 00008   981.37    24.95    51.97     3.81    28.57    23.65  9999.00  9999.00  9999.00  9999.00
 00009   943.34    19.84    34.85     2.61   332.82    36.41  9999.00  9999.00  9999.00  9999.00
 00010   958.23    16.20    88.51     2.90   339.16    19.68  9999.00  9999.00  9999.00  9999.00
 00011   989.11    23.76    56.85     4.34    44.74    25.29  9999.00  9999.00  9999.00  9999.00
 00012   999.51    37.57    20.23     0.39    85.73    21.51  9999.00  9999.00  9999.00  9999.00
 00013  1003.92    30.21    60.63     0.29   182.45    27.18  9999.00  9999.00  9999.00  9999.00
 00014  1001.99    25.10    74.12     2.90   210.16    26.59  9999.00  9999.00  9999.00  9999.00
 00015   987.25    35.40    22.17     2.62   250.98    22.42  9999.00  9999.00  9999.00  9999.00
 00016   948.57    28.06    63.58     0.67   164.62    24.82  9999.00  9999.00  9999.00  9999.00
 00017   989.43    32.34    43.97     1.12   195.23    25.41  9999.00  9999.00  9999.00  9999.00
 00018  1002.67    30.73    58.38     1.88    72.28    27.15  9999.00  9999.00  9999.00  9999.00
 00019   932.28    25.44    65.50     1.39   107.61    27.41  9999.00  9999.00  9999.00  9999.00
 00020  1006.66    29.57    64.28     2.75   235.95    25.03  9999.00  9999.00  9999.00  9999.00
 00021   887.42    23.45    38.33     2.28   222.26    25.47  9999.00  9999.00  9999.00  9999.00
 00022  1002.49    37.87    20.21     2.15   246.97    21.16  9999.00  9999.00  9999.00  9999.00
 00023   912.96    23.88    34.94     3.03   280.71    23.37  9999.00  9999.00  9999.00  9999.00
 00024   935.96    24.19    44.39     2.99   305.24    25.12  9999.00  9999.00  9999.00  9999.00
 00025   793.24    19.79    78.50     1.60   236.65    25.32  9999.00  9999.00  9999.00  9999.00
 00026  1003.06    21.34    89.07     3.75    62.15     0.84  9999.00  9999.00  9999.00  9999.00
 00027   997.19    22.96    85.67     4.35    51.71     3.21  9999.00  9999.00  9999.00  9999.00
 00028   967.86    24.40    87.04     3.05   100.41    12.34  9999.00  9999.00  9999.00  9999.00
 00029  1001.05    30.94    70.15     4.54   210.01    28.28  9999.00  9999.00  9999.00  9999.00
 00030   988.87    30.45    73.84     2.27   191.63    27.60  9999.00  9999.00  9999.00  9999.00
 00031   577.60     8.29    63.49     0.74    82.50    22.43  9999.00  9999.00  9999.00  9999.00
 00032   972.25    23.75    94.55     2.68    94.98     0.78  9999.00  9999.00  9999.00  9999.00
 00033  1003.69    24.69    96.50     2.84   150.75     1.93  9999.00  9999.00  9999.00  9999.00
 00034  1008.61    28.20    88.63     6.82   191.67    28.77  9999.00  9999.00  9999.00  9999.00
 00035  1003.26    32.09    68.26     5.00   184.91    31.31  9999.00  9999.00  9999.00  9999.00
 00036   775.51    15.25    77.84     0.97   335.80    22.16  9999.00  9999.00  9999.00  9999.00
 00037   962.47    25.13    93.70     2.01   112.71     3.41  9999.00  9999.00  9999.00  9999.00
 00038   989.62    30.85    64.30     3.38   241.61    26.13  9999.00  9999.00  9999.00  9999.00
 00039  1002.64    27.96    82.71     6.94   205.35    22.99  9999.00  9999.00  9999.00  9999.00
 00040  1001.45    29.42    73.92     5.50   227.87    26.50  9999.00  9999.00  9999.00  9999.00
 00041   964.49    23.54    83.76     1.45   133.08    27.09  9999.00  9999.00  9999.00  9999.00
 00042  1004.15    28.20    72.75     1.27   124.68    27.50  9999.00  9999.00  9999.00  9999.00
 00043   995.57    20.23    89.36     5.27    51.29     0.36  9999.00  9999.00  9999.00  9999.00
 00044   979.19    20.49    88.69     2.69    50.36     0.42  9999.00  9999.00  9999.00  9999.00
 00045  1001.45    29.42    73.92     5.50   227.87    26.50  9999.00  9999.00  9999.00  9999.00
 00046   936.73    27.34    70.42     4.89   223.89    25.29  9999.00  9999.00  9999.00  9999.00
 00047   997.95    21.28    95.17     3.20    57.38     2.42  9999.00  9999.00  9999.00  9999.00
 00048   609.23     6.87    73.67     0.97   178.13    26.07  9999.00  9999.00  9999.00  9999.00
 00049   579.83     8.40    64.51     1.98    31.45    22.46  9999.00  9999.00  9999.00  9999.00
 00050   994.69    30.22    79.95     3.85   196.84    20.55  9999.00  9999.00  9999.00  9999.00
