stn_id       p       t2      rh2      spd      dir      vis    rain6   rain24   tmax24   tmin24 
 00001   971.24    22.80    79.58     0.78   292.50    25.48  9999.00  9999.00  9999.00  9999.00
 00002   995.06    19.63    78.09     2.00   185.56    24.15  9999.00  9999.00  9999.00  9999.00
 00003   903.57    15.73    89.27     1.63    71.43    23.96  9999.00  9999.00  9999.00  9999.00
 00004   835.95    11.95    84.23     2.18   152.57    24.17  9999.00  9999.00  9999.00  9999.00
 00005   868.89    15.61    67.66     2.61   198.83    26.53  9999.00  9999.00  9999.00  9999.00
 00006   877.61    16.90    39.31     3.30   190.96    27.08  9999.00  9999.00  9999.00  9999.00
 00007  1004.51    13.54    76.34     1.95   101.04    25.81  9999.00  9999.00  9999.00  9999.00
 00008   989.76    13.65    68.64     2.74   167.48    26.71  9999.00  9999.00  9999.00  9999.00
 00009   944.04     2.75    91.48     2.60   219.51    33.19  9999.00  9999.00  9999.00  9999.00
 00010   970.04    11.18    92.24     0.88   105.93    30.26  9999.00  9999.00  9999.00  9999.00
 00011   996.32    15.36    58.35     4.94   176.97    27.50  9999.00  9999.00  9999.00  9999.00
 00012  1010.16    20.05    69.21     2.75   191.19    23.36  9999.00  9999.00  9999.00  9999.00
 00013  1008.37    21.42    88.40     3.66    21.38    23.41  9999.00  9999.00  9999.00  9999.00
 00014  1003.78    22.22    94.84     3.07   334.46    16.47  9999.00  9999.00  9999.00  9999.00
 00015   995.16    17.49    62.03     1.97   112.39    19.98  9999.00  9999.00  9999.00  9999.00
 00016   952.66    20.00    74.50     2.34   104.66    24.78  9999.00  9999.00  9999.00  9999.00
 00017   996.64    21.02    72.40     1.85   102.10    22.72  9999.00  9999.00  9999.00  9999.00
 00018  1007.86    20.90    88.18     3.22    29.50    23.24  9999.00  9999.00  9999.00  9999.00
 00019   936.17    21.02    83.32     0.98   288.81    27.28  9999.00  9999.00  9999.00  9999.00
 00020  1008.10    20.98    97.65     2.95   328.16    18.79  9999.00  9999.00  9999.00  9999.00
 00021   890.57    13.13    72.86     0.53    97.06    26.64  9999.00  9999.00  9999.00  9999.00
 00022  1013.45    18.42    57.58     2.58   185.33    21.07  9999.00  9999.00  9999.00  9999.00
 00023   917.16    14.13    59.24     3.13   214.15    23.10  9999.00  9999.00  9999.00  9999.00
 00024   940.69    15.70    43.68     1.13    91.71    25.15  9999.00  9999.00  9999.00  9999.00
 00025   796.46    17.80    71.44     2.75    89.96    24.82  9999.00  9999.00  9999.00  9999.00
 00026  1006.20    21.77    90.75     3.83     8.59    14.33  9999.00  9999.00  9999.00  9999.00
 00027  1003.44    21.21    93.82     2.65   348.53    11.11  9999.00  9999.00  9999.00  9999.00
 00028   974.23    20.90    86.66     2.11     2.83    22.49  9999.00  9999.00  9999.00  9999.00
 00029  1001.95    25.17    96.47     1.97   123.85    21.05  9999.00  9999.00  9999.00  9999.00
 00030   991.76    23.83    93.96     3.20    36.76    24.35  9999.00  9999.00  9999.00  9999.00
 00031   577.24     8.86    32.99     1.36   181.27    25.10  9999.00  9999.00  9999.00  9999.00
 00032   973.67    22.73    96.08     0.65   164.56    21.29  9999.00  9999.00  9999.00  9999.00
 00033  1003.79    22.64    99.43     2.98   259.12     2.52  9999.00  9999.00  9999.00  9999.00
 00034  1007.43    27.75    89.75     2.05   166.71    25.78  9999.00  9999.00  9999.00  9999.00
 00035  1002.89    25.28    98.44     1.63   315.72    13.00  9999.00  9999.00  9999.00  9999.00
 00036   777.95    16.93    65.96     0.72    85.76    24.45  9999.00  9999.00  9999.00  9999.00
 00037   964.16    22.68    96.53     0.64   112.71    23.29  9999.00  9999.00  9999.00  9999.00
 00038   991.50    23.75    96.28     0.34   107.07    25.46  9999.00  9999.00  9999.00  9999.00
 00039  1004.86    25.07    93.38     2.70   232.65    24.98  9999.00  9999.00  9999.00  9999.00
 00040  1002.81    25.01    93.44     1.31   243.18    25.89  9999.00  9999.00  9999.00  9999.00
 00041   967.26    20.54    95.22     1.67    12.05     7.06  9999.00  9999.00  9999.00  9999.00
 00042  1008.36    21.43    93.50     3.12    13.15    11.96  9999.00  9999.00  9999.00  9999.00
 00043   999.86    21.99    87.71     3.40    24.52    20.74  9999.00  9999.00  9999.00  9999.00
 00044   980.42    23.86    90.52     1.08    76.14    17.44  9999.00  9999.00  9999.00  9999.00
 00045  1002.81    25.01    93.44     1.31   243.18    25.89  9999.00  9999.00  9999.00  9999.00
 00046   938.64    22.64    98.86     0.91    33.96    12.81  9999.00  9999.00  9999.00  9999.00
 00047   997.52    23.06    98.67     0.76    43.29     3.41  9999.00  9999.00  9999.00  9999.00
 00048   608.10    10.86    31.58     0.66   168.66    29.71  9999.00  9999.00  9999.00  9999.00
 00049   581.32     4.91    97.11     0.88   176.02     7.99  9999.00  9999.00  9999.00  9999.00
 00050   997.26    24.47    94.13     1.55   250.81    24.56  9999.00  9999.00  9999.00  9999.00
