stn_id       p       t2      rh2      spd      dir      vis    rain6   rain24   tmax24   tmin24 
 00001   992.30     8.10    92.73     2.00   160.00     3.00     0.10     0.10    10.50     7.80
 00002  1012.50     0.00    92.94     1.00   200.00     2.80     0.00     0.00    11.80    -0.60
 00003   931.90    -3.00    96.32     1.00    90.00     4.60     0.00     0.00    10.00    -4.30
 00004   862.10    -5.00    75.73     0.00     0.00     7.00     0.00     0.00     6.10    -6.90
 00005  9999.00  9999.00  9999.00  9999.00  9999.00  9999.00  9999.00     0.00     3.00    -4.30
 00006   890.40    -7.40    50.61     2.00   220.00    29.00     0.00     0.00     5.50    -7.70
 00007  1017.80    -1.00    71.93     1.00   180.00    13.00     0.00     0.00     5.80    -2.10
 00008   992.70    -6.70    91.12     1.00   180.00     3.80     0.00     0.00     2.70   -11.90
 00009   969.20   -23.00    73.33     2.00   220.00    30.00     0.00     0.00    -6.30   -24.90
 00010   989.30    -3.60    47.99     1.00   250.00    10.00     0.00     0.00     1.50   -12.00
 00011  1006.60   -11.70    81.11     2.00   220.00     4.80     0.00     0.00    -0.90   -18.70
 00012  1019.50     1.60    56.00     2.00    70.00     8.00     0.00     0.00     9.10    -2.70
 00013  1022.00     3.50    81.82     4.00    90.00     7.00     0.00     0.00     6.70     3.20
 00014  1020.50     7.20    78.90     2.00   110.00    14.00     0.00     0.00    11.10     6.90
 00015  1004.60     3.90    63.82     1.00   140.00    16.00     0.00     0.00     7.20     1.90
 00016   972.70     4.00    87.99     1.00    20.00     2.70     0.00     0.10     7.70     2.80
 00017  1011.10     3.30    82.99     1.00   140.00     3.80     0.00     0.00     6.40     2.30
 00018  1023.30     3.10    86.65     3.00    40.00    10.00     0.00     0.00     6.10     2.00
 00019   952.90     5.10   100.00     0.00     0.00     2.90     0.00     2.00     8.90     3.70
 00020  1026.20     5.60    82.69     3.00    70.00    18.00     0.30     0.30     7.70     5.00
 00021   911.40    -8.90    74.08     1.00   160.00     1.00     0.00     0.00     2.00    -9.10
 00022  1024.00     0.10    88.28     2.00   160.00     2.60     0.00     0.00    10.30    -0.50
 00023   930.70    -2.50    44.59     4.00   200.00    30.00     0.00     0.00     6.40    -6.80
 00024   964.60    -8.90    69.55     2.00   140.00    10.00     0.00     0.00    -2.40   -12.40
 00025   811.70    10.80    98.01     2.00   250.00     8.00     0.00     0.00    19.20     9.70
 00026  1018.50     7.10    69.89     2.00    20.00     7.00     0.00     0.00    11.10     7.10
 00027  1009.80     5.20    88.73     3.00   340.00     4.40     0.00     0.00     7.00     4.90
 00028   989.30     4.20    99.30     1.00    90.00     2.00     0.40     2.60     5.50     4.20
 00029  1012.80    11.90    95.45     2.00   340.00     9.00     0.00     0.00    22.60    10.90
 00030  1001.50    14.40    76.78     2.00    70.00     3.50     0.00     0.00    19.80    14.10
 00031   622.20    -1.30    16.12     3.00   250.00    30.00     0.00     0.00     9.10    -1.30
 00032  1012.40    11.00    74.68     1.00   220.00    12.00     0.00     0.00    15.70     9.20
 00033  1011.50    18.70    84.76     2.00    90.00    18.00     0.00     0.00    22.80    16.60
 00034  1016.40    23.70    68.89     4.00    40.00    15.00     0.00     0.00    25.90    22.90
 00035  1016.40    16.70    98.10     0.00     0.00    12.00     0.00     0.00    23.40    15.30
 00036   837.10     8.40    59.04     0.00     0.00     9.00     0.00     0.00    20.20     8.40
 00037  1015.50    10.50    81.03     1.00    90.00    13.00     0.00     0.00    14.90     8.40
 00038  1013.90    11.30    83.95     1.00   290.00     8.00     0.00     0.00    18.20     9.70
 00039  1018.40    12.20    68.96     4.00    40.00    15.00     0.00     0.00    13.30    10.40
 00040  1013.80    14.20    82.06     3.00    40.00    10.00     0.00     0.00    14.30    11.70
 00041   816.70     0.20   100.00     4.00   200.00     4.60     0.00     0.00     4.60    -1.20
 00042  1020.40     5.40    85.05     4.00    70.00     6.00     0.00     0.10     7.40     5.00
 00043  1015.50     7.50    73.02     0.00     0.00     7.00     0.00     0.00    12.70     7.00
 00044  1009.00     9.50    61.06     1.00    40.00    18.00     0.00     0.00    14.60     6.30
 00045  1013.80    14.20    82.06     3.00    40.00    10.00     0.00     0.00    14.30    11.70
 00046   973.80     8.40    75.81     1.00   180.00    11.00     0.00     0.00    20.30     7.00
 00047  1019.40     8.90    78.05     2.00   270.00     6.00     0.00     0.00    13.00     7.60
 00048   649.00    -1.40    41.08     1.00   110.00    16.00     0.00     0.00    12.50    -1.50
 00049   597.30    -8.00    91.73     1.00   250.00    16.00     0.00     2.80     0.20    -8.40
 00050  1013.40    11.00    71.15     5.00    40.00    16.00     0.00     0.00    14.20    10.10
