stn_id       p       t2      rh2      spd      dir      vis    rain6   rain24   tmax24   tmin24 
 00001   992.10    12.60    68.09     1.00   340.00     7.00     0.00  9999.00  9999.00  9999.00
 00002  1010.30    13.00    40.96     3.00   160.00  9999.00     0.00  9999.00  9999.00  9999.00
 00003   929.60     9.30    42.01     1.00   320.00     7.00     0.00  9999.00  9999.00  9999.00
 00004   861.00     7.80    16.41     2.00   250.00    30.00     0.00  9999.00  9999.00  9999.00
 00005   888.60     6.20    46.76     4.00   180.00    12.00     0.00  9999.00  9999.00  9999.00
 00006   890.40     1.40    22.18     3.00   320.00    30.00     0.00  9999.00  9999.00  9999.00
 00007  1016.20     6.10    16.21     3.00   270.00    30.00     0.00  9999.00  9999.00  9999.00
 00008   991.10     2.40    24.17     5.00   290.00    10.00     0.00  9999.00  9999.00  9999.00
 00009   969.50    -8.20    27.51     6.00   320.00    30.00     0.00  9999.00  9999.00  9999.00
 00010   986.40     3.50    29.37     7.00   270.00    12.00     0.00  9999.00  9999.00  9999.00
 00011  1006.10    -3.70    70.83     3.00   340.00    21.00     0.00  9999.00  9999.00  9999.00
 00012  1017.90    10.20    31.76     2.00   200.00     7.00     0.00  9999.00  9999.00  9999.00
 00013  1020.10     5.10    79.71     2.00    70.00  9999.00     0.40  9999.00  9999.00  9999.00
 00014  1017.40     8.00    74.16     2.00    90.00     7.00     0.00  9999.00  9999.00  9999.00
 00015  1001.60    12.40    37.90     3.00   270.00    19.00     0.00  9999.00  9999.00  9999.00
 00016   972.10     9.70    56.88     1.00   340.00     6.00     0.00  9999.00  9999.00  9999.00
 00017  1009.20     9.10    58.81     3.00   140.00     5.00     0.00  9999.00  9999.00  9999.00
 00018  1021.60     4.10    89.27     1.00    20.00     6.00     4.00  9999.00  9999.00  9999.00
 00019   952.60    11.90    57.03     2.00   220.00    12.00     0.00  9999.00  9999.00  9999.00
 00020  1023.20     6.50    67.78     3.00    40.00    23.00     0.00  9999.00  9999.00  9999.00
 00021   913.60     1.40    49.03     2.00    70.00     3.40     0.00  9999.00  9999.00  9999.00
 00022  1022.00    10.20    48.98     2.00   220.00     6.00     0.00  9999.00  9999.00  9999.00
 00023   937.70     3.20    56.00     3.00   200.00    26.00     0.00  9999.00  9999.00  9999.00
 00024   966.70    -3.20    62.08     4.00   110.00    18.00     0.00  9999.00  9999.00  9999.00
 00025   810.20    18.40    36.88     5.00   250.00    22.00     0.00  9999.00  9999.00  9999.00
 00026  1015.80     9.10    64.09     2.00    40.00     8.00     0.00  9999.00  9999.00  9999.00
 00027  1008.30     6.10    85.12     5.00   320.00     4.70     0.00  9999.00  9999.00  9999.00
 00028   988.20     5.10    99.30     1.00    40.00     4.00     1.00  9999.00  9999.00  9999.00
 00029  1008.70    23.20    42.65     2.00   110.00    30.00     0.00  9999.00  9999.00  9999.00
 00030   997.90    21.90    57.90     5.00   180.00    10.00     0.00  9999.00  9999.00  9999.00
 00031   622.00     6.40     7.05     2.00   250.00    30.00     0.00  9999.00  9999.00  9999.00
 00032  1007.80    18.40    49.82     3.00   140.00    13.00     0.00  9999.00  9999.00  9999.00
 00033  1008.80    24.80    52.82     4.00    70.00    30.00     0.00  9999.00  9999.00  9999.00
 00034  1014.20    26.20    57.77     3.00    20.00    20.00     0.00  9999.00  9999.00  9999.00
 00035  1013.80    24.80    53.86     2.00    90.00    30.00     0.00  9999.00  9999.00  9999.00
 00036   834.10    25.00    18.80     4.00   180.00    27.00     0.00  9999.00  9999.00  9999.00
 00037  1010.40    19.40    50.77     3.00   110.00    15.00     0.00  9999.00  9999.00  9999.00
 00038  1009.40    22.40    47.90     3.00   160.00    16.00     0.00  9999.00  9999.00  9999.00
 00039  1014.80    14.30    71.76     6.00    70.00    17.00     0.00  9999.00  9999.00  9999.00
 00040  1010.20    17.20    66.74     6.00    90.00    13.00     0.00  9999.00  9999.00  9999.00
 00041   814.90    -0.80   100.00     6.00   270.00     2.50     0.70  9999.00  9999.00  9999.00
 00042  1018.20     6.00    90.05     3.00    40.00     3.80     0.10  9999.00  9999.00  9999.00
 00043  1013.10    10.10    62.97     0.00     0.00     8.00     0.00  9999.00  9999.00  9999.00
 00044  1006.30    12.10    56.68     2.00   340.00    15.00     0.00  9999.00  9999.00  9999.00
 00045  1010.20    17.20    66.74     6.00    90.00    13.00     0.00  9999.00  9999.00  9999.00
 00046   968.80    22.10    28.90     1.00   180.00    21.00     0.00  9999.00  9999.00  9999.00
 00047  1015.30    14.70    57.73     4.00   110.00    15.00     0.00  9999.00  9999.00  9999.00
 00048   648.80    10.30     9.06     2.00   270.00    30.00     0.00  9999.00  9999.00  9999.00
 00049   598.40    -0.40    68.80     5.00   220.00    24.00     0.00  9999.00  9999.00  9999.00
 00050  1009.80    15.10    63.66     6.00    70.00    18.00     0.00  9999.00  9999.00  9999.00
