stn_id       p       t2      rh2      spd      dir      vis    rain6   rain24   tmax24   tmin24 
 00001   962.90    32.30    64.83     2.31   138.40    26.95  9999.00  9999.00  9999.00  9999.00
 00002   986.46    33.86    53.68     2.49   138.07    27.47  9999.00  9999.00  9999.00  9999.00
 00003   898.13    32.92    33.05     1.73   211.51    26.04  9999.00  9999.00  9999.00  9999.00
 00004   832.93    28.48    30.44     3.97   247.51    25.08  9999.00  9999.00  9999.00  9999.00
 00005   865.11    27.24    44.20     3.51   205.48    26.23  9999.00  9999.00  9999.00  9999.00
 00006   874.62    27.00    41.77     1.61   146.79    25.84  9999.00  9999.00  9999.00  9999.00
 00007   997.81    27.91    69.58     4.07   208.31    25.17  9999.00  9999.00  9999.00  9999.00
 00008   981.51    25.90    67.88     6.62   240.66    20.67  9999.00  9999.00  9999.00  9999.00
 00009   940.20    26.03    39.68     1.20    38.71    35.17  9999.00  9999.00  9999.00  9999.00
 00010   961.43    27.26    56.59     2.97   265.05    26.54  9999.00  9999.00  9999.00  9999.00
 00011   986.00    22.40    70.59     7.03   255.94    27.05  9999.00  9999.00  9999.00  9999.00
 00012  1002.47    31.48    62.60     2.89   187.85    25.58  9999.00  9999.00  9999.00  9999.00
 00013  1004.98    31.13    69.82     1.97   203.08    27.85  9999.00  9999.00  9999.00  9999.00
 00014  1003.00    27.79    85.73     1.86   171.26     8.52  9999.00  9999.00  9999.00  9999.00
 00015   988.16    31.88    64.07     1.47   191.16    23.94  9999.00  9999.00  9999.00  9999.00
 00016   946.94    31.83    60.28     0.59   118.13    26.45  9999.00  9999.00  9999.00  9999.00
 00017   988.89    33.04    64.52     3.31   170.25    26.58  9999.00  9999.00  9999.00  9999.00
 00018  1003.48    30.88    75.96     1.38   156.73    19.44  9999.00  9999.00  9999.00  9999.00
 00019   930.39    27.08    73.54     1.20    41.66    26.26  9999.00  9999.00  9999.00  9999.00
 00020  1008.56    29.68    80.09     3.45   172.61    25.88  9999.00  9999.00  9999.00  9999.00
 00021   884.75    30.25    24.16     3.30   309.02    25.62  9999.00  9999.00  9999.00  9999.00
 00022  1005.58    32.16    56.74     3.53   157.45    24.10  9999.00  9999.00  9999.00  9999.00
 00023   912.74    25.95    21.44     2.34   251.31    21.24  9999.00  9999.00  9999.00  9999.00
 00024   935.22    25.53    25.64     7.72   294.69    23.24  9999.00  9999.00  9999.00  9999.00
 00025   795.43    21.63    70.17     3.09   233.13    24.85  9999.00  9999.00  9999.00  9999.00
 00026  1003.85    30.44    74.75     3.57   204.07    20.90  9999.00  9999.00  9999.00  9999.00
 00027   998.88    31.47    74.64     3.32   172.35    28.93  9999.00  9999.00  9999.00  9999.00
 00028   968.90    30.48    70.79     3.91   200.39    27.22  9999.00  9999.00  9999.00  9999.00
 00029  1004.00    30.29    69.11     1.37   204.70    30.12  9999.00  9999.00  9999.00  9999.00
 00030   992.63    30.23    68.07     2.38   177.21    31.83  9999.00  9999.00  9999.00  9999.00
 00031   576.38     7.15    71.23     2.01   236.41     8.82  9999.00  9999.00  9999.00  9999.00
 00032   974.57    28.88    70.41     1.11   190.49    21.72  9999.00  9999.00  9999.00  9999.00
 00033  1006.73    22.44    98.78     2.33    94.45     0.60  9999.00  9999.00  9999.00  9999.00
 00034  1008.97    27.34    85.52     1.28   239.86    33.93  9999.00  9999.00  9999.00  9999.00
 00035  1005.77    30.33    70.95     2.30   135.18    32.40  9999.00  9999.00  9999.00  9999.00
 00036   775.84    20.33    78.91     1.89   197.88    24.79  9999.00  9999.00  9999.00  9999.00
 00037   965.14    29.64    69.67     1.00   237.91    24.27  9999.00  9999.00  9999.00  9999.00
 00038   992.40    30.83    65.60     1.05   230.05    28.67  9999.00  9999.00  9999.00  9999.00
 00039  1005.62    28.26    77.57     4.34   185.83    27.73  9999.00  9999.00  9999.00  9999.00
 00040  1004.07    29.08    75.34     2.43   200.85    29.21  9999.00  9999.00  9999.00  9999.00
 00041   965.61    28.91    69.73     1.97   234.49    22.03  9999.00  9999.00  9999.00  9999.00
 00042  1005.10    30.95    68.13     1.44   224.16    28.05  9999.00  9999.00  9999.00  9999.00
 00043   997.77    30.41    72.93     2.82   217.65    26.61  9999.00  9999.00  9999.00  9999.00
 00044   980.37    28.87    80.66     1.17   217.77    26.82  9999.00  9999.00  9999.00  9999.00
 00045  1004.07    29.08    75.34     2.43   200.85    29.21  9999.00  9999.00  9999.00  9999.00
 00046   940.30    26.07    85.95     1.64   209.78    18.74  9999.00  9999.00  9999.00  9999.00
 00047   998.66    26.14    86.24     1.95   114.33     9.18  9999.00  9999.00  9999.00  9999.00
 00048   606.66    11.27    64.73     2.28   179.89    25.91  9999.00  9999.00  9999.00  9999.00
 00049   580.31     7.67    69.90     2.62   203.91    21.79  9999.00  9999.00  9999.00  9999.00
 00050   997.74    31.56    63.35     2.78   204.72    27.23  9999.00  9999.00  9999.00  9999.00
