stn_id       p       t2      rh2      spd      dir      vis    rain6   rain24   tmax24   tmin24 
 00001   990.70    15.30    51.80     1.00   360.00     6.00  9999.00  9999.00  9999.00  9999.00
 00002  1012.74    10.80    18.75     2.00   140.00     9.00  9999.00  9999.00  9999.00  9999.00
 00003   932.52    11.10    14.93     1.00   320.00    28.00  9999.00  9999.00  9999.00  9999.00
 00004   867.53     6.10    20.04     1.00    70.00    27.00  9999.00  9999.00  9999.00  9999.00
 00005   905.36     2.20    31.07     1.00   110.00    28.00  9999.00  9999.00  9999.00  9999.00
 00006   898.81    -3.80    40.99     3.00    70.00    28.00  9999.00  9999.00  9999.00  9999.00
 00007  1018.28     2.20    30.25     2.00   270.00    30.00  9999.00  9999.00  9999.00  9999.00
 00008   993.54    -4.90    67.84     3.00   270.00     4.40  9999.00  9999.00  9999.00  9999.00
 00009   975.59   -26.70    70.38     1.00   160.00  9999.00  9999.00  9999.00  9999.00  9999.00
 00010   990.10    -5.40    53.04     1.00   110.00     7.00  9999.00  9999.00  9999.00  9999.00
 00011  1001.17    -7.20    86.89     2.00   250.00     3.10  9999.00  9999.00  9999.00  9999.00
 00012  1019.11     9.40    19.70     2.00    40.00    24.00  9999.00  9999.00  9999.00  9999.00
 00013  1019.35    17.20    27.76     1.00   180.00    15.00  9999.00  9999.00  9999.00  9999.00
 00014  1015.51    16.10    49.90     1.00   180.00    11.00  9999.00  9999.00  9999.00  9999.00
 00015  1001.62     9.90    47.83     2.00    40.00     3.10  9999.00  9999.00  9999.00  9999.00
 00016   970.77    11.10    37.79     1.00    20.00  9999.00  9999.00  9999.00  9999.00  9999.00
 00017  1007.66    13.00    26.77     1.00    90.00  9999.00  9999.00  9999.00  9999.00  9999.00
 00018  1015.85    18.70    27.77     2.00   180.00    23.00  9999.00  9999.00  9999.00  9999.00
 00019   952.01    12.10    64.76     1.00   180.00     3.00  9999.00  9999.00  9999.00  9999.00
 00020  1020.31    15.50    35.84     3.00   160.00    12.00  9999.00  9999.00  9999.00  9999.00
 00021   916.67    -4.50    69.01     2.00    20.00     1.50  9999.00  9999.00  9999.00  9999.00
 00022  1022.39    10.00    19.79     1.00    20.00    18.00  9999.00  9999.00  9999.00  9999.00
 00023   936.54     2.80    72.13     4.00   140.00    30.00  9999.00  9999.00  9999.00  9999.00
 00024   967.35    -4.70    68.96     3.00   110.00    24.00  9999.00  9999.00  9999.00  9999.00
 00025  9999.00  9999.00  9999.00  9999.00  9999.00  9999.00  9999.00  9999.00  9999.00  9999.00
 00026  1014.67    19.00    35.81     1.00   200.00    14.00  9999.00  9999.00  9999.00  9999.00
 00027  1010.82    19.80    38.92     2.00   140.00    23.00  9999.00  9999.00  9999.00  9999.00
 00028   986.92    21.20    28.87     1.00   200.00    19.00  9999.00  9999.00  9999.00  9999.00
 00029  1014.74    15.60    90.73     3.00   360.00     8.00  9999.00  9999.00  9999.00  9999.00
 00030  1003.59    17.10    81.88     2.00   110.00     7.00  9999.00  9999.00  9999.00  9999.00
 00031   626.10     4.30     5.22     2.00   140.00    30.00  9999.00  9999.00  9999.00  9999.00
 00032  1012.55    16.70    54.00     2.00   200.00    12.00  9999.00  9999.00  9999.00  9999.00
 00033  1015.79    16.30    96.22     4.00    20.00     1.70  9999.00  9999.00  9999.00  9999.00
 00034  1012.70    26.00    86.00     3.00    70.00    10.00  9999.00  9999.00  9999.00  9999.00
 00035  1013.67    18.60    96.89     2.00   340.00     2.50  9999.00  9999.00  9999.00  9999.00
 00036   839.40    16.90    34.93     1.00   160.00     4.50  9999.00  9999.00  9999.00  9999.00
 00037  1016.56    16.70    54.75     1.00    20.00    13.00  9999.00  9999.00  9999.00  9999.00
 00038  1017.50    18.40    46.83     2.00   340.00    15.00  9999.00  9999.00  9999.00  9999.00
 00039  1018.42    16.90    70.81     2.00    70.00     9.00  9999.00  9999.00  9999.00  9999.00
 00040  1014.39    18.10    63.88     7.00    70.00    12.00  9999.00  9999.00  9999.00  9999.00
 00041   819.80     8.50     4.56     3.00   220.00    30.00  9999.00  9999.00  9999.00  9999.00
 00042  1017.97    20.00    21.93     1.00    70.00    30.00  9999.00  9999.00  9999.00  9999.00
 00043  1016.88    18.60    46.89     0.00     0.00    11.00  9999.00  9999.00  9999.00  9999.00
 00044  1011.83    19.00    23.87     0.00   320.00    27.00  9999.00  9999.00  9999.00  9999.00
 00045  1014.39    18.10    63.88     7.00    70.00    12.00  9999.00  9999.00  9999.00  9999.00
 00046   979.00    15.80    53.77     0.00     0.00    10.00  9999.00  9999.00  9999.00  9999.00
 00047  1018.91    14.80    58.97     3.00    90.00    11.00  9999.00  9999.00  9999.00  9999.00
 00048   655.30     6.10     4.46     0.00   320.00    29.00  9999.00  9999.00  9999.00  9999.00
 00049   600.20     1.70    28.08     4.00   220.00    30.00  9999.00  9999.00  9999.00  9999.00
 00050  1018.32    16.80    64.03     5.00    70.00    16.00  9999.00  9999.00  9999.00  9999.00
