stn_id       p       t2      rh2      spd      dir      vis    rain6   rain24   tmax24   tmin24 
 00001   964.29    27.91    61.10     0.74   155.22    22.92  9999.00  9999.00  9999.00  9999.00
 00002   991.72    25.39    22.88     1.93    78.89    20.02  9999.00  9999.00  9999.00  9999.00
 00003   898.63    24.00    31.35     2.57   194.42    18.32  9999.00  9999.00  9999.00  9999.00
 00004   831.67    18.19    33.95     3.26   225.59    16.53  9999.00  9999.00  9999.00  9999.00
 00005   865.70    17.09    32.21     3.36   208.09    16.04  9999.00  9999.00  9999.00  9999.00
 00006   873.94    20.45    11.55     6.38   213.35    15.72  9999.00  9999.00  9999.00  9999.00
 00007  1003.20    16.82    48.14     1.66   326.61    19.68  9999.00  9999.00  9999.00  9999.00
 00008   986.65    13.71    28.96     2.59   296.38    21.40  9999.00  9999.00  9999.00  9999.00
 00009   938.96     0.72    35.98     2.01   311.89    36.08  9999.00  9999.00  9999.00  9999.00
 00010   962.68    12.01    68.04     3.87   301.57    21.95  9999.00  9999.00  9999.00  9999.00
 00011   991.86    12.27    26.31     4.37   299.33    23.36  9999.00  9999.00  9999.00  9999.00
 00012  1007.87    25.41    19.44     2.13   173.91    18.45  9999.00  9999.00  9999.00  9999.00
 00013  1004.79    21.66    93.08     2.95    72.42     8.57  9999.00  9999.00  9999.00  9999.00
 00014  1000.95    26.17    76.53     0.95   211.97    21.15  9999.00  9999.00  9999.00  9999.00
 00015   991.09    24.51    46.32     4.63    68.22    19.37  9999.00  9999.00  9999.00  9999.00
 00016   948.21    26.94    46.64     1.63   163.65    19.53  9999.00  9999.00  9999.00  9999.00
 00017   990.65    27.40    36.43     4.70    53.55    20.45  9999.00  9999.00  9999.00  9999.00
 00018  1001.59    22.21    86.65     5.02    95.09     5.29  9999.00  9999.00  9999.00  9999.00
 00019   929.52    28.98    43.61     0.99   176.14    24.46  9999.00  9999.00  9999.00  9999.00
 00020  1006.88    26.76    71.90     2.17   116.29    21.42  9999.00  9999.00  9999.00  9999.00
 00021   896.08     1.62    86.20     5.91   207.53     6.86  9999.00  9999.00  9999.00  9999.00
 00022  1011.39    22.20    40.23     5.78   140.55    18.51  9999.00  9999.00  9999.00  9999.00
 00023   926.92     3.88    41.87     8.82   284.58    25.22  9999.00  9999.00  9999.00  9999.00
 00024   949.53     2.58    32.09    12.51   289.73    28.81  9999.00  9999.00  9999.00  9999.00
 00025   791.53    28.50    18.00     5.33   266.04    24.78  9999.00  9999.00  9999.00  9999.00
 00026   999.35    23.47    91.92     4.15   199.66     1.04  9999.00  9999.00  9999.00  9999.00
 00027   995.68    24.60    87.42     2.53   278.85    21.66  9999.00  9999.00  9999.00  9999.00
 00028   966.31    24.34    81.92     2.22     4.95    20.32  9999.00  9999.00  9999.00  9999.00
 00029  1000.05    28.77    75.12     3.78   187.45    20.94  9999.00  9999.00  9999.00  9999.00
 00030   985.91    32.36    67.28     4.21   171.46    27.85  9999.00  9999.00  9999.00  9999.00
 00031   573.77    10.68    10.31     3.76   255.72    26.10  9999.00  9999.00  9999.00  9999.00
 00032   973.66    23.23    84.84     2.00   182.58    16.15  9999.00  9999.00  9999.00  9999.00
 00033  1001.08    28.22    71.74     3.98   172.34    27.19  9999.00  9999.00  9999.00  9999.00
 00034  1008.03    28.40    80.29     8.05   195.11    29.12  9999.00  9999.00  9999.00  9999.00
 00035  1001.68    32.68    59.76     7.03   189.77    27.05  9999.00  9999.00  9999.00  9999.00
 00036   772.95    23.05    38.97     0.99   137.47    23.71  9999.00  9999.00  9999.00  9999.00
 00037   964.02    23.62    85.38     1.59   165.14    18.98  9999.00  9999.00  9999.00  9999.00
 00038   991.20    26.27    81.53     1.89   148.57    22.08  9999.00  9999.00  9999.00  9999.00
 00039  1005.26    25.34    87.34     4.76   181.55    15.45  9999.00  9999.00  9999.00  9999.00
 00040  1002.69    26.78    84.40     5.12   191.18    19.28  9999.00  9999.00  9999.00  9999.00
 00041   962.87    21.00    90.43     2.05   113.80     0.88  9999.00  9999.00  9999.00  9999.00
 00042  1003.80    22.25    88.35     4.32    63.62     9.35  9999.00  9999.00  9999.00  9999.00
 00043   993.51    23.80    89.09     4.67   197.93     8.93  9999.00  9999.00  9999.00  9999.00
 00044   976.83    24.06    84.93     1.60    60.62     1.20  9999.00  9999.00  9999.00  9999.00
 00045  1002.69    26.78    84.40     5.12   191.18    19.28  9999.00  9999.00  9999.00  9999.00
 00046   936.89    22.32    92.00     2.93   173.97    14.10  9999.00  9999.00  9999.00  9999.00
 00047   997.64    22.90    91.77     4.83   153.28    10.75  9999.00  9999.00  9999.00  9999.00
 00048   605.20    11.54    26.42     1.57    43.92    29.47  9999.00  9999.00  9999.00  9999.00
 00049   578.85     3.89    61.07     2.36   214.09    24.41  9999.00  9999.00  9999.00  9999.00
 00050   997.54    25.18    83.32     4.50   189.81    18.16  9999.00  9999.00  9999.00  9999.00
