stn_id       p       t2      rh2      spd      dir      vis    rain6   rain24   tmax24   tmin24 
 00001   988.10    13.10    96.13     1.00   250.00     1.70     1.00     1.00    21.20    12.20
 00002  1015.40     6.30    81.03     2.00   320.00     4.70     0.00     0.00    12.20     5.20
 00003   933.40     3.80    71.80     2.00    20.00     4.60     0.00     0.00    13.20     2.20
 00004   863.70    -6.00    65.27     1.00   270.00    14.00     0.00     0.00     8.10    -8.80
 00005   892.00    -4.20    15.82     2.00   320.00    30.00     0.00     0.00     5.80    -7.90
 00006   891.60    -6.30    22.61     6.00   250.00    30.00     0.00     0.00     1.40    -8.40
 00007  1015.10     1.70    44.03     0.00     0.00    19.00     0.00     0.00     9.40    -5.20
 00008   989.50    -0.40    47.74     3.00   250.00     6.00     0.00     0.00     6.10    -2.70
 00009   958.00    -9.30    58.19     1.00   360.00    13.00     0.00     0.00     1.60   -11.50
 00010   987.20    -1.60    62.00     1.00    40.00    14.00     0.00     0.00     7.20    -6.50
 00011  1001.30    -1.40    44.17     3.00   250.00    15.00     0.00     0.00     5.20    -7.90
 00012  1020.60     7.90    16.46     1.00   320.00    29.00     0.00     0.00    10.10     0.00
 00013  1021.70     7.00    75.04     2.00    70.00    10.00     0.00     0.20     7.00     5.40
 00014  1019.70     7.80    87.11     3.00   360.00     4.60     0.00     8.00     9.70     7.80
 00015  1005.20     6.80    68.83     1.00   140.00     7.00     0.00     0.00    12.20     4.80
 00016   972.30     6.60    86.99     0.00     0.00     5.00     0.00     0.00     8.70     3.60
 00017  1012.10     4.80    80.82     0.00    90.00     4.50     0.00     0.00     7.70     3.20
 00018  1023.40     6.70    82.82     3.00    40.00    16.00     0.00     0.00     6.70     5.80
 00019   950.00    11.70    88.06     1.00   290.00     8.00     0.00     0.00    15.20    11.70
 00020  1024.30     7.70    80.09     2.00   320.00    15.00     0.00    11.00     8.40     7.20
 00021   904.80     3.40    89.85     1.00   360.00  9999.00     0.00     0.00    13.10     3.40
 00022  1024.70     5.80    61.95     3.00   290.00  9999.00     0.00     0.10     8.90     1.50
 00023   931.00    -0.30    95.70     2.00   290.00     3.80     0.00     2.00     4.70    -0.70
 00024   959.80     0.00    95.01     0.00     0.00    14.00     0.00     2.10     2.50    -1.00
 00025   811.30    12.20    56.68     2.00   200.00    17.00     0.00     0.00    22.60    10.90
 00026  1017.80     9.00    79.16     3.00   360.00    11.00     0.00     1.00    10.40     8.60
 00027  1009.30     6.60    93.30     1.00   340.00     4.60     1.00     1.40     6.80     5.00
 00028   987.50     6.40    90.71     1.00   290.00     8.00     0.00     0.00     7.10     5.90
 00029  1008.70    18.80    95.68     1.00   360.00     6.00     0.00     0.00    27.60    17.50
 00030   997.60    20.50    88.78     3.00    90.00    10.00     0.00     0.00    26.40    18.90
 00031   624.20    -1.70    38.02     2.00   200.00    30.00     0.00     0.00     8.10    -1.70
 00032  1010.10    14.50    81.01     2.00    70.00    13.00     0.00     0.00    26.30    14.50
 00033  1008.10    21.40    95.16     2.00   110.00     6.00     0.00     0.00    26.80    20.90
 00034  1014.20    24.70    81.75     2.00    90.00    17.00     0.00     0.00    27.80    23.10
 00035  1013.20    20.30    96.93     0.00     0.00     7.00     0.00     0.00    26.90    19.40
 00036   836.40    17.60    28.88     2.00   250.00    22.00     0.00     0.00    26.80    14.50
 00037  1013.20    14.50    84.87     3.00   160.00     8.00     0.00     0.00    25.80    14.40
 00038  1011.60    18.10    85.79     3.00   110.00     3.30     0.00     0.00    26.90    16.50
 00039  1016.60    15.20    90.12     5.00    70.00     6.00     0.00     0.00    18.80    15.20
 00040  1011.50    16.10    94.98    12.00    40.00     6.00     0.00     0.00    20.60    16.10
 00041   817.10     2.30   100.00     1.00   290.00     0.00     0.00     1.50     6.20     1.80
 00042  1020.40     7.10    87.04     2.00    70.00     8.00     0.00     1.00     7.40     6.20
 00043  1015.20     9.20   100.00     1.00    70.00     6.00     0.00     8.10    11.60     8.50
 00044  1008.90     8.90    97.32     2.00   200.00     3.00     0.80     4.30    13.90     8.90
 00045  1011.50    16.10    94.98    12.00    40.00     6.00     0.00     0.00    20.60    16.10
 00046   972.10    12.90    84.70     3.00    20.00    16.00     0.00     0.00    23.10    12.60
 00047  1016.50    13.30    73.06     3.00   110.00    11.00     0.00     0.00    21.10    13.10
 00048   651.70     3.70    49.67     0.00    90.00    30.00     0.00     0.00    13.60     2.50
 00049   599.30    -5.00    85.11     2.00   270.00    30.00     0.60     0.90     2.50    -5.00
 00050  1011.80    14.60    86.01     5.00    40.00  9999.00     0.00     0.00    21.10    14.30
