stn_id       p       t2      rh2      spd      dir      vis    rain6   rain24   tmax24   tmin24 
 00001   977.12    18.23    74.71     0.86   304.24    22.51     0.10     0.40    19.48    13.52
 00002   996.98    17.12    61.15     0.28   265.84    23.39     0.00     0.00    20.99     7.44
 00003   904.75    13.50    49.74     0.76   281.15    22.15     0.00     0.00    18.66     4.56
 00004   836.65     6.43    72.95     2.46   199.80    22.14     0.01     0.03    15.21     3.45
 00005   870.13    10.07    68.42     2.17   135.50    24.56     0.00     0.00    15.43     4.14
 00006   879.07    10.93    38.55     5.90   210.64    25.45     0.00     0.00    18.70     5.49
 00007  1009.56     9.12    85.35     2.79   140.66    25.93     0.00     0.00    16.67     4.01
 00008   995.74     5.03    64.13     3.03   109.53    28.40     0.00     0.00    12.79    -0.29
 00009   945.34     0.80    59.12     3.04   165.21    35.90     0.00     0.00     8.94    -4.76
 00010   975.50     1.52    65.82     0.87   256.94    28.57     0.00     0.00     9.06    -3.57
 00011  1004.48     2.35    72.76     2.24   132.44    30.60     0.00     0.00    10.75    -2.32
 00012  1012.87    13.41    78.91     1.32    83.93    23.40     0.00     0.00    20.38     5.50
 00013  1015.28    16.52    72.11     3.29   124.65    20.79     0.00     0.04    22.38    14.48
 00014  1012.48    17.33    77.44     2.42    82.52    20.73     0.07     0.14    21.54    13.92
 00015   998.08    15.94    72.28     1.83   157.35    20.30     0.00     0.00    22.91    12.82
 00016   957.37    15.10    74.54     1.03   187.32    21.07     0.00     0.16    20.50     9.08
 00017   998.93    15.66    87.41     2.44   180.75    20.44     0.00     0.00    23.99    11.76
 00018  1013.25    17.92    85.06     2.32    96.34    20.37     0.00     0.02    23.09    15.46
 00019   941.61    15.70    84.42     0.56    87.17    25.08     0.11     0.54    17.76    12.10
 00020  1019.51    14.27    86.49     2.25   104.65    20.41     0.00     0.01    21.16    12.69
 00021   893.80     4.06    85.67     1.59   202.89    29.11     0.00     4.46     9.33     3.09
 00022  1015.59    15.66    78.64     1.89   133.82    21.92     0.00     0.00    22.01     8.17
 00023   919.89     3.82    82.08     1.07   127.90     6.06     0.41     1.00     5.32     0.63
 00024   948.76     2.01    54.58     1.47   104.46    26.61     0.00     0.57     4.15    -1.98
 00025   796.62    14.80    82.05     1.62   208.73    21.26     0.30     2.03    19.34    13.30
 00026  1012.14    18.73    91.82     1.78    52.35    20.58     0.00     5.74    21.55    17.64
 00027  1008.51    19.04    91.34     1.90   324.95    20.73     0.02     0.73    21.66    17.33
 00028   978.18    18.09    76.18     1.18   319.46    20.29     0.20     0.20    21.67    13.90
 00029  1008.45    22.41    95.02     2.50    27.91     3.02    10.70    13.14    26.89    21.66
 00030   998.34    20.81    93.32     2.19   346.95    17.96     3.12    37.80    22.95    20.02
 00031   572.78     0.07    17.13     3.21   260.64    30.79     0.00     0.00     6.36    -6.87
 00032   982.31    17.75    85.37     2.19    46.69     6.98     1.37     7.66    18.96    16.59
 00033  1009.82    22.92    96.80     1.45   168.90     0.22     0.18    11.95    23.59    21.35
 00034  1011.85    28.13    76.65     3.04    43.00    29.89     0.06     3.98    28.14    26.17
 00035  1009.11    24.63    95.93     0.57   253.17    15.54     3.66    13.76    29.07    23.82
 00036   778.06    12.06    80.31     0.86    72.56    21.00     1.05     3.09    15.57     9.18
 00037   972.60    17.95    85.76     1.66    58.96     6.64     0.93     6.33    19.18    16.77
 00038   999.27    20.09    94.56     0.90    90.49     3.37     1.95    18.63    22.48    19.78
 00039  1012.59    21.79    85.51     8.36    29.53     5.74     3.18    13.22    23.43    21.28
 00040  1010.32    22.06    80.30     6.01    40.24    16.39     0.02     2.43    24.21    21.50
 00041   973.46    16.09    84.01     1.14   105.84    19.69     0.15     0.82    21.39    13.98
 00042  1014.80    18.00    80.49     3.01   102.97    20.60     0.03     0.16    22.87    15.80
 00043  1005.65    18.81    91.34     1.60    33.67    21.05     0.16     1.16    23.53    18.40
 00044   987.73    16.88    93.41     1.44    86.30    16.43     5.90    20.48    18.59    15.67
 00045  1010.32    22.06    80.30     6.01    40.24    16.39     0.02     2.43    24.21    21.50
 00046   945.10    18.22    99.76     0.59    78.18     2.56     6.83    33.68    19.80    18.22
 00047  1007.36    19.29    78.90     2.07    55.19    20.45     0.39     0.45    20.85    17.26
 00048   605.46     1.71    51.40     1.69   131.74    33.45     0.20     0.27     4.61    -7.56
 00049   577.61    -2.92    89.40     1.43   195.97    25.59     0.09     0.21     2.67    -8.19
 00050  1005.26    19.32    93.65     4.88    21.30     2.14     3.95    13.37    23.42    19.12
