stn_id       p       t2      rh2      spd      dir      vis    rain6   rain24   tmax24   tmin24 
 00001   976.92    18.22    91.63     0.68    68.37    12.75  9999.00  9999.00  9999.00  9999.00
 00002  1001.02    16.74    60.41     1.83    84.19    23.33  9999.00  9999.00  9999.00  9999.00
 00003   907.64    15.62    36.41     1.87   266.64    22.12  9999.00  9999.00  9999.00  9999.00
 00004   840.01     8.81    41.60     1.70   292.66    22.14  9999.00  9999.00  9999.00  9999.00
 00005   874.19    12.06    28.13     2.32   202.35    24.64  9999.00  9999.00  9999.00  9999.00
 00006   884.08    10.98    20.38     2.17   265.99    25.61  9999.00  9999.00  9999.00  9999.00
 00007  1010.50     7.58    45.21     2.34     6.40    25.79  9999.00  9999.00  9999.00  9999.00
 00008   994.48     4.98    39.67     2.08   317.21    28.10  9999.00  9999.00  9999.00  9999.00
 00009   946.26    -3.45    37.57     2.66   263.99    35.31  9999.00  9999.00  9999.00  9999.00
 00010   969.70     5.62    42.23     3.35   292.55    28.21  9999.00  9999.00  9999.00  9999.00
 00011  1000.91     4.36    48.65     2.38   282.32    30.13  9999.00  9999.00  9999.00  9999.00
 00012  1016.64    14.53    45.07     1.99   190.88    23.35  9999.00  9999.00  9999.00  9999.00
 00013  1013.55    23.68    60.40     1.05   267.16    21.04  9999.00  9999.00  9999.00  9999.00
 00014  1010.12    21.97    79.11     1.58    36.65    21.10  9999.00  9999.00  9999.00  9999.00
 00015   999.96    18.95    41.68     2.62    53.17    20.25  9999.00  9999.00  9999.00  9999.00
 00016   960.67    19.79    71.64     0.42   300.44    21.20  9999.00  9999.00  9999.00  9999.00
 00017  1001.12    20.98    56.38     1.88    46.43    20.55  9999.00  9999.00  9999.00  9999.00
 00018  1012.29    24.00    63.70     0.63   302.61    20.59  9999.00  9999.00  9999.00  9999.00
 00019   942.47    17.83    73.14     0.83   270.84    25.80  9999.00  9999.00  9999.00  9999.00
 00020  1016.17    20.99    82.22     1.44    84.97    20.60  9999.00  9999.00  9999.00  9999.00
 00021   888.09    15.99    30.36     3.99   125.75    28.32  9999.00  9999.00  9999.00  9999.00
 00022  1019.84    15.14    42.58     2.21   172.51    21.83  9999.00  9999.00  9999.00  9999.00
 00023   914.10    14.95    44.84     1.26   322.37    23.59  9999.00  9999.00  9999.00  9999.00
 00024   940.10    12.84    36.35     7.22   120.81    25.89  9999.00  9999.00  9999.00  9999.00
 00025   796.59    18.79    71.01     1.66   191.19    22.40  9999.00  9999.00  9999.00  9999.00
 00026  1011.36    22.60    81.69     0.74   178.63     9.53  9999.00  9999.00  9999.00  9999.00
 00027  1008.39    19.87    95.38     1.43   306.65    13.63  9999.00  9999.00  9999.00  9999.00
 00028   978.41    18.32    92.98     2.03   254.36    15.86  9999.00  9999.00  9999.00  9999.00
 00029  1006.95    28.04    69.68     0.97   160.01    23.95  9999.00  9999.00  9999.00  9999.00
 00030   995.74    28.45    68.92     1.62   134.55    26.20  9999.00  9999.00  9999.00  9999.00
 00031   572.57     3.92    13.54     2.76   251.04    30.49  9999.00  9999.00  9999.00  9999.00
 00032   979.94    19.67    92.61     1.32    44.18     5.82  9999.00  9999.00  9999.00  9999.00
 00033  1009.05    22.02    95.13     5.11    78.44     0.61  9999.00  9999.00  9999.00  9999.00
 00034  1010.64    28.18    81.43     2.34   162.25    30.26  9999.00  9999.00  9999.00  9999.00
 00035  1008.21    25.75    90.36     3.09    64.70     9.35  9999.00  9999.00  9999.00  9999.00
 00036   778.38    12.29    84.26     1.52   319.73    11.40  9999.00  9999.00  9999.00  9999.00
 00037   970.32    19.81    95.67     0.91    59.84     4.45  9999.00  9999.00  9999.00  9999.00
 00038   996.36    25.51    78.99     1.46   210.65    21.17  9999.00  9999.00  9999.00  9999.00
 00039  1010.14    24.39    81.18     7.46    48.03    22.09  9999.00  9999.00  9999.00  9999.00
 00040  1007.78    25.57    76.78     3.81   107.13    23.32  9999.00  9999.00  9999.00  9999.00
 00041   972.37    21.10    73.71     1.33    20.13    20.02  9999.00  9999.00  9999.00  9999.00
 00042  1013.54    22.15    74.03     1.84    10.24    20.88  9999.00  9999.00  9999.00  9999.00
 00043  1005.29    21.25    93.21     0.52   278.51     3.18  9999.00  9999.00  9999.00  9999.00
 00044   986.49    20.56    90.55     0.96    69.91     9.39  9999.00  9999.00  9999.00  9999.00
 00045  1007.78    25.57    76.78     3.81   107.13    23.32  9999.00  9999.00  9999.00  9999.00
 00046   943.88    20.72    90.70     1.78   304.06    13.78  9999.00  9999.00  9999.00  9999.00
 00047  1004.51    20.45    95.61     1.91    34.03     2.64  9999.00  9999.00  9999.00  9999.00
 00048   603.91     6.10    25.80     1.38   199.52    33.66  9999.00  9999.00  9999.00  9999.00
 00049   577.40     0.71    46.39     3.13   212.83    28.16  9999.00  9999.00  9999.00  9999.00
 00050  1002.65    24.48    71.44     4.52    49.82    21.46  9999.00  9999.00  9999.00  9999.00
