stn_id       p       t2      rh2      spd      dir      vis    rain6   rain24   tmax24   tmin24 
 00001   974.94    19.31    68.08     0.59   223.05    22.47  9999.00  9999.00  9999.00  9999.00
 00002   995.42    18.40    62.40     1.61   121.94    23.36  9999.00  9999.00  9999.00  9999.00
 00003   903.37    16.29    51.66     1.58   172.56    22.12  9999.00  9999.00  9999.00  9999.00
 00004   835.32    11.73    57.33     1.83   230.40    22.11  9999.00  9999.00  9999.00  9999.00
 00005   869.10    13.14    54.77     1.90   206.45    24.55  9999.00  9999.00  9999.00  9999.00
 00006   877.81    13.63    23.03     2.80   203.45    25.41  9999.00  9999.00  9999.00  9999.00
 00007  1008.33    11.15    77.67     2.37    63.35    25.91  9999.00  9999.00  9999.00  9999.00
 00008   994.89     7.55    54.16     2.64    94.71    28.37  9999.00  9999.00  9999.00  9999.00
 00009   945.64     2.11    54.63     2.49   135.01    35.87  9999.00  9999.00  9999.00  9999.00
 00010   974.26     6.21    48.52     1.22    77.22    28.53  9999.00  9999.00  9999.00  9999.00
 00011  1003.89     4.95    61.98     2.16    96.41    30.56  9999.00  9999.00  9999.00  9999.00
 00012  1011.32    19.44    53.48     0.84   135.30    23.37  9999.00  9999.00  9999.00  9999.00
 00013  1013.71    19.32    68.06     2.81   120.88    20.80  9999.00  9999.00  9999.00  9999.00
 00014  1011.04    19.41    71.97     2.33    75.27    20.74  9999.00  9999.00  9999.00  9999.00
 00015   996.67    19.28    55.52     1.62   181.19    20.27  9999.00  9999.00  9999.00  9999.00
 00016   955.37    19.49    66.95     0.61   150.96    21.04  9999.00  9999.00  9999.00  9999.00
 00017   997.12    21.27    63.60     2.07   171.03    20.41  9999.00  9999.00  9999.00  9999.00
 00018  1011.67    21.04    74.64     1.63    96.14    20.36  9999.00  9999.00  9999.00  9999.00
 00019   939.07    17.13    72.58     1.18   173.41    25.17  9999.00  9999.00  9999.00  9999.00
 00020  1018.25    17.42    73.09     2.10   121.58    20.40  9999.00  9999.00  9999.00  9999.00
 00021   893.96     6.95    74.63     2.16   194.12    29.08  9999.00  9999.00  9999.00  9999.00
 00022  1014.13    18.76    65.76     2.07   185.78    21.90  9999.00  9999.00  9999.00  9999.00
 00023   920.68     5.20    71.39     2.34    60.91    19.19  9999.00  9999.00  9999.00  9999.00
 00024   949.13     3.25    39.38     0.76   272.32    26.58  9999.00  9999.00  9999.00  9999.00
 00025   794.85    18.51    62.54     2.93   252.34    22.41  9999.00  9999.00  9999.00  9999.00
 00026  1010.60    20.58    81.35     2.63    39.03    20.60  9999.00  9999.00  9999.00  9999.00
 00027  1006.90    21.21    81.98     2.24   326.45    20.43  9999.00  9999.00  9999.00  9999.00
 00028   976.14    20.61    66.80     1.83   345.60    20.28  9999.00  9999.00  9999.00  9999.00
 00029  1007.02    23.52    94.40     1.83   291.79     1.07  9999.00  9999.00  9999.00  9999.00
 00030   996.39    21.45    89.74     2.96    20.44    18.47  9999.00  9999.00  9999.00  9999.00
 00031   571.94     6.16    12.97     3.79   259.04    30.75  9999.00  9999.00  9999.00  9999.00
 00032   980.64    18.27    86.40     2.27    58.43    11.30  9999.00  9999.00  9999.00  9999.00
 00033  1008.23    23.05    96.77     1.68   186.08     2.09  9999.00  9999.00  9999.00  9999.00
 00034  1010.06    27.97    78.05     1.80    71.51    29.21  9999.00  9999.00  9999.00  9999.00
 00035  1007.48    26.24    84.93     0.82   253.07    10.77  9999.00  9999.00  9999.00  9999.00
 00036   775.84    14.85    63.54     0.80   203.01    22.59  9999.00  9999.00  9999.00  9999.00
 00037   970.93    18.40    87.25     1.59    71.50    13.20  9999.00  9999.00  9999.00  9999.00
 00038   997.37    21.42    86.40     1.42    61.80    16.35  9999.00  9999.00  9999.00  9999.00
 00039  1011.22    22.06    82.91     7.83    29.91     6.35  9999.00  9999.00  9999.00  9999.00
 00040  1008.33    23.34    78.38     6.33    49.29    23.16  9999.00  9999.00  9999.00  9999.00
 00041   972.04    18.11    73.75     1.17   126.72    19.68  9999.00  9999.00  9999.00  9999.00
 00042  1013.19    20.82    74.85     2.30    90.31    20.61  9999.00  9999.00  9999.00  9999.00
 00043  1003.83    21.75    79.54     2.27    26.03    21.01  9999.00  9999.00  9999.00  9999.00
 00044   986.61    17.06    90.57     2.03    58.87     6.64  9999.00  9999.00  9999.00  9999.00
 00045  1008.33    23.34    78.38     6.33    49.29    23.16  9999.00  9999.00  9999.00  9999.00
 00046   943.23    18.40    99.46     1.06   119.19     1.44  9999.00  9999.00  9999.00  9999.00
 00047  1006.15    20.08    72.75     2.33    63.71    20.44  9999.00  9999.00  9999.00  9999.00
 00048   604.49     4.33    43.42     1.19    83.80    33.41  9999.00  9999.00  9999.00  9999.00
 00049   576.71     1.46    55.28     2.85   206.33    27.88  9999.00  9999.00  9999.00  9999.00
 00050  1003.76    20.68    85.95     4.62    25.54     3.19  9999.00  9999.00  9999.00  9999.00
