stn_id       p       t2      rh2      spd      dir      vis    rain6   rain24   tmax24   tmin24 
 00001   978.43     9.75    83.46     1.22   232.16    12.10  9999.00  9999.00  9999.00  9999.00
 00002  1010.62     7.21    91.81     1.70   256.96     2.52  9999.00  9999.00  9999.00  9999.00
 00003   913.13     0.51    97.35     1.76     7.83     5.36  9999.00  9999.00  9999.00  9999.00
 00004   841.21    -2.86    94.22     1.08   114.58    12.11  9999.00  9999.00  9999.00  9999.00
 00005   878.09    -0.20    80.95     0.91   129.49    16.53  9999.00  9999.00  9999.00  9999.00
 00006   888.03     1.91    64.04     4.80   199.96    16.31  9999.00  9999.00  9999.00  9999.00
 00007  1021.25    -1.04    64.69     2.11   108.15    19.89  9999.00  9999.00  9999.00  9999.00
 00008  1004.27    -1.75    39.46     2.74   220.50    21.73  9999.00  9999.00  9999.00  9999.00
 00009   952.02   -10.28    65.08     2.24   193.01    36.57  9999.00  9999.00  9999.00  9999.00
 00010   980.88    -2.60    49.86     2.67   259.31    22.30  9999.00  9999.00  9999.00  9999.00
 00011  1010.01    -2.66    47.80     2.90   230.75    23.87  9999.00  9999.00  9999.00  9999.00
 00012  1026.44     5.93    66.65     1.25    66.28    18.80  9999.00  9999.00  9999.00  9999.00
 00013  1016.36    13.74    93.08     6.40    58.20     4.34  9999.00  9999.00  9999.00  9999.00
 00014  1011.26    15.82    95.26     2.27    36.06    18.63  9999.00  9999.00  9999.00  9999.00
 00015  1008.86     7.68    95.99     1.81    36.34     3.17  9999.00  9999.00  9999.00  9999.00
 00016   965.77     3.88    91.39     1.42   163.41    16.29  9999.00  9999.00  9999.00  9999.00
 00017  1008.79     6.95    94.41     5.11    30.27     7.88  9999.00  9999.00  9999.00  9999.00
 00018  1015.51    12.47    90.58     5.19    46.69     3.52  9999.00  9999.00  9999.00  9999.00
 00019   942.14    10.62    82.92     0.23   123.91    23.88  9999.00  9999.00  9999.00  9999.00
 00020  1018.19    16.99    86.58     5.67    57.37    12.57  9999.00  9999.00  9999.00  9999.00
 00021   894.35    -1.40    45.05     3.18   148.81    28.65  9999.00  9999.00  9999.00  9999.00
 00022  1029.05     9.15    55.89     0.84   244.71    18.66  9999.00  9999.00  9999.00  9999.00
 00023   919.19     3.17    58.72     2.39   155.53    25.96  9999.00  9999.00  9999.00  9999.00
 00024   947.83     2.10    57.15     3.71   103.77    28.51  9999.00  9999.00  9999.00  9999.00
 00025   795.57    14.77    54.59     2.19   243.64    25.18  9999.00  9999.00  9999.00  9999.00
 00026  1014.05    12.23    91.58     2.42   277.45    11.85  9999.00  9999.00  9999.00  9999.00
 00027  1013.18     8.30    96.05     4.25   335.76    10.53  9999.00  9999.00  9999.00  9999.00
 00028   982.10     7.02    93.68     3.04    17.56    10.00  9999.00  9999.00  9999.00  9999.00
 00029  1007.94    22.62    95.79     2.29   106.54    19.71  9999.00  9999.00  9999.00  9999.00
 00030   995.65    22.43    99.07     3.47    38.15     2.52  9999.00  9999.00  9999.00  9999.00
 00031   571.58    -4.77    43.81     1.13   223.97    24.10  9999.00  9999.00  9999.00  9999.00
 00032   980.18    17.37    93.84     0.87   257.99    21.43  9999.00  9999.00  9999.00  9999.00
 00033  1008.69    22.49    97.51     4.32   134.94     0.28  9999.00  9999.00  9999.00  9999.00
 00034  1011.24    27.58    86.03     5.41   109.28    28.82  9999.00  9999.00  9999.00  9999.00
 00035  1008.24    26.36    93.50     3.03   148.94    26.41  9999.00  9999.00  9999.00  9999.00
 00036   774.91     7.65    76.62     1.34   142.07    23.18  9999.00  9999.00  9999.00  9999.00
 00037   970.48    17.28    95.56     0.50   108.64    19.93  9999.00  9999.00  9999.00  9999.00
 00038   997.81    20.39    90.50     0.42   321.98    23.89  9999.00  9999.00  9999.00  9999.00
 00039  1011.35    21.89    82.74     5.19    23.09    23.04  9999.00  9999.00  9999.00  9999.00
 00040  1008.99    21.99    84.01     3.86    25.74    21.62  9999.00  9999.00  9999.00  9999.00
 00041   972.65    13.32    98.22     0.88    47.01     8.10  9999.00  9999.00  9999.00  9999.00
 00042  1015.27    14.06    94.71     4.31    57.98     1.86  9999.00  9999.00  9999.00  9999.00
 00043  1007.78    13.20    94.34     0.60   152.70     9.76  9999.00  9999.00  9999.00  9999.00
 00044   987.50    14.31    97.61     2.45   258.71     7.63  9999.00  9999.00  9999.00  9999.00
 00045  1008.99    21.99    84.01     3.86    25.74    21.62  9999.00  9999.00  9999.00  9999.00
 00046   943.63    19.27    99.94     0.77   272.39     1.95  9999.00  9999.00  9999.00  9999.00
 00047  1004.68    17.88    87.65     1.98   341.08    18.25  9999.00  9999.00  9999.00  9999.00
 00048   603.32    -2.56    74.39     1.23   342.36    18.48  9999.00  9999.00  9999.00  9999.00
 00049   574.98    -8.57    98.06     0.51   119.21     2.28  9999.00  9999.00  9999.00  9999.00
 00050  1003.75    19.86    86.91     2.41     3.38    22.44  9999.00  9999.00  9999.00  9999.00
