stn_id       p       t2      rh2      spd      dir      vis    rain6   rain24   tmax24   tmin24 
 00001   963.98    29.09    73.09     1.54   206.39    27.10  9999.00  9999.00  9999.00  9999.00
 00002   987.40    25.31    83.67     1.65    22.79    18.80  9999.00  9999.00  9999.00  9999.00
 00003   896.66    24.13    73.69     2.26   131.31    15.93  9999.00  9999.00  9999.00  9999.00
 00004   829.63    24.68    37.71     4.21   244.22    24.01  9999.00  9999.00  9999.00  9999.00
 00005   862.43    23.34    56.23     4.26   232.19    26.00  9999.00  9999.00  9999.00  9999.00
 00006   872.32    21.09    73.92     3.69   200.80     5.14  9999.00  9999.00  9999.00  9999.00
 00007  1000.61    31.07    53.63     0.89   209.20    25.21  9999.00  9999.00  9999.00  9999.00
 00008   986.58    30.25    50.20     1.38    91.10    25.77  9999.00  9999.00  9999.00  9999.00
 00009   947.20    24.20    36.59     1.26   320.49    34.72  9999.00  9999.00  9999.00  9999.00
 00010   967.64    24.18    80.65     3.38   102.79    26.43  9999.00  9999.00  9999.00  9999.00
 00011   994.70    28.45    51.34     1.87    33.14    26.89  9999.00  9999.00  9999.00  9999.00
 00012  1003.38    28.70    57.73     1.94    54.31    25.64  9999.00  9999.00  9999.00  9999.00
 00013  1002.92    28.84    82.78     1.99   152.98    23.15  9999.00  9999.00  9999.00  9999.00
 00014  1000.66    29.07    85.17     1.87    99.39    14.91  9999.00  9999.00  9999.00  9999.00
 00015   986.89    30.44    54.20     2.36   155.62    24.31  9999.00  9999.00  9999.00  9999.00
 00016   943.92    33.98    45.72     1.50   245.63    26.47  9999.00  9999.00  9999.00  9999.00
 00017   987.09    29.67    70.57     1.58   163.04    26.80  9999.00  9999.00  9999.00  9999.00
 00018  1000.83    30.10    77.64     2.31   165.38    10.10  9999.00  9999.00  9999.00  9999.00
 00019   929.81    29.30    66.39     1.61   236.73    28.22  9999.00  9999.00  9999.00  9999.00
 00020  1006.50    27.48    89.79     2.56   167.07    12.47  9999.00  9999.00  9999.00  9999.00
 00021   885.00    30.83    27.86     4.05   351.11    25.40  9999.00  9999.00  9999.00  9999.00
 00022  1006.33    28.08    53.15     5.31   110.94    24.35  9999.00  9999.00  9999.00  9999.00
 00023   911.06    32.38    18.74     2.58   268.30    21.00  9999.00  9999.00  9999.00  9999.00
 00024   933.73    33.56    16.71     5.88   301.57    22.95  9999.00  9999.00  9999.00  9999.00
 00025   793.71    22.96    70.56     2.81   168.77    23.76  9999.00  9999.00  9999.00  9999.00
 00026  1001.34    31.69    74.78     2.56   180.85    29.06  9999.00  9999.00  9999.00  9999.00
 00027   996.51    32.33    69.99     2.92   209.48    28.86  9999.00  9999.00  9999.00  9999.00
 00028   966.43    31.87    63.58     3.76   210.80    27.28  9999.00  9999.00  9999.00  9999.00
 00029  1001.61    31.52    69.84     2.03   178.20    30.26  9999.00  9999.00  9999.00  9999.00
 00030   990.14    31.27    68.93     2.75   168.79    30.73  9999.00  9999.00  9999.00  9999.00
 00031   575.14    14.96    41.91     1.51    87.53    22.44  9999.00  9999.00  9999.00  9999.00
 00032   973.81    27.22    86.75     1.21   202.74    18.06  9999.00  9999.00  9999.00  9999.00
 00033  1004.13    22.32    97.88     6.69    92.44     0.44  9999.00  9999.00  9999.00  9999.00
 00034  1006.37    28.44    84.83     6.40   110.07    29.94  9999.00  9999.00  9999.00  9999.00
 00035  1003.60    29.80    76.89     4.70   127.33    31.61  9999.00  9999.00  9999.00  9999.00
 00036   776.10    17.73    89.46     0.89   220.45     5.13  9999.00  9999.00  9999.00  9999.00
 00037   964.42    27.02    88.99     0.94   200.49    21.15  9999.00  9999.00  9999.00  9999.00
 00038   991.53    28.39    85.76     0.46    53.79    25.54  9999.00  9999.00  9999.00  9999.00
 00039  1004.55    28.12    79.27     4.49   208.19    27.90  9999.00  9999.00  9999.00  9999.00
 00040  1002.76    28.18    85.55     3.53   178.05    29.43  9999.00  9999.00  9999.00  9999.00
 00041   963.80    28.61    75.69     2.05   208.81    28.47  9999.00  9999.00  9999.00  9999.00
 00042  1003.03    29.23    83.14     1.31   131.11    24.19  9999.00  9999.00  9999.00  9999.00
 00043   995.24    31.71    72.51     2.03   175.15    30.18  9999.00  9999.00  9999.00  9999.00
 00044   978.50    29.34    79.27     1.04   214.19    23.48  9999.00  9999.00  9999.00  9999.00
 00045  1002.76    28.18    85.55     3.53   178.05    29.43  9999.00  9999.00  9999.00  9999.00
 00046   938.88    27.56    79.28     0.65   186.73    27.62  9999.00  9999.00  9999.00  9999.00
 00047   997.07    26.48    87.49     3.78   176.16    21.09  9999.00  9999.00  9999.00  9999.00
 00048   605.60    17.31    42.01     1.37    57.16    26.85  9999.00  9999.00  9999.00  9999.00
 00049   579.53     8.86    84.04     2.06   208.20     9.71  9999.00  9999.00  9999.00  9999.00
 00050   997.01    29.48    73.41     2.51   253.84    26.94  9999.00  9999.00  9999.00  9999.00
