stn_id       p       t2      rh2      spd      dir      vis    rain6   rain24   tmax24   tmin24 
 00001   978.12    18.60    91.43     1.05   294.43    11.39     0.28  9999.00  9999.00  9999.00
 00002  1001.91    14.03    64.49     1.84   228.61    23.18     0.00  9999.00  9999.00  9999.00
 00003   910.30     9.50    46.45     2.20   316.67    22.36     0.00  9999.00  9999.00  9999.00
 00004   841.60     3.63    60.02     2.35   298.68    22.51     0.00  9999.00  9999.00  9999.00
 00005   877.27     5.23    58.16     2.40   344.13    25.30     0.00  9999.00  9999.00  9999.00
 00006   887.20     7.66    61.49     4.03   213.64    23.74     0.39  9999.00  9999.00  9999.00
 00007  1012.11    13.98    80.15     3.29   144.26    25.53     0.64  9999.00  9999.00  9999.00
 00008   997.23    12.34    71.19     2.91   135.12    27.00     0.00  9999.00  9999.00  9999.00
 00009   953.34     6.24    73.27     2.47   260.22    32.99     0.04  9999.00  9999.00  9999.00
 00010   978.09     7.74    86.64     1.53   113.77    28.12     0.00  9999.00  9999.00  9999.00
 00011  1005.53     8.29    89.59     2.07   151.94    28.29     0.00  9999.00  9999.00  9999.00
 00012  1016.47    14.75    74.10     2.56   209.50    23.18     0.00  9999.00  9999.00  9999.00
 00013  1019.05    16.55    85.34     1.85    34.13    22.66     0.02  9999.00  9999.00  9999.00
 00014  1015.02    17.90    79.09     1.46   330.70    23.52     0.01  9999.00  9999.00  9999.00
 00015  1002.47    16.55    83.37     1.40   220.05    18.31     0.46  9999.00  9999.00  9999.00
 00016   962.05    17.03    76.24     0.57    76.87    22.29     0.00  9999.00  9999.00  9999.00
 00017  1003.32    17.90    77.71     2.06   188.03    21.46     0.00  9999.00  9999.00  9999.00
 00018  1017.87    18.29    78.94     1.35    78.97    22.17     0.01  9999.00  9999.00  9999.00
 00019   943.88    16.97    84.72     0.69   299.43    23.56     0.22  9999.00  9999.00  9999.00
 00020  1021.16    16.37    90.00     2.43     9.03    22.03     0.00  9999.00  9999.00  9999.00
 00021   893.09    13.69    57.60     1.89   274.45    25.97     0.08  9999.00  9999.00  9999.00
 00022  1019.85    14.46    76.15     2.25   176.15    21.36     0.00  9999.00  9999.00  9999.00
 00023   921.92    11.34    96.42     0.90   271.91    11.85     5.23  9999.00  9999.00  9999.00
 00024   945.20    14.98    57.14     1.23   336.81    24.07     0.00  9999.00  9999.00  9999.00
 00025   799.00    13.51    94.64     2.47    99.55    22.95     6.99  9999.00  9999.00  9999.00
 00026  1016.14    18.83    79.90     3.42    14.75    23.13     0.02  9999.00  9999.00  9999.00
 00027  1012.36    19.14    71.90     3.34    34.79    23.01     0.01  9999.00  9999.00  9999.00
 00028   981.61    16.93    76.33     1.97    19.36    15.16     0.15  9999.00  9999.00  9999.00
 00029  1007.90    19.54    91.59     4.94    11.97     0.58     9.22  9999.00  9999.00  9999.00
 00030   999.20    22.94    66.18     3.52    19.43    28.51    -0.00  9999.00  9999.00  9999.00
 00031   573.45     8.89    19.38     2.36   230.01    27.99     0.00  9999.00  9999.00  9999.00
 00032   982.60    19.37    86.23     2.26    66.71    22.01     0.02  9999.00  9999.00  9999.00
 00033  1010.41    22.27    90.31     1.83   191.45    24.50     0.00  9999.00  9999.00  9999.00
 00034  1011.37    27.44    82.30     6.23    30.35    31.18     0.01  9999.00  9999.00  9999.00
 00035  1009.51    23.88    81.14     1.97     6.45    28.50     0.00  9999.00  9999.00  9999.00
 00036   779.73    12.15    95.83     0.51    65.91     5.32     1.26  9999.00  9999.00  9999.00
 00037   972.83    19.81    86.78     1.57    85.21    21.97     0.11  9999.00  9999.00  9999.00
 00038   998.83    22.21    83.84     2.64   101.02    24.53     0.73  9999.00  9999.00  9999.00
 00039  1013.02    22.77    83.69    10.79    40.86    23.48     0.09  9999.00  9999.00  9999.00
 00040  1009.73    23.45    84.14     8.93    56.03    24.75     0.01  9999.00  9999.00  9999.00
 00041   976.96    16.37    86.40     1.86    35.53    21.46     0.16  9999.00  9999.00  9999.00
 00042  1019.03    18.78    75.25     1.74    49.67    22.81     0.02  9999.00  9999.00  9999.00
 00043  1009.47    18.70    80.07     3.11    28.13    23.28     0.02  9999.00  9999.00  9999.00
 00044   990.45    17.00    87.21     3.07    39.79    12.29     1.45  9999.00  9999.00  9999.00
 00045  1009.73    23.45    84.14     8.93    56.03    24.75     0.01  9999.00  9999.00  9999.00
 00046   945.97    17.41    97.07     2.01    37.05     9.45     1.01  9999.00  9999.00  9999.00
 00047  1007.83    19.44    87.81     3.20    47.49    16.46     1.81  9999.00  9999.00  9999.00
 00048   604.08    10.07    44.48     1.83   113.45    32.11     0.22  9999.00  9999.00  9999.00
 00049   579.12     2.56    95.29     1.58   199.76    21.63     1.14  9999.00  9999.00  9999.00
 00050  1005.67    21.34    83.06     6.03    38.94    23.37     0.02  9999.00  9999.00  9999.00
