stn_id       p       t2      rh2      spd      dir      vis    rain6   rain24   tmax24   tmin24 
 00001   978.48    19.57    82.81     0.53   203.87    24.13  9999.00  9999.00  9999.00  9999.00
 00002  1003.86    20.09    50.03     1.21    60.94    23.18  9999.00  9999.00  9999.00  9999.00
 00003   910.67    16.75    35.53     0.94    71.01    22.32  9999.00  9999.00  9999.00  9999.00
 00004   842.12    11.01    46.43     1.77   317.92    22.48  9999.00  9999.00  9999.00  9999.00
 00005   877.74    13.90    39.25     1.17   265.53    25.28  9999.00  9999.00  9999.00  9999.00
 00006   889.91    11.20    48.10     2.68     7.59    26.40  9999.00  9999.00  9999.00  9999.00
 00007  1011.65    14.97    78.93     2.44    29.02    24.41  9999.00  9999.00  9999.00  9999.00
 00008   996.58    13.09    82.51     1.96   352.68    27.02  9999.00  9999.00  9999.00  9999.00
 00009   955.61     7.84    64.59     0.80    99.70    33.06  9999.00  9999.00  9999.00  9999.00
 00010   973.44    11.11    80.78     1.31   261.12    27.95  9999.00  9999.00  9999.00  9999.00
 00011  1003.58    12.55    63.99     2.04   333.97    28.27  9999.00  9999.00  9999.00  9999.00
 00012  1018.85    19.53    61.16     1.00   177.73    23.21  9999.00  9999.00  9999.00  9999.00
 00013  1018.30    20.85    69.04     1.53    33.09    22.60  9999.00  9999.00  9999.00  9999.00
 00014  1014.82    18.86    79.02     1.97   218.82    22.09  9999.00  9999.00  9999.00  9999.00
 00015  1003.16    19.89    44.71     2.02   357.39    20.10  9999.00  9999.00  9999.00  9999.00
 00016   962.07    19.85    52.76     2.05    29.72    22.16  9999.00  9999.00  9999.00  9999.00
 00017  1005.08    20.82    65.29     1.75    75.92    21.44  9999.00  9999.00  9999.00  9999.00
 00018  1017.22    21.50    63.92     1.92    64.88    22.10  9999.00  9999.00  9999.00  9999.00
 00019   942.37    21.11    54.98     1.26    80.36    26.76  9999.00  9999.00  9999.00  9999.00
 00020  1020.36    18.69    90.18     3.38     3.77    21.72  9999.00  9999.00  9999.00  9999.00
 00021   898.21    16.57    51.38     3.80   346.81    26.06  9999.00  9999.00  9999.00  9999.00
 00022  1021.84    19.92    50.99     1.42   349.08    21.38  9999.00  9999.00  9999.00  9999.00
 00023   925.83    15.98    50.99     2.46    49.57    21.89  9999.00  9999.00  9999.00  9999.00
 00024   950.95    15.93    60.03     3.41   310.62    24.15  9999.00  9999.00  9999.00  9999.00
 00025   798.83    12.93    89.73     2.13   109.90    13.31  9999.00  9999.00  9999.00  9999.00
 00026  1015.60    20.20    71.75     2.95    22.14    23.06  9999.00  9999.00  9999.00  9999.00
 00027  1011.95    19.46    79.77     3.05   350.23    22.87  9999.00  9999.00  9999.00  9999.00
 00028   981.27    18.34    76.65     3.00    24.98    22.28  9999.00  9999.00  9999.00  9999.00
 00029  1008.53    21.06    90.60     3.86   346.66    10.66  9999.00  9999.00  9999.00  9999.00
 00030   999.12    23.96    65.02     4.04    29.58    28.51  9999.00  9999.00  9999.00  9999.00
 00031   574.71    12.14    19.67     2.21   251.80    28.17  9999.00  9999.00  9999.00  9999.00
 00032   981.69    20.45    79.63     2.26    75.37    21.38  9999.00  9999.00  9999.00  9999.00
 00033  1010.23    21.97    89.26     2.20   210.46    12.52  9999.00  9999.00  9999.00  9999.00
 00034  1011.13    27.43    79.11     5.81    13.19    31.19  9999.00  9999.00  9999.00  9999.00
 00035  1009.26    24.95    76.89     3.41     1.18    28.43  9999.00  9999.00  9999.00  9999.00
 00036   779.38    12.74    80.29     0.46    93.96     7.50  9999.00  9999.00  9999.00  9999.00
 00037   971.94    21.14    77.44     1.71    76.31    21.91  9999.00  9999.00  9999.00  9999.00
 00038   997.70    25.04    75.09     2.30    90.61    24.49  9999.00  9999.00  9999.00  9999.00
 00039  1012.18    23.30    78.40     9.96    42.03    23.82  9999.00  9999.00  9999.00  9999.00
 00040  1009.00    24.01    83.14     7.43    59.44    22.46  9999.00  9999.00  9999.00  9999.00
 00041   976.54    17.03    76.37     2.45    29.37    22.17  9999.00  9999.00  9999.00  9999.00
 00042  1018.48    20.42    70.98     1.36    75.90    22.74  9999.00  9999.00  9999.00  9999.00
 00043  1009.02    18.92    82.07     3.01    27.24    23.38  9999.00  9999.00  9999.00  9999.00
 00044   990.09    16.68    92.45     2.39    41.59     5.13  9999.00  9999.00  9999.00  9999.00
 00045  1009.00    24.01    83.14     7.43    59.44    22.46  9999.00  9999.00  9999.00  9999.00
 00046   945.18    20.35    86.96     2.44    27.13    23.41  9999.00  9999.00  9999.00  9999.00
 00047  1007.21    19.54    81.40     3.39   337.67    11.67  9999.00  9999.00  9999.00  9999.00
 00048   605.56    12.62    40.79     1.25   205.70    32.27  9999.00  9999.00  9999.00  9999.00
 00049   579.21     6.39    68.93     2.75   211.59    24.95  9999.00  9999.00  9999.00  9999.00
 00050  1004.76    22.72    75.12     5.39    44.17    23.33  9999.00  9999.00  9999.00  9999.00
