stn_id       p       t2      rh2      spd      dir      vis    rain6   rain24   tmax24   tmin24 
 00001   977.63    16.10    98.10     1.50    48.21     0.39  9999.00  9999.00  9999.00  9999.00
 00002  1000.07    13.03    81.54     1.29   300.61    23.18  9999.00  9999.00  9999.00  9999.00
 00003   908.05     8.81    84.91     0.97   293.93    22.39  9999.00  9999.00  9999.00  9999.00
 00004   839.00     4.42    95.29     1.75   326.90     5.86  9999.00  9999.00  9999.00  9999.00
 00005   874.70     3.50    78.52     1.72   317.37    25.29  9999.00  9999.00  9999.00  9999.00
 00006   883.92     5.29    81.97     5.91   278.84    24.86  9999.00  9999.00  9999.00  9999.00
 00007  1013.48    14.50    68.30     4.71   142.88    25.55  9999.00  9999.00  9999.00  9999.00
 00008   998.98    11.18    63.73     3.77   166.06    27.01  9999.00  9999.00  9999.00  9999.00
 00009   953.59     4.28    86.57     2.59   215.77    33.01  9999.00  9999.00  9999.00  9999.00
 00010   980.85     6.38    77.45     0.70   213.02    28.20  9999.00  9999.00  9999.00  9999.00
 00011  1007.20     9.14    64.04     1.95   154.86    28.28  9999.00  9999.00  9999.00  9999.00
 00012  1016.84    13.03    89.83     0.48   313.78     5.04  9999.00  9999.00  9999.00  9999.00
 00013  1018.74    14.92    90.37     1.79    29.47    22.67  9999.00  9999.00  9999.00  9999.00
 00014  1014.22    15.48    92.77     2.79     5.62    23.10  9999.00  9999.00  9999.00  9999.00
 00015  1001.59    16.16    72.16     2.56   176.09    20.09  9999.00  9999.00  9999.00  9999.00
 00016   962.59    10.35    92.87     1.06   101.99    19.87  9999.00  9999.00  9999.00  9999.00
 00017  1003.58    14.46    85.10     1.81   226.79    21.47  9999.00  9999.00  9999.00  9999.00
 00018  1017.64    15.21    90.55     1.40    44.85    21.13  9999.00  9999.00  9999.00  9999.00
 00019   943.15    16.67    94.14     1.06   249.72     0.83  9999.00  9999.00  9999.00  9999.00
 00020  1020.15    16.28    90.41     3.44   212.79    21.53  9999.00  9999.00  9999.00  9999.00
 00021   894.68    10.54    58.84     0.69   188.60    26.00  9999.00  9999.00  9999.00  9999.00
 00022  1019.45    14.88    76.58     2.51   227.57    17.12  9999.00  9999.00  9999.00  9999.00
 00023   921.22     8.19    81.92     1.10   180.20    21.88  9999.00  9999.00  9999.00  9999.00
 00024   946.80     6.64    89.35     2.13   302.12    23.77  9999.00  9999.00  9999.00  9999.00
 00025   797.69    14.30    86.81     3.45   109.95     9.67  9999.00  9999.00  9999.00  9999.00
 00026  1015.44    16.28    90.09     4.61   100.88    20.53  9999.00  9999.00  9999.00  9999.00
 00027  1013.09    15.67    90.80     3.77   346.44    23.07  9999.00  9999.00  9999.00  9999.00
 00028   982.57    12.81    90.36     1.96    34.45    22.39  9999.00  9999.00  9999.00  9999.00
 00029  1006.28    18.74    86.53     5.64   333.80     2.98  9999.00  9999.00  9999.00  9999.00
 00030   998.46    20.05    71.53     3.77    11.77    28.48  9999.00  9999.00  9999.00  9999.00
 00031   575.24     0.02    79.97     2.41   222.41    27.91  9999.00  9999.00  9999.00  9999.00
 00032   980.75    18.72    93.08     1.08    60.64    11.51  9999.00  9999.00  9999.00  9999.00
 00033  1009.32    21.11    82.05     4.74   333.43    28.54  9999.00  9999.00  9999.00  9999.00
 00034  1010.96    27.65    79.98     1.80    13.57    31.16  9999.00  9999.00  9999.00  9999.00
 00035  1008.27    24.49    87.32     2.85   324.33    28.40  9999.00  9999.00  9999.00  9999.00
 00036   778.63    11.22    95.10     1.05    76.11     7.16  9999.00  9999.00  9999.00  9999.00
 00037   971.01    19.00    94.64     0.73    73.12    14.74  9999.00  9999.00  9999.00  9999.00
 00038   997.01    21.41    94.00     1.57    99.04    21.39  9999.00  9999.00  9999.00  9999.00
 00039  1011.36    21.99    83.38     9.94    38.18    23.20  9999.00  9999.00  9999.00  9999.00
 00040  1007.86    22.77    84.39     8.29    52.24    16.14  9999.00  9999.00  9999.00  9999.00
 00041   975.56    14.75    93.19     1.76    34.05    20.45  9999.00  9999.00  9999.00  9999.00
 00042  1018.52    15.30    91.34     1.78    50.94    22.12  9999.00  9999.00  9999.00  9999.00
 00043  1008.70    16.26    90.96     4.32    21.04     7.70  9999.00  9999.00  9999.00  9999.00
 00044   988.90    16.04    92.51     3.18    39.02    18.43  9999.00  9999.00  9999.00  9999.00
 00045  1007.86    22.77    84.39     8.29    52.24    16.14  9999.00  9999.00  9999.00  9999.00
 00046   944.27    16.91    98.25     2.05    27.44    11.80  9999.00  9999.00  9999.00  9999.00
 00047  1005.49    18.93    84.96     4.08   330.76    22.58  9999.00  9999.00  9999.00  9999.00
 00048   605.50     3.62    71.29     1.10   195.49    32.07  9999.00  9999.00  9999.00  9999.00
 00049   578.71    -0.45    97.63     0.44   143.65    12.82  9999.00  9999.00  9999.00  9999.00
 00050  1004.09    20.66    83.92     5.19    36.10    20.71  9999.00  9999.00  9999.00  9999.00
