stn_id       p       t2      rh2      spd      dir      vis    rain6   rain24   tmax24   tmin24 
 00001   990.93     5.19    73.14     0.90   145.35    22.15  9999.00  9999.00  9999.00  9999.00
 00002  1019.57   -22.49    88.02     1.91   279.74    26.53  9999.00  9999.00  9999.00  9999.00
 00003   917.34   -27.67    94.78     1.41   273.89    24.90  9999.00  9999.00  9999.00  9999.00
 00004   841.14   -28.52    99.71     1.62   239.56    24.89  9999.00  9999.00  9999.00  9999.00
 00005   881.15   -30.13    95.44     2.24   171.50    27.68  9999.00  9999.00  9999.00  9999.00
 00006   892.77   -26.96    88.74     2.88   283.17    30.49  9999.00  9999.00  9999.00  9999.00
 00007  1024.49   -22.81    83.91     3.07   297.84    36.96  9999.00  9999.00  9999.00  9999.00
 00008  1005.21   -24.92    84.94     2.67   283.34    41.93  9999.00  9999.00  9999.00  9999.00
 00009   960.93   -32.27    97.44     1.77   268.30    52.74  9999.00  9999.00  9999.00  9999.00
 00010   975.50   -23.40    84.38     2.89   298.67    41.63  9999.00  9999.00  9999.00  9999.00
 00011  1011.98   -30.25    99.79     3.24   325.16    45.98  9999.00  9999.00  9999.00  9999.00
 00012  1036.77   -17.81    69.46     2.95   354.02    28.63  9999.00  9999.00  9999.00  9999.00
 00013  1031.72    -4.75    80.12     3.79   332.23    21.89  9999.00  9999.00  9999.00  9999.00
 00014  1025.80     0.73    64.97     3.99   309.40    21.46  9999.00  9999.00  9999.00  9999.00
 00015  1018.37   -19.12    82.45     3.03   140.45    23.41  9999.00  9999.00  9999.00  9999.00
 00016   976.57    -9.80    69.84     1.77   104.52    23.27  9999.00  9999.00  9999.00  9999.00
 00017  1022.33   -13.10    79.09     0.88   114.06    22.44  9999.00  9999.00  9999.00  9999.00
 00018  1032.56    -6.12    64.92     4.12   330.73    21.21  9999.00  9999.00  9999.00  9999.00
 00019   952.35     3.63    77.30     0.87   283.78    26.16  9999.00  9999.00  9999.00  9999.00
 00020  1029.40     2.28    61.48     7.35   316.16    19.56  9999.00  9999.00  9999.00  9999.00
 00021   902.91   -15.31    67.91     2.31   153.40    39.12  9999.00  9999.00  9999.00  9999.00
 00022  1039.40   -14.55    66.70     3.80   353.24    26.71  9999.00  9999.00  9999.00  9999.00
 00023   929.56    -8.37    89.90     1.56   140.37    34.82  9999.00  9999.00  9999.00  9999.00
 00024   959.46   -13.94    66.08     6.40   110.63    31.14  9999.00  9999.00  9999.00  9999.00
 00025   799.92     8.09    84.62     0.92   120.20    18.98  9999.00  9999.00  9999.00  9999.00
 00026  1029.68     2.73    72.25     4.27    13.68    19.63  9999.00  9999.00  9999.00  9999.00
 00027  1026.56     0.74    77.09     3.29   314.49    19.63  9999.00  9999.00  9999.00  9999.00
 00028   993.69     0.32    76.10     1.96    14.39    18.85  9999.00  9999.00  9999.00  9999.00
 00029  1019.94     6.57    85.10     5.57     9.19    17.67  9999.00  9999.00  9999.00  9999.00
 00030  1011.10     8.79    57.21     4.69     6.13    21.88  9999.00  9999.00  9999.00  9999.00
 00031   575.97    -6.57     5.81     0.85   175.84    35.02  9999.00  9999.00  9999.00  9999.00
 00032   987.96     5.81    82.69     3.39   309.28     8.05  9999.00  9999.00  9999.00  9999.00
 00033  1019.03    13.15    91.98     7.51   353.29     9.12  9999.00  9999.00  9999.00  9999.00
 00034  1014.93    25.98    89.92    12.63    32.66     4.74  9999.00  9999.00  9999.00  9999.00
 00035  1017.08    18.69    83.35     5.57     8.76    16.55  9999.00  9999.00  9999.00  9999.00
 00036   781.11     2.29    88.21     1.22    55.68    20.94  9999.00  9999.00  9999.00  9999.00
 00037   978.11     4.97    86.99     2.94   303.09    10.93  9999.00  9999.00  9999.00  9999.00
 00038  1005.36    10.87    69.37     3.18   327.90    18.93  9999.00  9999.00  9999.00  9999.00
 00039  1019.29    13.74    76.08     7.51   255.12     9.17  9999.00  9999.00  9999.00  9999.00
 00040  1015.61    15.50    70.28     5.47    43.30    20.04  9999.00  9999.00  9999.00  9999.00
 00041   986.69    -3.39    81.98     1.82   337.84    19.93  9999.00  9999.00  9999.00  9999.00
 00042  1032.24    -4.68    83.53     3.18   310.76    21.35  9999.00  9999.00  9999.00  9999.00
 00043  1022.33     2.61    73.15     3.76    16.01    19.85  9999.00  9999.00  9999.00  9999.00
 00044  1000.69     2.18    82.39     1.55   327.35    18.41  9999.00  9999.00  9999.00  9999.00
 00045  1015.61    15.50    70.28     5.47    43.30    20.04  9999.00  9999.00  9999.00  9999.00
 00046   953.36    -0.01    91.72     3.34     4.15    11.67  9999.00  9999.00  9999.00  9999.00
 00047  1014.54     5.87    76.09     8.16   322.51    12.85  9999.00  9999.00  9999.00  9999.00
 00048   609.57   -12.24    41.79     1.51   126.55    36.95  9999.00  9999.00  9999.00  9999.00
 00049   578.55    -9.46    15.63     1.90    18.95    27.94  9999.00  9999.00  9999.00  9999.00
 00050  1011.56    10.36    71.37     3.96   336.73     7.36  9999.00  9999.00  9999.00  9999.00
