stn_id       p       t2      rh2      spd      dir      vis    rain6   rain24   tmax24   tmin24 
 00001   988.06     2.26    84.15     1.31    65.47    22.21     0.00  9999.00  9999.00  9999.00
 00002  1011.13   -20.25    92.81     2.25   268.58    26.35     0.00  9999.00  9999.00  9999.00
 00003   913.34   -20.97    88.44     2.10   299.29    24.81     0.00  9999.00  9999.00  9999.00
 00004   839.19   -19.72    86.60     3.64   281.26    24.81     0.00  9999.00  9999.00  9999.00
 00005   877.62   -24.63    84.05     3.56   340.86    26.73     0.00  9999.00  9999.00  9999.00
 00006   888.83   -23.35    91.78     6.19   292.44    28.49     0.11  9999.00  9999.00  9999.00
 00007  1018.18   -14.00    77.70     1.97    68.78    11.38     0.52  9999.00  9999.00  9999.00
 00008  1003.82   -21.13    77.48     1.98    60.17    38.97     0.02  9999.00  9999.00  9999.00
 00009   960.22   -34.53    93.05     2.31   262.02    52.68     0.00  9999.00  9999.00  9999.00
 00010   980.00   -25.76    74.79     1.71   265.04    41.72     0.00  9999.00  9999.00  9999.00
 00011  1014.08   -27.32    99.85     0.89   133.76    46.02     0.00  9999.00  9999.00  9999.00
 00012  1027.92   -23.64    98.20     2.02   327.39    24.94     0.00  9999.00  9999.00  9999.00
 00013  1025.83    -0.50    95.35     3.69   304.14    13.29     1.62  9999.00  9999.00  9999.00
 00014  1020.44     1.70    92.76     2.84   296.31    10.46     1.80  9999.00  9999.00  9999.00
 00015  1011.12   -14.22    84.39     2.46   229.88    23.30     0.00  9999.00  9999.00  9999.00
 00016   971.89    -7.01    75.48     0.76   169.18    23.30     0.00  9999.00  9999.00  9999.00
 00017  1012.15   -10.18    84.91     3.22   274.18    22.34     0.00  9999.00  9999.00  9999.00
 00018  1026.37    -2.46    80.74     3.58   313.98    20.77     0.05  9999.00  9999.00  9999.00
 00019   950.67     1.46    79.82     0.68   213.24    26.02     0.01  9999.00  9999.00  9999.00
 00020  1023.39     6.08    96.15     5.91   301.55     1.73     6.28  9999.00  9999.00  9999.00
 00021   902.21   -17.78    59.00     1.48    96.74    38.99     0.00  9999.00  9999.00  9999.00
 00022  1031.01   -20.29    96.53     2.61   283.51    22.39     0.00  9999.00  9999.00  9999.00
 00023   925.67   -18.38    57.09     2.65   128.18    34.61     0.00  9999.00  9999.00  9999.00
 00024   962.15   -21.70    72.84     5.07   113.52    32.89     0.00  9999.00  9999.00  9999.00
 00025   796.90     8.18    90.70     2.11   222.43    18.93     0.00  9999.00  9999.00  9999.00
 00026  1025.92     1.16    82.58     2.87   238.47    19.74     0.08  9999.00  9999.00  9999.00
 00027  1023.37    -0.41    81.24     3.28   351.36    19.59     0.07  9999.00  9999.00  9999.00
 00028   990.23     0.23    77.31     2.20    11.15     9.84     0.24  9999.00  9999.00  9999.00
 00029  1016.69     7.92    84.92     4.89   348.89    20.19     0.49  9999.00  9999.00  9999.00
 00030  1007.64     6.89    75.04     3.46   313.14    18.10     0.12  9999.00  9999.00  9999.00
 00031   572.23   -10.26    39.57     2.03   235.59    34.80     0.00  9999.00  9999.00  9999.00
 00032   984.59    10.01    74.46     3.30   296.40    14.52     0.03  9999.00  9999.00  9999.00
 00033  1016.14    16.05    91.01     6.40   355.75    20.64     0.05  9999.00  9999.00  9999.00
 00034  1013.89    27.04    88.94     8.08    60.38    18.81     1.04  9999.00  9999.00  9999.00
 00035  1014.48    20.95    89.26     4.44    12.63    18.18     0.48  9999.00  9999.00  9999.00
 00036   776.20     0.63    80.29     1.68    29.56    20.82     0.00  9999.00  9999.00  9999.00
 00037   975.02     9.33    78.04     2.97   294.65     9.44     0.08  9999.00  9999.00  9999.00
 00038  1002.55    14.52    81.87     1.94   317.99    20.10     0.01  9999.00  9999.00  9999.00
 00039  1015.99    17.93    78.45     4.22   245.18    19.78     0.00  9999.00  9999.00  9999.00
 00040  1013.37    18.38    80.61     3.67   349.62    19.58     0.17  9999.00  9999.00  9999.00
 00041   982.03    -2.25    90.81     1.50   329.05    19.05     0.49  9999.00  9999.00  9999.00
 00042  1026.88    -1.66    94.66     3.22   278.25    18.82     1.00  9999.00  9999.00  9999.00
 00043  1019.10     0.81    87.45     1.01    28.57    16.34     1.02  9999.00  9999.00  9999.00
 00044   997.22     0.82    94.40     2.74   271.26    12.20     2.79  9999.00  9999.00  9999.00
 00045  1013.37    18.38    80.61     3.67   349.62    19.58     0.17  9999.00  9999.00  9999.00
 00046   950.31     3.55    99.71     2.02   350.46     3.09     2.03  9999.00  9999.00  9999.00
 00047  1009.40     7.30    94.31     5.60   314.82     2.02     5.16  9999.00  9999.00  9999.00
 00048   604.38   -14.74    85.45     2.06   137.55    27.07     0.00  9999.00  9999.00  9999.00
 00049   574.72   -11.46    72.86     0.39   243.96    24.42     0.03  9999.00  9999.00  9999.00
 00050  1008.22    13.94    79.52     2.66   326.56    19.33     0.01  9999.00  9999.00  9999.00
