stn_id       p       t2      rh2      spd      dir      vis    rain6   rain24   tmax24   tmin24 
 00001   972.67    20.45    81.30     3.80   328.21    13.65     3.11  9999.00  9999.00  9999.00
 00002  1000.10    15.81    38.43     0.88   124.84    23.69     0.00  9999.00  9999.00  9999.00
 00003   905.46    16.11    21.85     3.37   245.71    22.32     0.00  9999.00  9999.00  9999.00
 00004   836.03     9.08    33.43     6.45   270.31    22.20     0.00  9999.00  9999.00  9999.00
 00005   868.79    10.77    22.92     7.01   252.27    24.38     0.00  9999.00  9999.00  9999.00
 00006   877.05     9.02    25.01    10.89   264.07    25.17     0.00  9999.00  9999.00  9999.00
 00007  1011.00     7.53    48.89     3.74    27.28    26.23     0.00  9999.00  9999.00  9999.00
 00008   996.25     3.05    48.72     2.49     7.32    29.11     0.00  9999.00  9999.00  9999.00
 00009   947.81   -10.92    26.20     3.54   285.42    37.61     0.00  9999.00  9999.00  9999.00
 00010   971.75     2.99    56.26     4.60   310.44    29.16     0.00  9999.00  9999.00  9999.00
 00011  1005.29    -1.62    36.07     3.48   331.23    31.67     0.00  9999.00  9999.00  9999.00
 00012  1015.46    15.25    35.79     4.26   186.87    23.55     0.00  9999.00  9999.00  9999.00
 00013  1010.57    26.05    60.02     0.60   185.93    20.18     0.00  9999.00  9999.00  9999.00
 00014  1007.93    25.88    57.94     0.57   144.25    19.82     0.00  9999.00  9999.00  9999.00
 00015   999.83    15.64    57.18     2.62    62.66    20.40     0.00  9999.00  9999.00  9999.00
 00016   961.01    15.22    65.41     0.99   238.92    20.95     0.85  9999.00  9999.00  9999.00
 00017  1003.42    11.93    87.53     4.05   332.33     0.69     4.45  9999.00  9999.00  9999.00
 00018  1008.91    26.54    54.60     0.90   140.75    19.73     0.00  9999.00  9999.00  9999.00
 00019   939.09    18.46    74.60     2.68   238.43    22.82     0.88  9999.00  9999.00  9999.00
 00020  1013.74    26.61    53.86     0.98   101.23    19.73     0.00  9999.00  9999.00  9999.00
 00021   892.10    10.61    41.03     2.22   333.06    30.98     0.00  9999.00  9999.00  9999.00
 00022  1019.37    14.62    31.79     3.43   149.87    22.17     0.00  9999.00  9999.00  9999.00
 00023   923.39     2.39    92.79     8.24   283.85     2.27     3.85  9999.00  9999.00  9999.00
 00024   943.75    -1.74    69.92    13.66   282.42    28.15     1.48  9999.00  9999.00  9999.00
 00025   795.90    19.96    52.75     4.30   258.82    21.42     0.00  9999.00  9999.00  9999.00
 00026  1008.49    27.07    56.91     1.02   183.95    19.79     0.00  9999.00  9999.00  9999.00
 00027  1004.02    26.66    60.92     2.07   177.16    19.95     0.00  9999.00  9999.00  9999.00
 00028   973.39    24.47    70.20     1.50   225.05    18.88     0.04  9999.00  9999.00  9999.00
 00029  1007.17    27.46    72.48     0.37   156.80    19.82     0.06  9999.00  9999.00  9999.00
 00030   995.19    27.41    80.26     2.35   163.33    22.30     0.78  9999.00  9999.00  9999.00
 00031   573.25     2.45    12.71     3.41   225.10    31.67     0.00  9999.00  9999.00  9999.00
 00032   978.25    24.95    64.43     1.83    92.53    17.12     0.00  9999.00  9999.00  9999.00
 00033  1009.26    21.53    96.22     5.65    92.69     0.26     0.08  9999.00  9999.00  9999.00
 00034  1010.64    27.20    87.92     7.93    64.79    14.10     0.65  9999.00  9999.00  9999.00
 00035  1008.51    27.99    75.48     4.82    78.72    21.97     0.71  9999.00  9999.00  9999.00
 00036   776.37    15.89    68.16     0.89   202.94    22.07     0.43  9999.00  9999.00  9999.00
 00037   968.60    25.21    60.91     1.43    93.07    18.97     0.00  9999.00  9999.00  9999.00
 00038   995.80    27.29    54.82     0.76   167.42    21.55     0.00  9999.00  9999.00  9999.00
 00039  1009.60    25.09    72.53     4.23    81.23    21.08     0.00  9999.00  9999.00  9999.00
 00040  1007.51    26.42    66.26     1.82   109.87    22.45     0.01  9999.00  9999.00  9999.00
 00041   970.07    23.44    65.96     0.77   118.37    18.87     0.00  9999.00  9999.00  9999.00
 00042  1010.57    26.62    55.60     0.86   124.35    19.85     0.00  9999.00  9999.00  9999.00
 00043  1002.20    26.59    62.20     0.96   219.94    20.15     0.02  9999.00  9999.00  9999.00
 00044   984.22    25.10    59.39     1.09    73.24    19.32     0.00  9999.00  9999.00  9999.00
 00045  1007.51    26.42    66.26     1.82   109.87    22.45     0.01  9999.00  9999.00  9999.00
 00046   942.64    24.49    56.71     0.93   222.95    20.05     0.00  9999.00  9999.00  9999.00
 00047  1002.84    23.16    82.23     1.99   113.87    13.66     0.24  9999.00  9999.00  9999.00
 00048   605.05     2.37    50.75     1.02   233.31    33.65     0.16  9999.00  9999.00  9999.00
 00049   577.65     0.84    42.66     3.85   219.76    28.21     0.00  9999.00  9999.00  9999.00
 00050  1001.58    28.00    52.51     2.36    90.86    20.47     0.00  9999.00  9999.00  9999.00
