stn_id       p       t2      rh2      spd      dir      vis    rain6   rain24   tmax24   tmin24 
 00001   982.73     8.25    73.74     1.47   189.41    21.29    -0.00     0.24    11.05     3.10
 00002  1002.86   -12.48    89.56     1.18   212.33    26.44     0.00     0.00    -7.28   -18.15
 00003   907.93   -16.05    88.32     0.81    49.12    24.79     0.00     0.00    -9.94   -23.75
 00004   835.53    -9.49    54.79     2.97   207.59    25.06     0.00     0.00    -2.18   -17.81
 00005   872.77   -19.52    97.94     1.86    55.56    28.56     0.00     0.00   -12.62   -22.92
 00006   881.64    -9.24    75.58     3.16   289.20    31.41     0.00     0.00    -0.81   -12.88
 00007  1008.56    -2.84    79.69     7.08   195.25    36.80     0.00     0.00    -2.80   -20.06
 00008   989.85    -8.01    64.99     6.48   207.16    41.71     0.00     0.00    -7.17   -18.00
 00009   949.81   -29.87   100.00     1.76   256.98    51.77     0.01     0.13   -20.76   -29.75
 00010   971.62   -15.59    70.92     1.65   197.01    41.47     0.00     0.00    -8.31   -18.42
 00011   997.88   -10.78    80.54     6.89   182.12    18.37     0.50     0.50   -10.81   -25.28
 00012  1020.68   -13.22    89.67     1.99   179.00    28.62     0.00     0.00    -7.02   -17.54
 00013  1027.86    -4.09    84.49     3.09   184.39    21.71     0.00     0.00     4.08   -10.84
 00014  1024.52     0.48    59.52     0.85   117.50    21.54     0.00     0.00     4.98    -9.43
 00015  1004.86    -3.45    58.70     5.14   189.30    23.04     0.00     0.00    -0.44   -15.16
 00016   965.35    -6.00    79.90     0.88   194.47    22.39     0.00     0.01    -2.53   -10.77
 00017  1008.34    -7.29    93.62     2.27   224.42    21.85     0.00     0.00    -1.48   -14.43
 00018  1026.13    -1.09    70.32     2.51   176.26    20.96     0.00     0.00     6.24    -7.11
 00019   946.36     4.78    81.90     1.05   313.68    23.62     0.04     0.06     5.99     0.92
 00020  1031.05    -3.05    69.03     2.14   259.20    21.75     0.00     0.00     5.56    -5.48
 00021   896.85    -7.32    59.76     3.90   151.59    39.79    -0.00     0.00    -3.12   -12.85
 00022  1024.01   -11.87    83.68     2.88   224.69    26.55     0.00     0.00    -4.61   -17.02
 00023   921.26    -1.19    45.88     2.20   159.16    35.66     0.00     0.00     2.96    -6.53
 00024   952.62   -13.19    84.04     4.56   122.74    32.75     0.00     0.00   -11.58   -15.74
 00025   798.37     7.13    85.19     1.75   220.12    18.93     0.17     0.30     9.52     1.45
 00026  1025.12     1.22    74.96     2.30    37.72    19.80     0.00     0.00     8.22    -3.41
 00027  1019.25     5.43    76.21     1.89    60.89    19.37     0.00     0.00    10.54    -3.29
 00028   986.23     6.12    67.92     1.11    90.01    18.45     0.00     0.00     9.36    -2.68
 00029  1018.94     9.69    65.67     1.99    35.64    20.87     0.00     0.00    16.93     4.51
 00030  1008.00     9.23    68.46     1.90    77.33    22.06     0.00     0.00    14.02     5.67
 00031   573.02     0.22    10.54     2.13   236.63    35.55    -0.00    -0.00     2.88   -12.10
 00032   991.17     4.31    68.60     2.35    25.51    18.57    -0.00    -0.00    11.37     0.08
 00033  1019.26    18.06    79.59     6.34    48.16    21.12     0.03     0.07    17.98    14.10
 00034  1017.07    26.65    74.90    11.28    43.85    24.26     0.13     0.94    26.92    25.54
 00035  1018.01    19.25    81.04     4.14    15.29    11.75     0.15     0.19    19.75    16.81
 00036   777.34     5.81    77.74     1.59   185.61    20.74     0.07     1.42     7.93     2.69
 00037   981.01     3.65    67.28     1.77    41.22    18.49    -0.00    -0.00    11.63    -1.14
 00038  1008.23     9.75    44.27     2.15    94.96    20.31     0.00     0.00    17.77     3.46
 00039  1022.34    14.71    67.53    11.07    30.98    20.06    -0.00    -0.00    16.76    12.20
 00040  1019.49    14.42    56.06     7.78    45.37    20.90     0.00     0.00    18.43     9.83
 00041   983.10     0.55    58.22     1.40    76.16    19.86     0.00     0.00     5.59    -6.23
 00042  1027.97    -3.02    80.95     2.18   130.73    21.22     0.00     0.00     5.64    -8.74
 00043  1018.17     1.06    83.88     2.21    56.43    19.92     0.00     0.00     8.59    -3.43
 00044   998.52     1.82    68.33     2.00    70.07    19.68     0.00     0.00     8.33    -3.42
 00045  1019.49    14.42    56.06     7.78    45.37    20.90     0.00     0.00    18.43     9.83
 00046   952.31     1.91    62.47     1.86    65.58    19.20     0.00     0.00    11.54    -2.55
 00047  1017.74     7.09    56.32     3.32    38.79    20.08     0.01     0.01    10.85    -0.07
 00048   605.64    -8.17    65.74     1.91   176.94    37.45     0.00     0.07    -3.85   -16.96
 00049   576.39    -5.86    51.13     0.41   165.11    28.34     0.00     0.03    -0.74   -16.04
 00050  1015.09    10.04    61.97     5.58    17.30    19.63    -0.01    -0.01    14.76     5.91
