stn_id       p       t2      rh2      spd      dir      vis    rain6   rain24   tmax24   tmin24 
 00001   983.65    12.47    64.08     0.51    66.76    21.10     0.00  9999.00  9999.00  9999.00
 00002  1005.40    11.58    33.66     1.22   137.79    24.34     0.00  9999.00  9999.00  9999.00
 00003   909.92     7.07    29.37     1.69   190.72    22.77     0.00  9999.00  9999.00  9999.00
 00004   839.03     3.58    33.01     3.48   277.14    22.47     0.00  9999.00  9999.00  9999.00
 00005   875.21     2.16    26.10     2.71   222.42    24.31     0.00  9999.00  9999.00  9999.00
 00006   884.75     3.82    22.53     5.13   261.80    24.91     0.00  9999.00  9999.00  9999.00
 00007  1015.09     2.49    64.41     1.18   288.81    26.93     0.00  9999.00  9999.00  9999.00
 00008   998.45    -5.42    85.47     2.42   196.99    30.63     0.00  9999.00  9999.00  9999.00
 00009   948.13    -3.58    50.85     1.94   298.94    41.33     0.00  9999.00  9999.00  9999.00
 00010   975.36     3.62    33.75     1.68   318.62    30.59     0.00  9999.00  9999.00  9999.00
 00011  1006.59   -10.45    87.07     3.84   180.95    34.04     0.00  9999.00  9999.00  9999.00
 00012  1021.28     9.11    39.65     1.84   204.76    23.97     0.00  9999.00  9999.00  9999.00
 00013  1024.71    11.58    53.63     1.94   268.37    19.24     0.00  9999.00  9999.00  9999.00
 00014  1020.69    13.76    61.23     0.77   320.00    18.46     0.00  9999.00  9999.00  9999.00
 00015  1006.44     9.28    45.76     2.96   231.38    20.70     0.00  9999.00  9999.00  9999.00
 00016   964.61    10.29    56.08     0.87   149.07    20.68     0.00  9999.00  9999.00  9999.00
 00017  1008.06    12.65    42.60     1.71   281.48    19.80     0.00  9999.00  9999.00  9999.00
 00018  1023.62    11.10    45.37     1.43   259.44    18.83     0.00  9999.00  9999.00  9999.00
 00019   946.78     8.89    82.72     1.03   121.99    18.95     0.71  9999.00  9999.00  9999.00
 00020  1026.56    14.03    57.75     2.19   313.28    19.09     0.00  9999.00  9999.00  9999.00
 00021   909.29     0.73    71.94     1.64   327.74    31.81     0.79  9999.00  9999.00  9999.00
 00022  1024.67     9.48    41.37     2.39   249.66    22.79     0.00  9999.00  9999.00  9999.00
 00023   937.78     2.40    63.36     1.13   319.44    30.14     0.03  9999.00  9999.00  9999.00
 00024   962.78    -0.74    89.93     4.10   306.36    26.67     0.03  9999.00  9999.00  9999.00
 00025   800.19    16.99    59.24     5.63   254.95    19.83     0.11  9999.00  9999.00  9999.00
 00026  1023.07    13.08    50.32     1.72    25.31    18.53     0.00  9999.00  9999.00  9999.00
 00027  1019.16    13.49    58.79     0.92   301.72    18.84     0.00  9999.00  9999.00  9999.00
 00028   987.05     9.71    58.41     0.90    11.86    18.70    -0.01  9999.00  9999.00  9999.00
 00029  1018.10    15.79    73.15     3.41     3.46    19.20     3.52  9999.00  9999.00  9999.00
 00030  1008.15    12.40    80.15     2.66   329.06    15.97     0.47  9999.00  9999.00  9999.00
 00031   575.23     3.57    18.96     2.24   230.76    33.52     0.00  9999.00  9999.00  9999.00
 00032   987.95    15.17    63.63     2.09     6.44    17.84    -0.00  9999.00  9999.00  9999.00
 00033  1017.78    19.58    87.43     8.91    45.54    19.92     0.15  9999.00  9999.00  9999.00
 00034  1015.27    27.28    85.60    10.67    61.71    16.88     0.62  9999.00  9999.00  9999.00
 00035  1016.40    22.51    83.78     6.55    28.66    12.62     0.17  9999.00  9999.00  9999.00
 00036   779.03    14.74    56.52     2.85   204.20    21.08     0.48  9999.00  9999.00  9999.00
 00037   978.09    14.89    63.40     1.51   136.37    17.73    -0.00  9999.00  9999.00  9999.00
 00038  1004.61    21.68    53.01     0.66    87.84    20.03     0.01  9999.00  9999.00  9999.00
 00039  1018.98    19.99    66.11     9.14    35.44    19.40     0.04  9999.00  9999.00  9999.00
 00040  1016.72    20.35    59.57     4.55    29.84    20.79     0.00  9999.00  9999.00  9999.00
 00041   981.30    12.02    51.00     1.12   300.75    17.57     0.00  9999.00  9999.00  9999.00
 00042  1024.84    12.08    53.02     1.66   286.12    18.76     0.00  9999.00  9999.00  9999.00
 00043  1016.11    13.31    55.03     2.03    29.45    18.82     0.01  9999.00  9999.00  9999.00
 00044   996.65    12.18    59.67     0.77   353.71    18.02    -0.01  9999.00  9999.00  9999.00
 00045  1016.72    20.35    59.57     4.55    29.84    20.79     0.00  9999.00  9999.00  9999.00
 00046   951.75    11.18    85.00     1.55    22.11    18.35     2.43  9999.00  9999.00  9999.00
 00047  1013.72    15.38    63.67     2.46   353.56    18.46     0.00  9999.00  9999.00  9999.00
 00048   607.83    -1.67    52.71     1.41    86.18    35.12     0.01  9999.00  9999.00  9999.00
 00049   579.59     0.77    37.11     3.29   208.24    28.36     0.01  9999.00  9999.00  9999.00
 00050  1011.39    19.46    55.74     5.54    32.17    19.17     0.00  9999.00  9999.00  9999.00
