stn_id       p       t2      rh2      spd      dir      vis    rain6   rain24   tmax24   tmin24 
 00001   983.36    13.06    46.55     2.50   173.73    21.81  9999.00  9999.00  9999.00  9999.00
 00002   997.79     6.45    20.73     7.80   292.48    23.73  9999.00  9999.00  9999.00  9999.00
 00003   905.64    -1.08    25.81     6.29   293.65    22.39  9999.00  9999.00  9999.00  9999.00
 00004   833.21    -7.73    41.37     7.32   289.38    22.16  9999.00  9999.00  9999.00  9999.00
 00005   868.70    -7.21    58.44     6.28   305.42    22.02  9999.00  9999.00  9999.00  9999.00
 00006   876.65    -6.89    75.94     7.04   289.34    19.38  9999.00  9999.00  9999.00  9999.00
 00007   995.49    10.69    87.39     5.29    57.25     1.12  9999.00  9999.00  9999.00  9999.00
 00008   986.07     6.34    94.65     5.09    49.83     1.86  9999.00  9999.00  9999.00  9999.00
 00009   958.18   -17.32    60.47     2.05   206.11    38.60  9999.00  9999.00  9999.00  9999.00
 00010   966.96     6.21    99.83     2.86    75.40     0.72  9999.00  9999.00  9999.00  9999.00
 00011   999.55    -0.62    68.59     6.53    55.83     8.03  9999.00  9999.00  9999.00  9999.00
 00012  1009.19     7.65    39.99     6.04   346.72    23.46  9999.00  9999.00  9999.00  9999.00
 00013  1012.24    15.02    89.56     6.66   298.97    17.40  9999.00  9999.00  9999.00  9999.00
 00014  1006.36    21.87    84.52     5.08   307.91     8.21  9999.00  9999.00  9999.00  9999.00
 00015   995.38     9.90    27.06     6.41   294.12    20.33  9999.00  9999.00  9999.00  9999.00
 00016   967.67     3.26    49.13     2.07   244.70    20.95  9999.00  9999.00  9999.00  9999.00
 00017  1004.29     9.33    17.88     7.63   300.23    20.07  9999.00  9999.00  9999.00  9999.00
 00018  1013.41    14.47    79.32     6.54   307.60    19.51  9999.00  9999.00  9999.00  9999.00
 00019   949.66    11.21    51.52     2.00   222.50    25.22  9999.00  9999.00  9999.00  9999.00
 00020  1009.72    22.55    90.46     4.99   217.54    18.98  9999.00  9999.00  9999.00  9999.00
 00021   896.83     1.53    38.90     0.87   141.57    31.93  9999.00  9999.00  9999.00  9999.00
 00022  1011.23     8.87    45.25     7.64   327.86    21.99  9999.00  9999.00  9999.00  9999.00
 00023   926.40    -1.00    70.73     1.44   233.78    26.80  9999.00  9999.00  9999.00  9999.00
 00024   951.50    -4.74    79.39     4.93   290.28    29.06  9999.00  9999.00  9999.00  9999.00
 00025   799.44    14.01    64.78     1.09   206.07    21.09  9999.00  9999.00  9999.00  9999.00
 00026  1013.66    15.81    88.23     6.67   340.93     1.68  9999.00  9999.00  9999.00  9999.00
 00027  1013.26    14.70    71.74     7.02   351.77    19.53  9999.00  9999.00  9999.00  9999.00
 00028   982.19    16.37    76.63     3.82    41.72    19.51  9999.00  9999.00  9999.00  9999.00
 00029  1009.19    22.67    93.02     1.60   114.81    22.47  9999.00  9999.00  9999.00  9999.00
 00030   997.74    23.69    96.00     2.11   147.28    24.30  9999.00  9999.00  9999.00  9999.00
 00031   575.64    -3.60    28.28     0.84   185.68    32.13  9999.00  9999.00  9999.00  9999.00
 00032   978.79    19.09    94.52     1.31   258.68    16.88  9999.00  9999.00  9999.00  9999.00
 00033  1011.02    22.58    97.72     3.89   130.60     0.17  9999.00  9999.00  9999.00  9999.00
 00034  1012.95    28.07    81.98     1.03    13.86    28.67  9999.00  9999.00  9999.00  9999.00
 00035  1010.38    25.14    96.00     1.73   100.65    17.07  9999.00  9999.00  9999.00  9999.00
 00036   781.82     9.54    90.03     1.78    10.70     8.49  9999.00  9999.00  9999.00  9999.00
 00037   969.27    19.04    93.71     1.22   239.25    18.69  9999.00  9999.00  9999.00  9999.00
 00038   997.70    21.56    90.33     1.25   241.33    21.29  9999.00  9999.00  9999.00  9999.00
 00039  1010.67    24.81    81.61     4.35   239.38    20.80  9999.00  9999.00  9999.00  9999.00
 00040  1009.23    24.32    87.86     1.38   223.08    22.21  9999.00  9999.00  9999.00  9999.00
 00041   972.46    14.15    92.33     4.65   335.93     6.86  9999.00  9999.00  9999.00  9999.00
 00042  1013.91    15.09    91.19     5.78   296.51     4.18  9999.00  9999.00  9999.00  9999.00
 00043  1006.99    17.49    88.68     4.88    75.36     3.95  9999.00  9999.00  9999.00  9999.00
 00044   985.29    20.20    94.00     3.85   277.41    13.57  9999.00  9999.00  9999.00  9999.00
 00045  1009.23    24.32    87.86     1.38   223.08    22.21  9999.00  9999.00  9999.00  9999.00
 00046   944.57    18.79    89.74     1.43   193.10    19.75  9999.00  9999.00  9999.00  9999.00
 00047  1001.72    21.44    97.86     2.10   201.43     1.13  9999.00  9999.00  9999.00  9999.00
 00048   610.00    -6.72    53.78     1.71   125.49    34.60  9999.00  9999.00  9999.00  9999.00
 00049   579.59    -3.94    66.63     1.08    15.24    22.21  9999.00  9999.00  9999.00  9999.00
 00050  1002.88    23.43    80.15     2.48   248.88    20.21  9999.00  9999.00  9999.00  9999.00
