stn_id       p       t2      rh2      spd      dir      vis    rain6   rain24   tmax24   tmin24 
 00001   973.57     9.58    73.39     1.75    99.20    19.32     0.22     0.40    13.42     9.19
 00002  1002.91    -4.55    90.49     0.74   281.02    27.07     0.00     0.00     8.33    -5.15
 00003   905.30    -4.64    93.61     0.76   260.07    23.67     0.00     0.00     4.11    -5.43
 00004   831.93    -7.84    93.17     1.66   149.43    24.66     0.00     0.00     3.86    -8.50
 00005   868.10    -2.87    92.96     2.01   125.33    19.86     0.08     0.08     1.32    -7.68
 00006   878.60    -4.93    83.69     2.95   188.93    35.13     0.00     0.00     6.53    -6.51
 00007  1012.37     2.86    91.90     5.28   207.12    36.44     0.01     0.01     6.82    -5.67
 00008   992.54    -0.86    86.63     6.66   219.95    42.31     0.00    -0.01     1.52    -8.63
 00009   943.63   -16.21    90.22     2.07   257.26    53.15     0.00     1.07    -8.60   -19.37
 00010   972.37    -5.06    79.85     1.64   203.48    41.35     0.00     0.00     0.50   -14.90
 00011   998.19    -2.76    87.00     5.32   222.24    45.98     0.00     0.00    -2.77   -11.94
 00012  1020.76    -4.72    87.15     0.68    29.15    29.49     0.00     0.00     7.58    -5.26
 00013  1021.64     9.93    74.63     3.34    90.97    21.27     0.00     0.01    13.72     7.33
 00014  1018.37     9.61    88.34     0.75   245.41    20.99     0.00     0.02    14.04     8.69
 00015  1005.06     2.82    83.06     3.01   150.80    22.69     0.00     0.00     8.51    -2.54
 00016   958.75    -0.60    94.63     1.12    73.11    19.65     0.00     0.00     8.10    -1.63
 00017  1005.73     3.43    88.28     1.34   149.17    20.67     0.07     0.07     7.62    -0.83
 00018  1019.64     9.36    80.72     3.13    87.39    20.43     0.00     0.00    13.60     7.99
 00019   937.30     6.70    87.84     1.04     4.87    13.31     0.22     1.30     8.90     5.78
 00020  1024.78    12.29    73.19     2.62    61.74    21.34     0.00    -0.00    15.57     7.87
 00021   892.54    -7.05    86.41     1.91   169.12    12.54     1.37     1.83     0.22   -15.40
 00022  1023.85    -2.83    91.74     2.04   189.69    26.89     0.00     0.00     8.29    -3.26
 00023   923.68   -10.69    88.01     4.11   271.59    20.25     0.95     3.88    -3.09   -10.64
 00024   947.97   -12.63    87.91     8.23   285.54    31.92     0.77     3.14    -7.54   -12.56
 00025   794.52     3.01    87.15     2.22   240.33    18.92     0.00    -0.00    12.96     2.89
 00026  1017.28     9.57    91.50     2.57    14.82    19.56     0.32     0.70    15.63     7.71
 00027  1012.72     8.91    91.39     1.16   129.27    18.47     0.02     0.04    13.52     4.92
 00028   980.61     5.89    92.88     1.21    15.51    17.27     0.00     0.01    12.62     5.35
 00029  1011.23    15.15    86.83     3.15     5.44     9.38     2.07     2.10    18.39    15.14
 00030  1000.82    11.51    83.74     1.96   180.46    21.94     0.00     0.00    21.62    11.00
 00031   568.82    -9.14    26.20     2.29   235.74    37.31     0.00     0.00     0.52   -13.07
 00032   984.34    14.56    84.82     2.38   106.25    18.87     0.01     1.77    15.17    13.65
 00033  1011.18    20.24    88.57     8.50    35.38    10.37     0.58     1.54    20.51    19.56
 00034  1011.10    26.55    84.14     4.32    65.46    20.30     0.84     6.07    26.99    25.68
 00035  1009.79    22.41    88.80     5.46    20.71    11.04     0.27     0.58    23.29    21.48
 00036   772.54     2.32    80.43     1.99   157.28    20.14     0.00    -0.00    12.05    -0.69
 00037   974.60    13.66    91.06     1.48   182.85    17.45     0.01     1.36    15.59    12.95
 00038  1000.95    14.16    88.33     1.80   329.21    20.67     0.00     0.00    23.19    12.79
 00039  1014.64    19.49    80.54    11.29    19.39    20.49     0.00     0.05    20.86    18.64
 00040  1011.60    18.97    79.26     7.69    31.96    21.15     0.04     0.15    23.31    18.54
 00041   977.82     6.49    95.75     1.60   110.31    19.02     0.00     0.22    12.07     4.70
 00042  1021.00     9.68    86.88     3.33    93.43    20.93     0.00     0.00    14.13     8.43
 00043  1010.41     9.83    94.33     2.23    43.61    19.89     0.02     0.37    15.33     7.76
 00044   992.19     8.52    97.66     2.24    76.56     8.63     0.00     0.01    15.06     7.65
 00045  1011.60    18.97    79.26     7.69    31.96    21.15     0.04     0.15    23.31    18.54
 00046   946.99    10.90    98.14     1.93    83.48     4.36     0.00     0.09    16.75     9.82
 00047  1010.73    14.49    83.06     4.30   342.24    20.06     0.00     0.44    16.53    13.84
 00048   599.32    -8.79    55.27     0.84   198.44    39.17     0.00     0.00     2.96   -10.32
 00049   570.61   -19.73    99.49     1.29    30.50     2.74     0.19     0.93    -3.04   -19.87
 00050  1007.42    17.50    78.35     6.11    12.46    20.14     0.00     0.01    20.67    16.22
