stn_id       p       t2      rh2      spd      dir      vis    rain6   rain24   tmax24   tmin24 
 00001   957.87    31.56    66.45     2.63   123.71    27.09  9999.00  9999.00  9999.00  9999.00
 00002   980.26    37.54    27.62     2.34    98.22    26.64  9999.00  9999.00  9999.00  9999.00
 00003   893.06    32.85    26.65     0.91    98.26    25.33  9999.00  9999.00  9999.00  9999.00
 00004   828.66    27.71    32.29     0.75   254.74    23.93  9999.00  9999.00  9999.00  9999.00
 00005   861.57    30.28    26.32     1.29   225.85    24.14  9999.00  9999.00  9999.00  9999.00
 00006   872.19    28.96    27.59     3.84    12.31    23.32  9999.00  9999.00  9999.00  9999.00
 00007   991.84    26.52    66.43     2.74   256.78    24.23  9999.00  9999.00  9999.00  9999.00
 00008   975.00    24.13    79.82     2.83   245.83    23.30  9999.00  9999.00  9999.00  9999.00
 00009   942.81    22.99    32.89     2.17    22.37    34.30  9999.00  9999.00  9999.00  9999.00
 00010   954.58    25.06    70.61     1.29   105.94    24.13  9999.00  9999.00  9999.00  9999.00
 00011   981.91    24.30    81.69     0.62   162.60    25.72  9999.00  9999.00  9999.00  9999.00
 00012   995.93    34.50    37.34     3.06   138.32    24.51  9999.00  9999.00  9999.00  9999.00
 00013  1001.59    24.95    93.07     4.64   194.90    17.15  9999.00  9999.00  9999.00  9999.00
 00014   999.22    30.77    77.92     1.32   266.42    29.52  9999.00  9999.00  9999.00  9999.00
 00015   981.98    33.79    55.49     2.99   189.51    24.40  9999.00  9999.00  9999.00  9999.00
 00016   940.08    32.82    57.85     0.82    39.92    26.10  9999.00  9999.00  9999.00  9999.00
 00017   982.05    33.04    65.24     3.94   169.78    26.80  9999.00  9999.00  9999.00  9999.00
 00018  1000.02    29.96    77.33     5.06   134.05    28.55  9999.00  9999.00  9999.00  9999.00
 00019   923.56    30.35    64.68     1.18   120.51    26.22  9999.00  9999.00  9999.00  9999.00
 00020  1006.00    26.98    84.90     3.21   249.94     4.93  9999.00  9999.00  9999.00  9999.00
 00021   887.67    16.91    87.12     2.61   306.27     3.90  9999.00  9999.00  9999.00  9999.00
 00022   998.59    33.80    41.75     3.74   110.82    23.73  9999.00  9999.00  9999.00  9999.00
 00023   915.19    21.71    46.63     1.76   309.07    21.37  9999.00  9999.00  9999.00  9999.00
 00024   936.21    23.13    38.03     9.12   291.46    23.18  9999.00  9999.00  9999.00  9999.00
 00025   793.15    19.52    86.35     4.14   218.11    13.30  9999.00  9999.00  9999.00  9999.00
 00026  1001.38    33.73    59.45     2.79   192.91    29.78  9999.00  9999.00  9999.00  9999.00
 00027   996.16    32.93    59.69     5.52   198.11    29.13  9999.00  9999.00  9999.00  9999.00
 00028   965.45    30.85    65.31     6.23   196.08    27.31  9999.00  9999.00  9999.00  9999.00
 00029  1003.20    31.26    67.20     3.65   221.30    29.98  9999.00  9999.00  9999.00  9999.00
 00030   991.04    30.76    70.31     4.18   186.42    32.14  9999.00  9999.00  9999.00  9999.00
 00031   576.21    11.61    55.25     0.92   180.10    22.28  9999.00  9999.00  9999.00  9999.00
 00032   972.44    32.03    61.21     2.71   183.43    22.96  9999.00  9999.00  9999.00  9999.00
 00033  1006.33    24.39    97.89     1.35   156.68     0.75  9999.00  9999.00  9999.00  9999.00
 00034  1009.67    28.21    84.28     1.84   176.29    34.95  9999.00  9999.00  9999.00  9999.00
 00035  1005.42    32.05    64.18     3.37   192.03    32.09  9999.00  9999.00  9999.00  9999.00
 00036   772.14    21.76    67.63     2.35   210.39    24.93  9999.00  9999.00  9999.00  9999.00
 00037   962.95    33.90    55.13     1.84   193.61    25.61  9999.00  9999.00  9999.00  9999.00
 00038   990.49    33.26    59.06     2.55   217.55    28.45  9999.00  9999.00  9999.00  9999.00
 00039  1004.34    28.57    79.30     7.42   191.84    27.47  9999.00  9999.00  9999.00  9999.00
 00040  1002.53    29.96    76.35     6.23   214.07    25.81  9999.00  9999.00  9999.00  9999.00
 00041   963.11    30.64    73.80     3.24   207.98    28.76  9999.00  9999.00  9999.00  9999.00
 00042  1003.16    27.74    86.42     3.87    70.71    29.09  9999.00  9999.00  9999.00  9999.00
 00043   995.34    34.43    52.39     2.09   211.57    30.18  9999.00  9999.00  9999.00  9999.00
 00044   978.27    32.80    60.23     2.09   253.65    28.36  9999.00  9999.00  9999.00  9999.00
 00045  1002.53    29.96    76.35     6.23   214.07    25.81  9999.00  9999.00  9999.00  9999.00
 00046   938.45    30.75    61.08     2.77   246.92    28.26  9999.00  9999.00  9999.00  9999.00
 00047   996.18    27.96    84.18     3.44   132.90    25.56  9999.00  9999.00  9999.00  9999.00
 00048   606.94    13.03    70.31     0.87   162.86    25.64  9999.00  9999.00  9999.00  9999.00
 00049   580.17     9.48    70.54     1.68   189.93    22.24  9999.00  9999.00  9999.00  9999.00
 00050   996.46    31.77    66.22     5.51   189.65    27.01  9999.00  9999.00  9999.00  9999.00
