stn_id       p       t2      rh2      spd      dir      vis    rain6   rain24   tmax24   tmin24 
 00001   973.84    14.15    68.57     2.09   348.17    21.74  9999.00  9999.00  9999.00  9999.00
 00002   989.32     7.25    51.01     2.96   252.29    25.23  9999.00  9999.00  9999.00  9999.00
 00003   899.32     3.35    31.15     2.77   268.11    23.79  9999.00  9999.00  9999.00  9999.00
 00004   829.86    -1.73    46.03     5.37   280.25    23.66  9999.00  9999.00  9999.00  9999.00
 00005   864.04    -0.27    51.87     2.91   276.98    25.20  9999.00  9999.00  9999.00  9999.00
 00006   873.44    -3.33    52.33     6.35   281.25    27.51  9999.00  9999.00  9999.00  9999.00
 00007   996.60     3.43    58.00     5.30   170.98    32.08  9999.00  9999.00  9999.00  9999.00
 00008   978.06     2.67    72.56     7.65   205.37    36.54  9999.00  9999.00  9999.00  9999.00
 00009   923.16    -9.13    94.54     2.17   332.12    23.49  9999.00  9999.00  9999.00  9999.00
 00010   962.28    -1.44    92.56     2.49   119.95    36.66  9999.00  9999.00  9999.00  9999.00
 00011   984.17     0.63    82.97     8.94   180.11    40.43  9999.00  9999.00  9999.00  9999.00
 00012  1004.93     2.83    61.49     2.46   242.02    26.22  9999.00  9999.00  9999.00  9999.00
 00013  1010.59    10.45    84.10     2.37   235.85    20.59  9999.00  9999.00  9999.00  9999.00
 00014  1008.09    10.84    82.77     2.24   205.67    19.99  9999.00  9999.00  9999.00  9999.00
 00015   990.14     8.42    50.94     3.41   204.54    22.03  9999.00  9999.00  9999.00  9999.00
 00016   957.70    11.70    50.80     3.47   252.33    22.25  9999.00  9999.00  9999.00  9999.00
 00017   993.88    13.56    54.20     4.65   270.24    21.17  9999.00  9999.00  9999.00  9999.00
 00018  1009.40    11.30    79.81     2.22   195.04    20.03  9999.00  9999.00  9999.00  9999.00
 00019   939.08    10.42    85.34     2.19    64.51    23.24  9999.00  9999.00  9999.00  9999.00
 00020  1013.25     9.82    80.28     2.94   274.79    20.55  9999.00  9999.00  9999.00  9999.00
 00021   898.09     0.61    70.97     2.76   134.74    37.80  9999.00  9999.00  9999.00  9999.00
 00022  1007.56     1.65    65.71     3.42   222.18    24.70  9999.00  9999.00  9999.00  9999.00
 00023   924.93    -0.05    57.21     1.91   106.78    32.85  9999.00  9999.00  9999.00  9999.00
 00024   953.79    -5.93    88.92     4.59   110.40    19.99  9999.00  9999.00  9999.00  9999.00
 00025   793.51    15.38    60.93     5.20   257.77    19.06  9999.00  9999.00  9999.00  9999.00
 00026  1011.40    11.45    88.47     2.04   158.45    19.11  9999.00  9999.00  9999.00  9999.00
 00027  1006.10    14.50    82.33     1.65   164.98    19.13  9999.00  9999.00  9999.00  9999.00
 00028   973.82    15.71    84.11     0.76   338.68    18.66  9999.00  9999.00  9999.00  9999.00
 00029  1006.87    20.18    69.73     1.22   329.46    20.79  9999.00  9999.00  9999.00  9999.00
 00030   995.57    20.71    65.21     1.28   108.10    22.09  9999.00  9999.00  9999.00  9999.00
 00031   570.48     1.61    20.66     3.44   246.64    33.93  9999.00  9999.00  9999.00  9999.00
 00032   978.09    17.14    60.44     1.09    53.95    17.90  9999.00  9999.00  9999.00  9999.00
 00033  1009.30    20.36    94.58     3.18    98.67     5.14  9999.00  9999.00  9999.00  9999.00
 00034  1009.81    27.05    82.53     7.72    47.24    12.66  9999.00  9999.00  9999.00  9999.00
 00035  1008.39    23.47    80.81     2.87    40.66    20.88  9999.00  9999.00  9999.00  9999.00
 00036   773.47    12.89    54.80     1.85   179.82    20.90  9999.00  9999.00  9999.00  9999.00
 00037   968.37    15.59    67.64     1.12   173.06    17.82  9999.00  9999.00  9999.00  9999.00
 00038   995.11    21.79    51.51     0.50   178.22    19.94  9999.00  9999.00  9999.00  9999.00
 00039  1009.55    20.52    64.42     7.13    62.71    19.61  9999.00  9999.00  9999.00  9999.00
 00040  1006.60    22.06    66.34     4.43    80.38    20.70  9999.00  9999.00  9999.00  9999.00
 00041   970.14     9.53    84.25     1.84   197.66    18.75  9999.00  9999.00  9999.00  9999.00
 00042  1011.13    11.17    82.87     2.75   246.26    20.05  9999.00  9999.00  9999.00  9999.00
 00043  1004.90    12.18    81.78     1.16   189.23    19.27  9999.00  9999.00  9999.00  9999.00
 00044   985.83    10.95    81.62     1.30   336.85    18.76  9999.00  9999.00  9999.00  9999.00
 00045  1006.60    22.06    66.34     4.43    80.38    20.70  9999.00  9999.00  9999.00  9999.00
 00046   942.09    12.69    78.87     1.34    44.94    18.66  9999.00  9999.00  9999.00  9999.00
 00047  1002.88    14.92    62.23     3.20   339.68    19.07  9999.00  9999.00  9999.00  9999.00
 00048   604.10    -0.09    19.42     2.94    39.62    34.59  9999.00  9999.00  9999.00  9999.00
 00049   574.70    -1.09    43.81     2.50   208.08    27.82  9999.00  9999.00  9999.00  9999.00
 00050  1001.82    19.17    57.34     3.74    76.01    19.10  9999.00  9999.00  9999.00  9999.00
