stn_id       p       t2      rh2      spd      dir      vis    rain6   rain24   tmax24   tmin24 
 00001   983.61     9.40    92.44     0.59   196.37    19.64     0.51  9999.00  9999.00  9999.00
 00002  1007.75    -5.13    37.50     1.39   272.05    25.40     0.00  9999.00  9999.00  9999.00
 00003   911.31    -6.95    49.80     0.64   300.11    23.87     0.00  9999.00  9999.00  9999.00
 00004   838.67    -8.58    66.51     2.45   204.24    23.67     0.00  9999.00  9999.00  9999.00
 00005   874.22    -9.16    47.82     1.38   119.78    25.90     0.00  9999.00  9999.00  9999.00
 00006   881.47    -5.75    45.19     5.93   221.72    27.28     0.00  9999.00  9999.00  9999.00
 00007  1017.26    -5.73    59.04     3.23   145.01    31.71     0.00  9999.00  9999.00  9999.00
 00008   999.09   -10.48    83.82     4.70   196.64    36.11     0.00  9999.00  9999.00  9999.00
 00009   935.06   -12.67    88.60     2.78   212.66    46.46     0.01  9999.00  9999.00  9999.00
 00010   976.93    -9.55    66.09     2.78   279.42    36.08     0.00  9999.00  9999.00  9999.00
 00011  1005.35   -17.32    92.75     7.04   182.66    29.63     0.00  9999.00  9999.00  9999.00
 00012  1024.27    -5.38    54.53     1.01   120.82    26.23     0.00  9999.00  9999.00  9999.00
 00013  1026.53     1.35    72.43     2.27    64.79    20.56     0.00  9999.00  9999.00  9999.00
 00014  1022.65     4.77    74.83     0.90   308.95    19.91     0.00  9999.00  9999.00  9999.00
 00015  1009.11    -2.77    53.73     2.05   170.02    22.12     0.00  9999.00  9999.00  9999.00
 00016   967.36    -2.68    82.60     0.59   111.65    22.16     0.00  9999.00  9999.00  9999.00
 00017  1011.24    -2.21    77.20     1.81   283.16    21.20     0.00  9999.00  9999.00  9999.00
 00018  1024.98     1.91    73.99     2.25    91.60    20.02     0.00  9999.00  9999.00  9999.00
 00019   945.97     6.11    88.91     0.83   312.90    25.67     0.00  9999.00  9999.00  9999.00
 00020  1028.75     4.42    57.84     2.91   341.84    20.51     0.00  9999.00  9999.00  9999.00
 00021   895.60    -7.46    72.25     2.25   155.05    36.56     0.04  9999.00  9999.00  9999.00
 00022  1027.71    -4.00    64.09     2.58   237.37    24.76     0.00  9999.00  9999.00  9999.00
 00023   922.14    -0.40    75.50     1.13   178.34    32.52     0.00  9999.00  9999.00  9999.00
 00024   949.88    -6.93    83.85     3.69   113.30    32.59     0.00  9999.00  9999.00  9999.00
 00025   799.02    11.77    99.38     2.41   207.97     1.25     0.11  9999.00  9999.00  9999.00
 00026  1022.82     9.42    69.06     2.08   110.73    19.11     0.00  9999.00  9999.00  9999.00
 00027  1019.18     8.97    64.44     1.99   339.07    18.61     0.06  9999.00  9999.00  9999.00
 00028   986.62     7.03    89.90     1.14    96.34     8.78     3.15  9999.00  9999.00  9999.00
 00029  1016.39    14.30    68.55     3.30    11.10    20.90     0.00  9999.00  9999.00  9999.00
 00030  1006.05    13.80    75.08     2.34   334.42    22.27     0.01  9999.00  9999.00  9999.00
 00031   573.94   -11.71    56.95     1.88   218.50    33.19     0.00  9999.00  9999.00  9999.00
 00032   988.27    11.23    89.68     1.51   339.30    16.92     0.58  9999.00  9999.00  9999.00
 00033  1016.01    20.46    90.51     8.01    63.83    15.44     0.26  9999.00  9999.00  9999.00
 00034  1015.27    26.62    86.62    10.44    53.23    13.98     1.32  9999.00  9999.00  9999.00
 00035  1014.97    23.50    86.09     4.61    50.10    13.83     0.52  9999.00  9999.00  9999.00
 00036   778.86     5.14    85.75     0.83    24.09    17.01     0.04  9999.00  9999.00  9999.00
 00037   978.29    10.93    92.37     0.90   341.21    14.94     0.39  9999.00  9999.00  9999.00
 00038  1005.23    15.16    74.59     1.37   337.78    20.06     0.00  9999.00  9999.00  9999.00
 00039  1019.19    17.57    76.76     9.95    19.08    19.69     0.00  9999.00  9999.00  9999.00
 00040  1016.28    17.84    71.07     5.51    28.79    20.71     0.00  9999.00  9999.00  9999.00
 00041   982.08     4.61    72.63     1.51    34.29    18.69     0.02  9999.00  9999.00  9999.00
 00042  1026.42     2.04    76.00     1.91    85.23    20.02     0.00  9999.00  9999.00  9999.00
 00043  1016.07     8.78    76.45     1.48    45.06    19.28     0.06  9999.00  9999.00  9999.00
 00044   996.48     7.70    74.61     1.15    87.15    18.73     0.40  9999.00  9999.00  9999.00
 00045  1016.28    17.84    71.07     5.51    28.79    20.71     0.00  9999.00  9999.00  9999.00
 00046   951.16    10.27    92.32     1.47    38.66    16.40     0.35  9999.00  9999.00  9999.00
 00047  1014.98    11.01    67.59     3.23   327.02    18.94     0.66  9999.00  9999.00  9999.00
 00048   605.29    -9.04    67.96     1.41   179.50    22.19     0.00  9999.00  9999.00  9999.00
 00049   576.44   -10.55    74.58     0.59    70.75    21.51     0.02  9999.00  9999.00  9999.00
 00050  1011.79    15.30    71.31     4.97    34.32    19.17     0.01  9999.00  9999.00  9999.00
