stn_id       p       t2      rh2      spd      dir      vis    rain6   rain24   tmax24   tmin24 
 00001   985.39     9.76    69.86     2.27    89.41    17.72    -0.00  9999.00  9999.00  9999.00
 00002  1012.85     4.31    76.53     1.68    98.45    24.62     0.00  9999.00  9999.00  9999.00
 00003   915.31     3.10    67.61     1.96   196.45    22.94    -0.01  9999.00  9999.00  9999.00
 00004   842.95    -1.09    80.79     1.56   141.10    23.56     0.01  9999.00  9999.00  9999.00
 00005   879.01    -0.25    84.07     1.63   139.28    26.15     0.00  9999.00  9999.00  9999.00
 00006   888.11    -0.18    82.78     5.79   208.54    30.31     0.00  9999.00  9999.00  9999.00
 00007  1023.17     0.15    27.46     3.17   171.89    29.73     0.00  9999.00  9999.00  9999.00
 00008  1005.31    -0.86    37.18     4.51   211.75    36.17     0.00  9999.00  9999.00  9999.00
 00009   943.92    -2.82    69.94     3.58   232.97    57.12     0.00  9999.00  9999.00  9999.00
 00010   983.59    -3.38    50.82     2.40   255.60    35.56     0.00  9999.00  9999.00  9999.00
 00011  1010.45    -1.54    54.74     4.92   206.84    43.11     0.00  9999.00  9999.00  9999.00
 00012  1029.69     1.81    79.31     2.34   200.49    25.48     0.00  9999.00  9999.00  9999.00
 00013  1032.62     5.96    73.81     2.21    27.20    18.57     0.00  9999.00  9999.00  9999.00
 00014  1028.40     7.49    76.99     2.05   328.00    18.39     0.00  9999.00  9999.00  9999.00
 00015  1015.52     1.81    69.77     2.39   157.03    19.78     0.00  9999.00  9999.00  9999.00
 00016   967.47     7.81    71.92     2.52   102.69    18.14     0.00  9999.00  9999.00  9999.00
 00017  1016.29     5.73    58.43     2.73   162.41    18.76     0.00  9999.00  9999.00  9999.00
 00018  1031.41     3.90    75.19     2.58    72.65    18.20     0.00  9999.00  9999.00  9999.00
 00019   948.22    10.54    85.11     1.59   320.26    17.91     0.44  9999.00  9999.00  9999.00
 00020  1034.45     7.59    74.07     3.02   343.83    18.39     0.00  9999.00  9999.00  9999.00
 00021   912.21    -5.61    78.17     1.05   269.42    37.84     1.76  9999.00  9999.00  9999.00
 00022  1033.33     3.50    68.88     2.98   189.23    23.05     0.00  9999.00  9999.00  9999.00
 00023   942.64    -9.46    88.51     1.53   303.15    37.76     0.02  9999.00  9999.00  9999.00
 00024   967.05    -7.53    79.34     7.31   291.85    39.42     0.00  9999.00  9999.00  9999.00
 00025   801.38    10.30    69.21     1.84   233.55    20.61     0.04  9999.00  9999.00  9999.00
 00026  1028.27     7.34    61.42     3.77   100.48    18.24     0.00  9999.00  9999.00  9999.00
 00027  1023.65     7.81    67.15     2.61   352.50    17.71     0.00  9999.00  9999.00  9999.00
 00028   990.71     8.82    69.56     2.30    20.57    16.67    -0.01  9999.00  9999.00  9999.00
 00029  1020.91    13.64    59.27     3.45     6.32    20.20     0.00  9999.00  9999.00  9999.00
 00030  1010.44    13.02    66.05     2.59    25.31    22.01     0.00  9999.00  9999.00  9999.00
 00031   572.01    -2.42     5.26     1.88   251.00    30.95     0.00  9999.00  9999.00  9999.00
 00032   993.25    10.85    64.24     3.24    33.86    17.21     0.00  9999.00  9999.00  9999.00
 00033  1021.06    18.84    67.64     6.86    48.52    21.67     0.08  9999.00  9999.00  9999.00
 00034  1017.96    25.52    81.14    13.19    38.11    15.55     0.54  9999.00  9999.00  9999.00
 00035  1019.93    20.35    66.25     4.26    20.66    21.54     0.02  9999.00  9999.00  9999.00
 00036   781.34     7.73    75.07     1.01   218.65    20.70     0.10  9999.00  9999.00  9999.00
 00037   983.25     9.93    68.39     2.18    50.12    17.14     0.00  9999.00  9999.00  9999.00
 00038  1009.63    13.61    56.93     2.14    64.10    19.22     0.00  9999.00  9999.00  9999.00
 00039  1023.60    17.49    66.89    13.35    29.80    18.44     0.21  9999.00  9999.00  9999.00
 00040  1020.58    17.96    55.87     8.57    36.81    19.83     0.00  9999.00  9999.00  9999.00
 00041   988.12     3.78    79.03     2.11    44.55    17.41     0.00  9999.00  9999.00  9999.00
 00042  1032.38     5.77    76.90     2.41    49.49    18.33     0.00  9999.00  9999.00  9999.00
 00043  1021.21     6.90    65.36     2.48    24.28    18.58     0.00  9999.00  9999.00  9999.00
 00044  1001.57     7.73    68.89     3.49    50.73    17.74     0.00  9999.00  9999.00  9999.00
 00045  1020.58    17.96    55.87     8.57    36.81    19.83     0.00  9999.00  9999.00  9999.00
 00046   954.90     7.75    67.35     1.73    46.50    18.26     0.01  9999.00  9999.00  9999.00
 00047  1020.24    12.52    62.65     5.46    15.82    17.92     0.01  9999.00  9999.00  9999.00
 00048   604.12    -2.74    56.29     1.37   181.65    24.60     0.82  9999.00  9999.00  9999.00
 00049   577.13    -9.17    92.40     1.70   197.60    21.25     0.34  9999.00  9999.00  9999.00
 00050  1016.36    14.08    60.07     6.88    19.32    18.32     0.01  9999.00  9999.00  9999.00
