stn_id       p       t2      rh2      spd      dir      vis    rain6   rain24   tmax24   tmin24 
 00001   978.78    20.90  9999.00     2.00   220.00     8.00  9999.00  9999.00  9999.00  9999.00
 00002  1007.08    11.10  9999.00     1.00   360.00     4.70  9999.00  9999.00  9999.00  9999.00
 00003   927.05     3.80  9999.00     2.00    20.00    21.00  9999.00  9999.00  9999.00  9999.00
 00004   860.72    -1.20  9999.00     3.00   220.00    23.00  9999.00  9999.00  9999.00  9999.00
 00005   896.88    -2.10  9999.00     4.00   320.00    30.00  9999.00  9999.00  9999.00  9999.00
 00006   884.23     1.10  9999.00     6.00   220.00    30.00  9999.00  9999.00  9999.00  9999.00
 00007  1006.03     7.00  9999.00     5.00   220.00    19.00  9999.00  9999.00  9999.00  9999.00
 00008   978.68     0.60  9999.00     4.00   250.00     9.00  9999.00  9999.00  9999.00  9999.00
 00009  9999.00    -5.50  9999.00     3.00   290.00     0.90  9999.00  9999.00  9999.00  9999.00
 00010   975.18     3.80  9999.00     5.00   250.00     7.00  9999.00  9999.00  9999.00  9999.00
 00011   983.71     0.10  9999.00     3.00   250.00     7.00  9999.00  9999.00  9999.00  9999.00
 00012  1012.63     7.10  9999.00     1.00   200.00     6.00  9999.00  9999.00  9999.00  9999.00
 00013  1017.56    14.10  9999.00     2.00    90.00     7.00  9999.00  9999.00  9999.00  9999.00
 00014  1011.53    17.90  9999.00     3.00    20.00     5.00  9999.00  9999.00  9999.00  9999.00
 00015   998.08    13.20  9999.00     2.00   110.00  9999.00  9999.00  9999.00  9999.00  9999.00
 00016   962.80    11.70  9999.00     1.00   320.00     7.00  9999.00  9999.00  9999.00  9999.00
 00017  9999.00  9999.00  9999.00  9999.00  9999.00  9999.00  9999.00  9999.00  9999.00  9999.00
 00018  1013.95    14.40  9999.00     2.00    70.00     8.00  9999.00  9999.00  9999.00  9999.00
 00019   940.66    17.90  9999.00     2.00   290.00     4.80  9999.00  9999.00  9999.00  9999.00
 00020  1017.51    14.60  9999.00     4.00    40.00    11.00  9999.00  9999.00  9999.00  9999.00
 00021   912.74     4.10  9999.00     1.00   340.00  9999.00  9999.00  9999.00  9999.00  9999.00
 00022  1016.90     8.60  9999.00     2.00   180.00     7.00  9999.00  9999.00  9999.00  9999.00
 00023   936.26     7.50  9999.00     8.00   250.00    30.00  9999.00  9999.00  9999.00  9999.00
 00024   963.24     3.40  9999.00     1.00   140.00    30.00  9999.00  9999.00  9999.00  9999.00
 00025  9999.00  9999.00  9999.00  9999.00  9999.00  9999.00  9999.00  9999.00  9999.00  9999.00
 00026  1007.91    19.40  9999.00     1.00    40.00     0.30  9999.00  9999.00  9999.00  9999.00
 00027  1005.75    19.80  9999.00     3.00   320.00     6.00  9999.00  9999.00  9999.00  9999.00
 00028   982.53    18.10  9999.00     1.00    70.00     3.80  9999.00  9999.00  9999.00  9999.00
 00029  1007.37    19.70  9999.00     1.00   340.00     9.00  9999.00  9999.00  9999.00  9999.00
 00030   996.08    22.00  9999.00     1.00    20.00     4.20  9999.00  9999.00  9999.00  9999.00
 00031   618.30     3.00    23.34     1.00   110.00    30.00  9999.00  9999.00  9999.00  9999.00
 00032  1002.73    20.00  9999.00     2.00   140.00     6.00  9999.00  9999.00  9999.00  9999.00
 00033  1008.60    24.00  9999.00     2.00    90.00     2.80  9999.00  9999.00  9999.00  9999.00
 00034  1009.30    25.70  9999.00     2.00    70.00     9.00  9999.00  9999.00  9999.00  9999.00
 00035  1007.69    25.00  9999.00     1.00    90.00    12.00  9999.00  9999.00  9999.00  9999.00
 00036   836.70    16.50    54.66     0.00     0.00    20.00  9999.00  9999.00  9999.00  9999.00
 00037  1006.51    20.40  9999.00     2.00   110.00     7.00  9999.00  9999.00  9999.00  9999.00
 00038  1007.83    20.80  9999.00     0.00     0.00  9999.00  9999.00  9999.00  9999.00  9999.00
 00039  1009.64    18.90  9999.00     1.00    20.00     3.80  9999.00  9999.00  9999.00  9999.00
 00040  1005.24    20.80  9999.00     2.00   200.00     6.00  9999.00  9999.00  9999.00  9999.00
 00041   817.70     9.20   100.00     7.00    90.00     0.10  9999.00  9999.00  9999.00  9999.00
 00042  1014.97    16.30  9999.00     5.00    70.00     6.00  9999.00  9999.00  9999.00  9999.00
 00043  1009.80    19.80  9999.00     1.00   360.00     3.60  9999.00  9999.00  9999.00  9999.00
 00044  1004.28    18.30  9999.00     2.00    20.00     5.00  9999.00  9999.00  9999.00  9999.00
 00045  1005.24    20.80  9999.00     2.00   200.00     6.00  9999.00  9999.00  9999.00  9999.00
 00046   969.25    20.10  9999.00     0.00   340.00     7.00  9999.00  9999.00  9999.00  9999.00
 00047  1010.74    18.20  9999.00     3.00   250.00     0.50  9999.00  9999.00  9999.00  9999.00
 00048   655.40     2.90    55.04     2.00   110.00    22.00  9999.00  9999.00  9999.00  9999.00
 00049   602.00    -0.80    79.99     3.00   220.00    30.00  9999.00  9999.00  9999.00  9999.00
 00050  1010.14    19.50  9999.00     3.00    70.00     2.50  9999.00  9999.00  9999.00  9999.00
