stn_id       p       t2      rh2      spd      dir      vis    rain6   rain24   tmax24   tmin24 
 00001   969.33    11.71    90.02     1.44   346.76    11.17  9999.00  9999.00  9999.00  9999.00
 00002  1000.27     0.03    91.33     1.58   306.43    26.59  9999.00  9999.00  9999.00  9999.00
 00003   903.27     0.00    73.78     2.16    41.70    25.00  9999.00  9999.00  9999.00  9999.00
 00004   833.40    -3.59    88.09     1.25    89.11    26.29  9999.00  9999.00  9999.00  9999.00
 00005   872.24    -4.73    67.27     3.64    32.28    30.92  9999.00  9999.00  9999.00  9999.00
 00006   886.20    -6.78    85.07     3.56     6.10    34.13  9999.00  9999.00  9999.00  9999.00
 00007  1012.77    -1.78    80.54     4.49     5.49    32.06  9999.00  9999.00  9999.00  9999.00
 00008   994.97    -5.30    94.38     4.57   323.89    38.89  9999.00  9999.00  9999.00  9999.00
 00009   950.75   -19.63    94.54     2.34   240.02    57.78  9999.00  9999.00  9999.00  9999.00
 00010   970.57    -4.04    87.22     1.31   176.33    36.37  9999.00  9999.00  9999.00  9999.00
 00011  1003.07    -6.28    91.25     4.42    13.63    27.59  9999.00  9999.00  9999.00  9999.00
 00012  1017.70     0.42    91.65     1.87   106.17    27.74  9999.00  9999.00  9999.00  9999.00
 00013  1012.11    13.58    95.64     2.97    92.88    17.97  9999.00  9999.00  9999.00  9999.00
 00014  1009.11    13.35    94.83     1.13   199.97    18.32  9999.00  9999.00  9999.00  9999.00
 00015   998.64     4.97    96.98     1.45    84.26    11.98  9999.00  9999.00  9999.00  9999.00
 00016   958.10     4.54    91.94     1.71   235.95    15.53  9999.00  9999.00  9999.00  9999.00
 00017  1000.14     7.05    90.66     1.24   147.05    10.05  9999.00  9999.00  9999.00  9999.00
 00018  1010.12    13.54    90.70     2.79    79.51    17.65  9999.00  9999.00  9999.00  9999.00
 00019   935.44     9.91    86.15     1.29   305.00    14.69  9999.00  9999.00  9999.00  9999.00
 00020  1015.99    17.79    87.52     4.52   124.04    17.20  9999.00  9999.00  9999.00  9999.00
 00021   901.46    -9.43    86.98     1.25   140.61    19.28  9999.00  9999.00  9999.00  9999.00
 00022  1020.05     1.31    96.88     1.45   350.66    23.96  9999.00  9999.00  9999.00  9999.00
 00023   931.76    -8.72    73.94     1.84   231.54    31.09  9999.00  9999.00  9999.00  9999.00
 00024   958.44   -13.95    99.81     4.00   122.46     4.40  9999.00  9999.00  9999.00  9999.00
 00025   791.67    10.04    59.89     2.31   242.35    19.75  9999.00  9999.00  9999.00  9999.00
 00026  1008.26    12.97    95.57     1.22    55.20     7.82  9999.00  9999.00  9999.00  9999.00
 00027  1003.77    10.77    96.86     3.13   341.44     8.01  9999.00  9999.00  9999.00  9999.00
 00028   972.17     7.67    98.54     1.92   345.96     2.73  9999.00  9999.00  9999.00  9999.00
 00029  1005.53    22.55    95.23     2.86   143.69    20.09  9999.00  9999.00  9999.00  9999.00
 00030   990.56    22.93    94.60     4.15   165.40    21.52  9999.00  9999.00  9999.00  9999.00
 00031   570.09    -4.64    21.17     3.50   232.75    32.44  9999.00  9999.00  9999.00  9999.00
 00032   979.63    16.92    96.36     1.00    70.60    16.24  9999.00  9999.00  9999.00  9999.00
 00033  1006.70    22.07    91.30     8.64   165.65    19.02  9999.00  9999.00  9999.00  9999.00
 00034  1011.64    27.40    79.54     4.65   137.12    23.77  9999.00  9999.00  9999.00  9999.00
 00035  1006.99    24.94    86.40     5.22   176.88    22.00  9999.00  9999.00  9999.00  9999.00
 00036   770.01     8.27    57.00     2.44   162.68    20.43  9999.00  9999.00  9999.00  9999.00
 00037   969.93    16.91    96.85     0.63    52.59    16.96  9999.00  9999.00  9999.00  9999.00
 00038   996.81    20.31    92.80     0.83   107.47    18.57  9999.00  9999.00  9999.00  9999.00
 00039  1010.59    22.00    87.88     5.74    27.01    13.15  9999.00  9999.00  9999.00  9999.00
 00040  1007.91    22.98    90.99     4.01    65.88    12.34  9999.00  9999.00  9999.00  9999.00
 00041   969.60    11.24    97.41     1.30   127.92    16.35  9999.00  9999.00  9999.00  9999.00
 00042  1011.33    13.88    93.52     2.90   100.34    18.21  9999.00  9999.00  9999.00  9999.00
 00043  1001.65    12.63    96.48     1.27    63.24    16.00  9999.00  9999.00  9999.00  9999.00
 00044   984.20    12.36    97.22     2.20    80.62     7.04  9999.00  9999.00  9999.00  9999.00
 00045  1007.91    22.98    90.99     4.01    65.88    12.34  9999.00  9999.00  9999.00  9999.00
 00046   942.03    17.26    99.29     1.46   121.36    13.63  9999.00  9999.00  9999.00  9999.00
 00047  1004.45    17.57    93.91     1.82   334.29    15.94  9999.00  9999.00  9999.00  9999.00
 00048   598.22     5.21     7.39     2.52   202.52    34.94  9999.00  9999.00  9999.00  9999.00
 00049   573.71    -5.16    45.18     0.66   202.24    28.54  9999.00  9999.00  9999.00  9999.00
 00050  1003.09    19.73    89.75     2.86     4.36    16.78  9999.00  9999.00  9999.00  9999.00
