stn_id       p       t2      rh2      spd      dir      vis    rain6   rain24   tmax24   tmin24 
 00001   967.56    10.35    85.49     1.44    90.95    17.69     0.14     0.18    15.66     8.62
 00002   998.18    -3.40    90.76     1.20   285.17    26.55     0.00     0.23     8.49    -5.16
 00003   901.50    -1.95    88.12     1.61   211.87    24.98     0.00     0.09     8.05    -7.27
 00004   830.13    -2.93    94.87     1.50   190.78    19.37     0.01     0.30     5.31   -11.83
 00005   866.17    -5.22    65.74     1.19    50.83    30.79    -0.00     0.00     1.85   -12.36
 00006   876.42    -4.56    86.04     3.49   236.90    34.08     0.00     0.00     5.81    -6.98
 00007  1008.07     1.17    54.20     4.71   162.99    32.09    -0.01     0.00     5.26    -4.46
 00008   992.55    -4.90    75.18     4.35   146.56    39.06     0.00     0.00     1.91    -7.26
 00009   950.00   -30.04    99.62     2.43   199.64    41.26     0.00     0.07   -15.15   -31.25
 00010   972.64    -8.90    72.36     0.95   238.26    37.10     0.00     0.10     4.84   -11.56
 00011  1002.98    -7.24    83.55     1.87    81.26    40.01     0.03     0.14    -2.38   -12.81
 00012  1015.20    -3.58    92.11     0.91   347.36    21.41     0.00    -0.00     7.38    -5.86
 00013  1014.74    10.15    95.54     2.67    80.41    18.64     0.61     1.77    12.29     8.38
 00014  1011.75     9.43    97.94     0.87   308.48     0.98     0.65     2.25    15.24     7.89
 00015   998.75     4.73    91.90     2.25   158.09    16.34     0.36     0.61     9.63    -0.32
 00016   953.25     1.36    93.62     1.41   119.96    17.76    -0.00    -0.01     8.95    -1.19
 00017   999.71     1.86    98.37     0.74   297.13    18.19     0.00     0.01    10.28    -1.99
 00018  1013.49     9.48    96.45     1.60    98.28    13.41     0.05     1.86    10.45     7.83
 00019   931.94     9.00    89.86     0.34   264.93    11.48     0.69     1.43    11.25     8.31
 00020  1018.06    14.07    92.11     3.39    59.94     8.77     3.71     4.53    16.55    10.60
 00021   898.63   -10.88    93.75     1.61   135.48    19.55     0.01     1.74    -3.01   -12.09
 00022  1018.28    -0.63    94.16     0.62   203.74    21.08     0.02     0.02     6.61    -4.99
 00023   928.97   -11.86    89.10     1.90   125.97    32.92     0.18     2.42    -3.97   -12.94
 00024   954.72   -14.02    99.58     2.95   303.39    14.24     0.00     1.15    -5.87   -13.97
 00025   791.09     6.56    64.23     2.42   241.17    19.71     0.00     0.00    17.74     5.37
 00026  1012.20    10.12    94.62     2.23    13.90    17.70     1.13     3.99    12.60     7.95
 00027  1007.71     8.51    96.10     1.71   333.95    15.21     0.67     4.77    10.65     6.59
 00028   974.48     6.47    96.29     1.62    13.22     8.41     0.52     3.25     8.23     6.16
 00029  1007.63    20.49    88.53     2.40   104.36    18.04     0.38     0.52    24.73    16.85
 00030   993.66    19.95    98.41     3.03   116.72     6.19     0.63     0.82    20.74    14.27
 00031   569.46    -6.97    19.66     3.00   238.81    32.53     0.00     0.00     5.47   -11.36
 00032   981.00    14.67    94.88     1.23   250.35    12.90     4.09    12.65    19.92    13.64
 00033  1008.70    21.32    96.14     6.04   157.49     0.44     0.02     0.15    22.79    20.38
 00034  1012.45    26.96    82.28     3.02   132.48    23.86     0.08     0.21    27.38    25.82
 00035  1008.48    25.04    90.19     3.95   173.11    21.98     0.00     0.26    29.81    23.30
 00036   769.50     4.64    61.36     2.12   157.76    20.39    -0.00    -0.00    14.35     3.19
 00037   971.19    14.69    95.66     0.76    99.67    13.63     2.53     8.97    19.76    13.80
 00038   998.31    18.64    91.54     0.58   111.22    18.80     0.26     0.94    26.18    18.25
 00039  1012.05    20.36    84.19     6.80    25.33    16.44     0.07     2.03    23.73    19.94
 00040  1009.49    20.57    84.94     5.09    24.47    19.63     0.33     1.33    26.18    20.23
 00041   972.24     8.18    98.33     1.22   115.35     1.46     0.77     2.08    10.76     6.86
 00042  1014.63     8.98    97.61     1.57   118.52    15.19     0.52     0.92    10.64     6.93
 00043  1005.62    10.24    93.81     1.81    65.24    14.97     0.07     1.59    12.27     8.70
 00044   986.84    10.13    95.98     1.18    70.57     8.01     2.17     2.24    13.21     8.60
 00045  1009.49    20.57    84.94     5.09    24.47    19.63     0.33     1.33    26.18    20.23
 00046   943.25    14.83    99.82     1.34   108.26     4.30     2.93     6.24    19.42    11.48
 00047  1006.00    13.98    87.75     2.38   320.51     5.10     0.75     0.76    17.08    12.80
 00048   599.89    -6.24    29.93     1.10   159.71    35.11     0.00     0.00     6.53   -10.10
 00049   573.14   -10.28    43.90     0.59   117.38    28.64     0.00     0.00     0.15   -13.85
 00050  1004.45    18.22    85.27     3.43    10.60    18.01     0.03     0.51    23.26    17.26
