stn_id       p       t2      rh2      spd      dir      vis    rain6   rain24   tmax24   tmin24 
 00001   983.82    11.29    94.56     0.90   301.86    21.41     0.05  9999.00  9999.00  9999.00
 00002  1003.95    -5.11    77.81     1.07   286.28    24.93     0.00  9999.00  9999.00  9999.00
 00003   908.06    -5.46    85.20     1.69   257.34    23.38     0.00  9999.00  9999.00  9999.00
 00004   836.87    -7.50    62.07     2.02   230.89    23.12     0.00  9999.00  9999.00  9999.00
 00005   871.90    -8.01    45.70     0.99   149.00    25.12     0.00  9999.00  9999.00  9999.00
 00006   881.77    -7.98    49.74     2.72   240.19    26.16     0.00  9999.00  9999.00  9999.00
 00007  1011.89    -1.06    86.67     3.96   202.22    28.37     1.11  9999.00  9999.00  9999.00
 00008   994.97    -7.53    85.37     2.09   143.68    14.43     1.85  9999.00  9999.00  9999.00
 00009   947.83   -25.00    79.20     3.01   232.87    44.81     0.00  9999.00  9999.00  9999.00
 00010   975.10    -8.74    38.49     0.76   104.78    26.52     0.17  9999.00  9999.00  9999.00
 00011  1005.67   -16.71    91.33     2.58    89.05    22.06     0.26  9999.00  9999.00  9999.00
 00012  1021.25    -6.03    70.81     1.23   106.09    25.20     0.00  9999.00  9999.00  9999.00
 00013  1020.76     8.88    90.11     2.53   141.22    19.85     0.00  9999.00  9999.00  9999.00
 00014  1018.07     7.25    92.85     1.35   231.63    19.12     0.00  9999.00  9999.00  9999.00
 00015  1004.27     3.96    81.03     1.09   235.00    21.46     0.08  9999.00  9999.00  9999.00
 00016   964.96    -0.63    77.07     0.69   103.48    21.46     0.00  9999.00  9999.00  9999.00
 00017  1005.91     0.64    75.68     2.59   250.17    20.48     0.00  9999.00  9999.00  9999.00
 00018  1019.46     9.23    86.41     1.60   246.52    13.52     0.02  9999.00  9999.00  9999.00
 00019   947.11     8.44    91.10     1.78   247.53    25.27     0.01  9999.00  9999.00  9999.00
 00020  1024.37    10.79    84.59     2.26   136.13    19.79     0.00  9999.00  9999.00  9999.00
 00021   901.55    -4.20    66.27     1.69   163.75    37.17     0.00  9999.00  9999.00  9999.00
 00022  1024.19    -5.08    66.26     1.93   338.19    23.87     0.00  9999.00  9999.00  9999.00
 00023   929.94     0.21    92.36     1.16   170.99    31.48     0.14  9999.00  9999.00  9999.00
 00024   955.91    -5.55    88.14     0.80   132.27    33.24     0.01  9999.00  9999.00  9999.00
 00025   801.03     7.54    96.50     1.76   195.93    19.41     0.00  9999.00  9999.00  9999.00
 00026  1019.13    10.33    85.66     1.49   326.25    18.73     0.00  9999.00  9999.00  9999.00
 00027  1017.53     8.41    85.35     4.12   334.27     6.43     0.99  9999.00  9999.00  9999.00
 00028   985.61     8.31    85.70     2.84     4.00     6.93     3.35  9999.00  9999.00  9999.00
 00029  1014.74    15.44    85.44     1.61    13.09    21.02     0.00  9999.00  9999.00  9999.00
 00030  1003.82    17.81    88.08     2.24    68.65    22.44     0.00  9999.00  9999.00  9999.00
 00031   577.88    -6.11    15.84     0.84   230.69    34.17     0.00  9999.00  9999.00  9999.00
 00032   986.32    12.67    83.27     1.65   339.20    17.83     0.00  9999.00  9999.00  9999.00
 00033  1015.04    20.59    94.21     7.62    70.70     0.69     0.56  9999.00  9999.00  9999.00
 00034  1013.49    27.31    81.12    12.10    65.99    19.26     0.48  9999.00  9999.00  9999.00
 00035  1013.87    23.20    90.97     4.95    60.55     9.27     0.87  9999.00  9999.00  9999.00
 00036   781.79     4.88    86.76     1.40    73.63    19.78     0.00  9999.00  9999.00  9999.00
 00037   976.53    11.57    88.91     1.15   334.99    17.74     0.00  9999.00  9999.00  9999.00
 00038  1003.64    12.56    89.21     1.25   321.00    20.07     0.00  9999.00  9999.00  9999.00
 00039  1017.09    18.63    75.57     9.31    11.30    19.68     0.06  9999.00  9999.00  9999.00
 00040  1014.92    17.68    72.26     5.04    61.69    20.90     0.00  9999.00  9999.00  9999.00
 00041   978.69     6.22    94.31     1.09   151.13    18.07     0.00  9999.00  9999.00  9999.00
 00042  1020.71     8.52    91.26     1.88   139.59    19.32     0.00  9999.00  9999.00  9999.00
 00043  1012.65     8.75    93.99     1.46   308.04    18.96     0.00  9999.00  9999.00  9999.00
 00044   993.42     7.65    94.73     1.54    80.70    18.31     0.00  9999.00  9999.00  9999.00
 00045  1014.92    17.68    72.26     5.04    61.69    20.90     0.00  9999.00  9999.00  9999.00
 00046   949.60     8.84    95.98     1.02    84.02    18.59     0.00  9999.00  9999.00  9999.00
 00047  1011.99    13.38    82.65     3.71   327.77    18.69     0.00  9999.00  9999.00  9999.00
 00048   611.56   -10.34    69.93     1.35   131.56    35.81     0.00  9999.00  9999.00  9999.00
 00049   581.10    -7.82    38.32     1.13    22.89    28.20     0.00  9999.00  9999.00  9999.00
 00050  1009.59    16.18    73.33     4.83    28.29    19.14     0.00  9999.00  9999.00  9999.00
