stn_id       p       t2      rh2      spd      dir      vis    rain6   rain24   tmax24   tmin24 
 00001   975.17    13.90    81.15     1.98    77.90    16.00     4.09  9999.00  9999.00  9999.00
 00002  1014.66    -2.50    33.20     0.50    47.65    24.88     0.00  9999.00  9999.00  9999.00
 00003   911.94    -2.47    38.10     1.85    54.37    20.90     0.01  9999.00  9999.00  9999.00
 00004   837.47    -3.75    33.39     2.41   162.50    18.23     0.09  9999.00  9999.00  9999.00
 00005   873.37    -5.74    11.74     1.45    82.68    25.04     0.00  9999.00  9999.00  9999.00
 00006   883.18    -9.15    26.64     4.30   196.10    26.03     0.00  9999.00  9999.00  9999.00
 00007  1027.65   -10.19    49.88     1.11   202.60    29.46     0.00  9999.00  9999.00  9999.00
 00008  1008.05   -17.90    85.99     4.00   248.14    33.55     0.00  9999.00  9999.00  9999.00
 00009   951.88   -21.80    63.80     2.34   278.80    44.64     0.00  9999.00  9999.00  9999.00
 00010   981.38   -13.61    55.89     5.09   289.39    33.42     0.00  9999.00  9999.00  9999.00
 00011  1012.75   -20.81    90.24     5.67   254.04    37.22     0.00  9999.00  9999.00  9999.00
 00012  1032.47    -6.08    49.93     1.56   178.01    25.27     0.00  9999.00  9999.00  9999.00
 00013  1028.29     4.21    73.08     3.05    70.78    19.85     0.00  9999.00  9999.00  9999.00
 00014  1024.20     4.13    83.43     1.73    25.34    19.09     0.00  9999.00  9999.00  9999.00
 00015  1014.53    -0.67    47.93     1.90   100.97    21.52     0.00  9999.00  9999.00  9999.00
 00016   963.55     2.95    42.81     3.00    63.25    21.32     0.01  9999.00  9999.00  9999.00
 00017  1014.79     2.87    29.56     2.20    48.60    20.51     0.00  9999.00  9999.00  9999.00
 00018  1026.37     4.18    67.28     3.71    76.93    19.37     0.00  9999.00  9999.00  9999.00
 00019   939.09    12.45    87.87     0.30   118.28    24.53     0.02  9999.00  9999.00  9999.00
 00020  1030.34     7.87    72.85     2.56   354.98    19.77     0.00  9999.00  9999.00  9999.00
 00021   890.15    -3.83    73.49     5.15   155.03    36.83     0.00  9999.00  9999.00  9999.00
 00022  1035.75    -6.64    42.35     1.98   178.02    23.95     0.00  9999.00  9999.00  9999.00
 00023   914.17    -1.35    74.06     1.23   117.27    30.62     0.00  9999.00  9999.00  9999.00
 00024   944.65    -4.23    66.34     7.46   114.01    33.03     0.00  9999.00  9999.00  9999.00
 00025   798.42     9.43    92.56     1.86   199.52    19.18     0.04  9999.00  9999.00  9999.00
 00026  1021.90     8.45    64.38     4.22     9.83    18.70     0.00  9999.00  9999.00  9999.00
 00027  1016.98     8.17    72.19     2.48   330.59    18.88     0.00  9999.00  9999.00  9999.00
 00028   983.65     9.64    69.88     1.90     2.57    18.61     0.00  9999.00  9999.00  9999.00
 00029  1015.20    16.88    79.35     1.84    61.50    21.04     0.00  9999.00  9999.00  9999.00
 00030  1003.06    17.78    93.96     1.57    91.28    22.45     0.09  9999.00  9999.00  9999.00
 00031   573.18    -7.50    48.81     2.06   213.81    33.99     0.00  9999.00  9999.00  9999.00
 00032   989.22    11.67    66.29     3.00    20.45    17.50     0.08  9999.00  9999.00  9999.00
 00033  1014.83    20.21    86.28     6.79    92.05    23.85     0.03  9999.00  9999.00  9999.00
 00034  1013.66    26.84    79.51    11.64    57.58    22.51     0.41  9999.00  9999.00  9999.00
 00035  1013.96    23.10    79.17     5.09    76.69    17.59     0.04  9999.00  9999.00  9999.00
 00036   776.45     6.60    75.68     1.84   135.46    20.90     0.00  9999.00  9999.00  9999.00
 00037   979.29    10.84    70.66     1.85    19.62    17.73     0.00  9999.00  9999.00  9999.00
 00038  1006.19    14.05    66.27     1.98   344.85    20.08     0.00  9999.00  9999.00  9999.00
 00039  1019.21    18.23    77.23    12.38    27.41    12.88     0.63  9999.00  9999.00  9999.00
 00040  1016.67    17.28    67.53     8.29    20.10    20.92     0.00  9999.00  9999.00  9999.00
 00041   982.74     2.09    77.45     1.60   119.77    18.04     0.00  9999.00  9999.00  9999.00
 00042  1027.34     4.92    75.16     3.74    79.20    19.32     0.00  9999.00  9999.00  9999.00
 00043  1014.68     9.32    64.81     2.98    27.89    18.92     0.00  9999.00  9999.00  9999.00
 00044   996.67     6.53    63.22     2.90    57.99    18.26     0.00  9999.00  9999.00  9999.00
 00045  1016.67    17.28    67.53     8.29    20.10    20.92     0.00  9999.00  9999.00  9999.00
 00046   950.85    10.21    82.60     1.81    94.13    18.57     0.00  9999.00  9999.00  9999.00
 00047  1016.22    10.26    70.15     4.36   338.22    18.71     0.00  9999.00  9999.00  9999.00
 00048   604.61    -7.35    55.56     1.38   139.35    35.52     0.00  9999.00  9999.00  9999.00
 00049   576.59   -10.51    99.29     0.55    49.61    18.84     0.05  9999.00  9999.00  9999.00
 00050  1012.18    15.13    69.45     7.15    15.64    18.44     0.06  9999.00  9999.00  9999.00
