stn_id       p       t2      rh2      spd      dir      vis    rain6   rain24   tmax24   tmin24 
 00001   966.44    25.34    69.85     2.02    75.06    25.34     0.00  9999.00  9999.00  9999.00
 00002   991.32    22.36    74.16     2.08   135.30    23.99     0.00  9999.00  9999.00  9999.00
 00003   900.41    21.42    44.77     0.56   271.62    23.78     0.00  9999.00  9999.00  9999.00
 00004   833.79    14.14    73.29     1.85   168.21    24.06     0.01  9999.00  9999.00  9999.00
 00005   868.44    15.88    87.45     2.16    66.19    18.27     6.13  9999.00  9999.00  9999.00
 00006   877.40    18.59    66.56     5.54   193.61    27.04     0.89  9999.00  9999.00  9999.00
 00007  1002.88    21.61    72.20     4.68   183.66    25.89     0.00  9999.00  9999.00  9999.00
 00008   987.18    19.98    69.45     3.32   186.30    26.65     0.00  9999.00  9999.00  9999.00
 00009   950.30     6.09    72.01     1.31   224.18    32.89     0.00  9999.00  9999.00  9999.00
 00010   968.59    14.18    92.29     1.43   100.38    30.32     0.00  9999.00  9999.00  9999.00
 00011   994.09    20.28    71.27     3.75   173.80    27.34     0.00  9999.00  9999.00  9999.00
 00012  1007.34    21.87    80.97     1.87   181.46    23.30     0.00  9999.00  9999.00  9999.00
 00013  1009.09    20.89    97.07     1.27    89.14     4.52     2.65  9999.00  9999.00  9999.00
 00014  1005.43    22.67    96.96     2.13     6.99     3.63     9.48  9999.00  9999.00  9999.00
 00015   992.65    21.20    67.81     2.16   191.73    19.93     0.00  9999.00  9999.00  9999.00
 00016   949.25    24.37    65.37     2.57    91.15    24.68     0.01  9999.00  9999.00  9999.00
 00017   993.76    23.02    75.49     2.06   160.84    22.61     0.01  9999.00  9999.00  9999.00
 00018  1007.84    22.20    92.56     2.03   135.71    19.06     0.10  9999.00  9999.00  9999.00
 00019   932.66    22.66    90.13     0.94    67.74    26.93     0.55  9999.00  9999.00  9999.00
 00020  1011.80    22.06    96.31     1.85    80.53    13.69     4.24  9999.00  9999.00  9999.00
 00021   890.90    11.36    74.32     1.84   323.00    20.48     0.83  9999.00  9999.00  9999.00
 00022  1010.34    21.88    66.76     2.38   167.04    21.03     0.00  9999.00  9999.00  9999.00
 00023   917.78    15.76    36.42     3.22   281.90    23.12     0.01  9999.00  9999.00  9999.00
 00024   940.57    17.41    32.09     5.41   296.03    25.09     0.00  9999.00  9999.00  9999.00
 00025   794.95    18.34    75.83     1.70   144.07    24.84    -0.00  9999.00  9999.00  9999.00
 00026  1006.67    23.03    92.81     1.15    43.99    21.92     0.27  9999.00  9999.00  9999.00
 00027  1002.14    24.99    80.29     1.05   316.45    24.76     0.04  9999.00  9999.00  9999.00
 00028   971.49    23.56    80.31     1.66   107.41    24.22     0.06  9999.00  9999.00  9999.00
 00029  1004.58    24.25    95.13     2.63    27.39    21.13     4.55  9999.00  9999.00  9999.00
 00030   992.36    24.66    88.00     1.42    50.24    28.79     0.20  9999.00  9999.00  9999.00
 00031   575.61    11.06    38.62     1.75   197.11    25.14     0.06  9999.00  9999.00  9999.00
 00032   976.52    23.12    97.52     0.82   157.71    12.83     1.63  9999.00  9999.00  9999.00
 00033  1005.17    23.23    98.16     2.12   161.29     0.21     0.60  9999.00  9999.00  9999.00
 00034  1007.85    28.28    83.61     4.10   167.92    28.85     0.06  9999.00  9999.00  9999.00
 00035  1004.63    26.57    93.10     1.84   146.24    27.68     1.25  9999.00  9999.00  9999.00
 00036   774.84    20.22    66.85     1.41   165.62    24.41     0.10  9999.00  9999.00  9999.00
 00037   966.97    23.08    96.95     0.83   138.04    19.98     2.89  9999.00  9999.00  9999.00
 00038   993.81    24.63    89.92     0.99   106.57    23.77     0.29  9999.00  9999.00  9999.00
 00039  1007.56    24.91    95.27     1.46   147.30    25.01     0.00  9999.00  9999.00  9999.00
 00040  1005.18    25.76    94.11     1.38    98.18    25.30     0.02  9999.00  9999.00  9999.00
 00041   968.27    20.84    97.84     0.83   171.30     9.03     1.62  9999.00  9999.00  9999.00
 00042  1009.02    21.57    97.74     1.39    64.11     7.39     5.30  9999.00  9999.00  9999.00
 00043  1000.34    22.57    93.15     1.37    74.12    24.89     0.11  9999.00  9999.00  9999.00
 00044   982.02    23.74    90.56     0.67   152.87     2.27     3.67  9999.00  9999.00  9999.00
 00045  1005.18    25.76    94.11     1.38    98.18    25.30     0.02  9999.00  9999.00  9999.00
 00046   940.86    21.97    99.56     0.83   127.40     0.30    23.21  9999.00  9999.00  9999.00
 00047   999.52    23.53    98.62     1.19    46.24     1.14     1.06  9999.00  9999.00  9999.00
 00048   606.40    15.34    30.23     0.77   106.76    29.73     0.08  9999.00  9999.00  9999.00
 00049   580.57     5.92    84.36     1.30   212.15    25.03     0.75  9999.00  9999.00  9999.00
 00050  1000.05    24.43    95.47     0.74   108.96    24.57     0.01  9999.00  9999.00  9999.00
