stn_id       p       t2      rh2      spd      dir      vis    rain6   rain24   tmax24   tmin24 
 00001   968.59    27.88    61.03     2.73   125.57    25.36  9999.00  9999.00  9999.00  9999.00
 00002   993.25    25.43    71.00     1.32    12.18    24.01  9999.00  9999.00  9999.00  9999.00
 00003   902.11    22.37    64.42     2.19   190.64    23.85  9999.00  9999.00  9999.00  9999.00
 00004   834.59    18.61    64.19     2.95   201.77    24.08  9999.00  9999.00  9999.00  9999.00
 00005   868.81    16.84    80.62     2.14   192.77    24.32  9999.00  9999.00  9999.00  9999.00
 00006   877.43    23.16    45.25     3.77   189.35    26.99  9999.00  9999.00  9999.00  9999.00
 00007  1004.56    25.38    61.15     4.14   195.43    25.93  9999.00  9999.00  9999.00  9999.00
 00008   989.06    24.54    62.32     4.27   197.39    26.70  9999.00  9999.00  9999.00  9999.00
 00009   949.16    15.31    40.53     1.72   229.29    32.76  9999.00  9999.00  9999.00  9999.00
 00010   969.78    22.76    67.89     0.64    83.25    30.37  9999.00  9999.00  9999.00  9999.00
 00011   996.17    23.77    64.52     3.54   188.47    27.35  9999.00  9999.00  9999.00  9999.00
 00012  1009.40    24.54    66.88     1.12    81.76    23.28  9999.00  9999.00  9999.00  9999.00
 00013  1009.55    23.16    87.64     1.65    33.41    23.59  9999.00  9999.00  9999.00  9999.00
 00014  1005.89    23.45    94.89     2.14   280.11     2.91  9999.00  9999.00  9999.00  9999.00
 00015   994.22    27.39    50.17     0.51   252.67    19.95  9999.00  9999.00  9999.00  9999.00
 00016   951.33    26.92    60.71     0.67   118.09    24.69  9999.00  9999.00  9999.00  9999.00
 00017   995.16    27.00    61.25     2.21   174.79    22.60  9999.00  9999.00  9999.00  9999.00
 00018  1008.41    26.01    68.52     1.56    49.71    23.26  9999.00  9999.00  9999.00  9999.00
 00019   934.09    24.19    78.98     1.11   120.30    21.88  9999.00  9999.00  9999.00  9999.00
 00020  1011.20    25.06    90.09     1.42   218.89    10.80  9999.00  9999.00  9999.00  9999.00
 00021   892.73    12.48    64.20     1.50   315.98    26.55  9999.00  9999.00  9999.00  9999.00
 00022  1012.09    26.54    62.91     1.74   118.39    21.08  9999.00  9999.00  9999.00  9999.00
 00023   919.71    14.13    44.34     2.01   308.55    23.15  9999.00  9999.00  9999.00  9999.00
 00024   943.53    13.28    66.09     3.97   302.22    25.17  9999.00  9999.00  9999.00  9999.00
 00025   797.19    19.58    69.90     1.36   183.55    24.90  9999.00  9999.00  9999.00  9999.00
 00026  1008.05    26.53    74.45     1.06    19.47    21.38  9999.00  9999.00  9999.00  9999.00
 00027  1003.97    27.59    72.62     1.34   171.00    16.23  9999.00  9999.00  9999.00  9999.00
 00028   973.47    26.63    75.28     0.32   199.62    24.24  9999.00  9999.00  9999.00  9999.00
 00029  1005.93    28.30    76.65     1.88   118.36    14.58  9999.00  9999.00  9999.00  9999.00
 00030   995.70    26.34    85.09     1.92    94.71    24.36  9999.00  9999.00  9999.00  9999.00
 00031   578.06     7.02    53.75     0.89   172.51    25.28  9999.00  9999.00  9999.00  9999.00
 00032   977.78    24.15    88.37     0.89   185.20    20.93  9999.00  9999.00  9999.00  9999.00
 00033  1008.55    22.02    98.68     3.24    99.64     0.73  9999.00  9999.00  9999.00  9999.00
 00034  1010.73    27.86    83.01     3.55   179.76    24.44  9999.00  9999.00  9999.00  9999.00
 00035  1007.80    27.90    82.89     1.97   108.95    11.87  9999.00  9999.00  9999.00  9999.00
 00036   777.18    20.00    71.98     1.70   210.74    20.47  9999.00  9999.00  9999.00  9999.00
 00037   968.20    24.24    86.82     1.27   159.63    16.82  9999.00  9999.00  9999.00  9999.00
 00038   995.76    25.87    90.67     0.42   154.81     4.10  9999.00  9999.00  9999.00  9999.00
 00039  1009.29    25.61    91.29     1.40   150.85    15.82  9999.00  9999.00  9999.00  9999.00
 00040  1006.90    26.84    87.05     1.81   151.72    24.52  9999.00  9999.00  9999.00  9999.00
 00041   968.85    24.45    82.96     0.49   227.22    23.95  9999.00  9999.00  9999.00  9999.00
 00042  1009.51    24.07    83.33     0.82   347.73    23.86  9999.00  9999.00  9999.00  9999.00
 00043  1001.83    26.78    72.11     0.96    20.01    20.49  9999.00  9999.00  9999.00  9999.00
 00044   983.05    25.84    79.50     1.28   284.70    23.29  9999.00  9999.00  9999.00  9999.00
 00045  1006.90    26.84    87.05     1.81   151.72    24.52  9999.00  9999.00  9999.00  9999.00
 00046   942.40    23.87    85.30     2.07   237.78     3.51  9999.00  9999.00  9999.00  9999.00
 00047  1001.03    25.54    88.25     3.01   175.56    13.15  9999.00  9999.00  9999.00  9999.00
 00048   609.22     8.96    67.02     1.84   180.95    29.91  9999.00  9999.00  9999.00  9999.00
 00049   581.82     6.78    65.38     1.51   201.46    25.09  9999.00  9999.00  9999.00  9999.00
 00050  1001.47    26.85    80.49     1.87   187.27    13.18  9999.00  9999.00  9999.00  9999.00
