stn_id       p       t2      rh2      spd      dir      vis    rain6   rain24   tmax24   tmin24 
 00001   980.18    10.23    83.74     1.46   133.44    20.70     0.00  9999.00  9999.00  9999.00
 00002  1001.57    -0.90    67.12     3.23   275.71    26.62     0.00  9999.00  9999.00  9999.00
 00003   907.16   -10.44    84.07     2.45   240.51    24.85     0.00  9999.00  9999.00  9999.00
 00004   836.65   -10.10    98.46     1.96   307.55     9.89     0.28  9999.00  9999.00  9999.00
 00005   873.66   -10.86    84.48     2.65   309.83    28.62     0.02  9999.00  9999.00  9999.00
 00006   884.11    -8.53    88.89     4.37   305.02    30.30     0.11  9999.00  9999.00  9999.00
 00007  1000.35    -6.20    90.24     7.65   342.34    10.08     2.83  9999.00  9999.00  9999.00
 00008   984.69    -7.72    91.24     7.32     5.19    22.05     2.47  9999.00  9999.00  9999.00
 00009   952.15   -27.47   100.00     1.98   298.47    37.30     0.07  9999.00  9999.00  9999.00
 00010   956.74    -3.46    92.91     3.64   186.34     2.92     8.15  9999.00  9999.00  9999.00
 00011   995.97   -10.58    83.90     7.77    49.53    44.84     0.14  9999.00  9999.00  9999.00
 00012  1016.43    -0.76    61.92     5.39   338.19    28.80     0.00  9999.00  9999.00  9999.00
 00013  1016.77     9.18    78.24     4.85   275.75    21.46     0.00  9999.00  9999.00  9999.00
 00014  1013.10     9.57    91.77     2.38   250.22    21.45     0.00  9999.00  9999.00  9999.00
 00015  1000.15    -3.40    81.80     2.56   303.36    22.86     0.00  9999.00  9999.00  9999.00
 00016   962.80    -0.30    74.03     1.55    98.24    21.81     0.00  9999.00  9999.00  9999.00
 00017  1004.73     3.42    56.32     6.49   288.85    21.48     0.00  9999.00  9999.00  9999.00
 00018  1016.75     8.12    83.39     4.27   288.33    20.72     0.00  9999.00  9999.00  9999.00
 00019   944.04     8.22    90.36     0.66   282.72    17.34     0.13  9999.00  9999.00  9999.00
 00020  1017.48    10.91    72.07     5.94   271.05    21.47     0.00  9999.00  9999.00  9999.00
 00021   900.12    -3.53    97.18     0.87    40.76    15.23     1.08  9999.00  9999.00  9999.00
 00022  1018.17     0.29    62.29     7.39   318.81    26.55     0.00  9999.00  9999.00  9999.00
 00023   929.67    -4.19    88.14     1.35   206.96    28.46     0.72  9999.00  9999.00  9999.00
 00024   954.54    -9.68    96.40     3.02   130.03    29.68     0.07  9999.00  9999.00  9999.00
 00025   799.21     9.34    71.05     1.37   245.04    18.98     0.03  9999.00  9999.00  9999.00
 00026  1017.79    10.93    93.54     1.56   148.22    19.65     0.01  9999.00  9999.00  9999.00
 00027  1013.92    12.06    90.34     1.76    68.66    19.21     0.00  9999.00  9999.00  9999.00
 00028   982.62    10.17    88.33     1.05   173.86    18.05     0.01  9999.00  9999.00  9999.00
 00029  1013.51    17.82    76.93     2.02   342.92    20.90     0.00  9999.00  9999.00  9999.00
 00030  1002.96    18.81    80.86     1.68    66.25    22.06     0.00  9999.00  9999.00  9999.00
 00031   571.37    -4.45     8.66     2.29   178.13    36.04     0.00  9999.00  9999.00  9999.00
 00032   983.52    12.22    84.11     1.89   297.74    18.70     0.00  9999.00  9999.00  9999.00
 00033  1014.94    21.37    78.77     5.90    42.93    22.99     0.14  9999.00  9999.00  9999.00
 00034  1014.22    25.89    88.60     7.60    48.52    11.55     3.62  9999.00  9999.00  9999.00
 00035  1013.98    22.56    87.70     4.01    41.68    20.92     1.76  9999.00  9999.00  9999.00
 00036   778.99     8.79    59.34     1.19   147.00    20.63     0.15  9999.00  9999.00  9999.00
 00037   973.92    11.65    86.47     1.59   297.37    18.63     0.00  9999.00  9999.00  9999.00
 00038  1001.04    16.63    70.18     1.36   127.18    20.38     0.00  9999.00  9999.00  9999.00
 00039  1015.03    21.22    69.63     3.09    43.46    20.16     0.00  9999.00  9999.00  9999.00
 00040  1012.31    22.21    57.79     0.36   309.55    20.93     0.00  9999.00  9999.00  9999.00
 00041   975.96     7.64    96.20     1.97   249.89    19.76     0.00  9999.00  9999.00  9999.00
 00042  1017.81    10.29    89.79     4.15   270.34    21.05     0.00  9999.00  9999.00  9999.00
 00043  1011.29    10.52    94.52     1.55   103.49    19.89     0.00  9999.00  9999.00  9999.00
 00044   992.43    10.65    93.66     1.48   264.92    18.69     0.02  9999.00  9999.00  9999.00
 00045  1012.31    22.21    57.79     0.36   309.55    20.93     0.00  9999.00  9999.00  9999.00
 00046   948.46    10.52    88.94     1.73     8.14    19.36     0.00  9999.00  9999.00  9999.00
 00047  1007.04    14.71    83.10     1.96   321.22    20.13     0.00  9999.00  9999.00  9999.00
 00048   604.84    -9.38    39.39     1.60   184.34    37.99     0.00  9999.00  9999.00  9999.00
 00049   576.13    -8.49    61.06     1.02   228.80    28.72     0.00  9999.00  9999.00  9999.00
 00050  1007.35    17.43    81.09     1.57    44.93    19.76     0.00  9999.00  9999.00  9999.00
