stn_id       p       t2      rh2      spd      dir      vis    rain6   rain24   tmax24   tmin24 
 00001   981.52     9.41    90.89     0.66   309.73    19.55     0.15  9999.00  9999.00  9999.00
 00002  1011.23    -8.41    94.12     0.55   158.64     8.75     0.00  9999.00  9999.00  9999.00
 00003   912.59   -10.73    96.05     1.27   277.58    24.93     0.00  9999.00  9999.00  9999.00
 00004   839.70    -8.74    60.78     1.82   169.81    25.30     0.00  9999.00  9999.00  9999.00
 00005   877.41   -11.20    96.49     0.25    66.63    28.88     0.00  9999.00  9999.00  9999.00
 00006   886.41   -11.56    87.90     2.72   195.51    32.15     0.00  9999.00  9999.00  9999.00
 00007  1019.76    -7.33    73.91     2.06   297.71    37.05     0.00  9999.00  9999.00  9999.00
 00008  1001.38   -11.39    91.18     3.07   259.35    42.09     0.00  9999.00  9999.00  9999.00
 00009   946.57   -17.89    95.07     0.88   278.22    40.24     0.67  9999.00  9999.00  9999.00
 00010   977.89    -7.96    78.93     1.54   268.63    41.50     0.00  9999.00  9999.00  9999.00
 00011  1007.46   -12.87    98.49     4.01   254.62    29.12     0.01  9999.00  9999.00  9999.00
 00012  1027.81    -9.35    90.40     2.46   240.29    28.92     0.00  9999.00  9999.00  9999.00
 00013  1026.57     2.25    95.13     2.16    34.51    21.63    -0.00  9999.00  9999.00  9999.00
 00014  1022.61     4.58    94.59     2.09   242.96    21.56     0.00  9999.00  9999.00  9999.00
 00015  1011.19    -3.05    99.58     1.37    20.82    11.41     0.00  9999.00  9999.00  9999.00
 00016   967.58    -0.05    75.53     0.36   203.90    12.88     0.11  9999.00  9999.00  9999.00
 00017  1012.32    -2.47    96.99     0.71    93.75    19.51     0.00  9999.00  9999.00  9999.00
 00018  1025.05     1.87    91.08     2.07    53.82    20.87     0.00  9999.00  9999.00  9999.00
 00019   945.06     7.08    86.91     1.30   282.24    21.52     0.00  9999.00  9999.00  9999.00
 00020  1028.65     4.27    95.85     2.37   331.33    20.17     0.00  9999.00  9999.00  9999.00
 00021   900.06    -3.36    86.64     1.90   144.04    18.62     0.01  9999.00  9999.00  9999.00
 00022  1030.99    -8.47    96.15     2.95   259.10    26.75     0.00  9999.00  9999.00  9999.00
 00023   926.49    -4.75    94.17     2.36   146.63    26.63     0.11  9999.00  9999.00  9999.00
 00024   955.14   -10.81    95.13     3.44   132.27    36.55     0.51  9999.00  9999.00  9999.00
 00025   798.82     8.39    78.18     1.98   227.90    18.98     0.00  9999.00  9999.00  9999.00
 00026  1022.14     7.92    87.68     2.37    18.40    19.78     0.00  9999.00  9999.00  9999.00
 00027  1017.74     8.18    89.97     2.56   342.82    19.28     0.00  9999.00  9999.00  9999.00
 00028   984.75     6.70    92.33     1.86   339.88    18.29     0.00  9999.00  9999.00  9999.00
 00029  1016.29    16.03    80.74     1.98    55.21    20.92     0.00  9999.00  9999.00  9999.00
 00030  1004.64    15.64    86.72     2.38    54.19    22.08     0.00  9999.00  9999.00  9999.00
 00031   573.09    -3.70     6.01     1.33   305.26    35.88     0.00  9999.00  9999.00  9999.00
 00032   988.69    12.47    92.57     1.85    14.49    18.72     0.00  9999.00  9999.00  9999.00
 00033  1016.93    20.76    87.41     7.14    69.06    16.50     0.04  9999.00  9999.00  9999.00
 00034  1016.54    26.44    84.70    10.27    56.93    12.31     0.68  9999.00  9999.00  9999.00
 00035  1015.98    23.12    85.55     4.28    64.40    17.94     1.18  9999.00  9999.00  9999.00
 00036   777.24     6.26    73.43     2.53   173.09    20.66     0.00  9999.00  9999.00  9999.00
 00037   978.78    12.78    90.96     1.36    40.87    18.64     0.00  9999.00  9999.00  9999.00
 00038  1005.56    16.47    77.52     0.89   157.29    20.42     0.00  9999.00  9999.00  9999.00
 00039  1019.71    19.63    80.50     9.05    30.88    20.18     0.01  9999.00  9999.00  9999.00
 00040  1016.75    19.80    79.91     6.26    44.45    20.83     0.01  9999.00  9999.00  9999.00
 00041   982.18     5.62    91.86     1.85    25.11    19.87     0.00  9999.00  9999.00  9999.00
 00042  1026.33     4.57    92.34     2.30    38.72    21.17     0.00  9999.00  9999.00  9999.00
 00043  1015.18     8.98    89.90     2.38    53.45    19.92     0.00  9999.00  9999.00  9999.00
 00044   996.48     7.98    92.19     2.21    69.28    19.73     0.00  9999.00  9999.00  9999.00
 00045  1016.75    19.80    79.91     6.26    44.45    20.83     0.01  9999.00  9999.00  9999.00
 00046   951.53     9.51    87.72     1.81    64.14    19.34     0.00  9999.00  9999.00  9999.00
 00047  1014.53    13.93    84.93     3.96    37.73    20.17     0.00  9999.00  9999.00  9999.00
 00048   605.59    -6.52    55.29     2.01     9.52    37.81     0.00  9999.00  9999.00  9999.00
 00049   575.89    -8.44    89.37     0.39   144.01    28.38     0.01  9999.00  9999.00  9999.00
 00050  1012.27    16.22    85.42     4.45    21.78    19.76    -0.00  9999.00  9999.00  9999.00
