stn_id       p       t2      rh2      spd      dir      vis    rain6   rain24   tmax24   tmin24 
 00001   982.71     8.81    93.13     0.86   233.87     9.42  9999.00  9999.00  9999.00  9999.00
 00002  1007.83   -11.87    94.94     1.54   204.95    19.93  9999.00  9999.00  9999.00  9999.00
 00003   910.49   -16.59    99.79     0.52   294.32     4.58  9999.00  9999.00  9999.00  9999.00
 00004   838.10   -13.61    62.45     3.24   231.09    25.27  9999.00  9999.00  9999.00  9999.00
 00005   875.07   -14.66    98.81     1.14   117.86     2.78  9999.00  9999.00  9999.00  9999.00
 00006   882.63    -9.07    64.93     4.45   227.92    32.13  9999.00  9999.00  9999.00  9999.00
 00007  1017.31   -10.13    98.46     2.56   143.88     1.61  9999.00  9999.00  9999.00  9999.00
 00008   998.85   -10.64    79.00     4.48   201.04    42.04  9999.00  9999.00  9999.00  9999.00
 00009   947.84   -25.64   100.00     0.68   240.26    27.99  9999.00  9999.00  9999.00  9999.00
 00010   976.66    -8.71    80.29     2.66   232.33    41.17  9999.00  9999.00  9999.00  9999.00
 00011  1005.61   -13.50    95.42     6.91   185.07    45.92  9999.00  9999.00  9999.00  9999.00
 00012  1024.69   -10.98    94.09     1.32   222.54     6.55  9999.00  9999.00  9999.00  9999.00
 00013  1025.01    -0.14    99.13     0.65    70.04     0.19  9999.00  9999.00  9999.00  9999.00
 00014  1021.99     1.74    99.61     1.59   219.72     0.34  9999.00  9999.00  9999.00  9999.00
 00015  1008.69    -5.52    98.17     1.10   203.00     8.90  9999.00  9999.00  9999.00  9999.00
 00016   967.36    -0.68    90.57     0.98   201.04    18.25  9999.00  9999.00  9999.00  9999.00
 00017  1010.89    -3.71    97.83     1.37   224.13     2.17  9999.00  9999.00  9999.00  9999.00
 00018  1023.83     0.70    96.45     0.92    48.62    15.57  9999.00  9999.00  9999.00  9999.00
 00019   945.96     4.92    85.81     1.00   325.98    24.57  9999.00  9999.00  9999.00  9999.00
 00020  1026.96     1.12    98.81     1.27   302.95     0.23  9999.00  9999.00  9999.00  9999.00
 00021   895.11    -6.61    71.27     5.94   150.13    40.23  9999.00  9999.00  9999.00  9999.00
 00022  1028.28    -9.11    97.70     1.94   244.57     0.66  9999.00  9999.00  9999.00  9999.00
 00023   917.90    -5.54    73.95     2.98   132.34    35.28  9999.00  9999.00  9999.00  9999.00
 00024   952.96   -12.69    97.68     4.97   118.29     2.72  9999.00  9999.00  9999.00  9999.00
 00025   799.27     3.83    98.75     2.23   221.24    12.89  9999.00  9999.00  9999.00  9999.00
 00026  1021.93     5.11    94.35     2.94   107.58    17.16  9999.00  9999.00  9999.00  9999.00
 00027  1018.36     3.99    96.39     2.72   334.21    19.26  9999.00  9999.00  9999.00  9999.00
 00028   985.70     5.32    96.93     1.46   108.51     5.50  9999.00  9999.00  9999.00  9999.00
 00029  1016.36    13.24    86.06     2.21    18.13    20.91  9999.00  9999.00  9999.00  9999.00
 00030  1004.86    12.25    94.00     1.75    42.27    22.07  9999.00  9999.00  9999.00  9999.00
 00031   575.25   -10.28    11.80     0.86   244.16    36.01  9999.00  9999.00  9999.00  9999.00
 00032   988.39     7.66    97.38     1.71   327.57     0.33  9999.00  9999.00  9999.00  9999.00
 00033  1016.43    20.96    87.37     7.62    69.51    10.67  9999.00  9999.00  9999.00  9999.00
 00034  1015.69    26.00    90.48     6.80    60.18     8.91  9999.00  9999.00  9999.00  9999.00
 00035  1015.44    22.30    92.84     3.34    39.84     6.30  9999.00  9999.00  9999.00  9999.00
 00036   777.92     3.37    85.88     1.43   128.17    20.66  9999.00  9999.00  9999.00  9999.00
 00037   978.49     7.47    98.62     1.05   332.63     0.32  9999.00  9999.00  9999.00  9999.00
 00038  1005.42     9.52    95.06     1.26   315.39    20.40  9999.00  9999.00  9999.00  9999.00
 00039  1019.16    17.80    81.91     9.87    18.19    20.14  9999.00  9999.00  9999.00  9999.00
 00040  1016.40    16.97    81.24     6.31    24.22    20.97  9999.00  9999.00  9999.00  9999.00
 00041   981.35     1.66    99.31     1.34   131.24     4.16  9999.00  9999.00  9999.00  9999.00
 00042  1024.81     0.68    99.73     1.56    99.52     0.66  9999.00  9999.00  9999.00  9999.00
 00043  1014.92     4.13    96.37     1.65    52.23    18.41  9999.00  9999.00  9999.00  9999.00
 00044   996.19     5.03    99.38     1.58    72.42     0.70  9999.00  9999.00  9999.00  9999.00
 00045  1016.40    16.97    81.24     6.31    24.22    20.97  9999.00  9999.00  9999.00  9999.00
 00046   950.83     4.59    97.87     1.22    88.84    19.33  9999.00  9999.00  9999.00  9999.00
 00047  1014.42     9.13    98.64     4.19   316.14     0.72  9999.00  9999.00  9999.00  9999.00
 00048   608.39   -18.61    67.86     2.01   179.82    24.21  9999.00  9999.00  9999.00  9999.00
 00049   577.66   -15.76    44.63     1.64    22.35    28.62  9999.00  9999.00  9999.00  9999.00
 00050  1011.76    13.99    84.53     5.21    32.55    19.74  9999.00  9999.00  9999.00  9999.00
