stn_id       p       t2      rh2      spd      dir      vis    rain6   rain24   tmax24   tmin24 
 00001   979.39     8.32    91.97     1.29    27.92    18.95  9999.00  9999.00  9999.00  9999.00
 00002  1006.31   -11.03    88.50     2.36   281.85    26.70  9999.00  9999.00  9999.00  9999.00
 00003   909.85   -18.86    97.20     1.52   273.09    21.52  9999.00  9999.00  9999.00  9999.00
 00004   836.52   -16.76    91.95     1.38   122.01    25.35  9999.00  9999.00  9999.00  9999.00
 00005   874.37   -20.12    97.61     1.47   111.10    23.05  9999.00  9999.00  9999.00  9999.00
 00006   884.17   -16.86    97.20     3.16   194.86    32.60  9999.00  9999.00  9999.00  9999.00
 00007  1012.35   -11.61    87.38     5.77   352.75    35.27  9999.00  9999.00  9999.00  9999.00
 00008   994.54   -14.62    86.20     5.04   351.96    41.63  9999.00  9999.00  9999.00  9999.00
 00009   952.77   -33.03    99.33     1.71   211.61    27.65  9999.00  9999.00  9999.00  9999.00
 00010   963.31    -9.84    83.75     4.45   324.98    40.74  9999.00  9999.00  9999.00  9999.00
 00011  1002.29   -18.97    88.85     5.50   357.59    45.90  9999.00  9999.00  9999.00  9999.00
 00012  1022.87    -6.66    66.27     3.25    84.42    28.94  9999.00  9999.00  9999.00  9999.00
 00013  1021.62     0.19    75.49     2.49   309.58    21.49  9999.00  9999.00  9999.00  9999.00
 00014  1017.63     4.38    87.88     2.40   321.06    21.50  9999.00  9999.00  9999.00  9999.00
 00015  1006.03    -7.77    74.90     2.71    15.41    22.94  9999.00  9999.00  9999.00  9999.00
 00016   962.74    -3.43    66.96     1.68   111.70    21.76  9999.00  9999.00  9999.00  9999.00
 00017  1008.44    -2.82    73.38     2.16   301.47    21.51  9999.00  9999.00  9999.00  9999.00
 00018  1021.32    -1.14    84.67     1.84   308.78    20.74  9999.00  9999.00  9999.00  9999.00
 00019   942.22     7.21    96.19     0.48    62.41     9.21  9999.00  9999.00  9999.00  9999.00
 00020  1022.13     2.82    60.15     4.91   302.77    21.50  9999.00  9999.00  9999.00  9999.00
 00021   900.71    -7.36    86.06     2.22   159.22    17.83  9999.00  9999.00  9999.00  9999.00
 00022  1025.69    -4.58    64.54     3.94    77.23    26.69  9999.00  9999.00  9999.00  9999.00
 00023   928.79    -6.89    79.78     2.38   173.00    36.28  9999.00  9999.00  9999.00  9999.00
 00024   955.36    -7.96    95.13     3.43   122.64    18.91  9999.00  9999.00  9999.00  9999.00
 00025   797.89     4.16    89.34     0.97   248.80    18.96  9999.00  9999.00  9999.00  9999.00
 00026  1018.94     7.76    99.23     2.58   147.10     0.45  9999.00  9999.00  9999.00  9999.00
 00027  1014.56     6.57    99.48     2.47   344.26     2.09  9999.00  9999.00  9999.00  9999.00
 00028   982.61     4.52    99.28     1.01    32.32     0.25  9999.00  9999.00  9999.00  9999.00
 00029  1012.19    13.28    92.74     2.28   334.46    20.87  9999.00  9999.00  9999.00  9999.00
 00030  1001.86    13.10    94.35     1.60    54.63    21.05  9999.00  9999.00  9999.00  9999.00
 00031   571.35   -11.60    24.41     2.11   218.47    36.09  9999.00  9999.00  9999.00  9999.00
 00032   983.24     7.70    93.78     2.58   308.71    18.70  9999.00  9999.00  9999.00  9999.00
 00033  1013.23    20.84    85.41     5.44    25.96    22.85  9999.00  9999.00  9999.00  9999.00
 00034  1012.21    25.76    86.69     7.48    65.17     1.94  9999.00  9999.00  9999.00  9999.00
 00035  1012.05    22.45    83.78     3.32    29.37    21.68  9999.00  9999.00  9999.00  9999.00
 00036   777.47     1.86    85.21     1.32   107.17    19.82  9999.00  9999.00  9999.00  9999.00
 00037   973.61     6.88    96.13     2.10   310.55    13.13  9999.00  9999.00  9999.00  9999.00
 00038  1000.08    10.46    91.72     1.56   315.79    20.37  9999.00  9999.00  9999.00  9999.00
 00039  1013.79    16.98    82.56     4.84   114.28    20.15  9999.00  9999.00  9999.00  9999.00
 00040  1010.86    16.20    80.15     3.38    48.90    20.92  9999.00  9999.00  9999.00  9999.00
 00041   978.60     1.96    94.65     1.51   343.66    13.09  9999.00  9999.00  9999.00  9999.00
 00042  1022.46     0.80    87.52     1.92   286.65    21.07  9999.00  9999.00  9999.00  9999.00
 00043  1011.85     8.75    98.74     2.00    56.85     7.84  9999.00  9999.00  9999.00  9999.00
 00044   992.86     9.40    98.27     0.57   203.62    11.88  9999.00  9999.00  9999.00  9999.00
 00045  1010.86    16.20    80.15     3.38    48.90    20.92  9999.00  9999.00  9999.00  9999.00
 00046   947.65     7.16    99.13     2.05    34.44     0.51  9999.00  9999.00  9999.00  9999.00
 00047  1008.99     9.35    96.06     4.24   156.95     2.48  9999.00  9999.00  9999.00  9999.00
 00048   604.40   -17.83    65.36     1.32   178.11    38.01  9999.00  9999.00  9999.00  9999.00
 00049   575.00   -17.80    78.15     1.11    33.69    28.70  9999.00  9999.00  9999.00  9999.00
 00050  1006.26    10.69    90.33     3.23   314.17    19.71  9999.00  9999.00  9999.00  9999.00
