stn_id       p       t2      rh2      spd      dir      vis    rain6   rain24   tmax24   tmin24 
 00001   980.14     4.54    52.30     3.54   118.51    18.51  9999.00  9999.00  9999.00  9999.00
 00002  1005.12    -5.76    11.04     0.55    59.20    27.06  9999.00  9999.00  9999.00  9999.00
 00003   905.13    -7.19    12.10     3.15   207.22    25.01  9999.00  9999.00  9999.00  9999.00
 00004   830.24    -8.05    40.51     4.93   230.53    26.11  9999.00  9999.00  9999.00  9999.00
 00005   867.60   -15.01    22.83     1.62   213.34    31.54  9999.00  9999.00  9999.00  9999.00
 00006   875.87   -10.58    25.86     5.46   257.02    35.62  9999.00  9999.00  9999.00  9999.00
 00007  1015.64    -8.35    15.69     3.57   180.57    35.55  9999.00  9999.00  9999.00  9999.00
 00008   997.76   -14.32    29.99     4.57   222.48    41.33  9999.00  9999.00  9999.00  9999.00
 00009   946.47   -30.13    73.28     0.98   206.61    54.85  9999.00  9999.00  9999.00  9999.00
 00010   972.31   -14.94    43.16     5.67   281.88    39.77  9999.00  9999.00  9999.00  9999.00
 00011  1005.31   -17.39    58.25     2.93   221.71    46.27  9999.00  9999.00  9999.00  9999.00
 00012  1022.80    -6.67     9.66     1.71   209.00    29.11  9999.00  9999.00  9999.00  9999.00
 00013  1028.93    -0.17     9.23     0.82   275.17    20.31  9999.00  9999.00  9999.00  9999.00
 00014  1024.99     0.94    45.96     1.17   249.62    20.52  9999.00  9999.00  9999.00  9999.00
 00015  1008.35    -3.68    13.26     5.96   201.29    22.02  9999.00  9999.00  9999.00  9999.00
 00016   962.85    -3.50    23.90     1.42   156.83    19.53  9999.00  9999.00  9999.00  9999.00
 00017  1009.95    -1.20    15.20     3.63   195.88    20.03  9999.00  9999.00  9999.00  9999.00
 00018  1027.86    -0.44    24.64     1.98   167.43    19.61  9999.00  9999.00  9999.00  9999.00
 00019   942.25     3.00    57.07     0.80    94.47    22.10  9999.00  9999.00  9999.00  9999.00
 00020  1030.00     2.75    32.84     4.18   291.84    20.28  9999.00  9999.00  9999.00  9999.00
 00021   899.41   -13.64    37.19     1.36   158.12    43.64  9999.00  9999.00  9999.00  9999.00
 00022  1026.41    -4.45     8.69     4.30   217.53    26.37  9999.00  9999.00  9999.00  9999.00
 00023   929.84   -15.36    76.53     1.33   207.33    37.38  9999.00  9999.00  9999.00  9999.00
 00024   957.76   -24.21    98.28     2.58   131.63    32.20  9999.00  9999.00  9999.00  9999.00
 00025   796.28     7.48    73.24     4.47   265.94    18.89  9999.00  9999.00  9999.00  9999.00
 00026  1026.11     1.41    48.48     2.70    55.98    19.13  9999.00  9999.00  9999.00  9999.00
 00027  1021.14     2.96    54.04     2.17   108.95    18.30  9999.00  9999.00  9999.00  9999.00
 00028   986.64     2.28    59.25     1.55    12.89    17.04  9999.00  9999.00  9999.00  9999.00
 00029  1019.26     7.90    48.18     3.05    20.49    20.73  9999.00  9999.00  9999.00  9999.00
 00030  1008.27     9.47    44.00     2.63    63.38    21.89  9999.00  9999.00  9999.00  9999.00
 00031   571.84    -5.30    37.86     2.13   190.54    36.05  9999.00  9999.00  9999.00  9999.00
 00032   990.09     4.29    52.57     3.28   339.75    18.69  9999.00  9999.00  9999.00  9999.00
 00033  1018.70    15.64    82.99     7.97    55.83    10.98  9999.00  9999.00  9999.00  9999.00
 00034  1015.48    26.08    69.88    10.81    46.78    24.35  9999.00  9999.00  9999.00  9999.00
 00035  1017.15    18.75    74.79     6.41    34.29    21.78  9999.00  9999.00  9999.00  9999.00
 00036   775.11     4.01    72.31     1.68   195.02    20.15  9999.00  9999.00  9999.00  9999.00
 00037   980.04     3.74    49.83     2.23   265.68    18.59  9999.00  9999.00  9999.00  9999.00
 00038  1007.38     9.99    57.23     2.86     2.03    20.31  9999.00  9999.00  9999.00  9999.00
 00039  1020.91    10.25    76.71    11.53    14.24    14.36  9999.00  9999.00  9999.00  9999.00
 00040  1018.51    11.60    61.30     7.38    22.24    20.82  9999.00  9999.00  9999.00  9999.00
 00041   983.11     0.24    22.24     1.70   119.51    18.87  9999.00  9999.00  9999.00  9999.00
 00042  1029.17     0.13    17.63     0.71    95.45    20.01  9999.00  9999.00  9999.00  9999.00
 00043  1018.91     0.87    50.47     2.61    54.74    19.37  9999.00  9999.00  9999.00  9999.00
 00044   998.38     0.43    49.56     2.34    75.39    19.13  9999.00  9999.00  9999.00  9999.00
 00045  1018.51    11.60    61.30     7.38    22.24    20.82  9999.00  9999.00  9999.00  9999.00
 00046   951.36     3.80    51.26     0.86    78.28    19.25  9999.00  9999.00  9999.00  9999.00
 00047  1016.88     4.91    60.08     4.07   322.22    19.74  9999.00  9999.00  9999.00  9999.00
 00048   604.00    -2.73    36.85     1.13   174.63    38.29  9999.00  9999.00  9999.00  9999.00
 00049   576.59    -4.76    29.72     1.14   185.31    29.64  9999.00  9999.00  9999.00  9999.00
 00050  1013.23     8.13    59.31     7.37     3.35    18.86  9999.00  9999.00  9999.00  9999.00
