stn_id       p       t2      rh2      spd      dir      vis    rain6   rain24   tmax24   tmin24 
 00001   972.02    21.51    70.69     0.96   136.40    21.38  9999.00  9999.00  9999.00  9999.00
 00002  1008.99     5.11    38.86     1.87   117.17    24.13  9999.00  9999.00  9999.00  9999.00
 00003   910.46     2.70    20.94     2.08   289.50    22.60  9999.00  9999.00  9999.00  9999.00
 00004   839.31    -7.48    21.68     2.73   342.79    22.36  9999.00  9999.00  9999.00  9999.00
 00005   877.80    -8.13    25.25     4.13   338.52    24.44  9999.00  9999.00  9999.00  9999.00
 00006   888.44    -9.20    34.77     5.92   296.44    25.17  9999.00  9999.00  9999.00  9999.00
 00007  1015.44   -10.92    83.39     3.37   292.98    26.64  9999.00  9999.00  9999.00  9999.00
 00008   994.91   -13.22    89.99     4.10   244.35    29.88  9999.00  9999.00  9999.00  9999.00
 00009   950.73    -9.81    69.30     2.65   312.72    31.50  9999.00  9999.00  9999.00  9999.00
 00010   966.31     0.37    96.18     2.94   307.83    12.64  9999.00  9999.00  9999.00  9999.00
 00011  1000.48   -16.00    96.23     2.65   218.08    32.84  9999.00  9999.00  9999.00  9999.00
 00012  1025.89     2.64    21.18     3.45   305.92    23.88  9999.00  9999.00  9999.00  9999.00
 00013  1017.14    17.56    70.57     3.50   260.26    19.63  9999.00  9999.00  9999.00  9999.00
 00014  1012.60    17.99    73.56     2.65    13.66    18.48  9999.00  9999.00  9999.00  9999.00
 00015  1008.23     5.66    29.74     4.63    10.40    20.60  9999.00  9999.00  9999.00  9999.00
 00016   962.14     9.01    41.78     2.92    44.69    20.75  9999.00  9999.00  9999.00  9999.00
 00017  1008.08    10.14    32.20     4.80    58.08    19.98  9999.00  9999.00  9999.00  9999.00
 00018  1016.29    17.95    66.04     4.30    19.60    19.22  9999.00  9999.00  9999.00  9999.00
 00019   936.75    17.29    77.09     0.60    32.91    18.68  9999.00  9999.00  9999.00  9999.00
 00020  1019.10    17.15    72.83     4.26     7.76    19.38  9999.00  9999.00  9999.00  9999.00
 00021   892.39     4.71    61.10     1.19   223.27    33.34  9999.00  9999.00  9999.00  9999.00
 00022  1028.65     3.37    20.11     4.20   322.91    22.59  9999.00  9999.00  9999.00  9999.00
 00023   921.21     6.01    78.14     3.90   271.63     3.34  9999.00  9999.00  9999.00  9999.00
 00024   946.77     0.17    53.53     3.77   123.60    30.21  9999.00  9999.00  9999.00  9999.00
 00025   795.72    17.44    54.20     3.95   234.98    20.44  9999.00  9999.00  9999.00  9999.00
 00026  1012.67    19.33    83.10     2.19    25.37    18.63  9999.00  9999.00  9999.00  9999.00
 00027  1008.35    20.30    74.27     3.44   330.29    19.25  9999.00  9999.00  9999.00  9999.00
 00028   976.79    17.75    87.05     3.96    33.43    18.42  9999.00  9999.00  9999.00  9999.00
 00029  1007.88    24.34    93.89     0.61    98.67     7.27  9999.00  9999.00  9999.00  9999.00
 00030   995.12    26.05    85.73     2.32   140.78    21.88  9999.00  9999.00  9999.00  9999.00
 00031   569.18     3.99    12.43     4.68   261.59    32.48  9999.00  9999.00  9999.00  9999.00
 00032   980.22    21.24    86.48     1.43    62.08    14.05  9999.00  9999.00  9999.00  9999.00
 00033  1008.47    22.39    99.08     3.81    91.76     0.59  9999.00  9999.00  9999.00  9999.00
 00034  1010.49    27.99    81.79     1.14   102.22    26.74  9999.00  9999.00  9999.00  9999.00
 00035  1007.75    27.53    83.30     1.77    67.14    13.30  9999.00  9999.00  9999.00  9999.00
 00036   774.67    15.25    50.46     2.84   187.40    21.47  9999.00  9999.00  9999.00  9999.00
 00037   970.61    21.00    90.43     1.04    51.92    12.54  9999.00  9999.00  9999.00  9999.00
 00038   996.98    25.82    77.62     0.86   114.37    20.81  9999.00  9999.00  9999.00  9999.00
 00039  1010.83    24.17    84.74     6.88    57.18    20.36  9999.00  9999.00  9999.00  9999.00
 00040  1008.44    25.89    76.03     3.46    97.53    21.43  9999.00  9999.00  9999.00  9999.00
 00041   974.49    16.61    76.99     2.55    17.50    18.10  9999.00  9999.00  9999.00  9999.00
 00042  1016.76    18.05    68.67     2.29    25.88    19.20  9999.00  9999.00  9999.00  9999.00
 00043  1006.07    18.58    90.45     3.05    39.89    19.37  9999.00  9999.00  9999.00  9999.00
 00044   987.62    17.30    93.31     2.41    45.69    17.10  9999.00  9999.00  9999.00  9999.00
 00045  1008.44    25.89    76.03     3.46    97.53    21.43  9999.00  9999.00  9999.00  9999.00
 00046   944.19    19.60    98.87     1.18    30.30    11.87  9999.00  9999.00  9999.00  9999.00
 00047  1005.56    19.42    97.13     1.54   226.11     3.93  9999.00  9999.00  9999.00  9999.00
 00048   601.63     1.36    46.51     1.72    89.63    34.38  9999.00  9999.00  9999.00  9999.00
 00049   574.63    -1.84    66.06     3.21   208.47    24.02  9999.00  9999.00  9999.00  9999.00
 00050  1003.28    24.85    74.36     4.38    60.51    19.77  9999.00  9999.00  9999.00  9999.00
