stn_id       p       t2      rh2      spd      dir      vis    rain6   rain24   tmax24   tmin24 
 00001   996.21     3.85    87.78     1.67   302.02    21.64  9999.00  9999.00  9999.00  9999.00
 00002  1016.28   -16.93    78.67     2.78   281.27    26.58  9999.00  9999.00  9999.00  9999.00
 00003   916.97   -20.98    84.92     1.02   298.69    24.92  9999.00  9999.00  9999.00  9999.00
 00004   841.59   -21.45    93.60     2.21   264.00    22.62  9999.00  9999.00  9999.00  9999.00
 00005   881.37   -26.05    94.69     2.03   115.21    28.35  9999.00  9999.00  9999.00  9999.00
 00006   891.79   -21.20    81.63     2.98   256.78    31.06  9999.00  9999.00  9999.00  9999.00
 00007  1026.00   -20.38    80.86     3.08   155.57    37.07  9999.00  9999.00  9999.00  9999.00
 00008  1007.33   -18.66    85.21     2.75   235.80    42.05  9999.00  9999.00  9999.00  9999.00
 00009   956.47   -28.46    96.59     2.14   235.11    52.74  9999.00  9999.00  9999.00  9999.00
 00010   981.21   -19.30    80.71     3.92   278.33    41.72  9999.00  9999.00  9999.00  9999.00
 00011  1014.31   -26.86   100.00     3.52   215.32    45.42  9999.00  9999.00  9999.00  9999.00
 00012  1033.76   -19.55    92.96     1.77   266.04    28.72  9999.00  9999.00  9999.00  9999.00
 00013  1038.02   -12.99    57.46     3.77   283.38    21.90  9999.00  9999.00  9999.00  9999.00
 00014  1034.01   -13.03    79.81     2.82   252.30    21.65  9999.00  9999.00  9999.00  9999.00
 00015  1017.59   -10.17    70.74     2.47   218.21    23.32  9999.00  9999.00  9999.00  9999.00
 00016   976.72    -8.41    60.00     0.85   179.90    22.92  9999.00  9999.00  9999.00  9999.00
 00017  1019.32    -8.42    66.78     5.39   262.16    22.20  9999.00  9999.00  9999.00  9999.00
 00018  1037.56    -6.80    39.94     2.06   266.16    21.20  9999.00  9999.00  9999.00  9999.00
 00019   959.09     3.68    89.71     1.18   277.23    21.64  9999.00  9999.00  9999.00  9999.00
 00020  1037.47    -4.16    47.32     4.85   307.50    21.90  9999.00  9999.00  9999.00  9999.00
 00021   901.53   -11.46    76.13     3.12   171.30    36.63  9999.00  9999.00  9999.00  9999.00
 00022  1037.25   -17.57    86.08     2.59   260.43    26.73  9999.00  9999.00  9999.00  9999.00
 00023   923.16    -7.36    69.27     3.18   130.33    35.22  9999.00  9999.00  9999.00  9999.00
 00024   959.67   -13.27    79.13     5.41   116.31    33.15  9999.00  9999.00  9999.00  9999.00
 00025   803.44     5.35    83.18     2.25    97.18    11.70  9999.00  9999.00  9999.00  9999.00
 00026  1036.55    -4.07    51.51     4.60   100.56    19.96  9999.00  9999.00  9999.00  9999.00
 00027  1032.45    -4.12    56.14     3.02   347.93    19.62  9999.00  9999.00  9999.00  9999.00
 00028   999.44    -3.37    67.64     1.71   257.00    18.77  9999.00  9999.00  9999.00  9999.00
 00029  1026.92     5.44    36.52     4.91     9.85    20.93  9999.00  9999.00  9999.00  9999.00
 00030  1016.98     3.83    60.12     2.94   162.90    22.20  9999.00  9999.00  9999.00  9999.00
 00031   577.04    -3.22     7.72     1.40   225.01    35.38  9999.00  9999.00  9999.00  9999.00
 00032   996.76     0.66    47.50     2.56    18.67    18.52  9999.00  9999.00  9999.00  9999.00
 00033  1025.31    13.33    82.61     9.55    13.38    10.82  9999.00  9999.00  9999.00  9999.00
 00034  1018.80    25.25    81.56    15.90    49.62     1.69  9999.00  9999.00  9999.00  9999.00
 00035  1023.30    14.72    78.29     6.69     9.57    20.73  9999.00  9999.00  9999.00  9999.00
 00036   784.67     1.96    85.30     2.01    37.08    14.02  9999.00  9999.00  9999.00  9999.00
 00037   986.36    -1.41    61.87     1.72    24.30    18.45  9999.00  9999.00  9999.00  9999.00
 00038  1013.53     4.81    41.20     2.06   148.41    20.31  9999.00  9999.00  9999.00  9999.00
 00039  1027.11    11.49    70.16    13.36    24.44    10.35  9999.00  9999.00  9999.00  9999.00
 00040  1024.06     9.85    50.94     9.86    22.14    11.73  9999.00  9999.00  9999.00  9999.00
 00041   992.83    -9.58    71.48     1.60   319.91    20.00  9999.00  9999.00  9999.00  9999.00
 00042  1039.15   -14.01    75.37     3.87   241.99    21.41  9999.00  9999.00  9999.00  9999.00
 00043  1029.27    -4.26    46.76     3.34    22.45    20.05  9999.00  9999.00  9999.00  9999.00
 00044  1006.80    -5.18    65.33     1.80    27.83    19.75  9999.00  9999.00  9999.00  9999.00
 00045  1024.06     9.85    50.94     9.86    22.14    11.73  9999.00  9999.00  9999.00  9999.00
 00046   957.82    -3.44    72.02     2.09    18.45    19.21  9999.00  9999.00  9999.00  9999.00
 00047  1023.91     0.21    55.08     6.17   315.91    20.08  9999.00  9999.00  9999.00  9999.00
 00048   610.67    -9.23    51.68     1.79   126.93    37.32  9999.00  9999.00  9999.00  9999.00
 00049   580.31    -6.99    27.57     1.31    25.78    28.20  9999.00  9999.00  9999.00  9999.00
 00050  1020.19     6.63    46.38     7.64    11.83    18.49  9999.00  9999.00  9999.00  9999.00
