stn_id       p       t2      rh2      spd      dir      vis    rain6   rain24   tmax24   tmin24 
 00001   964.67    31.90    56.66     2.54   107.94    25.47  9999.00  9999.00  9999.00  9999.00
 00002   991.24    25.64    81.83     1.87   239.97    24.19  9999.00  9999.00  9999.00  9999.00
 00003   900.80    23.88    73.01     0.60   218.42    23.41  9999.00  9999.00  9999.00  9999.00
 00004   835.06    16.35    96.21     2.15   232.82     2.43  9999.00  9999.00  9999.00  9999.00
 00005   870.65    16.76    80.47     1.09   202.60     8.93  9999.00  9999.00  9999.00  9999.00
 00006   881.04    22.38    23.81     1.75    30.98    27.47  9999.00  9999.00  9999.00  9999.00
 00007  1002.39    25.61    73.62     1.84   255.45    23.99  9999.00  9999.00  9999.00  9999.00
 00008   987.27    23.53    63.44     2.43   310.32    26.67  9999.00  9999.00  9999.00  9999.00
 00009   945.89    12.29    46.79     1.72   295.03    34.47  9999.00  9999.00  9999.00  9999.00
 00010   965.80    23.89    81.24     1.51    82.18    30.11  9999.00  9999.00  9999.00  9999.00
 00011   994.08    21.93    58.82     2.06   315.67    28.00  9999.00  9999.00  9999.00  9999.00
 00012  1007.62    24.92    87.54     1.12   252.51     6.78  9999.00  9999.00  9999.00  9999.00
 00013  1007.46    28.57    65.29     2.64    85.88    23.81  9999.00  9999.00  9999.00  9999.00
 00014  1004.66    26.69    71.32     3.12    77.79    25.26  9999.00  9999.00  9999.00  9999.00
 00015   991.87    29.94    49.91     1.66   211.27    20.08  9999.00  9999.00  9999.00  9999.00
 00016   948.63    31.47    46.49     1.57    43.71    24.87  9999.00  9999.00  9999.00  9999.00
 00017   992.51    29.84    52.15     2.45   156.77    22.93  9999.00  9999.00  9999.00  9999.00
 00018  1005.49    29.55    61.61     3.41    91.49    23.47  9999.00  9999.00  9999.00  9999.00
 00019   930.40    29.29    56.77     0.82   118.53    27.18  9999.00  9999.00  9999.00  9999.00
 00020  1011.27    25.09    69.69     2.65    99.72    22.77  9999.00  9999.00  9999.00  9999.00
 00021   883.75    27.48    22.84     2.03   136.51    26.73  9999.00  9999.00  9999.00  9999.00
 00022  1010.23    26.08    83.24     1.69   120.00    10.67  9999.00  9999.00  9999.00  9999.00
 00023   914.49    19.28    45.97     6.50   311.19    23.13  9999.00  9999.00  9999.00  9999.00
 00024   937.87    20.41    41.78     2.57    24.26    25.22  9999.00  9999.00  9999.00  9999.00
 00025   793.70    20.61    76.93     2.53   129.27    24.71  9999.00  9999.00  9999.00  9999.00
 00026  1003.49    29.47    74.83     2.42    83.44    21.11  9999.00  9999.00  9999.00  9999.00
 00027   998.96    30.11    70.25     2.03    41.58    23.97  9999.00  9999.00  9999.00  9999.00
 00028   968.54    29.05    69.85     2.73    35.36    24.62  9999.00  9999.00  9999.00  9999.00
 00029  1001.31    24.63    93.98     4.56   104.52     9.78  9999.00  9999.00  9999.00  9999.00
 00030   988.72    27.79    83.69     2.21    52.21     8.46  9999.00  9999.00  9999.00  9999.00
 00031   574.91    14.00    45.38     1.93   103.35    24.81  9999.00  9999.00  9999.00  9999.00
 00032   974.90    22.88    73.70     2.34    78.56    14.81  9999.00  9999.00  9999.00  9999.00
 00033  1002.27    24.05    97.08     4.35   231.21     1.16  9999.00  9999.00  9999.00  9999.00
 00034  1006.63    28.30    89.84     7.25   208.56    27.37  9999.00  9999.00  9999.00  9999.00
 00035  1002.07    27.22    90.43     1.10   187.66     3.30  9999.00  9999.00  9999.00  9999.00
 00036   774.41    22.57    60.37     1.43   210.49    22.03  9999.00  9999.00  9999.00  9999.00
 00037   965.25    23.86    70.92     2.20    98.48    20.26  9999.00  9999.00  9999.00  9999.00
 00038   991.52    24.83    86.26     0.55   136.19    25.65  9999.00  9999.00  9999.00  9999.00
 00039  1004.85    24.65    79.81     8.52    37.17    21.81  9999.00  9999.00  9999.00  9999.00
 00040  1002.75    25.17    81.04     4.72    38.83    11.24  9999.00  9999.00  9999.00  9999.00
 00041   966.55    26.79    73.17     1.81    49.04    23.72  9999.00  9999.00  9999.00  9999.00
 00042  1007.00    28.63    66.11     3.89    73.98    24.30  9999.00  9999.00  9999.00  9999.00
 00043   997.47    27.92    79.78     2.41    38.82     7.38  9999.00  9999.00  9999.00  9999.00
 00044   979.25    29.11    66.94     2.42    40.47    24.52  9999.00  9999.00  9999.00  9999.00
 00045  1002.75    25.17    81.04     4.72    38.83    11.24  9999.00  9999.00  9999.00  9999.00
 00046   938.41    25.98    74.66     1.22   123.83    24.67  9999.00  9999.00  9999.00  9999.00
 00047   998.87    24.05    80.36     2.95   113.37    24.01  9999.00  9999.00  9999.00  9999.00
 00048   605.90    15.97    42.75     1.21   177.69    29.47  9999.00  9999.00  9999.00  9999.00
 00049   580.01     7.73    78.99     2.57   201.44    13.42  9999.00  9999.00  9999.00  9999.00
 00050   997.41    24.95    69.74     5.20    37.29    18.18  9999.00  9999.00  9999.00  9999.00
