stn_id       p       t2      rh2      spd      dir      vis    rain6   rain24   tmax24   tmin24 
 00001   976.10    15.92    81.11     2.47   112.98    21.38     0.01  9999.00  9999.00  9999.00
 00002  1014.49    -1.89    50.55     0.63   151.97    24.26     0.00  9999.00  9999.00  9999.00
 00003   913.53    -2.60    22.56     2.51    30.21    22.65     0.00  9999.00  9999.00  9999.00
 00004   839.72    -7.87    20.18     1.40   109.39    22.37     0.00  9999.00  9999.00  9999.00
 00005   878.80   -11.13    29.63     2.16    50.14    24.45     0.00  9999.00  9999.00  9999.00
 00006   890.45   -11.97    35.13     3.25   253.54    25.19     0.00  9999.00  9999.00  9999.00
 00007  1020.54    -8.43    65.09     2.26   284.50    26.77     0.00  9999.00  9999.00  9999.00
 00008   998.94   -14.27    89.83     4.95   243.21    30.04     0.00  9999.00  9999.00  9999.00
 00009   953.44   -17.35    75.60     2.39   314.22    38.79     0.07  9999.00  9999.00  9999.00
 00010   973.25    -7.79    57.27     5.46   280.61    29.99     0.00  9999.00  9999.00  9999.00
 00011  1003.40   -18.40    96.12     4.23   201.89    29.73     0.00  9999.00  9999.00  9999.00
 00012  1031.41    -2.09    42.08     1.55   329.38    23.99     0.00  9999.00  9999.00  9999.00
 00013  1025.73     6.48    66.65     4.63     4.37    19.64     0.00  9999.00  9999.00  9999.00
 00014  1019.54    12.56    79.45     4.63     9.37    18.97     0.43  9999.00  9999.00  9999.00
 00015  1013.63    -0.45    34.78     2.53    28.98    20.70     0.00  9999.00  9999.00  9999.00
 00016   963.55     5.02    52.54     3.54    61.34    20.75     0.00  9999.00  9999.00  9999.00
 00017  1015.32     2.03    40.66     1.94    55.35    20.05     0.00  9999.00  9999.00  9999.00
 00018  1025.56     5.01    53.42     4.21    17.18    19.23     0.00  9999.00  9999.00  9999.00
 00019   939.31    14.67    95.56     0.74    71.84     6.45     1.28  9999.00  9999.00  9999.00
 00020  1024.88    13.44    69.56     5.68     4.52    19.40     0.03  9999.00  9999.00  9999.00
 00021   898.61     2.83    78.12     0.52   105.06    10.38     0.39  9999.00  9999.00  9999.00
 00022  1034.17    -1.35    34.23     3.30   336.71    22.71     0.00  9999.00  9999.00  9999.00
 00023   927.72     4.48    98.57     2.23   260.78     2.58     0.79  9999.00  9999.00  9999.00
 00024   952.74    -8.55    71.84     1.50   324.37    30.55     0.00  9999.00  9999.00  9999.00
 00025   798.94     9.40    91.05     1.63   189.80    20.38     0.00  9999.00  9999.00  9999.00
 00026  1020.08    11.66    74.87     6.34     8.58    18.53     0.02  9999.00  9999.00  9999.00
 00027  1016.52    11.95    58.41     4.59   346.60    19.25     0.00  9999.00  9999.00  9999.00
 00028   984.30    10.98    63.37     4.26    26.60    19.07     0.00  9999.00  9999.00  9999.00
 00029  1011.14    21.02    90.91     4.17   319.52     8.73     2.29  9999.00  9999.00  9999.00
 00030  1000.58    20.38    89.69     3.12    26.14    23.19     0.85  9999.00  9999.00  9999.00
 00031   572.56    -7.94    76.87     1.72   213.63    31.08     0.00  9999.00  9999.00  9999.00
 00032   982.35    18.54    99.22     1.12    75.10     1.35     7.18  9999.00  9999.00  9999.00
 00033  1011.91    23.61    97.38     2.06    56.79    15.85     0.27  9999.00  9999.00  9999.00
 00034  1013.76    27.29    87.65     1.25    72.35    27.17     0.04  9999.00  9999.00  9999.00
 00035  1011.16    24.65    97.05     2.75    19.17     0.23     0.01  9999.00  9999.00  9999.00
 00036   778.41     4.72    97.80     0.87    89.02     2.57     0.01  9999.00  9999.00  9999.00
 00037   972.64    18.72    99.31     0.80    44.25     1.11    10.43  9999.00  9999.00  9999.00
 00038   999.08    22.01    97.45     0.66   330.53     6.32    10.13  9999.00  9999.00  9999.00
 00039  1013.09    22.90    92.83     3.46   114.92     2.54    14.32  9999.00  9999.00  9999.00
 00040  1010.45    23.18    92.02     0.77   346.04     7.60    13.37  9999.00  9999.00  9999.00
 00041   980.85     8.05    85.24     3.79    19.80    18.08     0.04  9999.00  9999.00  9999.00
 00042  1025.62     8.07    68.18     3.82    14.06    19.22     0.00  9999.00  9999.00  9999.00
 00043  1012.69    13.09    78.44     5.26    20.12    17.78     0.02  9999.00  9999.00  9999.00
 00044   992.57    13.90    91.01     4.73    47.19    13.45     0.75  9999.00  9999.00  9999.00
 00045  1010.45    23.18    92.02     0.77   346.04     7.60    13.37  9999.00  9999.00  9999.00
 00046   946.99    14.94    99.60     2.78   356.81     1.51    19.33  9999.00  9999.00  9999.00
 00047  1008.94    17.31    86.71     5.83   356.34     5.65     4.35  9999.00  9999.00  9999.00
 00048   605.19    -7.84    65.30     0.89   139.22    34.28     0.00  9999.00  9999.00  9999.00
 00049   576.77   -10.55    98.00     0.82   109.05     4.33     0.08  9999.00  9999.00  9999.00
 00050  1005.61    21.03    96.88     3.95    41.43     4.36     5.65  9999.00  9999.00  9999.00
