stn_id       p       t2      rh2      spd      dir      vis    rain6   rain24   tmax24   tmin24 
 00001   970.95    19.75    71.34     0.49   245.64    21.28     2.25  9999.00  9999.00  9999.00
 00002   996.17    13.32    50.21     1.53    74.94    23.88     0.00  9999.00  9999.00  9999.00
 00003   901.73    15.42    26.91     4.87   240.00    22.42     0.00  9999.00  9999.00  9999.00
 00004   832.76     4.25    30.49     6.01   261.00    22.22     0.00  9999.00  9999.00  9999.00
 00005   867.11     2.05    25.17     7.12   249.66    24.25     0.00  9999.00  9999.00  9999.00
 00006   877.77    -1.52    34.13     3.27   136.99    23.96     0.02  9999.00  9999.00  9999.00
 00007  1008.38     6.24    91.67     2.38   309.79     1.15     4.18  9999.00  9999.00  9999.00
 00008   992.62     0.51    99.54     2.87   237.20     3.42     6.19  9999.00  9999.00  9999.00
 00009   946.37    -8.40    46.54     3.31    71.41    39.11    -0.00  9999.00  9999.00  9999.00
 00010   973.50     5.03    68.00     3.90   131.09    29.82     0.00  9999.00  9999.00  9999.00
 00011  1000.65    -2.12    92.14     1.38   165.17     3.78     2.61  9999.00  9999.00  9999.00
 00012  1013.10    11.72    38.37     2.34    40.76    23.65     0.00  9999.00  9999.00  9999.00
 00013  1013.91    20.55    52.94     1.43   180.91    19.67     0.04  9999.00  9999.00  9999.00
 00014  1011.97    18.80    64.30     3.78   184.42    19.02     0.19  9999.00  9999.00  9999.00
 00015   996.81    17.47    54.39     1.70   214.90    20.46     0.00  9999.00  9999.00  9999.00
 00016   956.42    16.28    58.84     0.81   263.63    20.74     0.00  9999.00  9999.00  9999.00
 00017   997.35    20.13    53.13     1.72   251.44    19.93     0.00  9999.00  9999.00  9999.00
 00018  1012.27    20.64    54.46     2.02   203.37    19.26     0.00  9999.00  9999.00  9999.00
 00019   935.84    18.02    75.02     1.73    81.15    24.98     0.14  9999.00  9999.00  9999.00
 00020  1017.40    22.01    60.43     5.14   172.27    19.46     0.00  9999.00  9999.00  9999.00
 00021   892.40     7.67    41.75     1.50   218.95    32.87     0.00  9999.00  9999.00  9999.00
 00022  1015.66    12.71    48.54     2.37    16.57    22.36    -0.00  9999.00  9999.00  9999.00
 00023   918.41     7.50    48.19     1.80    81.51    27.54     0.00  9999.00  9999.00  9999.00
 00024   948.97    -3.54    61.23     3.65   111.83    29.87     0.00  9999.00  9999.00  9999.00
 00025   796.15    18.72    58.17     5.59   244.10    20.63     0.17  9999.00  9999.00  9999.00
 00026  1011.99    20.30    76.73     0.97   117.85    19.16     0.31  9999.00  9999.00  9999.00
 00027  1006.79    21.16    73.79     1.72   157.00    19.34     0.13  9999.00  9999.00  9999.00
 00028   974.80    19.64    82.33     0.36   198.61    17.49     8.79  9999.00  9999.00  9999.00
 00029  1009.19    27.55    67.15     3.13   128.80    22.08     0.01  9999.00  9999.00  9999.00
 00030   997.29    24.41    83.24     0.94   194.25    23.08     0.57  9999.00  9999.00  9999.00
 00031   573.54     2.41    16.04     1.10   289.98    32.45     0.02  9999.00  9999.00  9999.00
 00032   982.09    21.03    66.73     2.59    75.88    18.47     0.58  9999.00  9999.00  9999.00
 00033  1009.80    21.85    97.60     4.73    96.61     2.10     0.13  9999.00  9999.00  9999.00
 00034  1011.06    28.44    79.43     5.98    84.44    28.75     0.02  9999.00  9999.00  9999.00
 00035  1008.91    28.42    75.63     4.16   117.24    15.81     1.02  9999.00  9999.00  9999.00
 00036   774.44    16.32    49.00     3.44   200.49    21.59     0.00  9999.00  9999.00  9999.00
 00037   972.29    21.59    66.01     2.15    87.19    18.37     0.24  9999.00  9999.00  9999.00
 00038   998.56    26.64    50.81     0.99    74.28    20.90    -0.00  9999.00  9999.00  9999.00
 00039  1012.72    23.98    66.02     8.05    41.40    20.45     0.05  9999.00  9999.00  9999.00
 00040  1009.97    26.47    56.32     5.01    63.83    21.81     0.02  9999.00  9999.00  9999.00
 00041   972.57    19.18    71.58     1.98   181.24    18.21     0.20  9999.00  9999.00  9999.00
 00042  1013.76    21.73    56.17     1.66   215.76    19.27     0.02  9999.00  9999.00  9999.00
 00043  1005.43    21.78    75.35     0.85   158.78    19.49     0.42  9999.00  9999.00  9999.00
 00044   987.44    19.24    74.55     1.57    78.82    18.67     5.18  9999.00  9999.00  9999.00
 00045  1009.97    26.47    56.32     5.01    63.83    21.81     0.02  9999.00  9999.00  9999.00
 00046   945.00    23.19    70.13     0.46   274.93    12.47     0.28  9999.00  9999.00  9999.00
 00047  1007.22    20.18    69.95     0.89    98.41    19.07     0.39  9999.00  9999.00  9999.00
 00048   606.45    -0.24    61.84     2.06    91.22    34.26     0.16  9999.00  9999.00  9999.00
 00049   576.59     1.42    39.78     2.06   243.53    28.13     0.09  9999.00  9999.00  9999.00
 00050  1005.12    24.95    55.49     4.90    44.69    19.87     0.17  9999.00  9999.00  9999.00
