stn_id       p       t2      rh2      spd      dir      vis    rain6   rain24   tmax24   tmin24 
 00001   975.32    15.20    94.43     1.73   105.47    21.40  9999.00  9999.00  9999.00  9999.00
 00002  1012.70    -2.66    41.26     1.72   324.32    24.21  9999.00  9999.00  9999.00  9999.00
 00003   912.68    -5.01    34.92     1.96    25.01    22.65  9999.00  9999.00  9999.00  9999.00
 00004   839.08    -9.06    23.52     1.22   102.13    22.36  9999.00  9999.00  9999.00  9999.00
 00005   878.08   -11.28    30.09     1.43    48.82    24.44  9999.00  9999.00  9999.00  9999.00
 00006   889.52   -11.95    36.77     2.56   270.28    25.17  9999.00  9999.00  9999.00  9999.00
 00007  1018.78    -9.39    68.34     2.40   263.72    26.72  9999.00  9999.00  9999.00  9999.00
 00008   997.20   -14.81    90.30     5.55   241.17    29.98  9999.00  9999.00  9999.00  9999.00
 00009   951.86   -16.85    78.55     2.82   314.50    37.23  9999.00  9999.00  9999.00  9999.00
 00010   972.11    -9.14    70.35     4.21   284.55    29.96  9999.00  9999.00  9999.00  9999.00
 00011  1002.20   -19.15    97.64     4.82   189.89    32.90  9999.00  9999.00  9999.00  9999.00
 00012  1029.54    -3.30    32.65     2.15   323.83    23.96  9999.00  9999.00  9999.00  9999.00
 00013  1023.42     6.50    68.44     5.07     5.16    19.62  9999.00  9999.00  9999.00  9999.00
 00014  1016.62    13.00    86.48     5.12    11.95    16.25  9999.00  9999.00  9999.00  9999.00
 00015  1011.99    -1.38    31.68     2.32    21.00    20.67  9999.00  9999.00  9999.00  9999.00
 00016   962.54     4.12    61.87     2.98    64.86    20.74  9999.00  9999.00  9999.00  9999.00
 00017  1013.78     1.16    41.23     1.88    33.74    20.04  9999.00  9999.00  9999.00  9999.00
 00018  1023.40     5.26    48.65     4.91    18.91    19.21  9999.00  9999.00  9999.00  9999.00
 00019   938.89    14.71    94.24     0.45    60.66    20.43  9999.00  9999.00  9999.00  9999.00
 00020  1022.12    12.96    75.23     6.46     6.63    19.37  9999.00  9999.00  9999.00  9999.00
 00021   897.24     3.57    62.76     0.68   144.54    31.57  9999.00  9999.00  9999.00  9999.00
 00022  1032.43    -2.27    29.42     2.91   335.03    22.68  9999.00  9999.00  9999.00  9999.00
 00023   926.67     4.65    98.02     3.56   265.15     2.79  9999.00  9999.00  9999.00  9999.00
 00024   951.68    -7.42    66.60     0.89   136.57    30.48  9999.00  9999.00  9999.00  9999.00
 00025   797.99     9.01    87.75     1.79   188.85    20.41  9999.00  9999.00  9999.00  9999.00
 00026  1017.59    13.42    76.93     6.24    10.87    18.34  9999.00  9999.00  9999.00  9999.00
 00027  1014.60    13.08    54.77     5.22   351.82    19.23  9999.00  9999.00  9999.00  9999.00
 00028   982.68    12.43    66.06     4.56    31.58    19.06  9999.00  9999.00  9999.00  9999.00
 00029  1008.85    22.43    96.75     2.55    11.23    11.83  9999.00  9999.00  9999.00  9999.00
 00030   998.46    21.07    93.24     3.55    45.81    18.53  9999.00  9999.00  9999.00  9999.00
 00031   572.21    -7.02    77.42     2.11   210.20    32.67  9999.00  9999.00  9999.00  9999.00
 00032   980.09    18.55    97.34     0.95    60.34     4.01  9999.00  9999.00  9999.00  9999.00
 00033  1010.31    23.10    99.40     1.36    26.70     0.56  9999.00  9999.00  9999.00  9999.00
 00034  1012.19    27.26    87.43     0.27   144.17    27.62  9999.00  9999.00  9999.00  9999.00
 00035  1009.53    24.18    99.30     1.68   345.85     0.20  9999.00  9999.00  9999.00  9999.00
 00036   777.83     5.83    90.40     0.99    91.69    12.60  9999.00  9999.00  9999.00  9999.00
 00037   970.46    18.09    98.58     0.94   168.73     2.29  9999.00  9999.00  9999.00  9999.00
 00038   997.54    21.01    99.66     0.42   272.60     5.86  9999.00  9999.00  9999.00  9999.00
 00039  1010.89    22.77    92.16     2.82   250.28     7.04  9999.00  9999.00  9999.00  9999.00
 00040  1008.79    22.91    94.03     1.48   331.26     8.11  9999.00  9999.00  9999.00  9999.00
 00041   978.29     9.24    91.46     3.71    16.29    18.07  9999.00  9999.00  9999.00  9999.00
 00042  1022.89     9.32    67.89     4.55    10.26    19.19  9999.00  9999.00  9999.00  9999.00
 00043  1010.41    14.17    81.27     5.38    19.09    19.22  9999.00  9999.00  9999.00  9999.00
 00044   990.25    14.42    92.64     4.01    40.41     7.58  9999.00  9999.00  9999.00  9999.00
 00045  1008.79    22.91    94.03     1.48   331.26     8.11  9999.00  9999.00  9999.00  9999.00
 00046   945.05    16.98    99.49     1.77   332.24     0.61  9999.00  9999.00  9999.00  9999.00
 00047  1005.65    17.85    85.63     6.39   344.11    13.97  9999.00  9999.00  9999.00  9999.00
 00048   604.59    -7.66    65.85     1.04   184.33    34.65  9999.00  9999.00  9999.00  9999.00
 00049   576.33    -7.99    98.62     0.45   133.76     6.57  9999.00  9999.00  9999.00  9999.00
 00050  1003.13    21.07    95.59     1.15   302.82     8.29  9999.00  9999.00  9999.00  9999.00
