stn_id       p       t2      rh2      spd      dir      vis    rain6   rain24   tmax24   tmin24 
 00001   971.72    14.92    73.09     0.46   126.76    17.42  9999.00  9999.00  9999.00  9999.00
 00002   986.03    17.05    42.98     1.58   124.98    21.80  9999.00  9999.00  9999.00  9999.00
 00003   896.40    11.77    46.98     1.03   223.50    20.06  9999.00  9999.00  9999.00  9999.00
 00004   830.13     4.46    41.76     5.96   348.70    20.21  9999.00  9999.00  9999.00  9999.00
 00005   867.29     0.29    29.03     9.91   345.39    23.29  9999.00  9999.00  9999.00  9999.00
 00006   879.44    -2.10    23.45     9.79   320.33    26.20  9999.00  9999.00  9999.00  9999.00
 00007   995.59     8.03    76.44     3.34   208.36    25.32  9999.00  9999.00  9999.00  9999.00
 00008   980.09     4.30    54.18     3.32   133.58    26.38  9999.00  9999.00  9999.00  9999.00
 00009   936.26    -7.05    58.10     2.43   299.17    53.92  9999.00  9999.00  9999.00  9999.00
 00010   962.49     2.86    55.25     1.83   106.54    32.05  9999.00  9999.00  9999.00  9999.00
 00011   990.58     2.42    13.84     2.94    91.88    38.66  9999.00  9999.00  9999.00  9999.00
 00012  1002.37    13.53    33.98     1.76    69.10    22.51  9999.00  9999.00  9999.00  9999.00
 00013  1012.38    16.46    37.76     4.90   195.48    18.30  9999.00  9999.00  9999.00  9999.00
 00014  1011.04    17.34    48.47     3.52   188.74    18.35  9999.00  9999.00  9999.00  9999.00
 00015   987.36    15.58    44.82     6.92   199.44    18.02  9999.00  9999.00  9999.00  9999.00
 00016   952.42    14.18    52.27     4.68   245.90    17.55  9999.00  9999.00  9999.00  9999.00
 00017   990.02    19.29    38.90     3.43   235.49    17.99  9999.00  9999.00  9999.00  9999.00
 00018  1009.89    16.74    40.06     6.87   191.41    18.09  9999.00  9999.00  9999.00  9999.00
 00019   936.40    11.06    80.61     1.33    90.06    17.03  9999.00  9999.00  9999.00  9999.00
 00020  1016.94    18.25    39.68     5.95   190.99    18.17  9999.00  9999.00  9999.00  9999.00
 00021   898.19     0.09    90.80     0.56   239.20    13.67  9999.00  9999.00  9999.00  9999.00
 00022  1004.44    14.75    35.62     2.50   269.63    20.32  9999.00  9999.00  9999.00  9999.00
 00023   924.92     1.15    79.45     0.91   113.63    33.93  9999.00  9999.00  9999.00  9999.00
 00024   954.24    -4.38    89.99     0.59    90.73    36.44  9999.00  9999.00  9999.00  9999.00
 00025   796.31    12.82    66.03     6.46   269.73    21.32  9999.00  9999.00  9999.00  9999.00
 00026  1012.65    17.00    53.05     3.35   197.82    18.72  9999.00  9999.00  9999.00  9999.00
 00027  1007.07    17.81    61.53     4.45   179.10    18.12  9999.00  9999.00  9999.00  9999.00
 00028   975.11    16.88    61.69     3.48   201.96    16.93  9999.00  9999.00  9999.00  9999.00
 00029  1011.27    22.45    47.54     1.65   100.15    20.24  9999.00  9999.00  9999.00  9999.00
 00030  1000.15    21.24    45.74     1.11   183.98    22.37  9999.00  9999.00  9999.00  9999.00
 00031   572.46    -2.54    36.46     1.22   226.55    29.81  9999.00  9999.00  9999.00  9999.00
 00032   982.30    18.40    55.81     1.76    89.20    17.07  9999.00  9999.00  9999.00  9999.00
 00033  1013.54    19.85    91.19     1.75   166.11    20.07  9999.00  9999.00  9999.00  9999.00
 00034  1014.09    25.68    83.39     8.60    62.06    19.78  9999.00  9999.00  9999.00  9999.00
 00035  1012.47    25.94    62.33     3.65    69.16    20.82  9999.00  9999.00  9999.00  9999.00
 00036   775.89    10.47    68.32     2.05   218.03    20.59  9999.00  9999.00  9999.00  9999.00
 00037   972.39    18.36    53.32     1.50   110.45    17.02  9999.00  9999.00  9999.00  9999.00
 00038  1000.20    21.59    44.19     0.80    72.98    19.26  9999.00  9999.00  9999.00  9999.00
 00039  1014.05    20.61    59.97     6.17    36.40    18.69  9999.00  9999.00  9999.00  9999.00
 00040  1011.94    22.28    46.56     3.90    59.45    19.85  9999.00  9999.00  9999.00  9999.00
 00041   971.70    15.06    53.36     3.79   195.17    17.61  9999.00  9999.00  9999.00  9999.00
 00042  1012.72    17.17    44.81     3.83   200.81    18.26  9999.00  9999.00  9999.00  9999.00
 00043  1006.26    17.34    51.76     3.00   194.07    19.10  9999.00  9999.00  9999.00  9999.00
 00044   987.77    16.65    53.39     1.02   155.39    17.92  9999.00  9999.00  9999.00  9999.00
 00045  1011.94    22.28    46.56     3.90    59.45    19.85  9999.00  9999.00  9999.00  9999.00
 00046   945.21    18.30    52.58     1.73   197.42    18.49  9999.00  9999.00  9999.00  9999.00
 00047  1007.06    17.54    53.23     0.83   129.25    17.82  9999.00  9999.00  9999.00  9999.00
 00048   604.61    -1.58    42.35     1.36   185.75    32.95  9999.00  9999.00  9999.00  9999.00
 00049   576.41    -7.49    64.13     0.59   167.85     9.54  9999.00  9999.00  9999.00  9999.00
 00050  1006.09    22.00    43.41     3.50    47.35    18.23  9999.00  9999.00  9999.00  9999.00
