stn_id       p       t2      rh2      spd      dir      vis    rain6   rain24   tmax24   tmin24 
 00001   985.13     9.24    94.13     0.81   276.80     9.10  9999.00  9999.00  9999.00  9999.00
 00002  1009.50    -1.96    61.42     1.87   277.73    24.14  9999.00  9999.00  9999.00  9999.00
 00003   914.31    -5.33    54.79     1.31   282.30    22.46  9999.00  9999.00  9999.00  9999.00
 00004   842.41    -7.23    41.79     2.37   266.38    22.98  9999.00  9999.00  9999.00  9999.00
 00005   879.58    -8.41    45.64     1.91   332.37    26.63  9999.00  9999.00  9999.00  9999.00
 00006   890.26    -7.31    39.48     4.69   302.58    29.65  9999.00  9999.00  9999.00  9999.00
 00007  1014.35    -5.74    56.53     2.36   331.51    29.19  9999.00  9999.00  9999.00  9999.00
 00008   994.63    -4.93    49.66     4.11   277.86    35.42  9999.00  9999.00  9999.00  9999.00
 00009   950.33   -18.98    80.86     2.38   258.24    48.01  9999.00  9999.00  9999.00  9999.00
 00010   971.73    -7.29    90.72     1.30   259.60    35.06  9999.00  9999.00  9999.00  9999.00
 00011  1001.42    -7.88    80.48     1.36   161.37    42.24  9999.00  9999.00  9999.00  9999.00
 00012  1025.06    -4.21    64.58     2.09   341.71    24.96  9999.00  9999.00  9999.00  9999.00
 00013  1021.94     8.09    92.26     1.99   268.97    18.43  9999.00  9999.00  9999.00  9999.00
 00014  1018.62     6.05    98.24     1.56   255.40    15.36  9999.00  9999.00  9999.00  9999.00
 00015  1008.54     1.06    66.70     2.09   126.66    19.45  9999.00  9999.00  9999.00  9999.00
 00016   971.12     3.63    66.66     1.00   266.98    18.12  9999.00  9999.00  9999.00  9999.00
 00017  1011.56     5.51    63.54     2.17   321.15    18.62  9999.00  9999.00  9999.00  9999.00
 00018  1021.18     7.79    85.94     2.75   300.54    18.10  9999.00  9999.00  9999.00  9999.00
 00019   949.61     9.00    76.18     1.69   291.43    20.70  9999.00  9999.00  9999.00  9999.00
 00020  1023.94     8.62    90.83     2.80   289.16    18.26  9999.00  9999.00  9999.00  9999.00
 00021   900.81    -8.53    78.23     1.56   141.93    26.89  9999.00  9999.00  9999.00  9999.00
 00022  1027.99    -1.19    43.11     2.40   326.89    22.56  9999.00  9999.00  9999.00  9999.00
 00023   926.45    -6.64    41.96     1.91   157.47    36.84  9999.00  9999.00  9999.00  9999.00
 00024   955.91   -11.17    86.66     6.53   117.48     8.45  9999.00  9999.00  9999.00  9999.00
 00025   800.59     5.63    80.20     2.38   213.08    20.72  9999.00  9999.00  9999.00  9999.00
 00026  1020.96     8.20    92.06     2.08   163.44    18.25  9999.00  9999.00  9999.00  9999.00
 00027  1017.71     8.78    93.99     2.01   332.65    17.73  9999.00  9999.00  9999.00  9999.00
 00028   986.21     7.59    96.59     1.46    31.51    16.68  9999.00  9999.00  9999.00  9999.00
 00029  1017.09    11.26    90.91     1.72   327.24    20.20  9999.00  9999.00  9999.00  9999.00
 00030  1006.15    15.44    79.78     2.14    53.61    22.05  9999.00  9999.00  9999.00  9999.00
 00031   573.57    -7.57    29.42     1.99   226.83    30.83  9999.00  9999.00  9999.00  9999.00
 00032   986.15     8.57    97.01     2.16   300.59     3.05  9999.00  9999.00  9999.00  9999.00
 00033  1017.61    21.24    78.46     5.16    64.03    21.58  9999.00  9999.00  9999.00  9999.00
 00034  1017.31    26.28    70.45    10.67    32.31    22.70  9999.00  9999.00  9999.00  9999.00
 00035  1016.64    20.57    79.42     2.80    31.07    21.43  9999.00  9999.00  9999.00  9999.00
 00036   780.65     3.62    90.36     1.12    53.27    11.88  9999.00  9999.00  9999.00  9999.00
 00037   976.42     8.06    98.25     1.73   301.55     2.79  9999.00  9999.00  9999.00  9999.00
 00038  1004.92    10.17    96.85     1.18   307.32    19.20  9999.00  9999.00  9999.00  9999.00
 00039  1018.04    16.88    83.98     3.97   337.59    18.70  9999.00  9999.00  9999.00  9999.00
 00040  1016.34    15.71    84.68     3.06   345.86    19.83  9999.00  9999.00  9999.00  9999.00
 00041   980.01     4.95    99.15     0.68   296.04     0.36  9999.00  9999.00  9999.00  9999.00
 00042  1022.41     7.29    94.98     1.73   250.36    18.23  9999.00  9999.00  9999.00  9999.00
 00043  1014.19     8.64    91.04     1.61    40.52    18.60  9999.00  9999.00  9999.00  9999.00
 00044   994.69     7.80    96.74     0.87   290.76    15.98  9999.00  9999.00  9999.00  9999.00
 00045  1016.34    15.71    84.68     3.06   345.86    19.83  9999.00  9999.00  9999.00  9999.00
 00046   950.84     8.24    86.26     1.61    45.01    18.27  9999.00  9999.00  9999.00  9999.00
 00047  1010.90    12.65    93.21     3.17   315.82    12.53  9999.00  9999.00  9999.00  9999.00
 00048   605.32    -8.20    55.01     0.91   168.76    32.65  9999.00  9999.00  9999.00  9999.00
 00049   576.66   -16.43    88.12     1.10    32.76    19.29  9999.00  9999.00  9999.00  9999.00
 00050  1010.17    11.19    90.55     2.52   321.03    18.25  9999.00  9999.00  9999.00  9999.00
