stn_id       p       t2      rh2      spd      dir      vis    rain6   rain24   tmax24   tmin24 
 00001   980.80    14.45    71.75     2.07   326.35    17.64     0.11  9999.00  9999.00  9999.00
 00002  1004.38    12.80    37.67     1.65    76.15    24.17     0.00  9999.00  9999.00  9999.00
 00003   908.87    10.36    34.00     3.11   119.02    22.49     0.00  9999.00  9999.00  9999.00
 00004   839.83     2.02    27.93     5.00   325.75    23.07     0.00  9999.00  9999.00  9999.00
 00005   877.25     2.03    24.43     3.85   329.90    26.75     0.00  9999.00  9999.00  9999.00
 00006   888.12    -0.04    23.57     6.75   301.60    29.77     0.00  9999.00  9999.00  9999.00
 00007  1012.34     7.86    40.35     3.55   324.92    29.26     0.00  9999.00  9999.00  9999.00
 00008   994.53     5.28    36.34     5.63   305.72    35.56     0.00  9999.00  9999.00  9999.00
 00009   946.96    -5.07    55.37     3.37   276.29    30.54     0.26  9999.00  9999.00  9999.00
 00010   967.69     5.80    53.68     5.96   280.89    31.26     0.04  9999.00  9999.00  9999.00
 00011   999.96     1.87    44.13     6.84   314.03    42.10     0.01  9999.00  9999.00  9999.00
 00012  1020.52    13.03    27.45     4.07   106.19    24.99     0.00  9999.00  9999.00  9999.00
 00013  1020.05    14.69    57.03     2.77   237.40    18.40     0.43  9999.00  9999.00  9999.00
 00014  1017.02    18.34    52.12     3.34   239.95    18.26     0.00  9999.00  9999.00  9999.00
 00015  1002.73    13.27    44.29     2.55   327.70    19.42     0.00  9999.00  9999.00  9999.00
 00016   965.07    13.51    40.97     1.88   327.07    18.04     0.00  9999.00  9999.00  9999.00
 00017  1003.63    18.50    38.21     3.12   153.39    18.54     0.00  9999.00  9999.00  9999.00
 00018  1018.40    16.46    41.43     2.01   230.56    18.04     0.04  9999.00  9999.00  9999.00
 00019   945.06    13.42    55.32     2.61    96.70    20.55     0.02  9999.00  9999.00  9999.00
 00020  1022.74    17.24    54.24     4.09   234.87    18.24     0.00  9999.00  9999.00  9999.00
 00021   903.55    -6.29    83.00     1.51   325.10    10.44     0.04  9999.00  9999.00  9999.00
 00022  1022.91    12.37    31.78     5.61   358.26    22.59     0.00  9999.00  9999.00  9999.00
 00023   929.29    -3.33    59.14     1.60   106.03    37.07     0.00  9999.00  9999.00  9999.00
 00024   960.28   -10.59    92.01     6.18   114.69    20.90     0.03  9999.00  9999.00  9999.00
 00025   798.47    15.73    43.89     6.03   255.74    20.64     0.03  9999.00  9999.00  9999.00
 00026  1018.90    17.78    54.83     2.34   217.17    18.20     0.00  9999.00  9999.00  9999.00
 00027  1014.68    16.03    63.77     0.49   163.86    17.67     0.19  9999.00  9999.00  9999.00
 00028   982.56    15.26    73.10     1.26   244.03    16.63     0.00  9999.00  9999.00  9999.00
 00029  1016.07    21.48    53.88     1.13     4.75    20.18     0.00  9999.00  9999.00  9999.00
 00030  1004.09    21.51    57.85     2.45   174.48    22.00     0.07  9999.00  9999.00  9999.00
 00031   571.51    -0.66     5.46     6.58   285.49    30.79     0.00  9999.00  9999.00  9999.00
 00032   986.32    18.21    66.97     1.96    63.36    17.14     0.02  9999.00  9999.00  9999.00
 00033  1017.20    19.67    78.16     5.84   103.39    21.59     0.02  9999.00  9999.00  9999.00
 00034  1017.33    25.76    73.30    10.65    48.65    22.78     0.28  9999.00  9999.00  9999.00
 00035  1016.29    25.48    56.59     3.62    69.04    21.43     0.50  9999.00  9999.00  9999.00
 00036   777.37    10.13    69.38     1.43   276.02    15.15     1.53  9999.00  9999.00  9999.00
 00037   976.40    18.61    65.57     1.48    75.68    17.07     0.04  9999.00  9999.00  9999.00
 00038  1003.80    22.66    49.33     1.11    59.52    19.18     0.00  9999.00  9999.00  9999.00
 00039  1017.91    21.04    63.34     6.30    48.71    18.70     0.02  9999.00  9999.00  9999.00
 00040  1015.52    22.69    49.92     3.55    61.34    19.79     0.00  9999.00  9999.00  9999.00
 00041   978.99    10.52    80.92     1.27   179.91     8.91     1.34  9999.00  9999.00  9999.00
 00042  1020.53    15.63    54.58     3.09   249.57    18.19     0.00  9999.00  9999.00  9999.00
 00043  1012.29    18.29    54.32     2.30   223.45    18.54     0.00  9999.00  9999.00  9999.00
 00044   993.69    15.33    68.75     0.51    25.23    17.69     0.38  9999.00  9999.00  9999.00
 00045  1015.52    22.69    49.92     3.55    61.34    19.79     0.00  9999.00  9999.00  9999.00
 00046   949.59    18.58    52.09     0.63   314.56    18.23     0.00  9999.00  9999.00  9999.00
 00047  1011.78    18.44    64.37     1.41    70.96    17.83     0.00  9999.00  9999.00  9999.00
 00048   601.51     0.78    19.35     1.93   202.13    33.05     0.12  9999.00  9999.00  9999.00
 00049   574.64    -6.64    61.33     2.43   215.04    27.99     0.01  9999.00  9999.00  9999.00
 00050  1009.84    22.48    52.27     3.84    48.05    18.26     0.00  9999.00  9999.00  9999.00
