stn_id       p       t2      rh2      spd      dir      vis    rain6   rain24   tmax24   tmin24 
 00001   987.69    11.75    83.32     0.88    53.54    17.74  9999.00  9999.00  9999.00  9999.00
 00002  1009.73     9.28    33.07     0.66   173.05    23.95  9999.00  9999.00  9999.00  9999.00
 00003   913.99     6.17    20.89     2.02   198.29    22.23  9999.00  9999.00  9999.00  9999.00
 00004   842.08     2.90    20.50     4.59   268.27    22.71  9999.00  9999.00  9999.00  9999.00
 00005   877.74     0.46    25.51     2.46   210.46    26.27  9999.00  9999.00  9999.00  9999.00
 00006   885.28     4.81    14.46     8.28   261.73    29.20  9999.00  9999.00  9999.00  9999.00
 00007  1015.69     2.97    18.07     5.23   223.75    29.01  9999.00  9999.00  9999.00  9999.00
 00008   994.98     0.81    17.94     7.50   234.80    35.16  9999.00  9999.00  9999.00  9999.00
 00009   939.73    -6.82    65.83     2.62   317.82    54.58  9999.00  9999.00  9999.00  9999.00
 00010   971.77    -1.35    23.20     5.40   289.10    34.92  9999.00  9999.00  9999.00  9999.00
 00011   999.56    -0.05    19.99     7.45   230.55    41.84  9999.00  9999.00  9999.00  9999.00
 00012  1024.69     8.56    28.69     3.35   211.04    24.74  9999.00  9999.00  9999.00  9999.00
 00013  1029.74    10.47    47.83     2.15   158.40    18.52  9999.00  9999.00  9999.00  9999.00
 00014  1025.10    11.92    48.19     3.08   342.94    18.38  9999.00  9999.00  9999.00  9999.00
 00015  1011.91    10.08    21.10     3.33   213.44    19.37  9999.00  9999.00  9999.00  9999.00
 00016   969.94     8.27    52.70     0.59   284.78    18.07  9999.00  9999.00  9999.00  9999.00
 00017  1014.58    10.82    45.34     1.94   216.44    18.64  9999.00  9999.00  9999.00  9999.00
 00018  1029.02    11.27    32.28     1.62    41.59    18.20  9999.00  9999.00  9999.00  9999.00
 00019   951.12     9.42    67.93     1.74    66.56    20.76  9999.00  9999.00  9999.00  9999.00
 00020  1030.08    12.39    55.60     4.75   324.09    18.33  9999.00  9999.00  9999.00  9999.00
 00021   896.44    -6.04    71.95     2.25   238.60    26.77  9999.00  9999.00  9999.00  9999.00
 00022  1028.79     8.96    28.76     4.73   223.12    22.39  9999.00  9999.00  9999.00  9999.00
 00023   922.33    -2.90    46.13     0.87   189.87    36.45  9999.00  9999.00  9999.00  9999.00
 00024   951.24    -9.25    94.41     6.98   122.76     1.30  9999.00  9999.00  9999.00  9999.00
 00025   803.07     7.45    87.79     1.91   129.01    19.23  9999.00  9999.00  9999.00  9999.00
 00026  1026.76    14.21    49.46     4.82    46.88    18.38  9999.00  9999.00  9999.00  9999.00
 00027  1022.90    14.87    65.00     1.06   326.56    17.85  9999.00  9999.00  9999.00  9999.00
 00028   990.22    14.06    59.40     3.65    21.69    16.77  9999.00  9999.00  9999.00  9999.00
 00029  1019.48    20.40    49.95     4.63    25.69    20.24  9999.00  9999.00  9999.00  9999.00
 00030  1009.88    19.61    57.84     3.76    18.21    22.14  9999.00  9999.00  9999.00  9999.00
 00031   575.27    -2.54    18.10     1.48   258.45    30.80  9999.00  9999.00  9999.00  9999.00
 00032   990.53    15.42    57.23     3.14    45.38    17.18  9999.00  9999.00  9999.00  9999.00
 00033  1021.20    20.25    72.96     9.01    63.25    21.57  9999.00  9999.00  9999.00  9999.00
 00034  1020.22    26.98    58.63    10.53    43.60    22.68  9999.00  9999.00  9999.00  9999.00
 00035  1020.03    25.06    55.84     7.05    44.83    21.42  9999.00  9999.00  9999.00  9999.00
 00036   781.94     6.65    73.99     1.82   187.69    20.54  9999.00  9999.00  9999.00  9999.00
 00037   980.37    16.13    56.65     2.38    44.93    17.11  9999.00  9999.00  9999.00  9999.00
 00038  1007.17    20.37    52.02     3.09    46.45    19.25  9999.00  9999.00  9999.00  9999.00
 00039  1021.84    18.83    58.28    11.77    40.31    18.74  9999.00  9999.00  9999.00  9999.00
 00040  1018.29    21.75    51.36     8.89    46.96    19.85  9999.00  9999.00  9999.00  9999.00
 00041   985.97    10.23    43.75     2.66    32.12    17.46  9999.00  9999.00  9999.00  9999.00
 00042  1030.01    10.48    46.27     1.21    14.67    18.33  9999.00  9999.00  9999.00  9999.00
 00043  1019.51    14.38    59.94     4.02    42.34    18.73  9999.00  9999.00  9999.00  9999.00
 00044  1000.19    12.34    45.90     4.09    54.83    17.79  9999.00  9999.00  9999.00  9999.00
 00045  1018.29    21.75    51.36     8.89    46.96    19.85  9999.00  9999.00  9999.00  9999.00
 00046   953.36    15.54    59.17     3.70    40.48    18.34  9999.00  9999.00  9999.00  9999.00
 00047  1016.96    14.45    48.83     6.01   350.56    17.88  9999.00  9999.00  9999.00  9999.00
 00048   607.21    -2.17    34.25     0.78   101.98    33.76  9999.00  9999.00  9999.00  9999.00
 00049   578.28    -6.73    33.39     0.69    33.50    28.10  9999.00  9999.00  9999.00  9999.00
 00050  1014.14    19.17    43.51     7.16    40.75    18.30  9999.00  9999.00  9999.00  9999.00
