stn_id       p       t2      rh2      spd      dir      vis    rain6   rain24   tmax24   tmin24 
 00001   988.70    17.10    70.84     2.00   140.00     8.00     0.00  9999.00  9999.00  9999.00
 00002  1004.60    23.70    34.67     4.00   160.00     6.00     0.00  9999.00  9999.00  9999.00
 00003   926.20    21.90     8.87     2.00   340.00    30.00     0.00  9999.00  9999.00  9999.00
 00004   859.60    18.30    11.61     1.00   320.00    30.00     0.00  9999.00  9999.00  9999.00
 00005   886.20    17.80     6.73     5.00   200.00    30.00     0.00  9999.00  9999.00  9999.00
 00006   886.00    17.10     7.65     4.00   340.00    30.00     0.00  9999.00  9999.00  9999.00
 00007  1008.90    17.20    38.73     5.00   180.00    14.00     0.00  9999.00  9999.00  9999.00
 00008   983.60    16.40    31.90     6.00   250.00     6.00     0.00  9999.00  9999.00  9999.00
 00009   952.20     2.50    21.48     8.00   320.00    30.00     0.00  9999.00  9999.00  9999.00
 00010   982.50    17.80    16.83     5.00    40.00    20.00     0.00  9999.00  9999.00  9999.00
 00011   992.80    19.40    18.87     8.00   250.00     9.00     0.10  9999.00  9999.00  9999.00
 00012  1010.60    24.00    18.87     2.00   200.00     4.70     0.00  9999.00  9999.00  9999.00
 00013  1014.70    17.00    43.92     6.00   140.00    23.00     0.00  9999.00  9999.00  9999.00
 00014  1014.00    15.00    64.07     3.00   110.00    15.00     0.00  9999.00  9999.00  9999.00
 00015   997.20    23.70    17.85     4.00   250.00    13.00     0.00  9999.00  9999.00  9999.00
 00016   966.00    20.20    32.74     1.00   160.00    17.00     0.00  9999.00  9999.00  9999.00
 00017  1003.20    23.10    21.76     2.00    70.00    18.00     0.00  9999.00  9999.00  9999.00
 00018  1015.40    19.10    42.70     3.00   140.00    21.00     0.00  9999.00  9999.00  9999.00
 00019   948.70    20.60    40.79     2.00   160.00    21.00     0.00  9999.00  9999.00  9999.00
 00020  1019.90    16.90    48.74     2.00    70.00    19.00     0.00  9999.00  9999.00  9999.00
 00021   905.30    12.80    36.89     3.00   360.00    29.00     0.00  9999.00  9999.00  9999.00
 00022  1015.20    24.00    28.82     2.00   220.00     8.00     0.00  9999.00  9999.00  9999.00
 00023   927.80    15.10    29.92    10.00    70.00    30.00     0.00  9999.00  9999.00  9999.00
 00024   960.10    11.70    42.72     1.00    70.00    30.00     0.00  9999.00  9999.00  9999.00
 00025   809.10    19.90    38.63     4.00   200.00    28.00     0.00  9999.00  9999.00  9999.00
 00026  1011.60    13.50    93.02     1.00    70.00     4.20     1.00  9999.00  9999.00  9999.00
 00027  1004.00    11.90    91.09     2.00   290.00     6.00     0.20  9999.00  9999.00  9999.00
 00028   984.10    14.30    74.73     1.00    70.00    12.00     0.00  9999.00  9999.00  9999.00
 00029  1006.70    18.00    88.59     2.00   340.00    15.00     0.30  9999.00  9999.00  9999.00
 00030   997.80    14.60    93.69     2.00   290.00     7.00     0.20  9999.00  9999.00  9999.00
 00031   623.00     8.40     8.02     5.00   270.00    30.00     0.00  9999.00  9999.00  9999.00
 00032  1007.50    12.90    98.04     1.00   270.00     2.00     6.00  9999.00  9999.00  9999.00
 00033  1004.20    27.60    73.55     3.00   110.00    24.00     0.10  9999.00  9999.00  9999.00
 00034  1010.90    29.10    68.58     4.00    90.00    18.00     0.00  9999.00  9999.00  9999.00
 00035  1009.60    26.30    79.95     2.00   160.00    24.00     0.00  9999.00  9999.00  9999.00
 00036   835.60    21.80    28.79     3.00   180.00    30.00     0.00  9999.00  9999.00  9999.00
 00037  1010.60    13.00    94.24     1.00   320.00     3.00     6.00  9999.00  9999.00  9999.00
 00038  1008.90    17.40    89.11     1.00   180.00     6.00     4.00  9999.00  9999.00  9999.00
 00039  1013.70    14.20    91.24     4.00    40.00     8.00     6.00  9999.00  9999.00  9999.00
 00040  1009.30    16.50    93.77     4.00    70.00     7.00    10.00  9999.00  9999.00  9999.00
 00041   815.50     7.00    56.99     2.00   110.00    24.00     0.00  9999.00  9999.00  9999.00
 00042  1013.20    17.60    43.78     5.00   110.00    15.00     0.00  9999.00  9999.00  9999.00
 00043  1009.40    12.50   100.00     2.00   360.00     2.50     2.00  9999.00  9999.00  9999.00
 00044  1004.00    11.20    75.75     1.00    70.00    17.00     2.00  9999.00  9999.00  9999.00
 00045  1009.30    16.50    93.77     4.00    70.00     7.00    10.00  9999.00  9999.00  9999.00
 00046   968.40    15.00    93.09     1.00    20.00    12.00     6.00  9999.00  9999.00  9999.00
 00047  1014.20    11.10    94.15     2.00   290.00     3.80    14.00  9999.00  9999.00  9999.00
 00048   651.80     7.50    29.72     2.00   290.00    30.00     0.00  9999.00  9999.00  9999.00
 00049   599.00     0.10    64.83     7.00   220.00    30.00     0.00  9999.00  9999.00  9999.00
 00050  1008.80    13.80    88.83     5.00    20.00    14.00     5.00  9999.00  9999.00  9999.00
