stn_id       p       t2      rh2      spd      dir      vis    rain6   rain24   tmax24   tmin24 
 00001   986.99    15.90  9999.00     1.00   180.00     4.30  9999.00  9999.00  9999.00  9999.00
 00002  1004.10    23.10  9999.00     4.00   140.00     9.00  9999.00  9999.00  9999.00  9999.00
 00003   923.06    22.40  9999.00     3.00   290.00    30.00  9999.00  9999.00  9999.00  9999.00
 00004   858.45    15.40  9999.00     3.00   180.00    30.00  9999.00  9999.00  9999.00  9999.00
 00005   893.54    18.00  9999.00     5.00   220.00    30.00  9999.00  9999.00  9999.00  9999.00
 00006   885.04    17.00  9999.00     3.00   340.00    30.00  9999.00  9999.00  9999.00  9999.00
 00007  1008.32    16.90  9999.00     4.00   200.00    13.00  9999.00  9999.00  9999.00  9999.00
 00008   983.37    15.60  9999.00     8.00   250.00     6.00  9999.00  9999.00  9999.00  9999.00
 00009   956.03     2.00  9999.00     7.00   320.00    30.00  9999.00  9999.00  9999.00  9999.00
 00010   982.69    14.40  9999.00     4.00   110.00    18.00  9999.00  9999.00  9999.00  9999.00
 00011   989.04    17.40  9999.00     6.00   220.00    13.00  9999.00  9999.00  9999.00  9999.00
 00012  1008.94    24.40  9999.00     3.00   220.00     7.00  9999.00  9999.00  9999.00  9999.00
 00013  1017.26    16.10  9999.00     5.00   110.00    21.00  9999.00  9999.00  9999.00  9999.00
 00014  1013.92    13.40  9999.00     2.00   160.00    13.00  9999.00  9999.00  9999.00  9999.00
 00015   995.92    22.60  9999.00     3.00   270.00    11.00  9999.00  9999.00  9999.00  9999.00
 00016   962.99    22.00  9999.00     3.00    40.00    21.00  9999.00  9999.00  9999.00  9999.00
 00017  1001.92    22.10  9999.00     4.00   110.00    13.00  9999.00  9999.00  9999.00  9999.00
 00018  1013.55    17.90  9999.00     3.00    90.00    24.00  9999.00  9999.00  9999.00  9999.00
 00019   945.96    20.80  9999.00     2.00    90.00    30.00  9999.00  9999.00  9999.00  9999.00
 00020  1018.71    15.40  9999.00     2.00   110.00    22.00  9999.00  9999.00  9999.00  9999.00
 00021   904.07    13.80  9999.00     1.00   340.00    21.00  9999.00  9999.00  9999.00  9999.00
 00022  1013.70    23.80  9999.00     4.00   200.00     9.00  9999.00  9999.00  9999.00  9999.00
 00023   928.52    16.50  9999.00     9.00    70.00    30.00  9999.00  9999.00  9999.00  9999.00
 00024   958.37    13.90  9999.00     2.00    90.00    30.00  9999.00  9999.00  9999.00  9999.00
 00025   806.80    21.00    35.82     6.00   200.00    29.00  9999.00  9999.00  9999.00  9999.00
 00026  1011.69    12.80  9999.00     1.00    70.00     6.00  9999.00  9999.00  9999.00  9999.00
 00027  1009.73    12.00  9999.00     2.00   340.00     9.00  9999.00  9999.00  9999.00  9999.00
 00028   985.75    15.10  9999.00     3.00    40.00    24.00  9999.00  9999.00  9999.00  9999.00
 00029  1009.36    17.00  9999.00     2.00   320.00     7.00  9999.00  9999.00  9999.00  9999.00
 00030   999.14    15.20  9999.00     3.00    20.00    25.00  9999.00  9999.00  9999.00  9999.00
 00031   620.00    11.20     4.65     4.00   290.00    24.00  9999.00  9999.00  9999.00  9999.00
 00032  1007.10    13.30  9999.00     2.00   270.00     1.40  9999.00  9999.00  9999.00  9999.00
 00033  1008.50    24.80  9999.00     2.00    40.00     8.00  9999.00  9999.00  9999.00  9999.00
 00034  1010.40    27.90  9999.00     2.00    70.00    19.00  9999.00  9999.00  9999.00  9999.00
 00035  1007.99    26.60  9999.00     2.00   140.00    23.00  9999.00  9999.00  9999.00  9999.00
 00036   832.10    25.20    22.73     1.00   110.00    30.00  9999.00  9999.00  9999.00  9999.00
 00037  1011.49    13.70  9999.00     1.00   250.00     4.90  9999.00  9999.00  9999.00  9999.00
 00038  1011.82    17.30  9999.00     1.00   200.00     6.00  9999.00  9999.00  9999.00  9999.00
 00039  1013.03    14.60  9999.00     5.00    40.00    12.00  9999.00  9999.00  9999.00  9999.00
 00040  1008.82    15.70  9999.00     5.00    40.00     8.00  9999.00  9999.00  9999.00  9999.00
 00041   815.10     6.30   100.00     1.00   180.00     2.80  9999.00  9999.00  9999.00  9999.00
 00042  1015.37    15.70  9999.00     5.00    90.00    23.00  9999.00  9999.00  9999.00  9999.00
 00043  1013.29    12.30  9999.00     1.00    20.00     2.10  9999.00  9999.00  9999.00  9999.00
 00044  1008.55     9.70  9999.00     2.00    20.00     6.00  9999.00  9999.00  9999.00  9999.00
 00045  1008.82    15.70  9999.00     5.00    40.00     8.00  9999.00  9999.00  9999.00  9999.00
 00046   972.82    14.20  9999.00     1.00    90.00     4.10  9999.00  9999.00  9999.00  9999.00
 00047  1013.63    11.80  9999.00     0.00     0.00     2.60  9999.00  9999.00  9999.00  9999.00
 00048   650.70     6.10    44.95     6.00   320.00    17.00  9999.00  9999.00  9999.00  9999.00
 00049   597.90    -1.50    78.69     5.00   220.00    10.00  9999.00  9999.00  9999.00  9999.00
 00050  1013.23    14.30  9999.00     6.00    40.00    13.00  9999.00  9999.00  9999.00  9999.00
