stn_id       p       t2      rh2      spd      dir      vis    rain6   rain24   tmax24   tmin24 
 00001   983.30    30.50    64.76     2.00   270.00    21.00     0.00  9999.00  9999.00  9999.00
 00002  1001.20    29.50    53.59     3.00   160.00    28.00     0.00  9999.00  9999.00  9999.00
 00003   925.20    26.60    47.69     2.00   140.00    30.00     0.10  9999.00  9999.00  9999.00
 00004   860.60    23.20    36.69     2.00    20.00    30.00     0.00  9999.00  9999.00  9999.00
 00005   885.10    25.70    24.73     2.00   140.00    30.00     0.00  9999.00  9999.00  9999.00
 00006   885.20    21.40    33.76     4.00    40.00    30.00     0.30  9999.00  9999.00  9999.00
 00007  1004.70    24.90    48.86     1.00   320.00    30.00     0.00  9999.00  9999.00  9999.00
 00008   982.20    21.30    60.87     4.00   250.00    12.00     0.00  9999.00  9999.00  9999.00
 00009   962.70    24.50    32.79     4.00    20.00    30.00     0.00  9999.00  9999.00  9999.00
 00010   978.40    24.40    59.61     4.00   320.00    30.00     0.00  9999.00  9999.00  9999.00
 00011   991.80    19.90    80.65     4.00   220.00    30.00     0.00  9999.00  9999.00  9999.00
 00012  1006.50    30.20    45.63     3.00   180.00    22.00     0.00  9999.00  9999.00  9999.00
 00013  1008.30    23.00    87.87     2.00   160.00    13.00     0.10  9999.00  9999.00  9999.00
 00014  1006.80    21.30    91.67     3.00    20.00    16.00     2.00  9999.00  9999.00  9999.00
 00015   992.80    28.30    44.56     2.00   340.00    24.00     0.00  9999.00  9999.00  9999.00
 00016   963.60    29.50    55.63     3.00   360.00    23.00     0.00  9999.00  9999.00  9999.00
 00017   998.80    30.80    47.55     2.00   110.00    17.00     0.00  9999.00  9999.00  9999.00
 00018  1009.50    25.90    74.66     3.00   160.00    17.00     0.00  9999.00  9999.00  9999.00
 00019   946.70    28.50    59.73     2.00   180.00    30.00     0.00  9999.00  9999.00  9999.00
 00020  1011.10    21.10    95.15     2.00    40.00    13.00     3.00  9999.00  9999.00  9999.00
 00021   904.00    25.40    38.84     2.00   360.00    30.00     0.00  9999.00  9999.00  9999.00
 00022  1011.00    30.30    42.56     3.00   270.00    30.00     0.00  9999.00  9999.00  9999.00
 00023   925.40    26.70    25.71     2.00   360.00    30.00     0.00  9999.00  9999.00  9999.00
 00024   954.90    26.10    48.83     3.00   110.00    30.00     0.00  9999.00  9999.00  9999.00
 00025   813.00    19.40    71.69     3.00   340.00    18.00     0.00  9999.00  9999.00  9999.00
 00026  1004.50    26.20    70.65     2.00    20.00    24.00     0.00  9999.00  9999.00  9999.00
 00027   996.60    27.50    65.80     4.00   360.00    16.00     0.00  9999.00  9999.00  9999.00
 00028   978.40    28.50    49.75     5.00    20.00    19.00     0.00  9999.00  9999.00  9999.00
 00029   997.10    30.10    63.51     5.00   360.00    30.00     0.00  9999.00  9999.00  9999.00
 00030   990.10    26.90    65.68     5.00    70.00    25.00     0.00  9999.00  9999.00  9999.00
 00031   639.70    19.60    36.63     2.00   360.00    30.00     0.00  9999.00  9999.00  9999.00
 00032   994.50    31.00    66.85     4.00   360.00    30.00     0.00  9999.00  9999.00  9999.00
 00033   997.40    28.60    77.84     3.00    40.00    29.00     0.00  9999.00  9999.00  9999.00
 00034  1002.40    30.20    77.59     4.00   250.00    19.00     0.00  9999.00  9999.00  9999.00
 00035  1001.80    26.50    95.90     1.00    20.00     4.90    10.00  9999.00  9999.00  9999.00
 00036   842.00    21.50    62.90     1.00    90.00    30.00     0.30  9999.00  9999.00  9999.00
 00037   997.60    31.00    67.67     4.00    90.00    30.00     0.00  9999.00  9999.00  9999.00
 00038   995.30    33.00    62.54     3.00   360.00    30.00     0.00  9999.00  9999.00  9999.00
 00039   999.10    32.10    63.51     5.00    40.00    19.00     0.00  9999.00  9999.00  9999.00
 00040   995.20    31.90    68.65     3.00    40.00    23.00     0.00  9999.00  9999.00  9999.00
 00041   816.10    13.10    96.12     5.00    70.00     0.10     3.00  9999.00  9999.00  9999.00
 00042  1008.20    20.80    93.96     2.00   160.00  9999.00    10.00  9999.00  9999.00  9999.00
 00043  1001.80    24.80    91.86     3.00    20.00    26.00     0.10  9999.00  9999.00  9999.00
 00044   995.30    24.00    92.95     1.00    70.00    21.00     0.20  9999.00  9999.00  9999.00
 00045   995.20    31.90    68.65     3.00    40.00    23.00     0.00  9999.00  9999.00  9999.00
 00046   959.80    28.10    75.89     4.00   360.00    30.00     0.00  9999.00  9999.00  9999.00
 00047  1002.40    29.90    75.70     3.00    40.00    19.00     0.60  9999.00  9999.00  9999.00
 00048   655.50    22.10    34.58     2.00    70.00    30.00     0.00  9999.00  9999.00  9999.00
 00049   604.80    13.70    58.60     7.00   220.00    30.00     0.00  9999.00  9999.00  9999.00
 00050   994.60    31.80    64.61    11.00    40.00    30.00     0.00  9999.00  9999.00  9999.00
