stn_id       p       t2      rh2      spd      dir      vis    rain6   rain24   tmax24   tmin24 
 00001   961.35    28.34    77.63     1.03    23.77    19.73  9999.00  9999.00  9999.00  9999.00
 00002   986.51    31.39    60.74     1.51   126.26    27.29  9999.00  9999.00  9999.00  9999.00
 00003   896.51    31.70    35.45     3.97   171.60    25.88  9999.00  9999.00  9999.00  9999.00
 00004   831.82    24.51    57.69     2.07   203.86    24.62  9999.00  9999.00  9999.00  9999.00
 00005   864.69    23.42    74.62     3.30   136.92    25.74  9999.00  9999.00  9999.00  9999.00
 00006   873.99    23.63    65.03     5.45   232.73    26.15  9999.00  9999.00  9999.00  9999.00
 00007  1000.11    28.49    69.82     4.98   182.11    25.22  9999.00  9999.00  9999.00  9999.00
 00008   984.29    28.11    68.89     4.31   214.98    26.11  9999.00  9999.00  9999.00  9999.00
 00009   938.76    25.31    58.55     1.11   137.32    35.71  9999.00  9999.00  9999.00  9999.00
 00010   965.17    26.68    75.55     1.32   226.52    26.44  9999.00  9999.00  9999.00  9999.00
 00011   990.75    28.79    62.29     3.78   198.93    27.49  9999.00  9999.00  9999.00  9999.00
 00012  1002.15    30.93    71.88     3.30   131.47    16.12  9999.00  9999.00  9999.00  9999.00
 00013  1003.51    31.00    69.09     4.32   130.82    27.36  9999.00  9999.00  9999.00  9999.00
 00014  1000.72    30.63    69.96     3.02   121.47    28.23  9999.00  9999.00  9999.00  9999.00
 00015   987.53    32.21    57.25     2.82   174.48    23.54  9999.00  9999.00  9999.00  9999.00
 00016   944.24    32.23    52.19     2.06    86.96    26.27  9999.00  9999.00  9999.00  9999.00
 00017   987.76    29.90    73.69     2.96   107.36    25.90  9999.00  9999.00  9999.00  9999.00
 00018  1001.31    30.58    75.78     2.04   118.81    27.29  9999.00  9999.00  9999.00  9999.00
 00019   927.19    27.13    78.38     0.32    76.01    27.85  9999.00  9999.00  9999.00  9999.00
 00020  1008.75    25.89    89.26     4.82   133.64    20.81  9999.00  9999.00  9999.00  9999.00
 00021   882.16    36.28    10.48     3.75   218.21    25.73  9999.00  9999.00  9999.00  9999.00
 00022  1005.07    31.09    67.31     4.50   122.63    23.88  9999.00  9999.00  9999.00  9999.00
 00023   908.12    36.14    10.12     4.20   292.25    21.32  9999.00  9999.00  9999.00  9999.00
 00024   931.97    34.25    17.46     6.10   301.57    23.40  9999.00  9999.00  9999.00  9999.00
 00025   790.63    23.09    67.46     3.81   240.41    24.47  9999.00  9999.00  9999.00  9999.00
 00026   999.30    32.41    65.78     2.32    63.27    25.55  9999.00  9999.00  9999.00  9999.00
 00027   994.90    30.25    78.04     1.99    92.50    25.80  9999.00  9999.00  9999.00  9999.00
 00028   963.84    32.05    56.98     1.26   236.55    26.99  9999.00  9999.00  9999.00  9999.00
 00029   995.49    31.27    72.03     1.66   283.87    29.83  9999.00  9999.00  9999.00  9999.00
 00030   985.45    32.31    60.64     1.80   149.78    31.58  9999.00  9999.00  9999.00  9999.00
 00031   573.99    10.85    69.25     3.00   202.06    13.58  9999.00  9999.00  9999.00  9999.00
 00032   970.50    25.14    84.23     6.60    59.84    12.25  9999.00  9999.00  9999.00  9999.00
 00033   999.92    24.12    97.33     2.32   211.89     0.36  9999.00  9999.00  9999.00  9999.00
 00034  1002.92    27.98    85.22     4.00   330.11    34.99  9999.00  9999.00  9999.00  9999.00
 00035   999.07    29.76    75.50     2.30   175.11    21.31  9999.00  9999.00  9999.00  9999.00
 00036   772.43    19.90    81.86     0.97    14.66    19.95  9999.00  9999.00  9999.00  9999.00
 00037   961.06    26.23    78.86     5.59    68.39    18.04  9999.00  9999.00  9999.00  9999.00
 00038   984.47    30.76    64.67     3.71    48.59    28.30  9999.00  9999.00  9999.00  9999.00
 00039   998.01    27.06    82.11    14.04    33.22     8.55  9999.00  9999.00  9999.00  9999.00
 00040   994.88    30.53    65.57     8.32    45.97    28.80  9999.00  9999.00  9999.00  9999.00
 00041   963.46    29.03    68.76     3.13   119.75    27.65  9999.00  9999.00  9999.00  9999.00
 00042  1003.00    31.44    68.11     3.44   133.76    27.83  9999.00  9999.00  9999.00  9999.00
 00043   992.86    32.35    62.86     2.84    82.32    29.54  9999.00  9999.00  9999.00  9999.00
 00044   975.60    31.78    61.27     2.51    66.56    27.65  9999.00  9999.00  9999.00  9999.00
 00045   994.88    30.53    65.57     8.32    45.97    28.80  9999.00  9999.00  9999.00  9999.00
 00046   934.17    28.43    66.63     2.86    64.83    28.04  9999.00  9999.00  9999.00  9999.00
 00047   996.73    24.36    94.72     4.31    81.86     4.45  9999.00  9999.00  9999.00  9999.00
 00048   603.87    14.00    66.34     2.03   313.80    19.51  9999.00  9999.00  9999.00  9999.00
 00049   578.58     8.69    92.16     2.29   195.84     6.66  9999.00  9999.00  9999.00  9999.00
 00050   991.28    28.29    74.67    10.43    37.45     4.10  9999.00  9999.00  9999.00  9999.00
