stn_id       p       t2      rh2      spd      dir      vis    rain6   rain24   tmax24   tmin24 
 00001   993.73     6.90    79.97     1.00   320.00     3.80  9999.00  9999.00  9999.00  9999.00
 00002  1017.70    -0.90    44.12     2.00   340.00     8.00  9999.00  9999.00  9999.00  9999.00
 00003   938.92    -5.60    46.13     0.00     0.00     8.00  9999.00  9999.00  9999.00  9999.00
 00004   872.94    -8.50    25.53     2.00   320.00    30.00  9999.00  9999.00  9999.00  9999.00
 00005  9999.00  9999.00  9999.00  9999.00  9999.00  9999.00  9999.00  9999.00  9999.00  9999.00
 00006   906.23   -21.80    72.82     4.00    20.00  9999.00  9999.00  9999.00  9999.00  9999.00
 00007  1028.33   -17.30    59.42     4.00   360.00    18.00  9999.00  9999.00  9999.00  9999.00
 00008  1008.00   -23.20    72.56     4.00   360.00     7.00  9999.00  9999.00  9999.00  9999.00
 00009   991.52   -40.40    61.23     0.00     0.00     1.20  9999.00  9999.00  9999.00  9999.00
 00010   996.83   -10.00    88.39     1.00   320.00     1.70  9999.00  9999.00  9999.00  9999.00
 00011  1019.62   -29.60    51.45     2.00   320.00    18.00  9999.00  9999.00  9999.00  9999.00
 00012  1023.60    -1.90    79.85     5.00   110.00     1.90  9999.00  9999.00  9999.00  9999.00
 00013  1024.75     4.50    93.19     3.00   360.00     2.90  9999.00  9999.00  9999.00  9999.00
 00014  1018.50     6.70    90.74     2.00   340.00     4.30  9999.00  9999.00  9999.00  9999.00
 00015  1005.66     0.40    70.06     1.00   110.00     2.50  9999.00  9999.00  9999.00  9999.00
 00016   977.00    -0.60    65.70     1.00   160.00     4.40  9999.00  9999.00  9999.00  9999.00
 00017  1012.31    -1.30    66.04     1.00   200.00     4.60  9999.00  9999.00  9999.00  9999.00
 00018  1022.43     4.60    83.15     4.00    70.00    15.00  9999.00  9999.00  9999.00  9999.00
 00019   955.03     7.30    58.78     1.00    20.00     7.00  9999.00  9999.00  9999.00  9999.00
 00020  1021.71     7.20    92.68     1.00   340.00     4.00  9999.00  9999.00  9999.00  9999.00
 00021   944.35   -17.20    72.27     2.00   200.00     8.00  9999.00  9999.00  9999.00  9999.00
 00022  1027.49    -1.20    81.17     4.00    90.00     2.60  9999.00  9999.00  9999.00  9999.00
 00023   966.59   -25.30    41.19     3.00   200.00    30.00  9999.00  9999.00  9999.00  9999.00
 00024  1001.45   -28.20    72.33     0.00     0.00    30.00  9999.00  9999.00  9999.00  9999.00
 00025  9999.00  9999.00  9999.00  9999.00  9999.00  9999.00  9999.00  9999.00  9999.00  9999.00
 00026  1017.16     7.20    84.06     1.00    20.00     7.00  9999.00  9999.00  9999.00  9999.00
 00027  1016.58     4.80    86.20     4.00   340.00     4.30  9999.00  9999.00  9999.00  9999.00
 00028   993.07     5.40    93.23     2.00    70.00  9999.00  9999.00  9999.00  9999.00  9999.00
 00029  1010.66    15.50    93.73     2.00   340.00     4.50  9999.00  9999.00  9999.00  9999.00
 00030  1001.61    12.10    94.83     1.00    40.00     6.00  9999.00  9999.00  9999.00  9999.00
 00031   621.50     4.20     2.81     4.00   270.00    30.00  9999.00  9999.00  9999.00  9999.00
 00032  1008.09    13.50    87.05     1.00   290.00     7.00  9999.00  9999.00  9999.00  9999.00
 00033  1013.50    19.80    92.74     1.00    90.00     4.40  9999.00  9999.00  9999.00  9999.00
 00034  1013.10    24.50    87.99     2.00    70.00    12.00  9999.00  9999.00  9999.00  9999.00
 00035  1012.38    21.40    92.82     1.00    70.00     4.90  9999.00  9999.00  9999.00  9999.00
 00036   832.10    12.80    31.78     2.00   180.00    26.00  9999.00  9999.00  9999.00  9999.00
 00037  1012.18    14.00    87.10     2.00   110.00     9.00  9999.00  9999.00  9999.00  9999.00
 00038  1013.21    14.50    96.80     1.00    90.00     1.30  9999.00  9999.00  9999.00  9999.00
 00039  1014.63    13.70    93.03     3.00    40.00  9999.00  9999.00  9999.00  9999.00  9999.00
 00040  1010.11    14.70    98.07     2.00    20.00     0.20  9999.00  9999.00  9999.00  9999.00
 00041   815.80     0.30   100.00     4.00   290.00     0.00  9999.00  9999.00  9999.00  9999.00
 00042  1022.46     5.30    91.28     2.00    40.00     3.70  9999.00  9999.00  9999.00  9999.00
 00043  1019.57     6.70   100.00     2.00    90.00    16.00  9999.00  9999.00  9999.00  9999.00
 00044  1012.72     7.80    97.29     2.00   220.00     2.00  9999.00  9999.00  9999.00  9999.00
 00045  1010.11    14.70    98.07     2.00    20.00     0.20  9999.00  9999.00  9999.00  9999.00
 00046   974.37    13.10    93.00     1.00    40.00  9999.00  9999.00  9999.00  9999.00  9999.00
 00047  1015.02    11.00    89.20     0.00     0.00     3.90  9999.00  9999.00  9999.00  9999.00
 00048   646.20    10.70     1.37     3.00   200.00    23.00  9999.00  9999.00  9999.00  9999.00
 00049   598.00    -9.00    59.48     1.00   250.00    30.00  9999.00  9999.00  9999.00  9999.00
 00050  1014.73    12.70    94.22     4.00    40.00  9999.00  9999.00  9999.00  9999.00  9999.00
