stn_id       p       t2      rh2      spd      dir      vis    rain6   rain24   tmax24   tmin24 
 00001   990.11    10.60    48.74     2.00   160.00     9.00  9999.00  9999.00  9999.00  9999.00
 00002  1013.73     3.80    24.65     2.00   110.00    12.00  9999.00  9999.00  9999.00  9999.00
 00003   934.19     2.80    21.41     0.00     0.00    19.00  9999.00  9999.00  9999.00  9999.00
 00004   870.32    -3.70    24.79     5.00   290.00    29.00  9999.00  9999.00  9999.00  9999.00
 00005  9999.00  9999.00  9999.00  9999.00  9999.00  9999.00  9999.00  9999.00  9999.00  9999.00
 00006   896.57   -11.00    59.27     7.00   290.00    23.00  9999.00  9999.00  9999.00  9999.00
 00007  1024.65   -13.40    71.61     5.00   340.00     4.00  9999.00  9999.00  9999.00  9999.00
 00008  1004.78   -19.00    71.22     4.00    20.00  9999.00  9999.00  9999.00  9999.00  9999.00
 00009   991.61   -33.50    55.07     2.00   250.00    22.00  9999.00  9999.00  9999.00  9999.00
 00010   996.35    -8.90    97.67     1.00    40.00     2.00  9999.00  9999.00  9999.00  9999.00
 00011  1018.33   -25.60    59.73     5.00   340.00    17.00  9999.00  9999.00  9999.00  9999.00
 00012  1020.31     3.00    20.54     1.00   200.00    15.00  9999.00  9999.00  9999.00  9999.00
 00013  1022.05     5.20    85.03     3.00   360.00     7.00  9999.00  9999.00  9999.00  9999.00
 00014  1015.51     7.70    92.07     4.00   360.00  9999.00  9999.00  9999.00  9999.00  9999.00
 00015  1003.69     4.70    50.76     2.00    20.00     3.60  9999.00  9999.00  9999.00  9999.00
 00016   972.30     7.60    24.35     3.00    70.00     8.00  9999.00  9999.00  9999.00  9999.00
 00017  1009.73     7.50    29.76     1.00    70.00     8.00  9999.00  9999.00  9999.00  9999.00
 00018  1019.04     7.60    77.85     2.00    20.00    12.00  9999.00  9999.00  9999.00  9999.00
 00019   950.59    10.40    43.93     1.00    90.00    10.00  9999.00  9999.00  9999.00  9999.00
 00020  1019.41     7.60    92.71     1.00    20.00     9.00  9999.00  9999.00  9999.00  9999.00
 00021   939.33   -12.00    50.20     3.00    70.00    21.00  9999.00  9999.00  9999.00  9999.00
 00022  1023.79     2.50    25.36     2.00   160.00    10.00  9999.00  9999.00  9999.00  9999.00
 00023   966.03   -16.10    41.81     5.00   160.00    30.00  9999.00  9999.00  9999.00  9999.00
 00024   997.34   -20.50    61.64     1.00    20.00    30.00  9999.00  9999.00  9999.00  9999.00
 00025   806.70    19.80    21.84     4.00   200.00    30.00  9999.00  9999.00  9999.00  9999.00
 00026  1015.67     7.00    92.67     1.00    20.00     4.30  9999.00  9999.00  9999.00  9999.00
 00027  1014.40     5.20    86.24     2.00   320.00     4.10  9999.00  9999.00  9999.00  9999.00
 00028   991.11     5.60    93.24     1.00    90.00  9999.00  9999.00  9999.00  9999.00  9999.00
 00029  1008.96    24.10    55.46     2.00   220.00    30.00  9999.00  9999.00  9999.00  9999.00
 00030   998.95    16.20    83.94     4.00    70.00     4.60  9999.00  9999.00  9999.00  9999.00
 00031   618.90    10.60     1.36     6.00   270.00    30.00  9999.00  9999.00  9999.00  9999.00
 00032  1005.21    17.20    73.73     0.00   200.00    12.00  9999.00  9999.00  9999.00  9999.00
 00033  1011.70    20.40    87.66     3.00    70.00     7.00  9999.00  9999.00  9999.00  9999.00
 00034  1010.90    26.70    74.78     3.00    40.00    13.00  9999.00  9999.00  9999.00  9999.00
 00035  1010.88    22.70    84.63     1.00    90.00    11.00  9999.00  9999.00  9999.00  9999.00
 00036   829.90    18.70    21.88     0.00     0.00    24.00  9999.00  9999.00  9999.00  9999.00
 00037  1009.40    18.00    68.70     0.00    20.00    24.00  9999.00  9999.00  9999.00  9999.00
 00038  1012.11    17.10    85.14     1.00    20.00    10.00  9999.00  9999.00  9999.00  9999.00
 00039  1013.03    14.40    91.25     1.00   110.00     3.70  9999.00  9999.00  9999.00  9999.00
 00040  1008.62    17.10    85.14     1.00   340.00     4.10  9999.00  9999.00  9999.00  9999.00
 00041   813.80     0.80   100.00     5.00   250.00     0.00  9999.00  9999.00  9999.00  9999.00
 00042  1019.87     6.20    88.81     1.00   340.00     3.20  9999.00  9999.00  9999.00  9999.00
 00043  1017.78     7.10   100.00     2.00    70.00     3.10  9999.00  9999.00  9999.00  9999.00
 00044  1010.93     8.40    95.99     2.00   220.00     1.50  9999.00  9999.00  9999.00  9999.00
 00045  1008.62    17.10    85.14     1.00   340.00     4.10  9999.00  9999.00  9999.00  9999.00
 00046   971.66    19.00    70.72     3.00    20.00    19.00  9999.00  9999.00  9999.00  9999.00
 00047  1012.43    14.10    76.73     3.00   110.00    20.00  9999.00  9999.00  9999.00  9999.00
 00048   644.70    14.80     0.65    11.00   250.00    16.00  9999.00  9999.00  9999.00  9999.00
 00049   596.00     0.90    29.75     7.00   220.00    30.00  9999.00  9999.00  9999.00  9999.00
 00050  1013.03    14.20    93.67     1.00   160.00    11.00  9999.00  9999.00  9999.00  9999.00
