stn_id       p       t2      rh2      spd      dir      vis    rain6   rain24   tmax24   tmin24 
 00001   999.30     7.50    95.30     1.00    90.00  9999.00     4.00     7.10     9.30     7.40
 00002  1022.00     0.00    85.69     2.00   340.00  9999.00     0.00     0.00     6.10    -0.80
 00003   938.20    -6.80    59.59     1.00    20.00    26.00     0.00     0.00     2.50    -7.00
 00004   865.70   -12.70    74.47     1.00   290.00    15.00     0.00     0.00    -5.90   -15.10
 00005  9999.00  9999.00  9999.00  9999.00  9999.00  9999.00  9999.00     0.00    -0.90   -10.40
 00006   895.60   -12.80    49.02     2.00   180.00    24.00     0.00     0.00    -4.60   -14.00
 00007  1026.00    -7.10    38.11     3.00   320.00    30.00     0.00     0.00    -1.20   -11.70
 00008  1001.80   -11.10    53.91     3.00    20.00     8.00     0.00     0.00    -6.30   -16.40
 00009   981.10   -32.60    68.36     1.00   110.00    21.00     0.00     0.00    -7.50   -32.60
 00010   994.10    -9.80    42.44     5.00   290.00    17.00     0.00     0.00    -2.70   -10.60
 00011  1017.20   -14.00    57.41     3.00   340.00    17.00     0.00     0.00    -8.20   -16.50
 00012  1029.30    -1.40    33.97     2.00    20.00    30.00     0.00     0.00     5.80    -2.70
 00013  1027.30     1.10    55.01     2.00    40.00    30.00     0.00     0.50     4.40     1.10
 00014  1024.90     3.60    67.15     3.00   360.00    14.00     0.00     5.80     7.50     3.20
 00015  1011.80    -0.40    58.11     1.00   110.00    23.00     0.00     0.00     3.80    -1.60
 00016   979.50     2.30    84.69     1.00   200.00     7.00     0.00     6.00     4.10     2.30
 00017  1019.30    -1.80    94.94     0.00     0.00     3.70     0.00     0.00     5.80    -2.20
 00018  1029.20     2.60    59.79     3.00    40.00    24.00     0.00     0.90     4.30     2.60
 00019   958.80     1.90    97.87     1.00   320.00     2.80     0.00     0.00    10.20     1.90
 00020  1029.10     3.00    72.18     3.00   290.00    16.00     0.00     0.70     6.80     2.70
 00021   915.90   -10.90    84.23     2.00   110.00     1.50     0.00     0.00    -1.90   -10.90
 00022  1033.10    -0.70    31.39     2.00    40.00    30.00     0.00     0.00     5.60    -2.10
 00023   938.70   -12.50    59.46     2.00   200.00    30.00     0.00     0.00    -6.90   -16.90
 00024   973.30   -20.90    78.25     1.00   290.00    17.00     0.00     0.00    -7.10   -20.90
 00025   814.20     9.00    71.75     5.00    20.00     9.00     0.00     0.00    21.00     7.70
 00026  1024.10     4.50    70.89     2.00    20.00    11.00     0.00     1.00     7.40     4.30
 00027  1017.00     2.90    82.94     5.00   340.00     6.00     0.00     0.20     5.00     2.90
 00028   996.80     3.20    86.03     2.00    20.00     7.00     0.00     0.30     6.10     3.10
 00029  1014.20    12.20    78.55     3.00   360.00    30.00     0.00     2.00    25.70    12.20
 00030  1005.00    11.40    59.80     6.00    40.00    30.00     0.00     0.00    23.80    11.40
 00031   624.50    -7.30    13.65     2.00   160.00    30.00     0.00     0.00     8.40    -7.30
 00032  1013.90    10.00    86.72     2.00    90.00    16.00     1.00     4.20    25.40    10.00
 00033  1009.30    18.50    95.06     4.00    40.00     1.80     0.40     0.40    30.90    18.50
 00034  1013.80    25.30    86.99     3.00    90.00    14.00     0.00     0.00    28.90    24.70
 00035  1013.30    22.30    94.02     3.00   360.00    10.00     4.00     4.00    29.10    22.30
 00036   846.10     7.40    44.02     1.00   360.00    30.00     0.00     0.00    22.30     7.40
 00037  1016.80    10.50    91.00     2.00   140.00    10.00     1.00     3.00    25.40    10.10
 00038  1014.90    13.00    91.77     2.00   140.00     6.00     1.00     1.80    29.60    12.60
 00039  1020.20    10.90    82.77     7.00    40.00    23.00     0.20     0.80    18.90    10.80
 00040  1015.00    11.90    94.82    11.00    40.00     4.20     1.00     1.00    23.10    11.90
 00041   818.10    -3.30   100.00     2.00   340.00    20.00     0.00     2.40     0.00    -5.70
 00042  1025.30     3.50    72.81     2.00   360.00    15.00     0.00     1.20     5.10     3.10
 00043  1021.60     4.90    79.11     3.00    70.00    10.00     0.00     0.30     8.60     4.70
 00044  1013.90     5.20    95.88     1.00    20.00     4.90     1.00     9.00     8.90     5.10
 00045  1015.00    11.90    94.82    11.00    40.00     4.20     1.00     1.00    23.10    11.90
 00046   977.00     6.30    85.14     3.00   360.00    24.00     0.30     1.30    21.50     6.30
 00047  1021.50     7.80    73.08     0.00   270.00    18.00     0.30     3.10    13.90     7.50
 00048   653.40    -4.60    15.66     4.00    90.00    27.00     0.00     0.00     7.90    -4.60
 00049   599.30   -14.60    58.37     1.00   290.00    30.00     0.00     0.00     4.00   -14.60
 00050  1015.20    10.00    87.92     6.00    40.00    25.00     1.00     2.00    24.50     9.70
