stn_id       p       t2      rh2      spd      dir      vis    rain6   rain24   tmax24   tmin24 
 00001   981.03    15.80    81.71     1.00    40.00     6.00  9999.00  9999.00  9999.00  9999.00
 00002  1019.58     4.60    40.92     2.00   340.00    12.00  9999.00  9999.00  9999.00  9999.00
 00003   934.66     2.50    29.33     2.00    40.00    14.00  9999.00  9999.00  9999.00  9999.00
 00004   868.75    -8.20    45.16     1.00   220.00    13.00  9999.00  9999.00  9999.00  9999.00
 00005   906.08    -6.50    28.97     4.00   320.00    30.00  9999.00  9999.00  9999.00  9999.00
 00006   900.60   -10.50    29.99     0.00     0.00    30.00  9999.00  9999.00  9999.00  9999.00
 00007  1023.75    -0.40    27.49     2.00   320.00    30.00  9999.00  9999.00  9999.00  9999.00
 00008   996.76    -5.30    54.08     5.00   250.00    12.00  9999.00  9999.00  9999.00  9999.00
 00009   971.56   -21.60    72.86     3.00   250.00    30.00  9999.00  9999.00  9999.00  9999.00
 00010   992.74    -2.50    40.74     4.00   270.00    17.00  9999.00  9999.00  9999.00  9999.00
 00011  1004.03    -7.10   100.00     2.00   250.00     3.50  9999.00  9999.00  9999.00  9999.00
 00012  1027.68    -0.90    23.66     1.00    90.00    24.00  9999.00  9999.00  9999.00  9999.00
 00013  1027.05     7.00    52.96     3.00    90.00    14.00  9999.00  9999.00  9999.00  9999.00
 00014  1021.19    11.30    77.88     2.00    20.00     4.80  9999.00  9999.00  9999.00  9999.00
 00015  1009.59     5.90    21.08     2.00   110.00    21.00  9999.00  9999.00  9999.00  9999.00
 00016   973.26     6.50    92.00     2.00   360.00     3.60  9999.00  9999.00  9999.00  9999.00
 00017  1013.89    10.10    19.66     2.00    40.00    20.00  9999.00  9999.00  9999.00  9999.00
 00018  1023.13     7.60    47.89     5.00    70.00    20.00  9999.00  9999.00  9999.00  9999.00
 00019   943.12    14.70    68.04     4.00    40.00    16.00  9999.00  9999.00  9999.00  9999.00
 00020  1026.61     9.00    70.76     3.00    70.00    12.00  9999.00  9999.00  9999.00  9999.00
 00021   912.19     3.40    81.21     3.00   200.00     4.80  9999.00  9999.00  9999.00  9999.00
 00022  1031.29     3.20    21.60     2.00   110.00    20.00  9999.00  9999.00  9999.00  9999.00
 00023   935.51     5.50    73.70     3.00   200.00    30.00  9999.00  9999.00  9999.00  9999.00
 00024   965.72    -2.90    94.89     2.00   290.00     0.90  9999.00  9999.00  9999.00  9999.00
 00025   811.00    11.70    66.94     1.00   140.00     9.00  9999.00  9999.00  9999.00  9999.00
 00026  1014.37    14.20    67.95     2.00    40.00     7.00  9999.00  9999.00  9999.00  9999.00
 00027  1010.22    14.30    58.04     4.00   320.00    14.00  9999.00  9999.00  9999.00  9999.00
 00028   984.29    16.40    79.67     1.00    20.00     6.00  9999.00  9999.00  9999.00  9999.00
 00029  1012.95    15.90    95.59     2.00   360.00     3.40  9999.00  9999.00  9999.00  9999.00
 00030  1001.12    18.80    95.68     2.00    90.00     1.20  9999.00  9999.00  9999.00  9999.00
 00031   623.50    -1.30    30.17     3.00   160.00    30.00  9999.00  9999.00  9999.00  9999.00
 00032  1010.67    13.40    89.99     2.00   290.00     7.00  9999.00  9999.00  9999.00  9999.00
 00033  1014.40    20.60    88.79     3.00   110.00    16.00  9999.00  9999.00  9999.00  9999.00
 00034  1014.00    23.20    84.68     2.00    70.00     4.80  9999.00  9999.00  9999.00  9999.00
 00035  1013.77    18.90    95.08     0.00     0.00    14.00  9999.00  9999.00  9999.00  9999.00
 00036   836.60    16.70    36.93     3.00   200.00    30.00  9999.00  9999.00  9999.00  9999.00
 00037  1015.07    12.50    91.74     0.00     0.00     7.00  9999.00  9999.00  9999.00  9999.00
 00038  1015.70    14.20    85.97     2.00   290.00  9999.00  9999.00  9999.00  9999.00  9999.00
 00039  1016.23    15.00    87.19     3.00    20.00     4.50  9999.00  9999.00  9999.00  9999.00
 00040  1011.90    15.40    87.80     3.00   340.00  9999.00  9999.00  9999.00  9999.00  9999.00
 00041   820.30     6.50    54.80     5.00   110.00    14.00  9999.00  9999.00  9999.00  9999.00
 00042  1023.96     7.90    65.68     7.00    70.00    12.00  9999.00  9999.00  9999.00  9999.00
 00043  1015.98    14.70    78.91     4.00    90.00    30.00  9999.00  9999.00  9999.00  9999.00
 00044  1011.23    14.70    57.73     3.00    20.00    17.00  9999.00  9999.00  9999.00  9999.00
 00045  1011.90    15.40    87.80     3.00   340.00  9999.00  9999.00  9999.00  9999.00  9999.00
 00046   976.30    11.70   100.00     1.00    70.00     3.00  9999.00  9999.00  9999.00  9999.00
 00047  1017.61    12.70    88.74     2.00   250.00     1.60  9999.00  9999.00  9999.00  9999.00
 00048   652.60    -0.20    75.98     3.00    90.00    30.00  9999.00  9999.00  9999.00  9999.00
 00049   598.50    -6.50    86.27     1.00   250.00    30.00  9999.00  9999.00  9999.00  9999.00
 00050  1016.63    14.40    87.14     3.00    40.00  9999.00  9999.00  9999.00  9999.00  9999.00
