stn_id       p       t2      rh2      spd      dir      vis    rain6   rain24   tmax24   tmin24 
 00001   984.61     6.32    94.11     1.73   230.42    17.67  9999.00  9999.00  9999.00  9999.00
 00002  1012.14    -8.89    86.56     1.41   282.88    26.73  9999.00  9999.00  9999.00  9999.00
 00003   912.52    -7.74    55.26     1.62   280.09    25.20  9999.00  9999.00  9999.00  9999.00
 00004   838.40   -11.67    68.55     1.88   111.92    26.35  9999.00  9999.00  9999.00  9999.00
 00005   876.90   -11.26    59.04     2.25    43.08    30.91  9999.00  9999.00  9999.00  9999.00
 00006   889.31   -14.01    61.65     2.42   172.51    34.08  9999.00  9999.00  9999.00  9999.00
 00007  1022.15    -9.11    58.99     3.07   357.82    31.83  9999.00  9999.00  9999.00  9999.00
 00008  1005.43   -13.04    76.74     3.77   189.43    37.82  9999.00  9999.00  9999.00  9999.00
 00009   963.60   -30.58    93.85     1.15   231.76    58.90  9999.00  9999.00  9999.00  9999.00
 00010   976.33   -11.19    62.73     4.88   299.75    36.74  9999.00  9999.00  9999.00  9999.00
 00011  1013.60   -14.57    80.96     3.32   349.67    46.67  9999.00  9999.00  9999.00  9999.00
 00012  1030.11    -5.11    46.36     2.19   113.70    27.77  9999.00  9999.00  9999.00  9999.00
 00013  1027.90     1.51    63.08     2.71   215.96    18.53  9999.00  9999.00  9999.00  9999.00
 00014  1023.46     3.01    80.32     2.62   340.01    18.25  9999.00  9999.00  9999.00  9999.00
 00015  1012.31    -4.35    50.05     0.92   123.99    20.92  9999.00  9999.00  9999.00  9999.00
 00016   968.14     0.24    95.39     0.96    81.20     9.56  9999.00  9999.00  9999.00  9999.00
 00017  1014.15    -3.49    90.71     0.44   278.41    19.08  9999.00  9999.00  9999.00  9999.00
 00018  1027.05     2.15    79.49     1.61    38.75    18.07  9999.00  9999.00  9999.00  9999.00
 00019   946.96     4.01    90.52     2.07   244.81    19.90  9999.00  9999.00  9999.00  9999.00
 00020  1028.77     1.92    78.71     4.93   304.59    17.60  9999.00  9999.00  9999.00  9999.00
 00021   894.72   -12.17    88.15     1.34   160.77    30.43  9999.00  9999.00  9999.00  9999.00
 00022  1032.91    -2.99    42.67     3.41     6.51    25.13  9999.00  9999.00  9999.00  9999.00
 00023   922.90    -9.61    43.88     1.50   169.19    40.42  9999.00  9999.00  9999.00  9999.00
 00024   952.69   -15.10    98.38     2.91   296.01    15.98  9999.00  9999.00  9999.00  9999.00
 00025   795.51     8.39    74.26     1.80   143.30    19.23  9999.00  9999.00  9999.00  9999.00
 00026  1025.18     3.53    80.36     4.61    99.52    17.70  9999.00  9999.00  9999.00  9999.00
 00027  1022.66     2.66    86.61     4.51   349.88     8.50  9999.00  9999.00  9999.00  9999.00
 00028   990.40     2.51    88.35     3.25     5.23    11.61  9999.00  9999.00  9999.00  9999.00
 00029  1015.47    10.70    67.28     5.32    16.77    20.01  9999.00  9999.00  9999.00  9999.00
 00030  1005.44    10.81    60.52     5.61    12.06    21.52  9999.00  9999.00  9999.00  9999.00
 00031   570.11    -7.84    12.18     2.70   231.20    32.00  9999.00  9999.00  9999.00  9999.00
 00032   986.49     8.96    89.18     2.01    86.60    17.19  9999.00  9999.00  9999.00  9999.00
 00033  1013.61    18.64    95.53     8.75    29.56     0.63  9999.00  9999.00  9999.00  9999.00
 00034  1014.54    26.19    80.14     3.38    86.69    23.74  9999.00  9999.00  9999.00  9999.00
 00035  1012.07    20.69    93.77     6.52    39.39    14.64  9999.00  9999.00  9999.00  9999.00
 00036   779.21    -1.44    83.15     1.55    15.24    20.54  9999.00  9999.00  9999.00  9999.00
 00037   976.22     9.36    92.84     1.26    73.52    16.14  9999.00  9999.00  9999.00  9999.00
 00038  1003.36    14.05    91.39     0.42   307.60    17.75  9999.00  9999.00  9999.00  9999.00
 00039  1018.07    14.86    80.81    10.27    38.95     3.66  9999.00  9999.00  9999.00  9999.00
 00040  1014.44    16.38    84.57     4.45    44.98     2.54  9999.00  9999.00  9999.00  9999.00
 00041   982.72     0.65    82.28     1.91    10.13    17.09  9999.00  9999.00  9999.00  9999.00
 00042  1027.79     2.93    78.08     1.46   335.70    18.19  9999.00  9999.00  9999.00  9999.00
 00043  1018.20     3.91    79.35     3.85    15.31    17.97  9999.00  9999.00  9999.00  9999.00
 00044   996.37     4.87    81.74     2.96    30.04    17.35  9999.00  9999.00  9999.00  9999.00
 00045  1014.44    16.38    84.57     4.45    44.98     2.54  9999.00  9999.00  9999.00  9999.00
 00046   949.69     5.23    98.33     2.26     1.93    14.81  9999.00  9999.00  9999.00  9999.00
 00047  1013.62     7.30    77.47     5.35   345.97    17.82  9999.00  9999.00  9999.00  9999.00
 00048   601.32   -11.47    11.43     0.99   187.86    34.65  9999.00  9999.00  9999.00  9999.00
 00049   573.59   -13.71    16.23     0.84   114.33    28.48  9999.00  9999.00  9999.00  9999.00
 00050  1010.51    11.86    78.02     5.74    40.97    13.39  9999.00  9999.00  9999.00  9999.00
