stn_id       p       t2      rh2      spd      dir      vis    rain6   rain24   tmax24   tmin24 
 00001   984.12     7.58    90.02     1.03   334.35    13.57  9999.00  9999.00  9999.00  9999.00
 00002  1009.65    -4.98    48.56     1.32   286.41    26.94  9999.00  9999.00  9999.00  9999.00
 00003   911.70    -7.22    41.07     0.92   293.26    24.99  9999.00  9999.00  9999.00  9999.00
 00004   839.95   -10.43    51.58     1.91   210.93    25.66  9999.00  9999.00  9999.00  9999.00
 00005   876.24   -11.46    65.62     0.86   195.37    30.16  9999.00  9999.00  9999.00  9999.00
 00006   885.75   -10.15    58.08     5.05   245.34    33.72  9999.00  9999.00  9999.00  9999.00
 00007  1018.52   -11.33    52.22     2.45   151.72    37.30  9999.00  9999.00  9999.00  9999.00
 00008  1000.16   -17.42    69.68     3.00   218.68    42.27  9999.00  9999.00  9999.00  9999.00
 00009   945.26   -19.54    91.32     3.27   237.27    52.95  9999.00  9999.00  9999.00  9999.00
 00010   975.60   -15.74    72.96     2.64   269.04    41.49  9999.00  9999.00  9999.00  9999.00
 00011  1006.52   -18.78    89.72     2.92   208.09    46.07  9999.00  9999.00  9999.00  9999.00
 00012  1025.52    -4.18    45.45     1.88   257.71    29.24  9999.00  9999.00  9999.00  9999.00
 00013  1025.71     6.88    53.58     2.43    93.68    21.43  9999.00  9999.00  9999.00  9999.00
 00014  1022.19     6.64    87.89     0.96   284.22    21.57  9999.00  9999.00  9999.00  9999.00
 00015  1009.58    -3.05    80.69     1.32   150.55    22.89  9999.00  9999.00  9999.00  9999.00
 00016   967.19    -1.21    80.95     0.70   150.61    21.34  9999.00  9999.00  9999.00  9999.00
 00017  1011.54     0.02    77.78     1.46   312.37    21.27  9999.00  9999.00  9999.00  9999.00
 00018  1023.87     6.33    65.16     2.22    84.57    20.64  9999.00  9999.00  9999.00  9999.00
 00019   947.59     4.59    84.33     0.91   309.05    23.91  9999.00  9999.00  9999.00  9999.00
 00020  1028.36     5.76    74.81     2.10    24.69    21.50  9999.00  9999.00  9999.00  9999.00
 00021   900.50   -10.22    88.17     3.45   152.61    19.31  9999.00  9999.00  9999.00  9999.00
 00022  1028.83    -3.20    43.15     2.18   211.85    26.84  9999.00  9999.00  9999.00  9999.00
 00023   928.38    -6.41    96.09     0.86    69.92    12.13  9999.00  9999.00  9999.00  9999.00
 00024   954.55   -13.66    98.43     4.16   113.30    19.32  9999.00  9999.00  9999.00  9999.00
 00025   798.05     4.74    90.12     2.22   201.42    18.98  9999.00  9999.00  9999.00  9999.00
 00026  1022.80     9.16    80.50     1.41   279.74    19.67  9999.00  9999.00  9999.00  9999.00
 00027  1018.77     9.48    77.47     1.75   324.17    19.10  9999.00  9999.00  9999.00  9999.00
 00028   986.41     7.73    81.50     1.08   327.08    17.96  9999.00  9999.00  9999.00  9999.00
 00029  1015.76    13.87    81.46     2.81     9.51    20.95  9999.00  9999.00  9999.00  9999.00
 00030  1005.72    11.42    83.54     1.97   209.40    22.05  9999.00  9999.00  9999.00  9999.00
 00031   569.52   -10.76    34.09     2.14   220.55    36.58  9999.00  9999.00  9999.00  9999.00
 00032   988.04    13.12    82.73     2.34    31.40    17.29  9999.00  9999.00  9999.00  9999.00
 00033  1015.57    20.55    81.25     8.64    42.90    22.89  9999.00  9999.00  9999.00  9999.00
 00034  1012.23    26.90    85.77    13.04    52.65     6.65  9999.00  9999.00  9999.00  9999.00
 00035  1014.14    22.39    80.52     5.97    31.03    21.59  9999.00  9999.00  9999.00  9999.00
 00036   776.55     1.19    92.85     1.68    95.16     8.46  9999.00  9999.00  9999.00  9999.00
 00037   978.09    12.76    86.64     1.37    40.55    17.51  9999.00  9999.00  9999.00  9999.00
 00038  1004.44    14.99    86.22     1.72    38.90    20.58  9999.00  9999.00  9999.00  9999.00
 00039  1018.29    18.73    81.57    11.45    24.31    19.60  9999.00  9999.00  9999.00  9999.00
 00040  1015.30    18.69    76.86     7.46    30.31    21.09  9999.00  9999.00  9999.00  9999.00
 00041   981.94     6.88    90.12     0.99   102.05    18.33  9999.00  9999.00  9999.00  9999.00
 00042  1025.31     8.22    73.08     2.81    91.98    21.05  9999.00  9999.00  9999.00  9999.00
 00043  1015.91     9.10    80.08     1.58    22.33    19.92  9999.00  9999.00  9999.00  9999.00
 00044   996.39     7.08    84.13     1.36    51.93     6.07  9999.00  9999.00  9999.00  9999.00
 00045  1015.30    18.69    76.86     7.46    30.31    21.09  9999.00  9999.00  9999.00  9999.00
 00046   950.33     9.95    95.18     1.29    66.76    19.17  9999.00  9999.00  9999.00  9999.00
 00047  1014.39    13.44    80.43     3.96   346.71    15.63  9999.00  9999.00  9999.00  9999.00
 00048   600.50    -6.17    38.39     2.05   181.06    38.44  9999.00  9999.00  9999.00  9999.00
 00049   573.91   -13.02    61.28     1.21   165.12    28.99  9999.00  9999.00  9999.00  9999.00
 00050  1011.12    15.90    78.44     6.49    16.70    19.58  9999.00  9999.00  9999.00  9999.00
