stn_id       p       t2      rh2      spd      dir      vis    rain6   rain24   tmax24   tmin24 
 00001   983.40     7.85    88.57     1.45    15.94    20.20     0.14  9999.00  9999.00  9999.00
 00002  1007.79    -2.93    49.59     1.15   274.40    26.87     0.00  9999.00  9999.00  9999.00
 00003   910.57    -4.27    46.51     1.36   301.76    24.96     0.00  9999.00  9999.00  9999.00
 00004   838.89    -9.26    53.16     2.54   238.01    25.59     0.00  9999.00  9999.00  9999.00
 00005   875.23   -10.31    60.24     2.27   290.04    29.96     0.00  9999.00  9999.00  9999.00
 00006   885.99    -9.49    73.28     3.53   274.40    32.65     0.18  9999.00  9999.00  9999.00
 00007  1019.03   -12.08    47.69     2.07   175.53    37.28     0.00  9999.00  9999.00  9999.00
 00008  1001.01   -16.75    67.30     3.44   232.54    42.25     0.00  9999.00  9999.00  9999.00
 00009   950.45   -25.07    87.16     2.84   233.51    53.03     0.00  9999.00  9999.00  9999.00
 00010   975.28   -12.87    73.98     4.21   286.10    41.49     0.00  9999.00  9999.00  9999.00
 00011  1007.94   -20.30    93.16     2.36   238.55    46.08     0.00  9999.00  9999.00  9999.00
 00012  1024.85    -3.75    46.81     2.00   167.28    29.16     0.00  9999.00  9999.00  9999.00
 00013  1027.87     0.39    69.58     2.63    73.14    21.50     0.00  9999.00  9999.00  9999.00
 00014  1024.31     1.90    75.84     2.55   331.46    21.60     0.00  9999.00  9999.00  9999.00
 00015  1008.67    -1.00    65.16     2.29   200.78    22.91     0.00  9999.00  9999.00  9999.00
 00016   965.58    -1.04    78.43     1.37   106.55    21.43     0.00  9999.00  9999.00  9999.00
 00017  1010.33     2.22    79.46     2.57   203.38    21.33     0.00  9999.00  9999.00  9999.00
 00018  1026.22     2.35    81.37     2.29   106.59    20.72     0.00  9999.00  9999.00  9999.00
 00019   946.36     5.30    77.72     1.23   297.73    22.89     0.08  9999.00  9999.00  9999.00
 00020  1030.17     3.05    66.98     2.75   327.93    21.55    -0.00  9999.00  9999.00  9999.00
 00021   892.46   -11.38    76.03     6.24   151.09    40.42    -0.00  9999.00  9999.00  9999.00
 00022  1028.09    -0.11    42.20     0.87   103.12    26.80     0.00  9999.00  9999.00  9999.00
 00023   915.74    -5.26    62.63     2.20   176.13    30.49     0.01  9999.00  9999.00  9999.00
 00024   947.05    -9.80    92.78     8.73   118.79    26.73     0.46  9999.00  9999.00  9999.00
 00025   798.51     8.21    83.37     2.89   215.45    18.99     0.06  9999.00  9999.00  9999.00
 00026  1024.27     8.38    80.43     1.33    34.24    19.80     0.00  9999.00  9999.00  9999.00
 00027  1019.69     7.31    77.40     1.96   345.44    19.13     0.00  9999.00  9999.00  9999.00
 00028   987.45     5.62    82.52     1.50   338.49    18.03     0.00  9999.00  9999.00  9999.00
 00029  1017.34    14.68    67.56     2.84    24.78    20.94     0.00  9999.00  9999.00  9999.00
 00030  1006.66    12.27    73.44     2.21    46.57    22.06     0.00  9999.00  9999.00  9999.00
 00031   568.07    -7.59    19.97     2.95   211.78    36.38     0.00  9999.00  9999.00  9999.00
 00032   989.55    10.62    77.83     1.52    37.91    18.04     0.13  9999.00  9999.00  9999.00
 00033  1018.45    17.23    77.99     6.89     6.14    22.30     0.26  9999.00  9999.00  9999.00
 00034  1015.52    25.80    89.08    11.33    48.18     7.54     3.71  9999.00  9999.00  9999.00
 00035  1016.85    20.09    82.60     4.61   195.08    21.26     0.04  9999.00  9999.00  9999.00
 00036   777.63     1.13    92.82     1.14    72.73    18.80     0.16  9999.00  9999.00  9999.00
 00037   979.46    10.66    84.44     0.84    46.88    18.80     0.04  9999.00  9999.00  9999.00
 00038  1006.12    15.34    75.32     1.99    93.85    20.56     0.00  9999.00  9999.00  9999.00
 00039  1020.50    16.29    77.81    11.70    27.26    17.47     0.16  9999.00  9999.00  9999.00
 00040  1017.38    17.63    72.67     8.07    42.71    21.08     0.00  9999.00  9999.00  9999.00
 00041   983.51     3.10    88.09     1.49    90.69    19.85    -0.00  9999.00  9999.00  9999.00
 00042  1027.83     1.58    75.00     2.30   101.57    21.10     0.00  9999.00  9999.00  9999.00
 00043  1017.46     8.54    79.17     2.00    24.40    19.07     0.01  9999.00  9999.00  9999.00
 00044   998.09     4.88    84.33     2.05    47.59    19.79     0.00  9999.00  9999.00  9999.00
 00045  1017.38    17.63    72.67     8.07    42.71    21.08     0.00  9999.00  9999.00  9999.00
 00046   951.75     8.55    92.59     1.78    44.85    19.49    -0.00  9999.00  9999.00  9999.00
 00047  1016.31     8.83    79.34     4.46   334.30    13.79     1.00  9999.00  9999.00  9999.00
 00048   598.73    -1.96    21.98     1.88   168.28    38.23     0.00  9999.00  9999.00  9999.00
 00049   573.84    -9.86    55.80     1.24   205.34    28.95     0.01  9999.00  9999.00  9999.00
 00050  1013.15    13.20    70.95     6.20    19.95    19.68     0.00  9999.00  9999.00  9999.00
