stn_id       p       t2      rh2      spd      dir      vis    rain6   rain24   tmax24   tmin24 
 00001   970.27    21.00    63.32     1.59   142.03    25.35     0.04  9999.00  9999.00  9999.00
 00002   990.83    28.21    20.13     3.86   170.20    20.61     0.00  9999.00  9999.00  9999.00
 00003   899.99    20.98    32.58     2.38   200.36    19.54     0.00  9999.00  9999.00  9999.00
 00004   831.50    17.53    35.94     4.15   182.75    18.12     0.00  9999.00  9999.00  9999.00
 00005   865.49    19.11    27.95     4.91   207.26    18.16     0.00  9999.00  9999.00  9999.00
 00006   874.36    23.23    14.16     6.07   214.35    18.02     0.00  9999.00  9999.00  9999.00
 00007  1000.19    24.61    30.70     1.08   228.39    19.94     0.00  9999.00  9999.00  9999.00
 00008   983.63    24.21    26.85     2.91   238.02    22.00     0.00  9999.00  9999.00  9999.00
 00009   930.86    20.09    25.10     5.16   270.34    36.85     0.18  9999.00  9999.00  9999.00
 00010   962.30    21.03    34.85     2.32   311.50    23.01     0.03  9999.00  9999.00  9999.00
 00011   989.11    24.42    27.84     3.05   221.23    24.55     0.00  9999.00  9999.00  9999.00
 00012  1005.27    30.24    16.31     2.79   184.52    19.18     0.00  9999.00  9999.00  9999.00
 00013  1010.24    25.48    34.44     2.83   110.25    24.46     0.00  9999.00  9999.00  9999.00
 00014  1007.07    23.80    50.14     2.79    66.30    25.48     0.00  9999.00  9999.00  9999.00
 00015   992.28    28.30    20.93     2.35   200.43    19.44     0.00  9999.00  9999.00  9999.00
 00016   952.63    17.82    62.65     2.58   166.95     5.40     0.27  9999.00  9999.00  9999.00
 00017   994.28    26.01    30.72     2.96   174.71    22.23     0.00  9999.00  9999.00  9999.00
 00018  1008.95    25.21    31.88     3.50   122.08    24.51     0.00  9999.00  9999.00  9999.00
 00019   933.92    20.63    59.84     2.23   205.26    25.45     0.27  9999.00  9999.00  9999.00
 00020  1012.94    24.43    40.61     3.85    49.25    22.76     0.00  9999.00  9999.00  9999.00
 00021   889.19    17.34    31.76     6.67   309.51    26.79     0.10  9999.00  9999.00  9999.00
 00022  1008.68    29.83    18.67     1.45   227.49    18.63     0.00  9999.00  9999.00  9999.00
 00023   917.64    17.80    30.67     5.31   290.44    25.27     0.00  9999.00  9999.00  9999.00
 00024   939.13    19.08    27.21     6.87   300.00    26.94     0.00  9999.00  9999.00  9999.00
 00025   792.42    26.87    27.52     7.01   256.24    26.27     0.00  9999.00  9999.00  9999.00
 00026  1007.96    22.86    61.67     2.01    54.31    27.06     0.00  9999.00  9999.00  9999.00
 00027  1004.49    20.84    69.87     0.63   188.44    26.85     0.01  9999.00  9999.00  9999.00
 00028   973.19    20.18    68.30     1.35    17.89    25.46     0.00  9999.00  9999.00  9999.00
 00029  1003.90    25.56    71.41     2.46    31.95    27.59     0.03  9999.00  9999.00  9999.00
 00030   993.48    22.99    74.57     2.14    22.28    31.40     0.06  9999.00  9999.00  9999.00
 00031   575.76     9.94    18.06     2.52   244.49    24.47     0.45  9999.00  9999.00  9999.00
 00032   976.87    18.29    75.35     1.63    64.19    15.12     0.90  9999.00  9999.00  9999.00
 00033  1005.33    22.29    97.58     5.91    86.83     0.54     0.10  9999.00  9999.00  9999.00
 00034  1007.98    28.83    87.55     4.09   197.35    30.62     0.04  9999.00  9999.00  9999.00
 00035  1004.61    29.80    79.46     3.29    53.04     9.10     1.27  9999.00  9999.00  9999.00
 00036   773.50    20.74    51.93     1.07   225.54    24.42     0.00  9999.00  9999.00  9999.00
 00037   967.10    18.39    78.98     1.28    83.82    17.51     0.86  9999.00  9999.00  9999.00
 00038   993.53    22.58    74.18     2.30    81.26    26.18     0.02  9999.00  9999.00  9999.00
 00039  1007.64    21.70    72.37     9.12    35.02    25.26     0.10  9999.00  9999.00  9999.00
 00040  1004.86    23.38    77.72     6.60    52.37    25.18     0.08  9999.00  9999.00  9999.00
 00041   968.54    23.05    43.15     2.51    95.12    25.24     0.00  9999.00  9999.00  9999.00
 00042  1010.28    24.39    43.29     3.44    95.83    25.13     0.00  9999.00  9999.00  9999.00
 00043  1001.20    23.21    62.76     1.57    56.16    27.61     0.00  9999.00  9999.00  9999.00
 00044   982.38    23.34    61.48     2.16    69.29    25.44     0.00  9999.00  9999.00  9999.00
 00045  1004.86    23.38    77.72     6.60    52.37    25.18     0.08  9999.00  9999.00  9999.00
 00046   940.46    18.07    84.91     1.20    57.54    13.04     0.32  9999.00  9999.00  9999.00
 00047  1000.79    22.30    57.89     3.07   103.35    23.97     0.00  9999.00  9999.00  9999.00
 00048   607.63    10.60    25.96     0.87   163.88    27.09     0.00  9999.00  9999.00  9999.00
 00049   580.10     6.96    28.23     2.56   210.43    23.63     0.00  9999.00  9999.00  9999.00
 00050  1000.15    21.44    66.36     5.53    31.63    24.77     0.01  9999.00  9999.00  9999.00
