stn_id       p       t2      rh2      spd      dir      vis    rain6   rain24   tmax24   tmin24 
 00001   976.37    18.16    76.48     2.99   318.66    21.81  9999.00  9999.00  9999.00  9999.00
 00002   996.89    11.54    87.66     2.66   307.83     6.65  9999.00  9999.00  9999.00  9999.00
 00003   904.06     8.01    63.66     6.55   312.06    22.02  9999.00  9999.00  9999.00  9999.00
 00004   836.05    -1.91    81.83     5.89   300.78    17.98  9999.00  9999.00  9999.00  9999.00
 00005   871.03    -0.08    57.61     5.50   290.89    18.05  9999.00  9999.00  9999.00  9999.00
 00006   880.25    -0.17    68.22     6.36   281.80     8.30  9999.00  9999.00  9999.00  9999.00
 00007  1009.68    11.10    78.31     2.32    55.91     8.38  9999.00  9999.00  9999.00  9999.00
 00008   996.76     6.10    61.24     1.80    56.45    29.34  9999.00  9999.00  9999.00  9999.00
 00009   958.86   -10.68    37.20     0.77   287.35    38.47  9999.00  9999.00  9999.00  9999.00
 00010   977.38     7.22    78.85     2.17   114.87    29.52  9999.00  9999.00  9999.00  9999.00
 00011  1006.72     1.41    32.28     3.37    50.17    32.06  9999.00  9999.00  9999.00  9999.00
 00012  1012.42    10.89    88.93     3.81   354.99     1.21  9999.00  9999.00  9999.00  9999.00
 00013  1007.57    25.05    72.12     3.91   160.98    19.95  9999.00  9999.00  9999.00  9999.00
 00014  1006.46    25.68    73.09     4.49   189.17    19.57  9999.00  9999.00  9999.00  9999.00
 00015   992.77    14.31    97.99     2.25   316.58     0.45  9999.00  9999.00  9999.00  9999.00
 00016   964.70    10.84    54.05     4.25   274.50    20.93  9999.00  9999.00  9999.00  9999.00
 00017   996.98    12.70    88.40     2.59   343.83    12.87  9999.00  9999.00  9999.00  9999.00
 00018  1005.64    22.93    76.67     3.99   167.46     9.54  9999.00  9999.00  9999.00  9999.00
 00019   940.08    19.01    69.74     2.04   187.36    25.26  9999.00  9999.00  9999.00  9999.00
 00020  1012.36    25.62    74.04     7.21   180.15    19.47  9999.00  9999.00  9999.00  9999.00
 00021   897.82    -0.52    44.36     1.94   186.16    31.77  9999.00  9999.00  9999.00  9999.00
 00022  1013.76    11.79    94.73     3.11    18.72     1.29  9999.00  9999.00  9999.00  9999.00
 00023   923.25    -0.03    52.67     1.15   113.26    26.56  9999.00  9999.00  9999.00  9999.00
 00024   952.35    -4.38    52.65     5.48   114.05    28.90  9999.00  9999.00  9999.00  9999.00
 00025   798.69    17.84    57.64     5.25   261.35    21.17  9999.00  9999.00  9999.00  9999.00
 00026  1007.77    27.31    66.56     4.71   204.06    19.55  9999.00  9999.00  9999.00  9999.00
 00027  1003.48    24.97    76.60     5.16   184.10    18.76  9999.00  9999.00  9999.00  9999.00
 00028   973.95    20.47    89.15     2.42   311.10     1.93  9999.00  9999.00  9999.00  9999.00
 00029  1009.88    27.22    71.68     2.44   159.55    22.55  9999.00  9999.00  9999.00  9999.00
 00030   998.51    26.67    77.99     3.91   178.65    24.39  9999.00  9999.00  9999.00  9999.00
 00031   577.17    -2.98    27.12     1.56    52.76    32.11  9999.00  9999.00  9999.00  9999.00
 00032   979.55    25.22    69.34     1.24   226.92    18.86  9999.00  9999.00  9999.00  9999.00
 00033  1012.14    22.53    97.92     1.10   238.08     1.05  9999.00  9999.00  9999.00  9999.00
 00034  1013.19    27.97    83.65     3.06   121.63    28.43  9999.00  9999.00  9999.00  9999.00
 00035  1011.04    28.04    83.78     2.12    61.19     7.97  9999.00  9999.00  9999.00  9999.00
 00036   778.61    14.32    64.72     1.76   211.04    22.03  9999.00  9999.00  9999.00  9999.00
 00037   969.95    25.28    68.98     1.11   232.74    18.77  9999.00  9999.00  9999.00  9999.00
 00038   998.30    26.47    68.38     0.73   188.39    21.36  9999.00  9999.00  9999.00  9999.00
 00039  1011.67    24.28    79.63     1.85   107.52    20.87  9999.00  9999.00  9999.00  9999.00
 00040  1009.89    26.19    72.44     1.63    67.20    22.27  9999.00  9999.00  9999.00  9999.00
 00041   968.39    24.28    69.10     3.11   178.96    18.60  9999.00  9999.00  9999.00  9999.00
 00042  1007.72    26.23    65.68     3.45   173.59    19.60  9999.00  9999.00  9999.00  9999.00
 00043  1001.92    27.01    70.01     4.60   203.59    19.91  9999.00  9999.00  9999.00  9999.00
 00044   984.12    25.36    68.28     1.08   145.74    19.08  9999.00  9999.00  9999.00  9999.00
 00045  1009.89    26.19    72.44     1.63    67.20    22.27  9999.00  9999.00  9999.00  9999.00
 00046   944.36    25.01    62.71     3.22   204.12    19.81  9999.00  9999.00  9999.00  9999.00
 00047  1002.91    22.64    91.70     1.31   273.05     8.03  9999.00  9999.00  9999.00  9999.00
 00048   609.88    -3.30    55.56     1.99    25.07    34.52  9999.00  9999.00  9999.00  9999.00
 00049   579.17    -2.57    51.35     2.17    20.28    28.40  9999.00  9999.00  9999.00  9999.00
 00050  1003.58    27.38    60.58     1.69   183.67    20.27  9999.00  9999.00  9999.00  9999.00
