stn_id       p       t2      rh2      spd      dir      vis    rain6   rain24   tmax24   tmin24 
 00001   965.97    26.04    87.64     1.46   206.96    13.80  9999.00  9999.00  9999.00  9999.00
 00002   996.80    25.34    47.22     2.72    43.06    23.88  9999.00  9999.00  9999.00  9999.00
 00003   905.24    22.52    32.87     4.09    37.75    23.60  9999.00  9999.00  9999.00  9999.00
 00004   838.68    17.45    32.34     2.73   289.17    23.85  9999.00  9999.00  9999.00  9999.00
 00005   874.36    16.55    38.52     2.93   101.93    26.32  9999.00  9999.00  9999.00  9999.00
 00006   885.39    15.78    40.11     4.05   328.82    26.99  9999.00  9999.00  9999.00  9999.00
 00007  1004.11    22.68    48.60     2.74   281.15    25.80  9999.00  9999.00  9999.00  9999.00
 00008   986.33    20.17    50.57     6.37   262.65    26.61  9999.00  9999.00  9999.00  9999.00
 00009   951.47     7.73    49.19     3.68   340.32    32.82  9999.00  9999.00  9999.00  9999.00
 00010   963.86    22.71    59.44     4.36   263.54    29.89  9999.00  9999.00  9999.00  9999.00
 00011   990.77    17.72    75.41     5.25   269.15    26.09  9999.00  9999.00  9999.00  9999.00
 00012  1012.44    24.55    48.42     2.23    25.55    23.28  9999.00  9999.00  9999.00  9999.00
 00013  1007.90    29.63    76.25     2.36   141.64    23.63  9999.00  9999.00  9999.00  9999.00
 00014  1005.54    30.38    72.55     2.04   193.92    25.18  9999.00  9999.00  9999.00  9999.00
 00015   993.90    26.37    72.13     3.46    56.87    20.00  9999.00  9999.00  9999.00  9999.00
 00016   953.16    19.94    92.65     2.66   144.57     0.80  9999.00  9999.00  9999.00  9999.00
 00017   993.67    24.51    85.26     4.64    45.05    19.44  9999.00  9999.00  9999.00  9999.00
 00018  1006.10    28.48    80.30     3.24   156.65     8.54  9999.00  9999.00  9999.00  9999.00
 00019   931.79    24.09    81.17     0.61   113.81     9.47  9999.00  9999.00  9999.00  9999.00
 00020  1012.13    27.55    78.45     4.22   153.33    22.91  9999.00  9999.00  9999.00  9999.00
 00021   890.51    17.25    41.14     1.01   186.86    26.40  9999.00  9999.00  9999.00  9999.00
 00022  1014.72    25.47    45.21     3.61    25.03    21.09  9999.00  9999.00  9999.00  9999.00
 00023   916.51    16.44    48.22     0.74   277.09    22.91  9999.00  9999.00  9999.00  9999.00
 00024   942.91    15.54    41.62     3.27   124.66    24.98  9999.00  9999.00  9999.00  9999.00
 00025   796.82    20.34    72.82     3.74   235.32    23.46  9999.00  9999.00  9999.00  9999.00
 00026  1006.28    30.81    71.64     4.00   201.08    24.41  9999.00  9999.00  9999.00  9999.00
 00027  1001.12    30.69    71.88     5.07   190.26    24.48  9999.00  9999.00  9999.00  9999.00
 00028   970.87    28.64    70.71     5.90   198.36    23.92  9999.00  9999.00  9999.00  9999.00
 00029  1007.51    29.18    70.29     1.94   122.85    26.04  9999.00  9999.00  9999.00  9999.00
 00030   995.72    27.61    82.94     3.19   146.33    12.66  9999.00  9999.00  9999.00  9999.00
 00031   576.80     7.67    57.87     1.11   217.15    25.61  9999.00  9999.00  9999.00  9999.00
 00032   978.65    26.55    73.58     1.64    75.37    22.42  9999.00  9999.00  9999.00  9999.00
 00033  1009.38    22.45    97.28     3.50   100.17     0.86  9999.00  9999.00  9999.00  9999.00
 00034  1010.87    27.60    85.36     1.41    68.43    29.26  9999.00  9999.00  9999.00  9999.00
 00035  1008.52    29.62    79.63     2.62   103.69    17.55  9999.00  9999.00  9999.00  9999.00
 00036   776.15    19.66    73.59     2.93   199.12    24.00  9999.00  9999.00  9999.00  9999.00
 00037   969.08    27.18    70.92     1.41    94.18    23.16  9999.00  9999.00  9999.00  9999.00
 00038   996.15    28.44    73.48     1.45   140.37    23.10  9999.00  9999.00  9999.00  9999.00
 00039  1009.76    26.57    81.01     2.48    59.70    24.40  9999.00  9999.00  9999.00  9999.00
 00040  1007.95    27.54    77.34     3.00    82.06    25.77  9999.00  9999.00  9999.00  9999.00
 00041   968.49    28.97    72.91     2.67   196.15    23.53  9999.00  9999.00  9999.00  9999.00
 00042  1007.81    30.54    73.04     1.67   167.57    24.02  9999.00  9999.00  9999.00  9999.00
 00043  1000.31    30.37    72.70     3.43   199.36    24.88  9999.00  9999.00  9999.00  9999.00
 00044   982.97    30.37    69.38     1.17   181.51    23.08  9999.00  9999.00  9999.00  9999.00
 00045  1007.95    27.54    77.34     3.00    82.06    25.77  9999.00  9999.00  9999.00  9999.00
 00046   942.94    27.19    71.71     1.54   216.20    24.57  9999.00  9999.00  9999.00  9999.00
 00047  1002.46    25.88    83.38     3.02   128.84     9.94  9999.00  9999.00  9999.00  9999.00
 00048   608.19     9.46    58.59     1.67   172.63    30.16  9999.00  9999.00  9999.00  9999.00
 00049   580.71     6.46    67.60     1.46   195.84    25.40  9999.00  9999.00  9999.00  9999.00
 00050  1001.83    28.95    67.81     1.94    52.79    24.36  9999.00  9999.00  9999.00  9999.00
