stn_id       p       t2      rh2      spd      dir      vis    rain6   rain24   tmax24   tmin24 
 00001   962.79    28.16    70.49     2.28    33.81    25.22     0.00     0.01    32.02    23.30
 00002   989.17    24.01    80.56     1.71   183.03    23.86     0.01     0.09    28.46    17.63
 00003   900.16    18.06    88.95     1.53   165.95    23.69     0.08     2.80    21.74    13.03
 00004   833.40    12.72    93.51     1.87   181.86    23.95     2.24    11.74    19.70    10.32
 00005   866.12    15.56    61.62     2.99   233.24    26.29     0.09     3.27    21.68    12.63
 00006   875.19    16.78    20.93     4.03   256.09    26.80     1.18     2.32    23.33    13.11
 00007   999.92    21.71    77.46     3.13   196.20    25.83     0.02     0.07    27.35    17.42
 00008   984.00    20.47    78.47     3.04   183.09    26.62     0.00     0.01    26.39    14.46
 00009   943.83     7.86    80.30     1.41   115.33    32.67     0.00     0.09    14.59     3.83
 00010   966.30    16.69    93.02     1.89   105.99    30.10     0.07     7.25    19.25    15.79
 00011   990.69    20.47    79.99     2.99   161.62    27.31     0.00     0.06    26.18    15.30
 00012  1003.84    23.69    80.65     1.46   165.54    22.82     0.25     0.52    28.28    19.06
 00013  1007.78    24.31    85.38     1.88   101.55    23.71     0.17     0.93    28.77    19.74
 00014  1005.26    24.88    89.17     2.56    89.92    25.27     0.05     0.95    29.65    20.51
 00015   990.39    23.47    68.85     2.20   167.27    19.91     0.00     0.00    29.05    19.29
 00016   949.32    24.47    79.55     1.31   198.38    18.67     0.22     0.26    28.49    20.11
 00017   991.69    26.14    69.07     2.21   168.93    22.46     0.02     0.03    29.92    20.71
 00018  1006.00    24.11    85.36     2.00   132.34    18.92     0.00     0.18    29.32    20.07
 00019   931.10    21.52    91.99     1.15    84.42     8.93     6.22    11.91    24.23    21.45
 00020  1012.06    21.86    97.07     2.87   119.59    22.26     0.29     1.25    28.18    20.59
 00021   891.45    13.49    59.25     2.93   342.26    26.48     0.02     0.69    16.49     8.52
 00022  1006.97    24.36    66.46     2.78   151.25    20.98     0.00     0.00    29.97    19.38
 00023   918.24    15.95    41.96     1.26   287.12    23.03     0.02     0.02    17.89     6.21
 00024   942.66    16.67    41.93     3.92   298.35    25.06     0.00     0.00    18.40     7.37
 00025   794.38    19.28    78.31     2.01   192.89    24.82     0.10     0.33    23.23    14.38
 00026  1005.13    26.19    86.47     1.49    69.20    24.54     0.10     0.45    30.66    20.96
 00027   999.92    27.54    82.56     2.20   138.55    24.62     0.01     0.09    31.80    22.05
 00028   968.95    27.05    81.14     1.74   158.64    24.05     0.02     0.19    30.83    20.71
 00029  1004.17    26.25    90.52     0.92    95.28    26.03     1.69     2.16    30.79    24.06
 00030   992.56    26.05    91.34     2.36   146.57    28.51     2.14     5.47    30.07    23.03
 00031   573.46    10.25    33.46     2.22   190.72    25.26     0.10     0.11    14.38     0.61
 00032   976.36    23.65    98.07     0.93    97.88     1.51     1.49     3.56    29.15    21.09
 00033  1005.92    22.87    96.89     3.62   125.01     0.22     0.11     0.58    23.83    21.14
 00034  1008.50    27.78    86.35     3.55   104.43    29.65     0.05     5.63    28.34    26.92
 00035  1005.35    25.78    94.00     1.85   140.76    27.69     7.39    16.49    30.37    24.84
 00036   773.95    18.36    72.88     2.17   180.19    24.36     0.03     0.45    22.89    13.97
 00037   966.86    23.67    97.19     0.91    82.62     8.40     1.38     3.82    29.60    21.00
 00038   993.38    25.62    92.87     0.72   141.09    25.38     3.03     3.83    31.16    21.38
 00039  1006.90    25.31    96.22     2.10   102.62    24.92     0.45     1.05    27.71    23.92
 00040  1004.73    26.26    92.60     1.62   159.25    25.80     0.26     1.82    28.70    23.41
 00041   967.64    23.31    81.31     1.70    74.12    23.84     0.00     0.14    28.80    19.06
 00042  1007.70    24.88    83.10     2.05    88.48    24.11     0.00     0.30    29.38    20.40
 00043   998.88    26.36    89.11     1.28   123.72    24.95     0.22     0.83    30.51    21.36
 00044   981.59    25.30    84.74     1.66   110.00    24.24     0.00     0.03    30.07    20.14
 00045  1004.73    26.26    92.60     1.62   159.25    25.80     0.26     1.82    28.70    23.41
 00046   940.72    23.33    93.39     0.99    99.96    24.75     0.37     0.78    28.62    20.38
 00047  1000.66    23.47    98.08     0.92   102.15     8.52     1.71     5.03    26.68    21.67
 00048   603.99    14.33    36.25     1.23   111.72    29.84     0.02     0.02    16.56     3.75
 00049   578.98     5.09    79.09     1.73   201.55    25.10     0.07     0.13    10.04    -0.46
 00050   999.41    25.40    96.13     1.45    77.23    24.50     0.51     1.28    30.40    22.81
