stn_id       p       t2      rh2      spd      dir      vis    rain6   rain24   tmax24   tmin24 
 00001   965.45    23.76    98.71     0.53   270.39     8.98  9999.00  9999.00  9999.00  9999.00
 00002   986.97    23.74    87.83     3.10    58.54    20.41  9999.00  9999.00  9999.00  9999.00
 00003   896.39    23.70    63.37     2.47   195.24    26.20  9999.00  9999.00  9999.00  9999.00
 00004   829.75    17.07    85.13     1.37   117.85    18.88  9999.00  9999.00  9999.00  9999.00
 00005   863.55    18.06    80.15     2.44   139.18    25.31  9999.00  9999.00  9999.00  9999.00
 00006   874.95    18.12    78.76     1.81   210.77     4.97  9999.00  9999.00  9999.00  9999.00
 00007  1002.14    26.16    75.20     1.00   228.61    25.28  9999.00  9999.00  9999.00  9999.00
 00008   988.72    25.04    80.32     2.88   133.06    25.81  9999.00  9999.00  9999.00  9999.00
 00009   948.06    18.71    51.20     1.65   254.57    34.67  9999.00  9999.00  9999.00  9999.00
 00010   967.91    21.61    89.23     1.64   117.83    26.35  9999.00  9999.00  9999.00  9999.00
 00011   996.36    23.65    72.57     2.92   276.82    26.90  9999.00  9999.00  9999.00  9999.00
 00012  1003.84    24.05    86.15     1.95   112.26     5.40  9999.00  9999.00  9999.00  9999.00
 00013  1004.29    26.17    94.39     1.15   171.36    27.80  9999.00  9999.00  9999.00  9999.00
 00014  1001.69    27.30    89.77     1.02   163.83    22.75  9999.00  9999.00  9999.00  9999.00
 00015   988.00    25.97    77.70     3.60   166.26    19.06  9999.00  9999.00  9999.00  9999.00
 00016   948.15    24.37    84.01     0.40   331.76    26.10  9999.00  9999.00  9999.00  9999.00
 00017   987.67    27.29    87.83     3.06   144.56    26.89  9999.00  9999.00  9999.00  9999.00
 00018  1002.38    26.87    92.57     2.92   148.94    17.23  9999.00  9999.00  9999.00  9999.00
 00019   930.75    23.67    89.13     0.59   178.83    28.07  9999.00  9999.00  9999.00  9999.00
 00020  1007.36    26.04    90.47     2.92   182.38    17.98  9999.00  9999.00  9999.00  9999.00
 00021   889.04    21.46    59.65     0.75   109.57    25.48  9999.00  9999.00  9999.00  9999.00
 00022  1006.46    23.75    90.54     2.56   111.94     6.09  9999.00  9999.00  9999.00  9999.00
 00023   914.78    19.60    58.32     1.06   166.72    21.08  9999.00  9999.00  9999.00  9999.00
 00024   938.13    19.86    68.98     2.04   295.22    23.06  9999.00  9999.00  9999.00  9999.00
 00025   794.81    18.73    89.59     0.90   113.99    20.79  9999.00  9999.00  9999.00  9999.00
 00026  1002.80    27.22    91.42     2.11   165.44    27.55  9999.00  9999.00  9999.00  9999.00
 00027   998.86    27.17    90.48     1.17   213.82    29.16  9999.00  9999.00  9999.00  9999.00
 00028   969.11    26.39    87.34     2.03   170.40    27.35  9999.00  9999.00  9999.00  9999.00
 00029  1003.49    27.28    87.05     2.03   192.42    30.32  9999.00  9999.00  9999.00  9999.00
 00030   992.57    25.65    92.89     2.48   153.27    31.96  9999.00  9999.00  9999.00  9999.00
 00031   576.62     3.53    87.26     1.16   234.92    22.16  9999.00  9999.00  9999.00  9999.00
 00032   973.65    25.91    92.01     1.05   232.08    23.95  9999.00  9999.00  9999.00  9999.00
 00033  1006.23    23.35    99.11     3.64   110.77     1.71  9999.00  9999.00  9999.00  9999.00
 00034  1008.52    27.87    87.29     6.67   117.98    34.70  9999.00  9999.00  9999.00  9999.00
 00035  1005.61    28.15    86.78     4.42   130.61    16.34  9999.00  9999.00  9999.00  9999.00
 00036   776.26    16.24    95.30     0.55    46.62    11.11  9999.00  9999.00  9999.00  9999.00
 00037   964.26    26.08    91.26     0.94   216.62    26.09  9999.00  9999.00  9999.00  9999.00
 00038   991.68    26.24    93.14     0.95   149.52    28.97  9999.00  9999.00  9999.00  9999.00
 00039  1005.21    25.90    91.55     2.52   191.41    28.03  9999.00  9999.00  9999.00  9999.00
 00040  1003.43    27.12    89.62     3.01   189.96    29.47  9999.00  9999.00  9999.00  9999.00
 00041   964.78    25.54    95.55     1.88   185.67    17.74  9999.00  9999.00  9999.00  9999.00
 00042  1004.18    27.54    92.88     0.56    88.12    28.87  9999.00  9999.00  9999.00  9999.00
 00043   996.71    27.66    88.29     1.25   203.03    30.22  9999.00  9999.00  9999.00  9999.00
 00044   978.98    26.39    93.95     0.85   312.72    11.48  9999.00  9999.00  9999.00  9999.00
 00045  1003.43    27.12    89.62     3.01   189.96    29.47  9999.00  9999.00  9999.00  9999.00
 00046   938.91    26.39    88.11     1.57   188.04    28.71  9999.00  9999.00  9999.00  9999.00
 00047   997.40    24.80    97.07     1.00    92.75     2.64  9999.00  9999.00  9999.00  9999.00
 00048   607.88     6.31    86.85     0.95   156.13    26.20  9999.00  9999.00  9999.00  9999.00
 00049   580.03     4.22    96.04     0.64    53.65    13.19  9999.00  9999.00  9999.00  9999.00
 00050   997.44    26.33    88.76     1.75   211.59    27.53  9999.00  9999.00  9999.00  9999.00
