stn_id       p       t2      rh2      spd      dir      vis    rain6   rain24   tmax24   tmin24 
 00001   960.57    28.36    81.00     2.02   117.45    26.92     0.24     1.69    33.22    26.57
 00002   986.77    29.92    61.52     0.34   241.27    27.47     0.00     0.00    35.90    24.51
 00003   898.40    24.64    69.60     0.49   108.95    26.13     0.00     0.01    32.62    19.76
 00004   832.59    22.79    53.96     1.69   163.18    25.13     0.00     0.00    26.94    14.13
 00005   865.75    22.31    61.65     0.98    59.53    26.24     0.00     0.93    28.75    17.22
 00006   875.40    23.55    48.76     3.07   233.12    25.84     0.00     0.00    26.74    17.72
 00007   998.74    23.09    87.00     3.05   190.46    24.65     0.37     0.88    26.89    20.86
 00008   982.08    23.20    83.58     6.87   233.23    25.71     0.28     1.66    26.15    20.99
 00009   939.33    18.79    79.25     1.20   332.52    35.19     0.00     0.95    19.44    14.40
 00010   963.10    22.63    84.50     0.51   260.75    26.11     0.02     1.51    22.38    16.43
 00011   987.01    23.08    83.34     5.12   236.29    12.12     0.84     3.55    24.68    20.56
 00012  1002.84    26.30    77.53     1.32    75.98    25.57     0.00     0.04    31.33    23.01
 00013  1004.59    28.47    85.12     1.89   196.88    27.89     0.00     1.67    31.24    24.71
 00014  1002.48    27.02    91.54     1.35   190.29    27.35     1.10    11.16    29.01    24.56
 00015   988.08    28.37    80.67     1.74   166.45    20.43     0.10     2.24    32.70    23.98
 00016   945.10    28.13    72.44     1.77    95.86    26.43     0.00     0.00    36.73    24.53
 00017   988.25    28.69    84.62     1.36   141.65    26.31     0.04     1.24    34.86    25.02
 00018  1002.74    27.96    89.18     2.19   180.98    17.09     0.02     1.17    32.45    25.11
 00019   927.19    23.60    92.98     2.15    73.15    10.20     0.75     8.17    29.76    23.19
 00020  1008.68    25.64    93.43     3.56   171.89    20.00     0.51     9.43    27.74    23.71
 00021   883.36    23.59    38.11     2.50   167.04    25.58     0.24     0.24    33.97    21.52
 00022  1005.58    26.98    77.11     2.31   126.58    24.12     0.00     0.09    31.05    22.70
 00023   911.65    20.01    34.39     2.02   257.30    21.22     0.05     0.11    34.00    19.22
 00024   933.57    22.16    31.26     5.42   299.76    23.19     0.00     0.00    32.77    21.16
 00025   793.62    17.29    95.48     2.73   182.50    16.30     1.17    14.65    22.39    15.80
 00026  1003.04    28.51    86.87     1.67   188.22    29.17     0.32    11.34    31.24    25.46
 00027   998.27    29.35    78.68     3.71   178.41    28.90     0.02     2.18    33.84    26.87
 00028   968.31    26.83    81.41     3.68   186.89    27.20     0.00     0.06    32.02    25.04
 00029  1003.51    26.61    90.63     1.78   151.00    29.50     0.16     0.63    31.88    25.34
 00030   991.62    25.81    90.38     2.29   141.06    30.57     0.07     2.23    31.31    24.20
 00031   574.82     4.97    86.87     1.31   216.26     9.01     1.62     6.06    14.36     4.28
 00032   975.26    24.09    91.20     1.55    73.36    23.16     0.02     0.05    31.92    22.31
 00033  1005.05    23.44    96.87     3.25   153.13     0.28     0.06     0.41    23.91    21.16
 00034  1007.78    27.65    85.22     3.41   203.40    32.94     0.13     4.82    28.36    26.76
 00035  1004.41    27.13    87.73     2.71   165.57    32.19     0.02     2.48    30.67    25.26
 00036   773.19    17.21    89.95     1.50   172.15    21.68     0.21     0.55    24.78    14.72
 00037   965.68    24.72    89.79     1.36    88.50    25.82     0.00     0.01    32.48    22.92
 00038   992.51    26.98    84.54     1.40   305.69    28.63     0.01     0.11    32.15    24.02
 00039  1005.79    25.86    92.41     0.82   183.54    27.75     0.00     0.02    29.00    24.78
 00040  1003.72    26.41    89.07     2.02   308.46    29.20     0.00     0.64    28.96    25.07
 00041   965.36    25.23    95.74     1.51   154.98     5.12     0.02     2.72    27.12    22.37
 00042  1004.62    28.58    84.65     1.41   161.03    28.34     0.00     1.17    31.29    24.24
 00043   997.09    28.62    76.43     1.72   220.31    29.90     0.63     9.09    32.83    26.37
 00044   979.92    26.83    90.82     1.22    88.73    28.11     0.41     9.96    30.03    24.14
 00045  1003.72    26.41    89.07     2.02   308.46    29.20     0.00     0.64    28.96    25.07
 00046   939.75    25.09    84.04     2.11   199.68    26.94     0.07     0.07    30.34    21.94
 00047   999.45    23.97    94.06     1.57   152.82     8.72     0.05     0.28    26.21    23.23
 00048   605.39     8.29    87.61     1.06   116.73     5.77     5.12     9.44    16.61     7.23
 00049   578.48     4.07    98.03     1.31   218.28     2.79     0.66     3.83     9.95     3.49
 00050   998.27    26.65    85.96     1.73    64.49    27.23     0.00     0.00    32.46    24.15
