stn_id       p       t2      rh2      spd      dir      vis    rain6   rain24   tmax24   tmin24 
 00001   981.68    17.47    76.18     0.77   294.34    17.63  9999.00  9999.00  9999.00  9999.00
 00002  1003.16    13.26    41.82     1.45    29.46    22.93  9999.00  9999.00  9999.00  9999.00
 00003   908.50    10.13    41.23     1.81   198.03    21.17  9999.00  9999.00  9999.00  9999.00
 00004   837.34     9.75    18.44     4.52   260.61    21.41  9999.00  9999.00  9999.00  9999.00
 00005   871.86     6.14    36.36     2.44   210.12    24.70  9999.00  9999.00  9999.00  9999.00
 00006   879.79    10.16    24.51     7.59   240.98    27.58  9999.00  9999.00  9999.00  9999.00
 00007  1010.99     7.13    45.85     5.19    22.34    28.08  9999.00  9999.00  9999.00  9999.00
 00008   996.73     3.31    51.81     2.29    51.95    34.04  9999.00  9999.00  9999.00  9999.00
 00009   944.56    -5.08    58.15     3.00   190.76    54.30  9999.00  9999.00  9999.00  9999.00
 00010   972.48     4.19    45.90     2.17   341.76    34.38  9999.00  9999.00  9999.00  9999.00
 00011  1004.75     2.93    51.83     1.51    92.64    40.45  9999.00  9999.00  9999.00  9999.00
 00012  1018.79    12.82    31.96     1.75    78.63    23.68  9999.00  9999.00  9999.00  9999.00
 00013  1016.40    20.62    63.86     3.43   233.53    18.40  9999.00  9999.00  9999.00  9999.00
 00014  1013.90    19.70    66.03     1.75   253.18    18.34  9999.00  9999.00  9999.00  9999.00
 00015   999.87    15.90    67.30     4.19    32.24    18.74  9999.00  9999.00  9999.00  9999.00
 00016   962.70    16.05    57.07     1.65   254.23    17.86  9999.00  9999.00  9999.00  9999.00
 00017  1002.68    21.91    30.35     3.29   321.46    18.33  9999.00  9999.00  9999.00  9999.00
 00018  1015.29    21.61    56.55     2.00   226.63    18.13  9999.00  9999.00  9999.00  9999.00
 00019   945.05    19.21    61.89     1.06   211.77    20.66  9999.00  9999.00  9999.00  9999.00
 00020  1019.01    20.93    61.01     2.91   242.81    18.23  9999.00  9999.00  9999.00  9999.00
 00021   891.70     4.75    62.86     6.68   151.96    38.43  9999.00  9999.00  9999.00  9999.00
 00022  1021.63    12.65    25.19     4.27    50.46    21.39  9999.00  9999.00  9999.00  9999.00
 00023   914.15     4.85    64.09     1.91   214.04    34.93  9999.00  9999.00  9999.00  9999.00
 00024   941.73     1.19    85.34    10.55   115.71    32.56  9999.00  9999.00  9999.00  9999.00
 00025   800.91    15.87    49.89     1.56   162.94    21.09  9999.00  9999.00  9999.00  9999.00
 00026  1016.16    17.78    83.36     0.69   102.46    16.35  9999.00  9999.00  9999.00  9999.00
 00027  1011.71    18.30    85.38     1.31   149.90    16.18  9999.00  9999.00  9999.00  9999.00
 00028   981.30    16.80    89.20     1.12   209.52     9.33  9999.00  9999.00  9999.00  9999.00
 00029  1014.78    24.10    59.17     1.16   124.54    20.27  9999.00  9999.00  9999.00  9999.00
 00030  1003.40    22.86    77.29     2.28   148.08    22.29  9999.00  9999.00  9999.00  9999.00
 00031   575.12    -2.73    32.68     1.40   191.30    30.34  9999.00  9999.00  9999.00  9999.00
 00032   985.01    21.09    57.15     1.04   107.41    17.12  9999.00  9999.00  9999.00  9999.00
 00033  1016.60    21.31    85.05     2.33   111.46    21.32  9999.00  9999.00  9999.00  9999.00
 00034  1017.88    27.39    59.08     5.76    53.19    22.26  9999.00  9999.00  9999.00  9999.00
 00035  1015.55    28.20    51.74     3.13    86.47    21.11  9999.00  9999.00  9999.00  9999.00
 00036   782.81     9.40    71.59     1.15   324.04    20.70  9999.00  9999.00  9999.00  9999.00
 00037   975.24    20.72    58.33     0.89    98.26    17.06  9999.00  9999.00  9999.00  9999.00
 00038  1003.32    22.95    51.99     0.23   231.85    19.26  9999.00  9999.00  9999.00  9999.00
 00039  1016.95    22.96    57.18     4.09    41.23    18.72  9999.00  9999.00  9999.00  9999.00
 00040  1014.93    23.77    53.01     1.12    58.61    19.87  9999.00  9999.00  9999.00  9999.00
 00041   976.32    15.23    89.33     1.23   142.41     9.60  9999.00  9999.00  9999.00  9999.00
 00042  1017.16    20.67    63.69     2.51   230.78    18.28  9999.00  9999.00  9999.00  9999.00
 00043  1009.50    20.09    64.01     0.65    69.29    18.88  9999.00  9999.00  9999.00  9999.00
 00044   990.76    19.87    60.20     0.62    42.61    17.83  9999.00  9999.00  9999.00  9999.00
 00045  1014.93    23.77    53.01     1.12    58.61    19.87  9999.00  9999.00  9999.00  9999.00
 00046   948.75    19.65    45.05     1.54   229.90    18.38  9999.00  9999.00  9999.00  9999.00
 00047  1009.38    20.94    64.52     1.37   147.95    17.86  9999.00  9999.00  9999.00  9999.00
 00048   607.95    -2.85    51.42     1.06    95.04    33.43  9999.00  9999.00  9999.00  9999.00
 00049   579.26    -4.75    58.97     1.20   183.22    27.93  9999.00  9999.00  9999.00  9999.00
 00050  1008.95    24.23    44.14     2.47    51.11    18.26  9999.00  9999.00  9999.00  9999.00
