stn_id       p       t2      rh2      spd      dir      vis    rain6   rain24   tmax24   tmin24 
 00001   977.20    11.13    99.00     1.08   116.58     5.15  9999.00  9999.00  9999.00  9999.00
 00002   996.78     4.04    65.44     1.86   277.73    22.98  9999.00  9999.00  9999.00  9999.00
 00003   905.21     2.73    52.26     0.64   292.91    21.27  9999.00  9999.00  9999.00  9999.00
 00004   834.71     3.65    32.29     2.99   208.67    21.58  9999.00  9999.00  9999.00  9999.00
 00005   868.49     1.09    41.64     1.41   159.45    24.88  9999.00  9999.00  9999.00  9999.00
 00006   875.62     4.75    23.54     7.31   240.98    27.75  9999.00  9999.00  9999.00  9999.00
 00007  1005.87     4.29    89.70     5.27   180.64    27.68  9999.00  9999.00  9999.00  9999.00
 00008   987.01     3.02    76.63     5.62   174.65    34.06  9999.00  9999.00  9999.00  9999.00
 00009   945.35   -20.81    87.38     1.79   186.91    56.02  9999.00  9999.00  9999.00  9999.00
 00010   969.45     2.21    83.52     1.09   166.46    32.07  9999.00  9999.00  9999.00  9999.00
 00011   995.85    -1.29    54.58     3.71   165.14    40.51  9999.00  9999.00  9999.00  9999.00
 00012  1013.25     4.11    73.40     0.91   122.89    23.77  9999.00  9999.00  9999.00  9999.00
 00013  1016.62    11.22    64.05     2.76   162.41    18.36  9999.00  9999.00  9999.00  9999.00
 00014  1014.79    11.68    62.88     3.03   202.78    18.31  9999.00  9999.00  9999.00  9999.00
 00015   997.03     9.61    70.55     3.10   149.43    18.76  9999.00  9999.00  9999.00  9999.00
 00016   958.36     4.60    81.98     0.95    87.54    17.79  9999.00  9999.00  9999.00  9999.00
 00017   998.95     9.93    71.17     2.38   302.49    18.31  9999.00  9999.00  9999.00  9999.00
 00018  1014.44    13.95    55.63     3.14   166.48    18.08  9999.00  9999.00  9999.00  9999.00
 00019   940.16    11.03    89.55     0.73    58.37    19.86  9999.00  9999.00  9999.00  9999.00
 00020  1020.94    13.26    65.19     3.37   193.64    18.23  9999.00  9999.00  9999.00  9999.00
 00021   893.92    -1.75    72.69     1.77   211.46    38.74  9999.00  9999.00  9999.00  9999.00
 00022  1016.05     5.32    61.14     2.30   159.06    21.48  9999.00  9999.00  9999.00  9999.00
 00023   922.18     1.55    88.03     1.89   237.68     6.91  9999.00  9999.00  9999.00  9999.00
 00024   945.97    -1.05    97.57     1.04   272.82     8.05  9999.00  9999.00  9999.00  9999.00
 00025   795.93     9.28    90.32     2.59   206.78    20.97  9999.00  9999.00  9999.00  9999.00
 00026  1015.57    12.50    76.59     1.47   132.20    18.44  9999.00  9999.00  9999.00  9999.00
 00027  1010.58    14.61    74.98     1.82   155.81    17.86  9999.00  9999.00  9999.00  9999.00
 00028   979.38    15.01    87.69     1.91   188.86    14.81  9999.00  9999.00  9999.00  9999.00
 00029  1015.60    15.43    65.27     2.46   118.30    20.23  9999.00  9999.00  9999.00  9999.00
 00030  1003.17    17.18    82.05     3.16   144.18    22.17  9999.00  9999.00  9999.00  9999.00
 00031   571.46    -9.08    64.96     1.78   214.10    28.45  9999.00  9999.00  9999.00  9999.00
 00032   987.17     9.95    79.68     2.07   296.40    17.13  9999.00  9999.00  9999.00  9999.00
 00033  1017.79    18.23    96.33     2.48   159.20     4.53  9999.00  9999.00  9999.00  9999.00
 00034  1018.68    24.71    69.30     7.32    58.18    22.35  9999.00  9999.00  9999.00  9999.00
 00035  1016.94    19.60    90.48     1.47    25.21    16.53  9999.00  9999.00  9999.00  9999.00
 00036   776.58     6.62    87.78     1.15   132.41    17.50  9999.00  9999.00  9999.00  9999.00
 00037   977.39     9.42    81.81     1.39   300.83    17.07  9999.00  9999.00  9999.00  9999.00
 00038  1005.86    10.96    68.95     1.39   302.59    19.26  9999.00  9999.00  9999.00  9999.00
 00039  1018.92    16.40    66.00     6.17   339.50    18.72  9999.00  9999.00  9999.00  9999.00
 00040  1016.97    15.46    59.24     4.19   355.80    19.85  9999.00  9999.00  9999.00  9999.00
 00041   976.27    10.12    71.50     1.65   160.86    17.48  9999.00  9999.00  9999.00  9999.00
 00042  1016.91    11.35    64.11     2.55   171.75    18.23  9999.00  9999.00  9999.00  9999.00
 00043  1009.02    13.80    77.26     1.27   161.91    18.81  9999.00  9999.00  9999.00  9999.00
 00044   991.90     9.78    69.05     1.65    93.75    17.79  9999.00  9999.00  9999.00  9999.00
 00045  1016.97    15.46    59.24     4.19   355.80    19.85  9999.00  9999.00  9999.00  9999.00
 00046   949.95    10.06    72.03     1.35   112.56    18.38  9999.00  9999.00  9999.00  9999.00
 00047  1012.04    11.66    77.77     2.87   302.56    17.86  9999.00  9999.00  9999.00  9999.00
 00048   602.74    -5.07    69.23     1.03   184.85    33.32  9999.00  9999.00  9999.00  9999.00
 00049   575.22   -12.59    98.93     0.82    53.96     6.58  9999.00  9999.00  9999.00  9999.00
 00050  1011.07    13.74    62.83     4.17   324.59    18.27  9999.00  9999.00  9999.00  9999.00
