stn_id       p       t2      rh2      spd      dir      vis    rain6   rain24   tmax24   tmin24 
 00001   980.42     9.85    99.33     0.93   125.54     0.85     0.00     0.06    20.51     8.57
 00002   994.66     9.32    46.67     3.44   256.79    22.65     0.00     0.00    16.72     2.49
 00003   904.75     1.28    65.33     1.29   200.63    20.96     0.00     0.00    16.92    -2.11
 00004   834.53     1.86    35.33     3.26   225.84    21.20     0.00     0.03    11.60    -1.83
 00005   867.83    -0.72    53.29     0.55   108.03    24.41     0.00     0.00    11.81    -2.33
 00006   874.56     5.81    25.62     7.07   252.69    27.25     0.00     0.00    12.38     0.34
 00007  1003.56     4.43    58.16     3.35   174.60    27.81     0.00    -0.00     9.30    -0.76
 00008   987.16     2.79    56.08     3.02   192.87    33.66     0.00     0.00     5.40    -3.95
 00009   940.40   -10.59    87.40     2.24   285.56    55.57     0.04     3.47    -2.38   -17.67
 00010   967.11     1.57    56.05     0.54   147.78    34.18     0.02     0.02     6.74    -2.94
 00011   994.33     0.80    60.18     2.91   180.86    39.99     0.00     0.00     4.39    -4.55
 00012  1010.22     2.66    76.96     1.36   350.55    23.41     0.00     0.00    15.91    -0.34
 00013  1015.72    13.91    95.93     1.93   247.15     3.73     0.00     0.02    23.90    11.71
 00014  1012.90    13.49    90.13     1.89   238.55    16.00     0.00     0.01    22.21     9.71
 00015   996.35    11.81    70.69     3.88   204.91    18.59     0.00     0.00    18.10     7.93
 00016   960.05     4.89    77.33     1.35   200.73    17.77     0.00     0.00    21.53     2.88
 00017   999.79    12.85    53.81     4.12   281.76    18.27     0.00     0.00    24.43    10.34
 00018  1014.51    11.94    95.62     1.53   216.72     0.91     0.00     0.00    24.30     9.47
 00019   943.11    10.48    78.60     1.01   298.63    20.57     0.00     0.12    22.19     9.60
 00020  1017.90    15.19    91.85     2.67   271.07    18.24     0.00     0.00    22.62    12.05
 00021   898.65     1.41    91.39     3.37   325.74     3.46     0.82     0.98     8.77    -2.66
 00022  1013.06     6.56    86.69     2.24   212.89    21.17     0.00     0.00    16.28     3.54
 00023   927.97    -0.72    93.57     4.03   255.51    19.85     0.46     2.18     9.46    -0.73
 00024   949.60    -1.75    79.18    11.29   285.11    37.35     0.59     1.63     3.81    -1.62
 00025   801.31     8.65    93.03     2.44    79.20    21.15     0.00    -0.00    20.42     8.53
 00026  1016.01    12.33    97.51     0.73   238.49     0.21     0.07     4.50    19.56    11.15
 00027  1012.55    13.65    98.32     0.73   169.06     0.26     0.16     1.47    20.75    12.65
 00028   982.20    11.46    98.78     1.24   187.49     0.38     0.16     7.10    20.40    10.68
 00029  1012.82    18.71    80.61     2.01   351.88    20.25     0.00     0.00    26.88    16.61
 00030  1003.47    16.94    92.18     2.60   336.49    22.32     0.00     0.77    26.34    15.85
 00031   573.03    -8.93    76.53     1.70   210.99    30.14     0.00     0.30     2.60    -8.97
 00032   983.13    14.73    85.66     1.61   300.37     8.80     0.00     0.14    22.74    10.21
 00033  1015.29    21.59    91.93     1.77   357.09    16.62     0.29     0.29    23.15    20.25
 00034  1016.19    27.15    64.23     7.76    56.86    22.19     0.00    -0.00    27.69    26.62
 00035  1014.51    22.42    85.11     1.92   349.72    13.93     0.01     0.86    28.49    21.12
 00036   782.24     6.21    92.05     1.01    46.55     8.29     4.45    10.76    14.18     6.08
 00037   973.45    14.20    88.80     1.17   300.03     4.74     0.00     0.11    22.92     9.79
 00038  1001.34    16.79    81.03     0.97   311.31    19.25     0.00     0.00    25.81    12.73
 00039  1014.69    20.88    71.54     3.95   259.07    18.70     0.00     0.01    24.11    18.46
 00040  1012.47    20.36    70.66     2.23   353.56    19.84     0.00     0.00    25.56    17.67
 00041   975.41     9.39    96.86     0.86   219.67     0.32     0.03     2.63    18.43     7.51
 00042  1016.28    14.25    87.82     2.56   230.09    18.29     0.00     0.10    23.19    11.76
 00043  1009.63    12.84    98.08     0.70   248.25     0.20     0.03     0.43    20.76    11.76
 00044   990.25    12.50    94.99     0.64   248.32     4.06     0.00     0.66    21.31     9.30
 00045  1012.47    20.36    70.66     2.23   353.56    19.84     0.00     0.00    25.56    17.67
 00046   947.53    14.84    75.96     1.24    27.34    18.41     0.00     0.00    20.07    12.44
 00047  1007.16    17.34    88.34     2.04   308.10    17.84     0.01     0.51    22.80    14.62
 00048   604.68    -5.61    78.39     0.96   169.69    33.07     0.02     0.43     4.63    -8.24
 00049   577.13   -11.68    98.21     0.71    93.56    12.07     0.22     1.33    -1.32   -12.87
 00050  1006.97    18.90    68.03     2.36   337.55    18.24     0.00     0.00    26.07    13.92
