stn_id       p       t2      rh2      spd      dir      vis    rain6   rain24   tmax24   tmin24 
 00001   960.03    30.52    73.75     2.17   176.13    16.03     0.77  9999.00  9999.00  9999.00
 00002   987.08    23.87    97.35     3.10   280.54     0.36    49.59  9999.00  9999.00  9999.00
 00003   896.35    26.11    72.02     4.81    86.47    19.75     0.58  9999.00  9999.00  9999.00
 00004   830.36    23.07    69.70     3.92   158.25    20.27     0.90  9999.00  9999.00  9999.00
 00005   864.33    24.13    65.77     5.80   143.78    23.49     6.63  9999.00  9999.00  9999.00
 00006   877.54    21.57    86.73     5.64   117.05     1.41     5.41  9999.00  9999.00  9999.00
 00007  1001.87    29.96    60.69     3.05   240.30    25.20    -0.00  9999.00  9999.00  9999.00
 00008   985.76    30.35    62.01     3.57   237.43    26.46     0.18  9999.00  9999.00  9999.00
 00009   936.32    30.61    44.28     4.68   246.26    36.77     0.00  9999.00  9999.00  9999.00
 00010   965.11    27.63    64.86     3.01   303.11    27.40     1.06  9999.00  9999.00  9999.00
 00011   991.86    30.63    53.41     1.27   297.28    28.11     0.11  9999.00  9999.00  9999.00
 00012  1005.31    24.10    92.51     3.78    86.27     1.57     6.42  9999.00  9999.00  9999.00
 00013  1002.50    30.11    76.86     3.43   112.81    13.26     8.69  9999.00  9999.00  9999.00
 00014  1000.00    30.41    70.32     2.92    94.85    27.17     0.43  9999.00  9999.00  9999.00
 00015   987.90    27.33    84.02     4.50   151.42    11.45     1.08  9999.00  9999.00  9999.00
 00016   942.70    31.94    58.32     1.87    52.22    26.08     0.06  9999.00  9999.00  9999.00
 00017   986.79    27.16    88.00     2.86   152.94    25.03     1.28  9999.00  9999.00  9999.00
 00018  1000.13    31.75    69.23     3.89   157.28    23.72     0.07  9999.00  9999.00  9999.00
 00019   926.29    28.51    70.96     1.56   186.93    27.76     0.31  9999.00  9999.00  9999.00
 00020  1007.63    28.10    79.55     5.60   116.66    23.83     0.03  9999.00  9999.00  9999.00
 00021   883.56    30.05    16.94     2.66   328.46    26.25     0.00  9999.00  9999.00  9999.00
 00022  1008.02    22.53    95.52     5.05    93.89     3.15    17.12  9999.00  9999.00  9999.00
 00023   909.85    31.48    20.22     5.26   299.05    21.79     0.00  9999.00  9999.00  9999.00
 00024   932.27    33.47    16.90     2.26   305.85    23.89     0.00  9999.00  9999.00  9999.00
 00025   791.23    22.97    77.57     1.88   133.83    24.89     0.66  9999.00  9999.00  9999.00
 00026   998.89    31.93    73.34     1.59   172.62    28.40     1.05  9999.00  9999.00  9999.00
 00027   993.92    32.86    69.75     3.11   199.09    28.25     0.16  9999.00  9999.00  9999.00
 00028   964.06    31.67    65.21     3.71   202.10    26.78     0.25  9999.00  9999.00  9999.00
 00029   998.46    31.32    70.20     1.98   130.84    27.96     1.45  9999.00  9999.00  9999.00
 00030   987.45    29.03    79.96     2.35   153.04    15.80     4.31  9999.00  9999.00  9999.00
 00031   574.02    13.17    55.03     0.79    57.24    22.87     0.26  9999.00  9999.00  9999.00
 00032   971.67    25.73    85.11     1.55    94.67     3.14     1.61  9999.00  9999.00  9999.00
 00033  1000.97    23.40    97.26     3.07   134.43     1.61     0.08  9999.00  9999.00  9999.00
 00034  1004.94    28.18    84.90     6.27   295.34    32.25     0.99  9999.00  9999.00  9999.00
 00035  1000.35    30.54    76.02     2.27    95.44    15.17     1.66  9999.00  9999.00  9999.00
 00036   771.88    22.68    68.36     1.88   212.49    24.35     0.83  9999.00  9999.00  9999.00
 00037   962.16    26.32    82.03     1.65   104.75     4.74     1.62  9999.00  9999.00  9999.00
 00038   988.38    29.53    69.48     1.83   117.60    27.21     0.35  9999.00  9999.00  9999.00
 00039  1002.27    26.11    86.87     3.78    98.11    26.26     0.15  9999.00  9999.00  9999.00
 00040   999.96    27.85    82.29     5.22    99.14    25.88     0.42  9999.00  9999.00  9999.00
 00041   962.46    28.31    74.80     1.93   142.62    26.79     0.58  9999.00  9999.00  9999.00
 00042  1001.95    31.14    72.66     1.45   146.41    24.79     2.83  9999.00  9999.00  9999.00
 00043   992.71    31.55    70.31     1.53   213.97    27.74     0.93  9999.00  9999.00  9999.00
 00044   976.73    27.97    79.95     2.69    86.37    12.49     0.95  9999.00  9999.00  9999.00
 00045   999.96    27.85    82.29     5.22    99.14    25.88     0.42  9999.00  9999.00  9999.00
 00046   935.73    28.84    61.41     0.63   228.33    27.57     0.29  9999.00  9999.00  9999.00
 00047   995.17    26.90    82.12     2.47   124.36     8.66     0.38  9999.00  9999.00  9999.00
 00048   604.47    14.99    62.32     0.85   186.37    27.39     0.46  9999.00  9999.00  9999.00
 00049   577.67    11.15    63.73     2.67   208.06    21.14     0.40  9999.00  9999.00  9999.00
 00050   994.63    27.97    81.21     2.80   115.84    15.04     1.41  9999.00  9999.00  9999.00
