stn_id       p       t2      rh2      spd      dir      vis    rain6   rain24   tmax24   tmin24 
 00001   961.34    27.75    88.36     0.63   105.40    26.59  9999.00  9999.00  9999.00  9999.00
 00002   989.28    22.48    94.97     2.56   293.20     5.73  9999.00  9999.00  9999.00  9999.00
 00003   898.99    20.00    94.36     2.49    56.17    20.10  9999.00  9999.00  9999.00  9999.00
 00004   832.13    18.12    94.07     2.64   140.61    10.60  9999.00  9999.00  9999.00  9999.00
 00005   865.84    19.94    86.41     2.62   120.54    25.46  9999.00  9999.00  9999.00  9999.00
 00006   876.69    20.22    85.93     5.23   149.97    26.84  9999.00  9999.00  9999.00  9999.00
 00007  1001.60    23.72    90.92     1.55   210.74    25.23  9999.00  9999.00  9999.00  9999.00
 00008   985.67    24.04    87.12     3.42   216.95    26.48  9999.00  9999.00  9999.00  9999.00
 00009   936.50    20.60    86.52     1.23   255.15    36.94  9999.00  9999.00  9999.00  9999.00
 00010   965.76    20.89    94.10     1.34   245.13    27.47  9999.00  9999.00  9999.00  9999.00
 00011   990.55    24.77    87.07     3.69   193.38    28.18  9999.00  9999.00  9999.00  9999.00
 00012  1005.78    23.75    92.20     2.28   105.59    15.29  9999.00  9999.00  9999.00  9999.00
 00013  1004.07    25.67    88.89     4.18   119.31    26.39  9999.00  9999.00  9999.00  9999.00
 00014  1001.03    23.72    96.44     2.75    60.34    27.24  9999.00  9999.00  9999.00  9999.00
 00015   989.22    25.93    86.52     3.16   148.82    22.74  9999.00  9999.00  9999.00  9999.00
 00016   944.70    25.93    85.14     1.85    87.92    26.12  9999.00  9999.00  9999.00  9999.00
 00017   989.21    24.95    97.47     1.29    73.05     9.38  9999.00  9999.00  9999.00  9999.00
 00018  1001.71    26.20    93.73     2.98   102.31    17.74  9999.00  9999.00  9999.00  9999.00
 00019   928.01    24.93    89.05     0.89   329.29    22.31  9999.00  9999.00  9999.00  9999.00
 00020  1007.96    23.16    95.21     2.99    79.84    24.08  9999.00  9999.00  9999.00  9999.00
 00021   883.54    25.89    18.66     1.38    91.97    26.26  9999.00  9999.00  9999.00  9999.00
 00022  1008.28    22.08    88.25     4.51   100.35    22.76  9999.00  9999.00  9999.00  9999.00
 00023   910.16    26.83    30.85     0.76   163.26    21.86  9999.00  9999.00  9999.00  9999.00
 00024   931.26    30.16    21.16     4.72   295.92    23.89  9999.00  9999.00  9999.00  9999.00
 00025   792.57    17.72    93.12     1.82   186.47    24.38  9999.00  9999.00  9999.00  9999.00
 00026  1000.42    26.38    96.46     0.77   204.99    19.61  9999.00  9999.00  9999.00  9999.00
 00027   995.76    27.37    90.19     2.05   150.84    28.25  9999.00  9999.00  9999.00  9999.00
 00028   965.74    26.43    91.04     0.90   128.03    26.73  9999.00  9999.00  9999.00  9999.00
 00029  1000.73    26.26    91.90     1.87   154.31    26.03  9999.00  9999.00  9999.00  9999.00
 00030   989.00    26.16    91.90     2.24   135.31    31.42  9999.00  9999.00  9999.00  9999.00
 00031   574.21     7.84    86.30     0.78   227.28    12.03  9999.00  9999.00  9999.00  9999.00
 00032   972.20    21.65    98.98     0.66   145.89     1.10  9999.00  9999.00  9999.00  9999.00
 00033  1003.18    23.78    98.99     2.18   236.77     1.13  9999.00  9999.00  9999.00  9999.00
 00034  1006.14    27.95    87.55     6.34   232.61    34.82  9999.00  9999.00  9999.00  9999.00
 00035  1002.36    26.35    96.19     1.29   271.85     5.63  9999.00  9999.00  9999.00  9999.00
 00036   773.57    17.06    93.51     0.53    93.72    13.40  9999.00  9999.00  9999.00  9999.00
 00037   962.72    22.18    99.05     0.43   166.08     1.81  9999.00  9999.00  9999.00  9999.00
 00038   990.06    24.21    93.94     1.11   127.99    22.83  9999.00  9999.00  9999.00  9999.00
 00039  1003.07    24.32    93.00     4.16    43.24    26.65  9999.00  9999.00  9999.00  9999.00
 00040  1001.20    24.82    94.68     2.53    64.15    28.52  9999.00  9999.00  9999.00  9999.00
 00041   963.28    23.25    95.80     1.25    92.05    26.86  9999.00  9999.00  9999.00  9999.00
 00042  1003.34    25.84    87.52     4.11    95.06    26.92  9999.00  9999.00  9999.00  9999.00
 00043   994.28    26.38    94.72     1.06    80.77    28.96  9999.00  9999.00  9999.00  9999.00
 00044   976.67    24.78    93.22     1.22    90.02    27.01  9999.00  9999.00  9999.00  9999.00
 00045  1001.20    24.82    94.68     2.53    64.15    28.52  9999.00  9999.00  9999.00  9999.00
 00046   936.66    23.69    92.74     0.70   146.01    14.51  9999.00  9999.00  9999.00  9999.00
 00047   995.40    23.19    97.84     1.01   301.38     1.27  9999.00  9999.00  9999.00  9999.00
 00048   604.41    10.64    83.16     0.67   133.16    17.73  9999.00  9999.00  9999.00  9999.00
 00049   578.37     5.86    97.72     1.15   215.84     3.83  9999.00  9999.00  9999.00  9999.00
 00050   995.47    23.97    90.98     2.01    46.14    19.94  9999.00  9999.00  9999.00  9999.00
