stn_id       p       t2      rh2      spd      dir      vis    rain6   rain24   tmax24   tmin24 
 00001   972.15    10.46    80.71     1.45    98.25    17.88  9999.00  9999.00  9999.00  9999.00
 00002  1009.62    -2.32    78.75     2.13   325.30    26.85  9999.00  9999.00  9999.00  9999.00
 00003   909.41    -4.56    56.61     2.34    39.89    25.14  9999.00  9999.00  9999.00  9999.00
 00004   836.63    -9.02    64.19     2.29   125.38    26.33  9999.00  9999.00  9999.00  9999.00
 00005   874.89    -7.98    63.97     3.31    36.82    31.13  9999.00  9999.00  9999.00  9999.00
 00006   888.23   -12.55    92.19     1.15   170.30    34.63  9999.00  9999.00  9999.00  9999.00
 00007  1020.32    -8.15    61.24     1.94   297.26    32.91  9999.00  9999.00  9999.00  9999.00
 00008  1000.51   -11.03    78.83     3.81   291.18    39.62  9999.00  9999.00  9999.00  9999.00
 00009   951.60   -34.40    99.74     1.57   208.02    51.80  9999.00  9999.00  9999.00  9999.00
 00010   974.72   -12.80    68.58     2.81   269.70    37.62  9999.00  9999.00  9999.00  9999.00
 00011  1006.25   -11.20    71.51     1.17   212.49    44.70  9999.00  9999.00  9999.00  9999.00
 00012  1027.79    -3.64    56.55     2.16    30.32    28.18  9999.00  9999.00  9999.00  9999.00
 00013  1021.77     7.49    89.34     2.67    58.15    19.00  9999.00  9999.00  9999.00  9999.00
 00014  1017.74     7.23    98.99     1.70    17.04    18.36  9999.00  9999.00  9999.00  9999.00
 00015  1007.62    -0.41    92.10     2.24    87.18    21.23  9999.00  9999.00  9999.00  9999.00
 00016   958.90     2.80    90.83     1.91    72.30     5.42  9999.00  9999.00  9999.00  9999.00
 00017  1007.98     0.47    92.27     2.38    61.76    19.31  9999.00  9999.00  9999.00  9999.00
 00018  1019.92    10.25    89.28     3.16    80.57    18.26  9999.00  9999.00  9999.00  9999.00
 00019   935.94     8.39    89.32     1.05    99.00     6.71  9999.00  9999.00  9999.00  9999.00
 00020  1023.50     8.37    88.37     3.24   339.36    18.87  9999.00  9999.00  9999.00  9999.00
 00021   893.57    -8.65    84.51     1.02   104.75    33.70  9999.00  9999.00  9999.00  9999.00
 00022  1029.92    -2.31    84.33     3.22    49.52    25.51  9999.00  9999.00  9999.00  9999.00
 00023   920.63    -7.28    65.75     2.00   156.60    40.29  9999.00  9999.00  9999.00  9999.00
 00024   949.30    -6.80    93.82     5.15   119.23    34.69  9999.00  9999.00  9999.00  9999.00
 00025   792.89     5.85    71.19     2.78   218.70    19.64  9999.00  9999.00  9999.00  9999.00
 00026  1016.39    10.89    94.07     2.19    47.05    17.96  9999.00  9999.00  9999.00  9999.00
 00027  1010.26    10.13    92.49     2.54    85.02    16.36  9999.00  9999.00  9999.00  9999.00
 00028   977.49     8.15    96.64     0.49   285.45     2.17  9999.00  9999.00  9999.00  9999.00
 00029  1010.46    16.11    80.86     2.61    28.19    19.87  9999.00  9999.00  9999.00  9999.00
 00030   997.75    14.99    87.06     1.92     6.89     7.88  9999.00  9999.00  9999.00  9999.00
 00031   566.74   -11.87    49.62     2.59   276.94    33.03  9999.00  9999.00  9999.00  9999.00
 00032   984.12    12.72    90.36     1.44    62.08    17.39  9999.00  9999.00  9999.00  9999.00
 00033  1009.90    21.35    98.57     3.39   106.44     8.59  9999.00  9999.00  9999.00  9999.00
 00034  1011.33    27.76    72.04     5.31    73.17    23.90  9999.00  9999.00  9999.00  9999.00
 00035  1009.14    22.95    96.87     1.94    95.85    20.15  9999.00  9999.00  9999.00  9999.00
 00036   770.40     5.73    51.66     2.18   161.09    20.34  9999.00  9999.00  9999.00  9999.00
 00037   974.22    12.83    93.53     0.92    34.19    17.43  9999.00  9999.00  9999.00  9999.00
 00038  1000.62    17.20    88.78     1.06    93.58    19.19  9999.00  9999.00  9999.00  9999.00
 00039  1014.50    18.65    84.89    10.04    27.55    19.08  9999.00  9999.00  9999.00  9999.00
 00040  1011.68    19.26    86.72     7.30    36.60    19.87  9999.00  9999.00  9999.00  9999.00
 00041   977.60     8.75    98.91     1.72    63.89     7.21  9999.00  9999.00  9999.00  9999.00
 00042  1021.21    10.13    92.07     2.52    76.67    16.16  9999.00  9999.00  9999.00  9999.00
 00043  1009.38    11.05    95.20     1.89    40.42    17.79  9999.00  9999.00  9999.00  9999.00
 00044   991.35     8.93    99.11     2.26    58.12    13.12  9999.00  9999.00  9999.00  9999.00
 00045  1011.68    19.26    86.72     7.30    36.60    19.87  9999.00  9999.00  9999.00  9999.00
 00046   946.07    12.15    98.96     1.31    76.32     6.96  9999.00  9999.00  9999.00  9999.00
 00047  1010.04    12.79    86.56     3.61   332.65    17.20  9999.00  9999.00  9999.00  9999.00
 00048   596.25    -6.64    62.22     1.20   208.68    34.71  9999.00  9999.00  9999.00  9999.00
 00049   568.93   -11.54    96.10     1.11   222.91     6.05  9999.00  9999.00  9999.00  9999.00
 00050  1007.18    15.34    85.69     4.96    17.23    18.66  9999.00  9999.00  9999.00  9999.00
