stn_id       p       t2      rh2      spd      dir      vis    rain6   rain24   tmax24   tmin24 
 00001   965.09    28.06    67.27     1.01    43.45    25.56     0.00  9999.00  9999.00  9999.00
 00002   989.74    26.44    78.42     0.68   258.56    24.76     0.02  9999.00  9999.00  9999.00
 00003   900.59    19.79    87.62     1.53    43.88    24.30     2.70  9999.00  9999.00  9999.00
 00004   834.36    16.05    77.06     1.60   130.34    24.44     0.04  9999.00  9999.00  9999.00
 00005   867.53    22.82    40.33     1.58   232.59    26.92     0.00  9999.00  9999.00  9999.00
 00006   877.14    21.93    25.43     2.97   335.06    27.70     0.00  9999.00  9999.00  9999.00
 00007  1000.69    21.88    74.56     1.73   184.48    25.51     0.00  9999.00  9999.00  9999.00
 00008   986.02    21.43    73.09     2.62   169.20    26.97     0.04  9999.00  9999.00  9999.00
 00009   948.91     7.09    85.29     1.82   156.63     9.29     1.74  9999.00  9999.00  9999.00
 00010   967.66    17.17    94.75     1.50    95.17    29.90     0.00  9999.00  9999.00  9999.00
 00011   993.06    22.08    65.42     3.38   169.87    28.46     0.00  9999.00  9999.00  9999.00
 00012  1005.40    24.36    79.75     0.83   147.30    23.74     0.00  9999.00  9999.00  9999.00
 00013  1005.58    24.03    77.93     2.49    51.09    23.75     0.00  9999.00  9999.00  9999.00
 00014  1002.59    24.63    91.61     2.22    62.28    24.88     0.18  9999.00  9999.00  9999.00
 00015   990.73    24.98    77.49     1.69   182.47    20.22     0.00  9999.00  9999.00  9999.00
 00016   948.10    25.45    69.62     2.37    69.51    25.04     0.00  9999.00  9999.00  9999.00
 00017   991.42    25.17    76.33     2.13   169.01    23.22     0.00  9999.00  9999.00  9999.00
 00018  1004.55    22.96    79.05     2.59    39.83    23.55     0.00  9999.00  9999.00  9999.00
 00019   930.88    25.85    75.14     0.98   297.88    27.23     0.06  9999.00  9999.00  9999.00
 00020  1009.11    22.24    91.41     2.42    29.59    22.27     0.19  9999.00  9999.00  9999.00
 00021   885.23    25.03    25.14     3.53   298.19    27.00     0.00  9999.00  9999.00  9999.00
 00022  1008.03    25.04    82.66     2.14    64.55    21.37     0.06  9999.00  9999.00  9999.00
 00023   911.86    23.75    29.79     2.23   281.77    23.14     0.02  9999.00  9999.00  9999.00
 00024   936.34    24.92    22.52     2.11    34.26    25.28     0.00  9999.00  9999.00  9999.00
 00025   792.42    18.76    62.77     1.87    77.94    24.66     0.00  9999.00  9999.00  9999.00
 00026  1000.97    26.06    76.29     4.59     9.90    25.36     0.05  9999.00  9999.00  9999.00
 00027   998.24    21.26    82.41     4.04   337.78    25.23     8.72  9999.00  9999.00  9999.00
 00028   968.85    21.76    83.77     2.49     7.98    18.51     0.27  9999.00  9999.00  9999.00
 00029   996.27    25.77    95.41     1.18   108.26     9.60     2.86  9999.00  9999.00  9999.00
 00030   985.96    21.79    93.17     3.11   343.08     2.03    11.46  9999.00  9999.00  9999.00
 00031   573.37    12.60    43.52     1.21   180.75    24.48     0.22  9999.00  9999.00  9999.00
 00032   969.40    22.34    99.67     2.53    43.63     0.80     8.74  9999.00  9999.00  9999.00
 00033   997.70    20.80    93.48     5.69   230.09    21.60     0.08  9999.00  9999.00  9999.00
 00034  1001.77    27.74    85.01     6.37   245.05    23.79     0.35  9999.00  9999.00  9999.00
 00035   997.30    24.84    80.23     3.66   274.44    24.66     0.03  9999.00  9999.00  9999.00
 00036   774.19    20.83    47.51     0.57    59.57    24.33     0.00  9999.00  9999.00  9999.00
 00037   959.99    23.01    99.79     1.70    48.52     1.29     6.58  9999.00  9999.00  9999.00
 00038   984.80    25.95    91.04     1.75    18.12    20.76     2.66  9999.00  9999.00  9999.00
 00039   998.00    25.01    93.23    10.91    35.71     5.00     2.03  9999.00  9999.00  9999.00
 00040   995.41    26.35    88.21     5.82    32.97    20.46     2.81  9999.00  9999.00  9999.00
 00041   964.54    23.63    86.28     2.20    51.98    24.23     0.29  9999.00  9999.00  9999.00
 00042  1005.24    24.81    81.63     2.32    82.02    24.27     0.00  9999.00  9999.00  9999.00
 00043   994.42    26.44    79.11     3.69    28.60    25.65     0.09  9999.00  9999.00  9999.00
 00044   977.10    24.90    84.27     4.32    56.86    24.34     0.03  9999.00  9999.00  9999.00
 00045   995.41    26.35    88.21     5.82    32.97    20.46     2.81  9999.00  9999.00  9999.00
 00046   934.01    24.18    85.17     1.97    47.26    19.66     0.44  9999.00  9999.00  9999.00
 00047   995.65    23.59    97.44     4.74    55.10     4.03     2.79  9999.00  9999.00  9999.00
 00048   604.08    14.67    41.17     1.11   222.81    29.20     0.02  9999.00  9999.00  9999.00
 00049   578.41     6.12    84.13     2.16   203.66    21.81     0.66  9999.00  9999.00  9999.00
 00050   991.20    24.15    96.32     6.95    32.20    10.89     2.71  9999.00  9999.00  9999.00
