stn_id       p       t2      rh2      spd      dir      vis    rain6   rain24   tmax24   tmin24 
 00001   977.90    28.30    68.85     0.00     0.00     6.00     0.00  9999.00  9999.00  9999.00
 00002   998.90    25.50    70.97     1.00   220.00     6.00     0.00  9999.00  9999.00  9999.00
 00003   922.10    22.00    62.62     1.00   140.00    23.00     0.00  9999.00  9999.00  9999.00
 00004   857.40    18.20    68.71     3.00   250.00    30.00     0.00  9999.00  9999.00  9999.00
 00005   881.30    19.30    63.69     3.00   320.00    30.00     0.00  9999.00  9999.00  9999.00
 00006   880.10    23.30    43.80     2.00   110.00    12.00     0.60  9999.00  9999.00  9999.00
 00007  1006.00    20.40    84.93     1.00   110.00    27.00     0.00  9999.00  9999.00  9999.00
 00008   984.70    21.90    72.62     1.00    20.00     8.00     0.00  9999.00  9999.00  9999.00
 00009   960.60    12.30    51.73     2.00   160.00    23.00     0.00  9999.00  9999.00  9999.00
 00010   984.10    20.60    82.82     3.00    90.00    23.00     0.00  9999.00  9999.00  9999.00
 00011   999.60    18.80    74.97     3.00    70.00    30.00     0.00  9999.00  9999.00  9999.00
 00012  1006.00    24.20    76.76     0.00     0.00     7.00     0.00  9999.00  9999.00  9999.00
 00013  1007.40    24.30    94.11     1.00   140.00     7.00     0.00  9999.00  9999.00  9999.00
 00014  1006.30    26.50    82.96     2.00    70.00    16.00     0.00  9999.00  9999.00  9999.00
 00015  9999.00  9999.00  9999.00  9999.00  9999.00  9999.00  9999.00  9999.00  9999.00  9999.00
 00016   957.80    25.90    70.58     2.00    90.00    14.00     0.00  9999.00  9999.00  9999.00
 00017   996.70    27.20    55.82     1.00   110.00    26.00     0.00  9999.00  9999.00  9999.00
 00018  1008.40    25.40    85.94     0.00     0.00    11.00     0.00  9999.00  9999.00  9999.00
 00019   942.00    25.80    78.89     1.00   320.00    12.00     0.00  9999.00  9999.00  9999.00
 00020  1010.90    23.30    95.81     0.00   180.00  9999.00     0.00  9999.00  9999.00  9999.00
 00021   912.00    15.80    54.88     1.00    20.00    30.00     0.00  9999.00  9999.00  9999.00
 00022  1010.20    25.30    60.58     4.00   160.00    18.00     0.00  9999.00  9999.00  9999.00
 00023   935.20    16.80    40.86     4.00   290.00    30.00     0.00  9999.00  9999.00  9999.00
 00024   962.00    16.40    51.73     3.00   290.00    21.00     0.00  9999.00  9999.00  9999.00
 00025   811.50    20.30    68.65     1.00   200.00    26.00     0.00  9999.00  9999.00  9999.00
 00026  1005.50    26.10    81.91     0.00    90.00    21.00     0.00  9999.00  9999.00  9999.00
 00027   996.20    26.40    83.96     0.00     0.00    12.00     0.00  9999.00  9999.00  9999.00
 00028   976.40    26.30    71.54     1.00    20.00    17.00     0.00  9999.00  9999.00  9999.00
 00029  1003.10    25.50    90.79     1.00   140.00    20.00    21.00  9999.00  9999.00  9999.00
 00030   991.80    27.50    85.61     1.00   220.00    27.00     0.00  9999.00  9999.00  9999.00
 00031   625.20    20.60    18.79     1.00    20.00    30.00     0.00  9999.00  9999.00  9999.00
 00032  1001.10    29.00    73.76     1.00   140.00    12.00     0.00  9999.00  9999.00  9999.00
 00033  1001.70    25.90    94.74     2.00    70.00     8.00     2.00  9999.00  9999.00  9999.00
 00034  1008.30    27.60    87.70     0.00     0.00    30.00     2.00  9999.00  9999.00  9999.00
 00035  1006.80    28.20    88.81     1.00    70.00    30.00     0.00  9999.00  9999.00  9999.00
 00036   837.20    23.70    63.76     2.00   340.00    15.00     0.00  9999.00  9999.00  9999.00
 00037  1004.10    28.20    78.74     1.00    20.00    11.00     0.00  9999.00  9999.00  9999.00
 00038  1004.80    27.40    82.05     2.00    90.00     7.00     0.00  9999.00  9999.00  9999.00
 00039  1009.00    27.60    81.58     2.00   250.00    21.00     0.00  9999.00  9999.00  9999.00
 00040  1005.50    27.10    84.03     1.00   220.00    22.00     0.00  9999.00  9999.00  9999.00
 00041   818.30    15.00   100.00     2.00   180.00     2.20     1.00  9999.00  9999.00  9999.00
 00042  1006.30    25.10    88.04     1.00    90.00    11.00     0.00  9999.00  9999.00  9999.00
 00043  1003.00    26.20    98.22     2.00   140.00    16.00     0.00  9999.00  9999.00  9999.00
 00044   997.50    25.50    85.95     1.00   140.00    18.00     0.00  9999.00  9999.00  9999.00
 00045  1005.50    27.10    84.03     1.00   220.00    22.00     0.00  9999.00  9999.00  9999.00
 00046   965.70    25.40    98.80     1.00   220.00    14.00     0.00  9999.00  9999.00  9999.00
 00047  1006.20    27.90    73.60     1.00   250.00    16.00     0.00  9999.00  9999.00  9999.00
 00048   652.50    21.50    19.74     1.00    20.00    30.00     0.00  9999.00  9999.00  9999.00
 00049   605.10     8.10    80.10     3.00   220.00    30.00     0.00  9999.00  9999.00  9999.00
 00050  1003.80    28.00    75.89     2.00   200.00    24.00     0.00  9999.00  9999.00  9999.00
