stn_id       p       t2      rh2      spd      dir      vis    rain6   rain24   tmax24   tmin24 
 00001   977.50    32.70    49.51     2.00   200.00    30.00     0.00  9999.00  9999.00  9999.00
 00002   995.70    35.10    32.53     4.00    70.00    11.00     0.00  9999.00  9999.00  9999.00
 00003   920.00    32.30    27.68     1.00   360.00    30.00     0.00  9999.00  9999.00  9999.00
 00004   856.50    27.80    25.79     6.00   250.00    30.00     0.00  9999.00  9999.00  9999.00
 00005   881.30    28.30    25.75     6.00   200.00    30.00     0.00  9999.00  9999.00  9999.00
 00006   879.30    31.40    20.75    10.00   200.00    30.00     0.00  9999.00  9999.00  9999.00
 00007  1003.50    32.30    40.67     4.00   200.00    30.00     0.00  9999.00  9999.00  9999.00
 00008   980.50    32.80    35.67     7.00   250.00    15.00     0.00  9999.00  9999.00  9999.00
 00009   952.70    20.30    67.79     4.00   110.00    30.00     0.00  9999.00  9999.00  9999.00
 00010   980.90    29.80    57.47     1.00    90.00    21.00     0.00  9999.00  9999.00  9999.00
 00011   991.50    32.30    42.51     6.00   200.00    23.00     0.00  9999.00  9999.00  9999.00
 00012  1003.20    33.40    42.52     2.00   160.00    14.00     0.00  9999.00  9999.00  9999.00
 00013  1001.70    24.60    88.00     3.00   250.00    18.00    15.00  9999.00  9999.00  9999.00
 00014  1001.20    28.50    72.79     5.00   200.00    30.00     0.10  9999.00  9999.00  9999.00
 00015   987.70    28.50    52.68     4.00    90.00    30.00     0.00  9999.00  9999.00  9999.00
 00016   957.20    32.60    34.70     4.00    20.00    29.00     0.00  9999.00  9999.00  9999.00
 00017   992.50    31.40    43.65     3.00    70.00    23.00     0.00  9999.00  9999.00  9999.00
 00018  1003.00    26.10    83.93     3.00   160.00    17.00     1.00  9999.00  9999.00  9999.00
 00019   940.80    31.30    51.68     1.00   140.00    12.00     0.00  9999.00  9999.00  9999.00
 00020  1005.00    29.80    72.56     3.00   180.00    24.00     0.00  9999.00  9999.00  9999.00
 00021   903.70    27.70    20.75     3.00    20.00    30.00     0.00  9999.00  9999.00  9999.00
 00022  1007.90    31.00    43.56     8.00   160.00    30.00     0.00  9999.00  9999.00  9999.00
 00023   927.60    25.20    21.81     9.00   290.00    27.00     0.00  9999.00  9999.00  9999.00
 00024   954.80    23.20    34.75     3.00   140.00    30.00     0.00  9999.00  9999.00  9999.00
 00025   809.10    26.20    41.69     1.00    40.00    29.00     0.00  9999.00  9999.00  9999.00
 00026  1001.60    25.90    93.04     2.00   200.00     6.00     0.50  9999.00  9999.00  9999.00
 00027   993.50    27.50    71.75     2.00   140.00    30.00     1.00  9999.00  9999.00  9999.00
 00028   973.60    29.80    61.52     2.00    90.00    16.00     0.00  9999.00  9999.00  9999.00
 00029   998.90    30.70    67.62     5.00   180.00    30.00     0.00  9999.00  9999.00  9999.00
 00030   988.70    27.40    90.90     2.00   110.00    20.00     5.00  9999.00  9999.00  9999.00
 00031   626.10    24.10    16.69     1.00    90.00    30.00     0.00  9999.00  9999.00  9999.00
 00032   997.90    35.00    53.52     3.00   140.00    25.00     0.00  9999.00  9999.00  9999.00
 00033   998.10    31.90    70.74     4.00   320.00    26.00     0.00  9999.00  9999.00  9999.00
 00034  1006.20    33.00    66.42     2.00   180.00    30.00     0.00  9999.00  9999.00  9999.00
 00035  1003.60    33.00    65.62     3.00   140.00    30.00     0.00  9999.00  9999.00  9999.00
 00036   835.80    28.90    39.72     1.00   180.00    24.00     0.00  9999.00  9999.00  9999.00
 00037  1000.70    34.70    50.60     2.00    90.00    18.00     0.00  9999.00  9999.00  9999.00
 00038  1002.60    29.20    79.82     3.00   290.00    30.00     3.00  9999.00  9999.00  9999.00
 00039  1006.50    32.00    64.66     4.00   220.00    30.00     0.00  9999.00  9999.00  9999.00
 00040  1003.30    31.90    72.88     2.00   180.00    16.00     0.00  9999.00  9999.00  9999.00
 00041   813.90    15.40    96.81     8.00   250.00     0.00    22.00  9999.00  9999.00  9999.00
 00042  1001.30    24.70    89.64     4.00   250.00    20.00    14.00  9999.00  9999.00  9999.00
 00043   999.60    26.80   100.00     3.00   220.00    23.00     3.00  9999.00  9999.00  9999.00
 00044   994.70    25.10    89.12     1.00   140.00    30.00     4.00  9999.00  9999.00  9999.00
 00045  1003.30    31.90    72.88     2.00   180.00    16.00     0.00  9999.00  9999.00  9999.00
 00046   961.70    32.40    51.62     3.00   220.00    30.00     0.00  9999.00  9999.00  9999.00
 00047  1003.80    30.60    79.99     3.00    90.00    12.00     0.00  9999.00  9999.00  9999.00
 00048   654.80    23.20    23.66     2.00   290.00    22.00     0.00  9999.00  9999.00  9999.00
 00049   604.10    13.30    60.59    10.00   250.00    30.00     0.00  9999.00  9999.00  9999.00
 00050  1001.20    32.60    63.61     4.00   200.00    27.00     0.00  9999.00  9999.00  9999.00
