stn_id       p       t2      rh2      spd      dir      vis    rain6   rain24   tmax24   tmin24 
 00001   975.85    26.30  9999.00     1.00   140.00    12.00  9999.00  9999.00  9999.00  9999.00
 00002   996.76    28.00  9999.00     2.00   140.00    30.00  9999.00  9999.00  9999.00  9999.00
 00003   916.20    23.80  9999.00     1.00   200.00    23.00  9999.00  9999.00  9999.00  9999.00
 00004   848.08    20.50  9999.00     6.00   160.00    30.00  9999.00  9999.00  9999.00  9999.00
 00005   883.63    20.30  9999.00     2.00   340.00    30.00  9999.00  9999.00  9999.00  9999.00
 00006   872.43    22.30  9999.00     5.00   290.00    30.00  9999.00  9999.00  9999.00  9999.00
 00007  1002.95    25.30  9999.00     2.00   220.00    30.00  9999.00  9999.00  9999.00  9999.00
 00008   979.37    25.50  9999.00     2.00   220.00    14.00  9999.00  9999.00  9999.00  9999.00
 00009   952.86    15.20  9999.00     1.00   360.00     7.00  9999.00  9999.00  9999.00  9999.00
 00010   979.76    20.90  9999.00     2.00    70.00    13.00  9999.00  9999.00  9999.00  9999.00
 00011   987.56    28.20  9999.00     4.00   220.00    30.00  9999.00  9999.00  9999.00  9999.00
 00012  1003.66    25.40  9999.00     2.00   110.00    14.00  9999.00  9999.00  9999.00  9999.00
 00013  1005.46    24.40  9999.00     2.00   200.00    20.00  9999.00  9999.00  9999.00  9999.00
 00014  1002.47    25.00  9999.00     2.00   200.00    19.00  9999.00  9999.00  9999.00  9999.00
 00015   986.28    24.40  9999.00     1.00    40.00    30.00  9999.00  9999.00  9999.00  9999.00
 00016   953.30    27.00  9999.00     1.00    70.00    30.00  9999.00  9999.00  9999.00  9999.00
 00017   993.70    25.10  9999.00     2.00   140.00    30.00  9999.00  9999.00  9999.00  9999.00
 00018  1002.18    24.60  9999.00     2.00   140.00    16.00  9999.00  9999.00  9999.00  9999.00
 00019   936.88    27.60  9999.00     1.00    70.00    10.00  9999.00  9999.00  9999.00  9999.00
 00020  1006.62    26.10  9999.00     1.00   200.00    28.00  9999.00  9999.00  9999.00  9999.00
 00021   898.40    23.60  9999.00     1.00   360.00    30.00  9999.00  9999.00  9999.00  9999.00
 00022  1007.20    24.30  9999.00     4.00   110.00    18.00  9999.00  9999.00  9999.00  9999.00
 00023   926.00    17.60  9999.00     3.00   250.00    30.00  9999.00  9999.00  9999.00  9999.00
 00024   954.83    14.50  9999.00     0.00     0.00    30.00  9999.00  9999.00  9999.00  9999.00
 00025   810.60    22.10    62.60     2.00    90.00    22.00  9999.00  9999.00  9999.00  9999.00
 00026  1002.53    24.50  9999.00     1.00   220.00     2.10  9999.00  9999.00  9999.00  9999.00
 00027  1000.29    23.20  9999.00     2.00   160.00    30.00  9999.00  9999.00  9999.00  9999.00
 00028   976.29    23.80  9999.00     1.00   360.00    12.00  9999.00  9999.00  9999.00  9999.00
 00029  1004.88    25.00  9999.00     1.00   320.00     5.00  9999.00  9999.00  9999.00  9999.00
 00030   992.53    24.60  9999.00     2.00    90.00     5.00  9999.00  9999.00  9999.00  9999.00
 00031   624.60    20.50    24.71     4.00   160.00    30.00  9999.00  9999.00  9999.00  9999.00
 00032  1000.25    29.30  9999.00     3.00   180.00    30.00  9999.00  9999.00  9999.00  9999.00
 00033  1006.21    27.00  9999.00     2.00   160.00    29.00  9999.00  9999.00  9999.00  9999.00
 00034  1008.10    29.50  9999.00     1.00   200.00    30.00  9999.00  9999.00  9999.00  9999.00
 00035  1005.79    28.60  9999.00     1.00   160.00    26.00  9999.00  9999.00  9999.00  9999.00
 00036   837.60    22.20    63.87     3.00   360.00    30.00  9999.00  9999.00  9999.00  9999.00
 00037  1004.32    27.80  9999.00     1.00    40.00    26.00  9999.00  9999.00  9999.00  9999.00
 00038  1007.83    28.10  9999.00     3.00   160.00    30.00  9999.00  9999.00  9999.00  9999.00
 00039  1008.54    28.40  9999.00     4.00   270.00    23.00  9999.00  9999.00  9999.00  9999.00
 00040  1004.94    25.60  9999.00     0.00     0.00     6.00  9999.00  9999.00  9999.00  9999.00
 00041   814.40    15.20    96.81    12.00   250.00     0.00  9999.00  9999.00  9999.00  9999.00
 00042  1004.79    24.20  9999.00     0.00     0.00     4.50  9999.00  9999.00  9999.00  9999.00
 00043  1004.42    23.00  9999.00     2.00   220.00     2.50  9999.00  9999.00  9999.00  9999.00
 00044   999.62    24.20  9999.00     1.00   140.00     9.00  9999.00  9999.00  9999.00  9999.00
 00045  1004.94    25.60  9999.00     0.00     0.00     6.00  9999.00  9999.00  9999.00  9999.00
 00046   966.93    26.60  9999.00     2.00   180.00    30.00  9999.00  9999.00  9999.00  9999.00
 00047  1005.46    26.10  9999.00     1.00   270.00    18.00  9999.00  9999.00  9999.00  9999.00
 00048   652.70    17.90    28.70     0.00   320.00    18.00  9999.00  9999.00  9999.00  9999.00
 00049   606.10     6.90    81.08     6.00   200.00    30.00  9999.00  9999.00  9999.00  9999.00
 00050  1008.34    28.60  9999.00     3.00   250.00    30.00  9999.00  9999.00  9999.00  9999.00
