stn_id       p       t2      rh2      spd      dir      vis    rain6   rain24   tmax24   tmin24 
 00001   974.11    19.77    91.14     1.24   310.86    24.62     0.75  9999.00  9999.00  9999.00
 00002   994.08    19.95    35.04     3.01   283.39    23.38     0.00  9999.00  9999.00  9999.00
 00003   905.24    12.41    39.24     2.18   317.54    22.86     0.00  9999.00  9999.00  9999.00
 00004   837.79     6.45    43.70     2.24   315.52    23.06     0.00  9999.00  9999.00  9999.00
 00005   872.82     9.08    43.39     2.40   349.93    25.69     0.00  9999.00  9999.00  9999.00
 00006   883.62     8.74    58.81     3.62   352.48    26.60     0.00  9999.00  9999.00  9999.00
 00007   999.63    17.62    64.68     5.15   194.10    25.49     0.32  9999.00  9999.00  9999.00
 00008   983.18    14.82    80.10     4.75   220.94    26.67     2.69  9999.00  9999.00  9999.00
 00009   946.08     5.31    69.81     2.60   332.98    32.77     0.00  9999.00  9999.00  9999.00
 00010   965.27    11.57    80.01     1.47   191.47    28.76     0.00  9999.00  9999.00  9999.00
 00011   989.98    12.97    93.50     0.88   120.61     5.46    13.27  9999.00  9999.00  9999.00
 00012  1008.64    17.95    78.62     2.24   241.64    23.17     0.00  9999.00  9999.00  9999.00
 00013  1010.37    23.40    92.87     2.29   324.98    23.06     0.51  9999.00  9999.00  9999.00
 00014  1006.66    24.63    93.09     1.39   126.75    24.19     0.36  9999.00  9999.00  9999.00
 00015   994.93    17.77    85.83     1.96   217.53    20.00     0.02  9999.00  9999.00  9999.00
 00016   957.71    15.83    85.33     1.75   179.24    23.18     0.01  9999.00  9999.00  9999.00
 00017   996.38    20.11    78.90     2.19   218.35    21.84     0.00  9999.00  9999.00  9999.00
 00018  1009.85    23.18    83.57     2.89   329.50    22.47     0.05  9999.00  9999.00  9999.00
 00019   938.87    20.42    83.64     1.08   201.63    26.90     0.01  9999.00  9999.00  9999.00
 00020  1012.70    22.03    90.12     2.45   139.63    22.49     0.01  9999.00  9999.00  9999.00
 00021   890.55    12.60    53.22     1.76   306.69    26.13     0.00  9999.00  9999.00  9999.00
 00022  1011.62    20.44    69.74     1.38   136.25    21.18     0.03  9999.00  9999.00  9999.00
 00023   916.53    16.78    51.98     1.61   348.72    22.26     0.02  9999.00  9999.00  9999.00
 00024   943.84    10.84    63.33     2.62   122.41    24.47     0.00  9999.00  9999.00  9999.00
 00025   797.70    17.19    88.77     1.10   117.80    19.83     4.89  9999.00  9999.00  9999.00
 00026  1008.55    26.18    86.87     1.49    58.16    23.72     0.70  9999.00  9999.00  9999.00
 00027  1005.16    26.19    79.65     3.13   241.73    23.67     0.00  9999.00  9999.00  9999.00
 00028   973.72    25.38    88.75     1.02    11.95    22.80     2.21  9999.00  9999.00  9999.00
 00029  1005.89    26.74    88.18     1.37   103.27    25.90     0.31  9999.00  9999.00  9999.00
 00030   995.09    26.63    89.26     1.22   143.78    25.86     0.91  9999.00  9999.00  9999.00
 00031   574.67     9.56    35.25     1.84   164.85    26.81     0.12  9999.00  9999.00  9999.00
 00032   978.37    21.91    95.13     1.10    72.82    20.79     0.01  9999.00  9999.00  9999.00
 00033  1008.46    21.95    98.40     4.47    96.86     0.30     0.03  9999.00  9999.00  9999.00
 00034  1009.46    28.15    87.48     5.80    47.36    28.89     0.18  9999.00  9999.00  9999.00
 00035  1007.68    26.12    93.47     1.93    62.19    18.68     0.03  9999.00  9999.00  9999.00
 00036   778.35    17.86    78.52     1.06    35.29    18.72     1.87  9999.00  9999.00  9999.00
 00037   968.81    22.24    93.58     1.07    86.47    22.52     0.04  9999.00  9999.00  9999.00
 00038   994.87    26.36    86.91     0.70   313.58    24.90     0.27  9999.00  9999.00  9999.00
 00039  1008.58    25.19    88.11     7.43    35.66    24.29     0.00  9999.00  9999.00  9999.00
 00040  1006.19    26.09    89.22     3.74    39.70    24.36     0.23  9999.00  9999.00  9999.00
 00041   970.28    22.40    95.57     1.03   247.54    22.92     2.15  9999.00  9999.00  9999.00
 00042  1010.33    24.48    93.09     1.68   298.54    23.32     1.13  9999.00  9999.00  9999.00
 00043  1002.31    25.48    92.24     1.00    51.64    24.21     1.50  9999.00  9999.00  9999.00
 00044   984.08    25.22    90.06     0.46   195.48    23.35     3.61  9999.00  9999.00  9999.00
 00045  1006.19    26.09    89.22     3.74    39.70    24.36     0.23  9999.00  9999.00  9999.00
 00046   942.77    23.27    97.69     0.51   132.62    23.99     3.35  9999.00  9999.00  9999.00
 00047  1002.32    22.32    96.66     0.70   249.57     7.39     0.00  9999.00  9999.00  9999.00
 00048   605.78    13.44    33.75     1.60   145.95    31.14     0.15  9999.00  9999.00  9999.00
 00049   580.30     4.69    82.95     1.48   200.61    26.24     0.88  9999.00  9999.00  9999.00
 00050  1001.19    25.34    82.71     4.19    35.76    23.86     0.00  9999.00  9999.00  9999.00
