stn_id       p       t2      rh2      spd      dir      vis    rain6   rain24   tmax24   tmin24 
 00001   963.65    20.44    85.02     1.91    50.05    26.80  9999.00  9999.00  9999.00  9999.00
 00002   986.45    22.56    74.95     0.68   146.23    24.49  9999.00  9999.00  9999.00  9999.00
 00003   896.94    17.05    77.42     1.18   296.69    23.47  9999.00  9999.00  9999.00  9999.00
 00004   830.66    12.31    81.30     1.88   157.83    21.79  9999.00  9999.00  9999.00  9999.00
 00005   863.72    16.97    45.90     2.56   215.91    21.36  9999.00  9999.00  9999.00  9999.00
 00006   872.63    18.88    38.89     2.92   206.71    20.44  9999.00  9999.00  9999.00  9999.00
 00007   997.10    20.01    92.22     0.92   169.89    22.66  9999.00  9999.00  9999.00  9999.00
 00008   982.14    20.93    79.87     3.32   202.43    23.95  9999.00  9999.00  9999.00  9999.00
 00009   938.58    14.14    99.89     1.97    54.92     3.73  9999.00  9999.00  9999.00  9999.00
 00010   964.21    17.08    98.57     1.15   101.54     4.16  9999.00  9999.00  9999.00  9999.00
 00011   988.21    22.21    66.90     4.71   193.83    25.43  9999.00  9999.00  9999.00  9999.00
 00012  1002.23    21.77    80.22     1.32   136.32    22.17  9999.00  9999.00  9999.00  9999.00
 00013  1002.61    22.62    95.54     3.99   225.81    27.46  9999.00  9999.00  9999.00  9999.00
 00014  1001.07    24.06    91.45     3.75   237.90     2.83  9999.00  9999.00  9999.00  9999.00
 00015   986.38    21.30    84.77     0.95     8.56    22.86  9999.00  9999.00  9999.00  9999.00
 00016   946.33    18.52    74.90     1.75   143.32    24.98  9999.00  9999.00  9999.00  9999.00
 00017   988.59    19.41    96.84     1.03   214.68    25.69  9999.00  9999.00  9999.00  9999.00
 00018  1001.55    21.87    95.63     3.07   244.35    18.34  9999.00  9999.00  9999.00  9999.00
 00019   929.57    20.68    84.40     1.41   315.92    27.38  9999.00  9999.00  9999.00  9999.00
 00020  1005.72    23.60    96.01     3.33   188.66     5.27  9999.00  9999.00  9999.00  9999.00
 00021   884.74    16.98    49.35     2.07   318.34    25.33  9999.00  9999.00  9999.00  9999.00
 00022  1005.19    20.71    83.30     1.58   116.81    21.75  9999.00  9999.00  9999.00  9999.00
 00023   911.81    12.60    50.98     0.70   165.63    22.86  9999.00  9999.00  9999.00  9999.00
 00024   936.49    12.79    63.41     4.52   301.92    24.67  9999.00  9999.00  9999.00  9999.00
 00025   793.41    15.34    84.47     1.02    71.14    25.74  9999.00  9999.00  9999.00  9999.00
 00026  1003.54    22.31    93.60     1.47   253.68    16.06  9999.00  9999.00  9999.00  9999.00
 00027   999.28    21.46    93.72     1.69   147.29    28.39  9999.00  9999.00  9999.00  9999.00
 00028   968.21    20.17    95.02     0.66   131.48    26.94  9999.00  9999.00  9999.00  9999.00
 00029  1002.83    23.82    97.68     1.68   100.89    28.56  9999.00  9999.00  9999.00  9999.00
 00030   989.63    23.95    96.81     3.43   151.04     0.60  9999.00  9999.00  9999.00  9999.00
 00031   575.10     5.30    85.81     1.64   170.74    18.45  9999.00  9999.00  9999.00  9999.00
 00032   974.70    20.36    94.96     1.14   274.30    22.70  9999.00  9999.00  9999.00  9999.00
 00033  1004.02    23.62    97.46     4.48   166.25     0.25  9999.00  9999.00  9999.00  9999.00
 00034  1007.19    27.60    87.04     5.91   158.16    33.64  9999.00  9999.00  9999.00  9999.00
 00035  1003.55    26.40    94.82     3.57   177.50    30.63  9999.00  9999.00  9999.00  9999.00
 00036   774.44    15.38    83.05     0.68    74.75    24.94  9999.00  9999.00  9999.00  9999.00
 00037   965.28    20.13    94.81     1.00   271.18    23.58  9999.00  9999.00  9999.00  9999.00
 00038   993.02    22.59    99.60     0.54   338.75     0.18  9999.00  9999.00  9999.00  9999.00
 00039  1006.24    24.65    93.35     3.70   254.26    22.63  9999.00  9999.00  9999.00  9999.00
 00040  1004.09    25.00    95.93     0.86    81.37    16.17  9999.00  9999.00  9999.00  9999.00
 00041   964.49    21.55    98.97     2.15   189.36     5.68  9999.00  9999.00  9999.00  9999.00
 00042  1003.43    23.31    93.68     3.46   218.09    27.36  9999.00  9999.00  9999.00  9999.00
 00043   997.31    22.89    98.02     0.57   226.56    11.18  9999.00  9999.00  9999.00  9999.00
 00044   979.98    22.25    98.90     0.53   197.58     3.93  9999.00  9999.00  9999.00  9999.00
 00045  1004.09    25.00    95.93     0.86    81.37    16.17  9999.00  9999.00  9999.00  9999.00
 00046   939.63    20.65    95.18     1.56   171.27    25.08  9999.00  9999.00  9999.00  9999.00
 00047   997.11    23.05    99.17     1.25   239.36     3.26  9999.00  9999.00  9999.00  9999.00
 00048   605.99     6.67    84.18     1.26   185.21    23.37  9999.00  9999.00  9999.00  9999.00
 00049   579.40     2.61    99.00     0.37    94.26     1.23  9999.00  9999.00  9999.00  9999.00
 00050   998.50    23.56    91.58     2.12   252.76    23.25  9999.00  9999.00  9999.00  9999.00
