stn_id       p       t2      rh2      spd      dir      vis    rain6   rain24   tmax24   tmin24 
 00001   959.62    23.99    79.31     1.94   106.57    26.77  9999.00  9999.00  9999.00  9999.00
 00002   980.41    21.56    72.59     1.73   280.04    24.53  9999.00  9999.00  9999.00  9999.00
 00003   893.89    18.38    67.24     1.44   193.17    23.54  9999.00  9999.00  9999.00  9999.00
 00004   828.02    14.25    74.86     2.43   185.37    21.90  9999.00  9999.00  9999.00  9999.00
 00005   860.87    13.94    76.31     1.44    67.04    21.54  9999.00  9999.00  9999.00  9999.00
 00006   869.76    17.43    50.46     3.88   211.73    20.60  9999.00  9999.00  9999.00  9999.00
 00007   988.75    19.62    95.49     3.88   218.92    15.96  9999.00  9999.00  9999.00  9999.00
 00008   973.43    19.68    90.86     2.82   332.57     7.78  9999.00  9999.00  9999.00  9999.00
 00009   936.26    14.49    98.43     2.32    73.30    25.77  9999.00  9999.00  9999.00  9999.00
 00010   954.69    16.21    99.54     1.32    71.00     1.64  9999.00  9999.00  9999.00  9999.00
 00011   980.79    22.96    81.92     2.83   259.74    25.35  9999.00  9999.00  9999.00  9999.00
 00012   994.77    21.56    85.71     1.41   286.79    22.25  9999.00  9999.00  9999.00  9999.00
 00013  1003.21    22.89    93.67     2.30   203.16    27.58  9999.00  9999.00  9999.00  9999.00
 00014  1001.08    23.20    96.08     1.43   224.75    27.95  9999.00  9999.00  9999.00  9999.00
 00015   982.65    24.84    70.16     5.46   199.27    22.90  9999.00  9999.00  9999.00  9999.00
 00016   942.13    20.53    88.73     1.78   141.97    25.03  9999.00  9999.00  9999.00  9999.00
 00017   984.56    24.15    87.19     3.29   186.69    25.74  9999.00  9999.00  9999.00  9999.00
 00018  1001.48    22.96    97.50     3.65   192.71    15.32  9999.00  9999.00  9999.00  9999.00
 00019   925.36    23.60    74.51     0.76   318.89    27.54  9999.00  9999.00  9999.00  9999.00
 00020  1006.69    23.35    97.21     1.63   193.63    25.44  9999.00  9999.00  9999.00  9999.00
 00021   886.04    12.67    64.70     2.15   147.99    25.35  9999.00  9999.00  9999.00  9999.00
 00022   997.67    24.05    75.23     2.95   221.96    21.79  9999.00  9999.00  9999.00  9999.00
 00023   910.81    11.79    54.20     1.40   185.40    22.72  9999.00  9999.00  9999.00  9999.00
 00024   935.41    15.24    36.72     1.35   314.23    24.50  9999.00  9999.00  9999.00  9999.00
 00025   792.26    15.25    95.74     1.61   201.76    25.72  9999.00  9999.00  9999.00  9999.00
 00026  1002.07    23.76    93.83     2.13   180.91    28.58  9999.00  9999.00  9999.00  9999.00
 00027   997.23    24.33    93.47     2.69   175.81    28.39  9999.00  9999.00  9999.00  9999.00
 00028   967.15    22.82    91.12     2.11   189.80    25.79  9999.00  9999.00  9999.00  9999.00
 00029  1002.34    24.68    98.64     1.27   123.11    26.99  9999.00  9999.00  9999.00  9999.00
 00030   990.12    23.64    96.88     2.78   133.13    15.44  9999.00  9999.00  9999.00  9999.00
 00031   574.87     3.63    84.38     1.54   201.95    22.31  9999.00  9999.00  9999.00  9999.00
 00032   973.58    21.78    97.29     1.59   283.28     2.01  9999.00  9999.00  9999.00  9999.00
 00033  1003.84    24.05    97.14     3.97   143.43     0.25  9999.00  9999.00  9999.00  9999.00
 00034  1006.51    27.51    87.74     4.78   157.96    33.86  9999.00  9999.00  9999.00  9999.00
 00035  1003.22    26.27    95.49     2.63   177.94    27.31  9999.00  9999.00  9999.00  9999.00
 00036   772.23    16.57    86.26     1.29   176.99    24.75  9999.00  9999.00  9999.00  9999.00
 00037   964.26    21.80    98.18     1.27   281.84     7.21  9999.00  9999.00  9999.00  9999.00
 00038   991.91    24.31    98.26     0.39    36.63    15.25  9999.00  9999.00  9999.00  9999.00
 00039  1004.83    24.92    95.33     4.09   270.58    25.65  9999.00  9999.00  9999.00  9999.00
 00040  1003.10    25.09    96.37     1.14   162.05    24.26  9999.00  9999.00  9999.00  9999.00
 00041   964.11    20.88    99.10     1.35   172.81     3.61  9999.00  9999.00  9999.00  9999.00
 00042  1003.36    23.51    93.65     1.75   198.78    27.87  9999.00  9999.00  9999.00  9999.00
 00043   996.06    24.28    88.83     2.64   177.68    29.07  9999.00  9999.00  9999.00  9999.00
 00044   979.05    22.25    98.46     0.89   144.29    13.12  9999.00  9999.00  9999.00  9999.00
 00045  1003.10    25.09    96.37     1.14   162.05    24.26  9999.00  9999.00  9999.00  9999.00
 00046   938.76    19.84    98.77     1.18   154.79    11.28  9999.00  9999.00  9999.00  9999.00
 00047   996.96    22.59    98.76     1.10   229.95     6.99  9999.00  9999.00  9999.00  9999.00
 00048   604.64     7.71    69.95     2.09   191.83    26.31  9999.00  9999.00  9999.00  9999.00
 00049   578.68     2.99    98.13     0.79   194.23     5.18  9999.00  9999.00  9999.00  9999.00
 00050   997.11    24.27    95.65     3.05   274.57     9.22  9999.00  9999.00  9999.00  9999.00
