stn_id       p       t2      rh2      spd      dir      vis    rain6   rain24   tmax24   tmin24 
 00001   965.90    22.73    95.44     0.64   295.64    14.02     0.73     2.18    28.07    21.67
 00002   996.32    18.20    91.50     0.69   263.68    11.77     1.16     2.30    20.70    16.32
 00003   903.40    15.52    86.96     1.96    32.99    14.90     2.33     2.61    19.36    13.33
 00004   835.43    15.40    70.16     1.35   102.89    18.75     0.00     0.00    20.59     9.59
 00005   871.10    19.51    30.54     5.53    58.12    18.63     0.00     0.00    25.92    14.38
 00006   884.88    15.09    43.43     4.98    70.41    18.43     0.00     0.00    27.60    11.23
 00007  1006.25    20.63    53.40     3.27    35.10    20.44     0.00     0.00    25.94    16.53
 00008   992.63    17.14    47.57     3.19    23.50    22.46     0.00     0.02    23.90    10.36
 00009   948.99    12.58    48.37     0.81   236.86    37.31     0.02     0.03    15.69     1.78
 00010   967.67    18.15    49.78     2.88   299.30    23.65     0.00     0.06    22.47     8.19
 00011   998.99    16.48    51.01     4.14   347.91    24.85     0.00     0.00    21.85     9.74
 00012  1011.43    23.61    64.69     1.06    17.95    19.71     0.00     0.00    27.92    16.99
 00013  1005.96    26.72    90.06     2.05    70.62    25.03     0.00     6.76    33.59    23.61
 00014  1002.87    27.30    78.04     2.40   195.28    25.83     0.00     0.01    33.28    23.34
 00015   994.69    18.03    78.53     2.86    51.13    20.03     1.72     6.12    18.48    15.81
 00016   952.62    16.79    95.23     0.28   198.80    15.82     0.00     6.20    17.45    15.27
 00017   995.68    18.90    80.72     3.50    30.30    22.89     0.08    10.52    20.23    17.21
 00018  1004.85    26.14    91.36     0.81    63.61    25.09     1.11    10.34    32.92    23.83
 00019   931.64    21.97    79.79     0.48   291.60    26.23     0.00     0.03    25.57    18.86
 00020  1008.85    26.94    81.78     2.49   192.20    23.17     0.00     0.00    31.33    22.74
 00021   893.94     7.70    87.58     2.18   292.65     3.86     3.35     4.67    18.02     7.41
 00022  1014.09    23.39    64.75     1.93    16.20    19.20     0.00     0.01    26.22    17.40
 00023   921.19     8.10    52.38     4.14   250.86    25.08     0.00     1.96    15.65     6.88
 00024   944.55     8.53    64.44     5.34   289.22    26.79     0.00     2.41    12.87     7.69
 00025   795.46    18.57    79.80     1.65   203.22    26.37     0.00     0.00    30.10    15.60
 00026  1004.20    29.02    81.80     0.47   115.36    20.18     0.00     0.01    33.27    24.82
 00027  1000.66    27.43    91.30     2.63   317.85    27.10     0.00     0.08    33.59    24.73
 00028   970.64    26.79    83.41     2.51   186.57    25.81     0.00     0.00    31.83    23.82
 00029  1003.56    26.64    84.14     0.72   267.00    27.70     0.00     0.11    31.46    23.40
 00030   993.46    25.62    87.95     1.53   164.30    31.64     0.00     0.22    31.64    23.10
 00031   575.51    -2.60    78.55     1.82   197.71    21.55     0.00     0.01    13.02    -3.53
 00032   974.50    24.27    84.67     2.71    66.16    22.85     0.06     0.13    27.96    21.31
 00033  1006.45    22.88    98.36     1.77   134.60     0.20     0.11     0.22    24.72    21.15
 00034  1008.00    27.42    80.68     3.37    52.83    31.03     0.19     1.05    28.28    27.26
 00035  1005.61    26.57    87.82     0.72    76.41    25.72     0.00     0.10    31.33    24.95
 00036   774.30    18.37    58.11     0.98    86.77    24.40     0.00     0.00    28.06    15.78
 00037   965.14    24.77    83.31     2.02    27.80    22.50     0.03     0.06    29.30    21.40
 00038   991.09    25.18    88.74     1.12   318.00    24.06     0.00     0.02    31.99    21.39
 00039  1003.86    26.05    83.58     7.94    80.78    21.37     0.15     0.15    27.94    24.41
 00040  1002.11    26.79    80.88     2.00   305.17    26.52     0.00     0.00    29.39    23.21
 00041   966.39    27.79    80.07     0.71   148.43    25.68     0.00     0.12    31.59    22.97
 00042  1005.84    27.97    87.28     1.00    98.55    25.63     0.00     1.78    34.24    23.79
 00043   998.02    29.22    79.56     0.33   203.56    27.85     0.00     0.02    33.71    24.13
 00044   980.28    27.16    83.08     1.08    82.02    25.61     0.00     0.01    31.85    22.21
 00045  1002.11    26.79    80.88     2.00   305.17    26.52     0.00     0.00    29.39    23.21
 00046   939.34    25.63    83.47     0.63    41.45    25.88     0.00     0.60    28.97    20.16
 00047   998.78    24.51    89.52     1.92   323.53    15.20     0.10     0.32    26.56    22.66
 00048   607.45     1.34    76.89     0.93   172.07    26.91     0.00     0.38    13.39     0.47
 00049   579.66    -4.82    92.54     1.38    38.85     6.58     0.01     0.21     3.74    -6.81
 00050   996.45    26.93    77.10     6.75    48.25    24.21     0.02     0.02    31.71    23.89
