stn_id       p       t2      rh2      spd      dir      vis    rain6   rain24   tmax24   tmin24 
 00001   964.95    22.55    95.91     0.31   181.27    13.76  9999.00  9999.00  9999.00  9999.00
 00002   994.77    16.53    94.86     0.86   294.61    17.99  9999.00  9999.00  9999.00  9999.00
 00003   902.52    13.94    90.59     1.62    50.34     9.76  9999.00  9999.00  9999.00  9999.00
 00004   835.26    10.07    86.83     1.57   103.11    18.72  9999.00  9999.00  9999.00  9999.00
 00005   870.47    14.63    44.52     3.48    36.58    18.61  9999.00  9999.00  9999.00  9999.00
 00006   884.26    11.46    51.45     3.30    44.10    18.41  9999.00  9999.00  9999.00  9999.00
 00007  1005.31    16.58    69.46     3.32    31.32    20.42  9999.00  9999.00  9999.00  9999.00
 00008   991.90    10.92    69.63     2.39    26.99    22.44  9999.00  9999.00  9999.00  9999.00
 00009   949.17     2.66    81.03     1.83   219.15    37.31  9999.00  9999.00  9999.00  9999.00
 00010   967.93     9.43    91.50     1.65   259.81    23.66  9999.00  9999.00  9999.00  9999.00
 00011   998.89    10.47    69.14     3.44   329.88    24.84  9999.00  9999.00  9999.00  9999.00
 00012  1010.39    17.16    91.52     1.24   345.16    19.68  9999.00  9999.00  9999.00  9999.00
 00013  1005.40    23.84    98.19     2.09    43.30    12.73  9999.00  9999.00  9999.00  9999.00
 00014  1002.52    23.44    87.20     2.03   194.97    25.78  9999.00  9999.00  9999.00  9999.00
 00015   993.76    15.81    91.60     2.08    38.74    10.97  9999.00  9999.00  9999.00  9999.00
 00016   951.89    15.94    97.50     0.45   264.07    18.55  9999.00  9999.00  9999.00  9999.00
 00017   994.74    17.30    89.22     2.80    17.88    22.76  9999.00  9999.00  9999.00  9999.00
 00018  1004.40    23.94    97.94     1.27   335.92    12.31  9999.00  9999.00  9999.00  9999.00
 00019   931.04    19.34    89.97     0.71   312.80    25.54  9999.00  9999.00  9999.00  9999.00
 00020  1008.63    22.74    96.16     2.83   179.49    23.15  9999.00  9999.00  9999.00  9999.00
 00021   892.84     7.90    92.70     3.44   315.30     3.23  9999.00  9999.00  9999.00  9999.00
 00022  1012.94    17.41    89.94     1.72    72.81    19.17  9999.00  9999.00  9999.00  9999.00
 00023   920.27     7.32    48.80     3.21   234.85    25.06  9999.00  9999.00  9999.00  9999.00
 00024   942.99     8.73    54.09     5.07   291.85    26.75  9999.00  9999.00  9999.00  9999.00
 00025   794.24    16.23    87.54     1.42   201.75    26.33  9999.00  9999.00  9999.00  9999.00
 00026  1003.12    25.27    91.74     0.50   324.29    18.91  9999.00  9999.00  9999.00  9999.00
 00027   999.38    25.09    96.31     1.25   211.82    27.05  9999.00  9999.00  9999.00  9999.00
 00028   969.83    24.01    90.81     1.59   179.41    25.74  9999.00  9999.00  9999.00  9999.00
 00029  1003.20    24.13    93.00     0.42   201.21    27.68  9999.00  9999.00  9999.00  9999.00
 00030   992.67    23.71    94.30     1.75   158.02    31.64  9999.00  9999.00  9999.00  9999.00
 00031   574.42    -1.88    73.89     2.16   196.22    22.38  9999.00  9999.00  9999.00  9999.00
 00032   973.96    21.74    96.43     1.66   352.97    20.74  9999.00  9999.00  9999.00  9999.00
 00033  1005.65    22.43    99.11     1.91   154.32     0.16  9999.00  9999.00  9999.00  9999.00
 00034  1007.05    27.28    83.03     3.36    60.76    21.78  9999.00  9999.00  9999.00  9999.00
 00035  1004.96    25.17    96.93     0.49    82.74    29.14  9999.00  9999.00  9999.00  9999.00
 00036   773.26    17.60    51.23     1.19   111.71    24.33  9999.00  9999.00  9999.00  9999.00
 00037   964.59    21.84    97.43     1.23   349.07    16.50  9999.00  9999.00  9999.00  9999.00
 00038   990.70    21.45    99.32     1.51   304.07     2.12  9999.00  9999.00  9999.00  9999.00
 00039  1003.29    24.92    89.02     7.93     8.50    20.31  9999.00  9999.00  9999.00  9999.00
 00040  1001.71    23.35    94.05     2.36   309.27    26.10  9999.00  9999.00  9999.00  9999.00
 00041   965.77    23.70    90.37     0.37   110.23    25.63  9999.00  9999.00  9999.00  9999.00
 00042  1005.20    23.90    98.37     1.50    86.60    25.59  9999.00  9999.00  9999.00  9999.00
 00043   997.04    24.33    94.11     1.16   217.94    27.80  9999.00  9999.00  9999.00  9999.00
 00044   979.44    22.35    96.70     1.44    90.02    25.57  9999.00  9999.00  9999.00  9999.00
 00045  1001.71    23.35    94.05     2.36   309.27    26.10  9999.00  9999.00  9999.00  9999.00
 00046   938.76    20.46    98.27     0.34   128.96     0.26  9999.00  9999.00  9999.00  9999.00
 00047   998.44    22.97    98.42     1.93   332.38    11.39  9999.00  9999.00  9999.00  9999.00
 00048   606.15     2.98    65.21     1.47   180.58    26.87  9999.00  9999.00  9999.00  9999.00
 00049   579.22    -3.87    95.22     0.72    43.75     4.50  9999.00  9999.00  9999.00  9999.00
 00050   996.01    24.59    87.47     5.09    32.46    24.11  9999.00  9999.00  9999.00  9999.00
