stn_id       p       t2      rh2      spd      dir      vis    rain6   rain24   tmax24   tmin24 
 00001   961.71    23.01    96.73     1.27   194.93    26.64     0.00  9999.00  9999.00  9999.00
 00002   989.63    23.84    93.57     2.86   319.63    14.49     4.76  9999.00  9999.00  9999.00
 00003   899.84    21.43    80.99     3.00    31.17    18.20     0.19  9999.00  9999.00  9999.00
 00004   834.04    15.44    93.94     1.14   115.82    21.45     0.07  9999.00  9999.00  9999.00
 00005   868.34    18.39    73.22     1.30    79.80    26.59     0.00  9999.00  9999.00  9999.00
 00006   877.82    19.29    67.82     4.06   195.36    26.49     0.00  9999.00  9999.00  9999.00
 00007  1002.10    23.88    91.03     4.36   193.40    17.31     0.04  9999.00  9999.00  9999.00
 00008   985.04    23.96    90.79     5.35   218.80    26.05     0.03  9999.00  9999.00  9999.00
 00009   936.56    14.74    99.09     0.93   272.31    13.87     0.00  9999.00  9999.00  9999.00
 00010   966.69    19.84    97.00     1.74   230.55    26.28     0.00  9999.00  9999.00  9999.00
 00011   990.48    21.47    93.77     3.79   196.30    27.74    16.74  9999.00  9999.00  9999.00
 00012  1005.84    24.61    93.00     1.61    68.30    23.35     0.07  9999.00  9999.00  9999.00
 00013   999.28    25.18    92.10     7.72   106.90    25.64    15.27  9999.00  9999.00  9999.00
 00014   995.90    25.27    90.88     5.59   105.35     3.47    10.10  9999.00  9999.00  9999.00
 00015   988.99    24.28    91.61     2.60   113.70     8.01     4.03  9999.00  9999.00  9999.00
 00016   946.70    22.16    95.60     1.63   142.91     4.92    10.81  9999.00  9999.00  9999.00
 00017   987.40    24.24    95.48     3.75    55.19    12.51    10.86  9999.00  9999.00  9999.00
 00018   996.34    25.22    92.38     6.36    90.47    14.41     2.39  9999.00  9999.00  9999.00
 00019   927.02    22.46    80.87     1.01   316.31    27.83     0.00  9999.00  9999.00  9999.00
 00020  1006.04    23.88    91.95     8.16   124.73     2.49     2.63  9999.00  9999.00  9999.00
 00021   883.56    23.22    47.42     4.26   327.91    26.05     0.37  9999.00  9999.00  9999.00
 00022  1008.50    23.04    97.27     1.98    74.65     4.00     2.81  9999.00  9999.00  9999.00
 00023   910.71    17.60    75.89     2.73   276.14    21.57     0.78  9999.00  9999.00  9999.00
 00024   932.40    19.14    77.03     5.27   298.20    23.71     1.43  9999.00  9999.00  9999.00
 00025   791.07    16.89    97.18     1.62    74.67     9.54     4.91  9999.00  9999.00  9999.00
 00026   992.94    25.04    94.87     1.96   292.34    25.63     0.26  9999.00  9999.00  9999.00
 00027   990.67    25.95    93.26     2.74   318.57     2.73     2.17  9999.00  9999.00  9999.00
 00028   962.39    25.68    87.29     1.86    15.37    26.64     0.01  9999.00  9999.00  9999.00
 00029   993.83    27.50    86.40     1.66   161.17    29.27     0.02  9999.00  9999.00  9999.00
 00030   983.56    26.96    87.29     1.75   208.58    17.12     1.43  9999.00  9999.00  9999.00
 00031   574.05     6.30    89.57     0.56   132.59    14.55     1.87  9999.00  9999.00  9999.00
 00032   967.01    22.49    99.67     1.69   130.74     1.80    10.00  9999.00  9999.00  9999.00
 00033   997.10    23.50    99.31     1.04   245.02     0.19     0.03  9999.00  9999.00  9999.00
 00034  1001.59    28.52    88.84     6.54   206.42    34.77     0.04  9999.00  9999.00  9999.00
 00035   996.50    28.26    86.31     3.58   185.03    32.08     0.00  9999.00  9999.00  9999.00
 00036   773.01    16.92    84.14     1.30    32.94    24.56     0.05  9999.00  9999.00  9999.00
 00037   957.48    22.99    99.79     1.44   113.42     1.60     7.72  9999.00  9999.00  9999.00
 00038   983.65    25.20    96.72     1.78   229.38    24.68     2.52  9999.00  9999.00  9999.00
 00039   997.44    25.54    93.80     5.89   195.09     3.00     5.62  9999.00  9999.00  9999.00
 00040   995.46    26.23    91.54     5.78   219.86    10.36     6.20  9999.00  9999.00  9999.00
 00041   955.33    23.59    89.86     4.20   100.99     0.96     7.21  9999.00  9999.00  9999.00
 00042   997.10    25.55    90.05     6.60    93.68    27.26     3.25  9999.00  9999.00  9999.00
 00043   987.71    24.50    98.38     1.41   230.69    28.42     0.80  9999.00  9999.00  9999.00
 00044   968.08    24.37    89.64     3.61   150.16     2.42    19.73  9999.00  9999.00  9999.00
 00045   995.46    26.23    91.54     5.78   219.86    10.36     6.20  9999.00  9999.00  9999.00
 00046   930.95    22.20    98.27     1.92   170.54    24.38     3.49  9999.00  9999.00  9999.00
 00047   991.89    23.87    95.83     7.58   146.32     0.21    25.45  9999.00  9999.00  9999.00
 00048   604.87     8.23    91.95     0.34   245.84    24.12     1.58  9999.00  9999.00  9999.00
 00049   577.66     5.01    97.54     1.19   222.48     3.20     0.98  9999.00  9999.00  9999.00
 00050   990.02    24.89    96.32     3.54   193.94    11.57     5.89  9999.00  9999.00  9999.00
