stn_id       p       t2      rh2      spd      dir      vis    rain6   rain24   tmax24   tmin24 
 00001   959.92    25.89    87.34     1.57   266.06    26.60  9999.00  9999.00  9999.00  9999.00
 00002   989.41    26.71    77.32     1.62    62.85    27.00  9999.00  9999.00  9999.00  9999.00
 00003   899.49    23.75    67.05     2.76    37.60    25.86  9999.00  9999.00  9999.00  9999.00
 00004   833.70    18.99    75.29     1.37   137.42    23.29  9999.00  9999.00  9999.00  9999.00
 00005   866.97    23.27    53.94     1.86   231.56    26.53  9999.00  9999.00  9999.00  9999.00
 00006   876.62    24.33    43.87     2.51   165.48    26.41  9999.00  9999.00  9999.00  9999.00
 00007  1001.40    25.70    85.97     4.18   190.18    25.24  9999.00  9999.00  9999.00  9999.00
 00008   984.44    25.26    84.89     4.82   209.80    22.90  9999.00  9999.00  9999.00  9999.00
 00009   935.99    19.85    80.30     1.09    43.67    36.14  9999.00  9999.00  9999.00  9999.00
 00010   966.44    21.38    95.20     1.45   214.46    27.14  9999.00  9999.00  9999.00  9999.00
 00011   990.58    22.91    92.78     3.99   182.71    11.74  9999.00  9999.00  9999.00  9999.00
 00012  1005.57    27.49    78.81     0.53   102.27    25.33  9999.00  9999.00  9999.00  9999.00
 00013  1000.57    25.66    92.86     7.29   108.84     3.20  9999.00  9999.00  9999.00  9999.00
 00014   996.70    25.69    93.07     5.37   100.10     0.22  9999.00  9999.00  9999.00  9999.00
 00015   989.13    25.57    90.50     1.31   134.39     1.00  9999.00  9999.00  9999.00  9999.00
 00016   946.29    23.54    92.03     1.92   152.82     3.63  9999.00  9999.00  9999.00  9999.00
 00017   987.34    26.91    82.31     3.86    68.11    17.29  9999.00  9999.00  9999.00  9999.00
 00018   997.35    26.30    89.43     6.61    89.83    26.81  9999.00  9999.00  9999.00  9999.00
 00019   926.09    27.25    68.03     1.19   230.42    27.86  9999.00  9999.00  9999.00  9999.00
 00020  1006.92    24.28    90.05     7.93   119.44     2.56  9999.00  9999.00  9999.00  9999.00
 00021   880.95    27.34    33.39     2.64   288.98    25.95  9999.00  9999.00  9999.00  9999.00
 00022  1008.37    25.79    87.27     2.57   120.81    13.71  9999.00  9999.00  9999.00  9999.00
 00023   910.04    21.01    63.48     2.84   325.66    21.60  9999.00  9999.00  9999.00  9999.00
 00024   930.31    26.46    39.43     9.59   299.52    23.60  9999.00  9999.00  9999.00  9999.00
 00025   788.78    19.64    87.41     1.40    95.45    23.72  9999.00  9999.00  9999.00  9999.00
 00026   992.24    25.40    94.01     3.03    17.78    13.45  9999.00  9999.00  9999.00  9999.00
 00027   989.02    28.92    73.59     2.30    20.05    28.32  9999.00  9999.00  9999.00  9999.00
 00028   959.97    28.05    82.83     1.97   350.83    26.85  9999.00  9999.00  9999.00  9999.00
 00029   990.09    28.97    73.70     2.19   142.70    29.59  9999.00  9999.00  9999.00  9999.00
 00030   979.98    30.17    82.10     1.28   147.20    31.44  9999.00  9999.00  9999.00  9999.00
 00031   572.42    10.23    66.11     1.61   213.10    20.47  9999.00  9999.00  9999.00  9999.00
 00032   963.70    22.27    98.80     4.22   127.84     0.52  9999.00  9999.00  9999.00  9999.00
 00033   995.37    25.00    95.78     1.93   228.54     1.53  9999.00  9999.00  9999.00  9999.00
 00034  1000.73    28.79    88.66     6.80   202.39    34.87  9999.00  9999.00  9999.00  9999.00
 00035   994.81    29.55    82.33     2.00   154.21    32.06  9999.00  9999.00  9999.00  9999.00
 00036   771.55    19.69    76.46     1.62   134.54    23.82  9999.00  9999.00  9999.00  9999.00
 00037   953.83    22.61    99.00     3.58   122.05     0.48  9999.00  9999.00  9999.00  9999.00
 00038   979.94    25.83    97.56     2.17   148.78    19.03  9999.00  9999.00  9999.00  9999.00
 00039   994.44    25.90    92.65     8.22   175.92     6.49  9999.00  9999.00  9999.00  9999.00
 00040   991.51    26.75    91.54     6.15   186.72    25.41  9999.00  9999.00  9999.00  9999.00
 00041   956.79    24.92    87.89     3.06    77.56    14.03  9999.00  9999.00  9999.00  9999.00
 00042   998.29    25.90    91.28     6.64    88.63    22.89  9999.00  9999.00  9999.00  9999.00
 00043   986.08    25.39    95.29     2.35   358.99     7.11  9999.00  9999.00  9999.00  9999.00
 00044   967.91    24.52    90.01     5.25    49.89     0.67  9999.00  9999.00  9999.00  9999.00
 00045   991.51    26.75    91.54     6.15   186.72    25.41  9999.00  9999.00  9999.00  9999.00
 00046   927.34    23.01    97.28     1.22   229.87    17.78  9999.00  9999.00  9999.00  9999.00
 00047   990.63    24.24    92.65     8.41   122.05     1.43  9999.00  9999.00  9999.00  9999.00
 00048   603.06    13.75    58.61     0.73   182.60    27.22  9999.00  9999.00  9999.00  9999.00
 00049   577.01     5.84    93.70     1.87   208.79     8.00  9999.00  9999.00  9999.00  9999.00
 00050   986.82    24.92    97.39     6.44   174.38     2.26  9999.00  9999.00  9999.00  9999.00
