stn_id       p       t2      rh2      spd      dir      vis    rain6   rain24   tmax24   tmin24 
 00001   958.34    28.25    86.46     1.16   108.93    26.60     0.48     1.14    31.91    23.57
 00002   986.34    22.11    93.46     4.12    13.13     3.85     2.05    20.47    23.41    21.84
 00003   896.89    21.55    78.40     3.37    67.81    25.67     0.12     1.41    24.96    20.54
 00004   830.89    18.60    80.08     3.41    85.27    24.90     0.10     0.44    23.38    15.39
 00005   866.18    24.07    38.20     4.00    86.70    26.60     0.00     0.00    30.10    17.05
 00006   877.13    26.65    39.94     3.51   149.68    26.67     0.00     0.00    31.88    17.66
 00007  1002.79    23.06    89.18     2.23   196.07    25.00     0.00     0.00    25.93    22.34
 00008   985.61    23.98    80.73     5.31   220.25    26.39     0.16     0.44    26.85    22.76
 00009   941.89    22.32    73.19     0.85    26.00    36.76     0.00     0.13    26.82    14.27
 00010   965.37    23.26    81.10     1.80   243.59    27.33     0.03     0.19    28.09    21.10
 00011   990.69    23.34    84.18     3.14   197.02    16.26     2.94     3.17    30.16    22.29
 00012  1003.58    22.63    93.32     5.11    68.78     1.80    18.72   115.47    24.35    22.63
 00013  1000.36    26.18    91.04     3.16   148.49    21.97     3.64    71.92    27.85    25.06
 00014   998.65    26.65    91.53     2.25   139.40    13.93     8.69    12.78    30.40    25.78
 00015   983.60    24.42    94.65     2.63   110.74    12.25     1.79    13.97    25.26    22.94
 00016   943.42    25.98    80.26     1.64    37.68    25.47     0.26    12.06    28.65    21.81
 00017   986.00    24.00    86.22     4.32    28.08    25.63     0.15    22.62    24.89    23.36
 00018   998.06    26.12    93.48     3.13   170.26    24.02     4.46    13.94    28.87    24.49
 00019   924.25    28.30    71.59     1.06   193.13    24.51     0.10     0.98    29.99    23.33
 00020  1006.33    23.85    94.29     6.33   144.13    10.69     0.04     2.10    28.37    23.82
 00021   882.85    26.28    23.06     2.61   303.71    26.16     0.00     0.00    27.67    16.76
 00022  1005.05    20.47    98.83     6.16    77.23     0.88    12.23    51.24    22.20    20.47
 00023   907.37    31.80    16.16     3.66   304.12    21.68     0.00     0.00    33.09    15.52
 00024   931.02    31.48    12.79     3.92   293.53    23.76     0.00     0.00    32.18    16.60
 00025   790.35    19.43    88.13     0.86   131.72    19.17     5.50     6.15    24.21    16.26
 00026   998.97    27.59    91.66     1.17   146.38    28.28     4.98    15.31    32.60    25.12
 00027   993.88    28.17    88.12     2.38   135.10    28.31     5.56     7.44    32.40    25.50
 00028   963.18    27.41    87.82     1.30   182.57    26.77     1.03     8.69    30.97    24.57
 00029   998.58    27.82    84.98     2.82   144.26    21.18     0.83     7.11    31.83    25.16
 00030   985.75    28.26    82.78     2.69   134.88    30.98     0.86     1.61    31.51    25.40
 00031   572.21     9.84    71.45     1.26   135.21    21.27     3.62     6.53    15.78     5.11
 00032   972.53    23.74    97.27     1.14   124.39     6.88     0.11     3.27    28.41    22.46
 00033  1000.08    24.67    97.06     1.50   200.90     0.80     0.34     0.80    25.18    22.40
 00034  1004.16    27.71    86.68     2.59   258.94     8.23     3.23     4.00    28.60    27.63
 00035   999.49    28.16    83.62     0.91   188.38    31.96     1.90     5.37    32.95    26.74
 00036   771.34    19.53    84.14     0.88   151.44    24.34     5.22     5.56    23.76    14.76
 00037   962.99    23.93    96.46     1.30   102.46    17.90     0.15     3.79    28.99    22.88
 00038   989.45    26.11    92.61     1.42   117.41    26.33     0.78     4.79    30.90    24.10
 00039  1003.00    25.31    96.93     2.04    76.46    26.88     0.04     1.34    27.16    24.86
 00040  1000.67    26.36    94.51     2.99   102.92    28.31     0.10     4.58    28.73    25.38
 00041   961.60    24.26    96.30     1.46   147.95    24.28     3.66    33.27    26.78    23.22
 00042  1000.21    26.99    85.48     3.08   162.80    24.67     2.30    32.31    28.63    25.47
 00043   992.87    27.39    92.35     1.15   144.60    29.10     3.85    12.19    31.95    25.44
 00044   975.68    26.45    91.34     1.01    65.68    27.14     3.76    15.39    30.88    24.15
 00045  1000.67    26.36    94.51     2.99   102.92    28.31     0.10     4.58    28.73    25.38
 00046   936.08    25.14    90.19     0.79   171.34    27.69     0.80     1.63    29.02    22.55
 00047   996.11    24.10    98.25     1.91   119.37     3.44     0.21     2.74    25.64    23.47
 00048   601.78    16.36    48.76     1.10   215.86    27.31     0.55     1.16    18.00     7.48
 00049   576.44     6.96    90.61     2.05   198.74    15.24     2.44     5.70    10.52     4.80
 00050   995.66    25.15    97.40     1.45    61.34    25.99     0.07     3.24    28.72    24.41
