stn_id       p       t2      rh2      spd      dir      vis    rain6   rain24   tmax24   tmin24 
 00001   977.04     6.23    54.65     1.47   135.43    18.46     0.00  9999.00  9999.00  9999.00
 00002  1000.12    -1.25     9.69     2.11   106.73    26.97     0.00  9999.00  9999.00  9999.00
 00003   901.35    -0.16    14.83     3.43   229.81    24.94     0.00  9999.00  9999.00  9999.00
 00004   829.69    -6.58    28.08     4.59   265.35    26.10     0.00  9999.00  9999.00  9999.00
 00005   866.07   -10.37    24.35     2.99   221.65    31.50     0.00  9999.00  9999.00  9999.00
 00006   876.08    -9.64    23.67     7.69   277.53    35.62     0.00  9999.00  9999.00  9999.00
 00007  1010.00    -3.33    14.92     5.60   247.20    35.44     0.00  9999.00  9999.00  9999.00
 00008   992.67    -9.14    19.86     4.84   247.54    41.20     0.00  9999.00  9999.00  9999.00
 00009   948.35   -24.15    65.89     0.83   303.00    54.92     0.00  9999.00  9999.00  9999.00
 00010   968.11   -10.87    34.35     4.63   285.31    39.64     0.00  9999.00  9999.00  9999.00
 00011  1000.99   -14.38    53.78     3.34   277.46    46.17     0.00  9999.00  9999.00  9999.00
 00012  1017.75    -3.19     7.09     1.07   183.44    29.00     0.00  9999.00  9999.00  9999.00
 00013  1023.43     3.54    32.40     1.31   174.70    20.23     0.00  9999.00  9999.00  9999.00
 00014  1019.66     4.77    55.85     0.30   257.75    20.44     0.00  9999.00  9999.00  9999.00
 00015  1002.37    -0.23     8.84     6.68   202.66    21.91     0.00  9999.00  9999.00  9999.00
 00016   960.24     0.45    18.27     1.61   248.49    19.48     0.00  9999.00  9999.00  9999.00
 00017  1004.78     2.99    16.26     3.58   212.34    19.95     0.00  9999.00  9999.00  9999.00
 00018  1022.08     2.19    17.38     2.04   172.44    19.51     0.00  9999.00  9999.00  9999.00
 00019   939.64     2.58    58.77     0.93   128.23    22.03     0.01  9999.00  9999.00  9999.00
 00020  1026.29     6.07    48.22     3.21   309.92    20.23     0.00  9999.00  9999.00  9999.00
 00021   902.31   -13.77    43.85     0.96   133.71    43.72     0.00  9999.00  9999.00  9999.00
 00022  1021.53    -1.60     8.07     3.40   240.72    26.27     0.00  9999.00  9999.00  9999.00
 00023   932.88   -14.06    86.29     0.81   271.85    37.64     0.09  9999.00  9999.00  9999.00
 00024   960.74   -22.00    96.87     2.82   127.66    24.03     0.15  9999.00  9999.00  9999.00
 00025   793.65    13.86    49.87     6.23   271.45    19.20     0.01  9999.00  9999.00  9999.00
 00026  1021.83     2.61    48.40     1.03    85.84    19.06     0.00  9999.00  9999.00  9999.00
 00027  1016.55     4.20    46.48     1.34   111.80    18.23     0.00  9999.00  9999.00  9999.00
 00028   982.09     4.40    50.05     1.17    20.75    16.97     0.00  9999.00  9999.00  9999.00
 00029  1015.36    11.63    51.63     2.23     5.22    20.68     0.00  9999.00  9999.00  9999.00
 00030  1003.99    11.53    36.09     1.11    68.70    21.81     0.00  9999.00  9999.00  9999.00
 00031   571.20     1.76    19.86     6.30   243.12    36.01     0.00  9999.00  9999.00  9999.00
 00032   985.50     8.88    67.30     2.43    20.08    18.63     0.02  9999.00  9999.00  9999.00
 00033  1015.72    15.06    82.12     6.09    47.61     9.94     0.32  9999.00  9999.00  9999.00
 00034  1012.62    26.44    64.60     9.94    49.36    24.41     0.02  9999.00  9999.00  9999.00
 00035  1014.17    18.43    74.17     5.49    20.76    20.05     0.23  9999.00  9999.00  9999.00
 00036   772.74     9.07    62.37     2.53   201.24    20.15     0.00  9999.00  9999.00  9999.00
 00037   975.41     8.83    66.21     1.63    25.22    18.54     0.00  9999.00  9999.00  9999.00
 00038  1002.80    14.66    60.67     2.41    54.78    20.25     0.00  9999.00  9999.00  9999.00
 00039  1016.94    13.03    75.14    10.56    25.86    16.06     0.20  9999.00  9999.00  9999.00
 00040  1014.31    15.46    62.19     6.51    42.83    20.76     0.00  9999.00  9999.00  9999.00
 00041   978.47     4.13    41.81     1.67   143.45    18.80     0.00  9999.00  9999.00  9999.00
 00042  1023.53     3.58    32.59     0.62    99.99    19.91     0.00  9999.00  9999.00  9999.00
 00043  1014.78     2.51    50.15     0.89    75.98    19.30     0.00  9999.00  9999.00  9999.00
 00044   994.14     4.05    51.30     0.70    55.66    19.06     0.00  9999.00  9999.00  9999.00
 00045  1014.31    15.46    62.19     6.51    42.83    20.76     0.00  9999.00  9999.00  9999.00
 00046   947.79     8.73    47.58     0.27    39.64    19.19     0.00  9999.00  9999.00  9999.00
 00047  1012.11     9.73    65.98     2.27    17.95    19.68     0.00  9999.00  9999.00  9999.00
 00048   602.07     4.67    14.74     2.67   203.10    38.18     0.00  9999.00  9999.00  9999.00
 00049   575.90    -0.72    30.94     3.01   207.97    29.62     0.00  9999.00  9999.00  9999.00
 00050  1009.24    12.18    62.55     6.47    23.09    19.18     0.01  9999.00  9999.00  9999.00
