stn_id       p       t2      rh2      spd      dir      vis    rain6   rain24   tmax24   tmin24 
 00001   985.78     3.61    99.16     0.92   126.52     0.16     0.02     0.14    12.24     2.95
 00002  1005.40   -12.28    84.04     2.99   284.11    26.80     0.00     0.00    -0.25   -13.71
 00003   909.84   -20.94    98.84     0.70   302.94    24.93     0.00     0.00    -2.66   -21.39
 00004   835.78   -16.62    93.39     2.33   201.50    24.01     0.00     0.01    -8.50   -19.39
 00005   872.37   -17.90    99.26     1.42    65.10    18.87     0.04     0.15   -10.65   -18.51
 00006   878.73   -11.43    66.38     5.62   212.01    33.17     0.00     0.00    -8.01   -13.42
 00007  1011.37   -15.25    98.74     1.10   171.33     0.43     0.01     0.03    -7.88   -18.59
 00008   992.43   -15.75    98.18     2.72   227.14    20.63     0.00     0.00    -8.13   -19.18
 00009   939.12   -23.40    99.77     2.16   286.15    51.76     0.29     0.60   -13.90   -27.59
 00010   969.20   -14.14    81.11     1.30   243.83    38.16     0.00     0.00    -1.34   -15.98
 00011   998.92   -18.30    98.93     4.95   198.60     1.56     0.01     0.02   -14.57   -21.21
 00012  1021.25   -15.02    83.54     3.14   328.25    29.06     0.00     0.00     1.48   -15.09
 00013  1023.26    -0.48    90.42     3.35   284.88    21.45     0.00     0.01     9.54    -1.26
 00014  1019.20     2.63    84.00     2.81   265.75    21.53     0.00     2.10    11.94     0.50
 00015  1005.69    -8.45    78.54     1.55   222.69    22.85     0.00     0.00     1.40    -9.93
 00016   965.83    -5.20    73.32     0.68   265.68    21.48     0.00     0.00     8.81    -5.24
 00017  1008.93    -0.73    57.33     4.15   287.57    21.32     0.00     0.00     8.20    -1.35
 00018  1023.26    -1.32    84.09     3.38   297.45    20.68     0.00     0.01     8.87    -1.91
 00019   947.76     4.08    59.46     0.85   312.95    24.24     0.00     0.01    12.35     1.84
 00020  1023.25     2.10    88.12     5.41   288.14    21.47     0.00     1.03    11.81     1.49
 00021   897.19    -6.14    59.26     1.85   298.09    34.67     0.05     0.07    -4.05   -12.15
 00022  1024.02    -9.76    65.72     3.71   312.91    26.72     0.00     0.00     1.87   -10.30
 00023   925.70    -7.10    83.40     4.10   255.12    29.79     0.41     1.94     1.03    -8.40
 00024   949.63   -12.39    99.34     2.52   134.35    24.00     0.04     0.88    -7.49   -12.93
 00025   800.58     3.84    94.95     3.68    89.29    11.84     0.30     0.74    14.16     3.86
 00026  1024.21     1.25    95.33     1.35   278.74     2.84     0.00     3.67     9.09     0.48
 00027  1021.67     1.46    98.60     1.17    34.77     0.38     0.00     2.61     7.17     0.66
 00028   989.02     1.89    99.71     0.88   106.54     0.70     0.00     0.01     9.20     1.50
 00029  1017.87    11.49    74.49     4.28     9.37    20.94     0.00     1.36    21.99    11.29
 00030  1008.25    11.45    72.65     4.06     2.56    22.07     0.00     2.26    17.42    11.39
 00031   569.74   -15.72    45.04     1.86   227.19    36.39     0.00     0.00    -2.63   -16.43
 00032   985.96     8.73    84.04     3.22   299.85    18.84     0.04     0.84    17.60     7.82
 00033  1016.84    19.00    90.22     9.73    25.78     5.87     2.85     5.04    21.05    18.99
 00034  1015.22    25.04    89.79     9.94    35.00     7.17     1.36     3.83    26.85    25.02
 00035  1015.65    21.01    83.38     7.17    35.02    18.76     0.44     2.53    26.21    20.82
 00036   780.83     0.29    90.13     0.94    60.37    14.02     0.77     4.54     8.27     0.32
 00037   976.28     8.24    85.42     2.96   297.43    18.70     0.00     0.54    17.89     6.99
 00038  1003.90    13.45    73.54     2.89   322.07    20.50     0.00     0.00    23.15    10.96
 00039  1017.23    16.10    67.91     6.39   339.18    20.25     0.00     0.01    21.10    15.76
 00040  1014.68    15.53    78.96     4.82   345.17    21.02     0.04     0.42    22.34    14.96
 00041   980.71     0.08    97.23     1.43   277.89     0.33     0.00     1.28     9.23    -1.26
 00042  1024.29     0.70    84.06     3.66   277.21    21.05     0.00     0.40     9.81    -0.19
 00043  1017.65     1.45    96.63     0.65   292.35     0.19     0.00     4.19     7.69     0.64
 00044   996.71     3.66    96.33     2.03   250.95     4.88     0.00     3.38    11.29     2.71
 00045  1014.68    15.53    78.96     4.82   345.17    21.02     0.04     0.42    22.34    14.96
 00046   951.66     4.20    87.05     3.14    11.32    19.47     0.00     2.22    17.91     4.13
 00047  1011.17    10.01    74.60     5.52   326.57    20.23     0.00     0.08    16.56     6.22
 00048   603.44   -20.34    80.95     1.65   130.72    34.85     0.01     0.02    -5.09   -20.26
 00049   573.28   -20.34    95.51     1.12   100.08    12.39     0.01     0.07    -5.48   -20.75
 00050  1009.36    13.29    69.35     4.21   333.95    19.85     0.00     0.00    21.43    12.54
