stn_id       p       t2      rh2      spd      dir      vis    rain6   rain24   tmax24   tmin24 
 00001   979.33    10.06    79.02     1.60   319.11    16.45     0.25  9999.00  9999.00  9999.00
 00002  1012.72    -2.47    75.49     0.77   204.29    26.85     0.00  9999.00  9999.00  9999.00
 00003   912.77    -6.72    81.88     1.04    58.11    24.83     0.00  9999.00  9999.00  9999.00
 00004   838.43    -3.73    62.25     1.37   128.63    25.42     0.00  9999.00  9999.00  9999.00
 00005   876.62    -8.36    79.68     1.17    87.66    29.34     0.00  9999.00  9999.00  9999.00
 00006   886.07    -4.76    68.33     3.72   181.78    32.74     0.00  9999.00  9999.00  9999.00
 00007  1021.59   -11.07    82.44     5.59     6.16    37.14     0.03  9999.00  9999.00  9999.00
 00008  1005.13   -14.53    75.86     4.37   127.39    42.25     0.02  9999.00  9999.00  9999.00
 00009   954.21   -18.94    79.72     1.14   193.33    52.85     0.00  9999.00  9999.00  9999.00
 00010   973.87    -4.15    60.37     4.08   338.73    40.76     0.03  9999.00  9999.00  9999.00
 00011  1013.37   -16.60    78.69     5.06    29.23    46.15     0.00  9999.00  9999.00  9999.00
 00012  1029.25    -0.16    59.22     1.79    36.89    29.09     0.00  9999.00  9999.00  9999.00
 00013  1024.62     8.46    59.40     3.72     5.36    21.54     0.00  9999.00  9999.00  9999.00
 00014  1019.35    11.29    53.25     3.98   241.71    21.52     0.00  9999.00  9999.00  9999.00
 00015  1011.64    -0.12    81.15     1.54   143.00    23.04     0.00  9999.00  9999.00  9999.00
 00016   964.24     5.71    47.48     3.65   158.87    21.75     0.00  9999.00  9999.00  9999.00
 00017  1013.28     4.07    52.78     2.66    48.98    21.57     0.00  9999.00  9999.00  9999.00
 00018  1023.59     9.27    57.17     3.61    17.49    20.78     0.00  9999.00  9999.00  9999.00
 00019   942.65     7.52    90.76     1.29   125.64    15.52     0.78  9999.00  9999.00  9999.00
 00020  1024.93    10.50    65.73     5.20   325.06    21.56     0.00  9999.00  9999.00  9999.00
 00021   898.36    -5.65    73.30     1.38   118.25    40.63     0.07  9999.00  9999.00  9999.00
 00022  1032.08     0.39    51.72     2.94    26.34    26.82     0.00  9999.00  9999.00  9999.00
 00023   925.70    -8.00    67.72     1.52   161.07    36.81     0.00  9999.00  9999.00  9999.00
 00024   954.03    -7.82    89.93     5.51   126.63    24.08     0.06  9999.00  9999.00  9999.00
 00025   797.38    14.44    48.69     4.88   249.14    18.94     0.00  9999.00  9999.00  9999.00
 00026  1019.47    15.26    52.37     4.80    23.76    19.74     0.00  9999.00  9999.00  9999.00
 00027  1015.42    15.61    59.47     2.99     6.69    19.18     0.00  9999.00  9999.00  9999.00
 00028   982.76    11.74    84.90     3.89    22.31    18.11     0.01  9999.00  9999.00  9999.00
 00029  1011.91    24.86    60.98     2.12    24.21    20.90     0.00  9999.00  9999.00  9999.00
 00030  1000.68    24.44    65.64     1.18    90.05    22.04     0.01  9999.00  9999.00  9999.00
 00031   571.00    -2.23    12.33     3.32   277.90    36.12     0.00  9999.00  9999.00  9999.00
 00032   983.94    18.91    66.08     3.85    83.69    18.51     0.01  9999.00  9999.00  9999.00
 00033  1014.04    20.89    97.19     1.92   141.74     2.38     0.09  9999.00  9999.00  9999.00
 00034  1014.31    26.89    76.81     8.42    31.97    23.54     0.10  9999.00  9999.00  9999.00
 00035  1013.03    25.85    73.53     3.81    45.55    15.91     0.40  9999.00  9999.00  9999.00
 00036   776.72    10.52    60.66     2.53   202.10    20.57     0.02  9999.00  9999.00  9999.00
 00037   973.86    19.71    61.76     2.64    95.65    18.66     0.03  9999.00  9999.00  9999.00
 00038   999.84    26.26    41.49     2.08    52.67    20.37     0.00  9999.00  9999.00  9999.00
 00039  1014.87    22.37    70.25    11.19    45.71    20.18     0.00  9999.00  9999.00  9999.00
 00040  1011.46    25.36    53.15     6.54    62.20    20.93     0.00  9999.00  9999.00  9999.00
 00041   979.70    10.55    47.76     3.15    21.97    19.80     0.00  9999.00  9999.00  9999.00
 00042  1024.06    10.42    57.01     2.88    11.69    21.10     0.00  9999.00  9999.00  9999.00
 00043  1012.36    15.63    65.47     4.11    34.01    19.89     0.00  9999.00  9999.00  9999.00
 00044   992.85    15.16    69.14     2.82    48.79    19.72     0.01  9999.00  9999.00  9999.00
 00045  1011.46    25.36    53.15     6.54    62.20    20.93     0.00  9999.00  9999.00  9999.00
 00046   947.19    19.94    57.38     1.94    33.28    19.36     0.00  9999.00  9999.00  9999.00
 00047  1010.36    16.87    58.37     4.37   349.62    20.17     0.01  9999.00  9999.00  9999.00
 00048   603.04    -4.50    31.10     1.01    86.65    38.01     0.00  9999.00  9999.00  9999.00
 00049   574.85    -6.60    43.13     2.75   207.36    28.72     0.00  9999.00  9999.00  9999.00
 00050  1007.24    23.00    57.03     7.12    47.95    19.76     0.00  9999.00  9999.00  9999.00
