stn_id       p       t2      rh2      spd      dir      vis    rain6   rain24   tmax24   tmin24 
 00001   981.51     8.79    93.95     0.59   208.91    14.00     0.35  9999.00  9999.00  9999.00
 00002  1014.08   -15.75    97.42     1.59   270.69    26.88     0.00  9999.00  9999.00  9999.00
 00003   913.69   -15.02    99.99     0.45   283.36    24.66     0.00  9999.00  9999.00  9999.00
 00004   839.02   -13.59    68.77     3.14   190.14    25.44     0.00  9999.00  9999.00  9999.00
 00005   876.44   -14.89    97.95     0.42   208.66    15.43     0.01  9999.00  9999.00  9999.00
 00006   884.52    -8.26    62.87     4.99   237.25    32.80     0.00  9999.00  9999.00  9999.00
 00007  1022.26   -21.87    98.04     2.15    17.81    37.26     0.00  9999.00  9999.00  9999.00
 00008  1005.87   -17.83    78.74     1.49   208.31    42.27     0.00  9999.00  9999.00  9999.00
 00009   945.66   -17.90    96.71     1.18   117.94    18.16     0.19  9999.00  9999.00  9999.00
 00010   981.09   -14.02    86.70     1.84   304.19    41.53     0.01  9999.00  9999.00  9999.00
 00011  1013.16   -25.24    99.95     3.56   178.36    46.15     0.00  9999.00  9999.00  9999.00
 00012  1030.28   -10.10    86.38     1.19   262.65    29.13     0.00  9999.00  9999.00  9999.00
 00013  1028.01    -0.59    90.13     2.20   215.03    21.57     0.00  9999.00  9999.00  9999.00
 00014  1023.14     2.08    89.48     1.96   313.93    21.58     0.00  9999.00  9999.00  9999.00
 00015  1013.47    -5.94    91.99     1.04   146.51    23.05     0.00  9999.00  9999.00  9999.00
 00016   968.07    -0.58    77.34     1.19   156.97    21.60     0.00  9999.00  9999.00  9999.00
 00017  1015.95    -5.54    85.24     0.87   313.68    21.57     0.00  9999.00  9999.00  9999.00
 00018  1027.39    -1.32    89.96     1.88    25.88    20.81     0.00  9999.00  9999.00  9999.00
 00019   945.05     7.09    94.21     0.84   286.66    19.04     0.14  9999.00  9999.00  9999.00
 00020  1028.23     2.95    89.15     4.33   317.93    20.05     0.00  9999.00  9999.00  9999.00
 00021   897.47    -9.37    68.05     4.11   151.44    40.35     0.01  9999.00  9999.00  9999.00
 00022  1033.46    -7.65    75.01     1.13   325.93    26.85     0.00  9999.00  9999.00  9999.00
 00023   926.79    -6.62    78.22     1.22   241.90    11.02     0.65  9999.00  9999.00  9999.00
 00024   953.24    -7.20    92.92     6.40   113.15    13.00     0.80  9999.00  9999.00  9999.00
 00025   798.51     5.04    88.07     2.03   189.29    18.98     0.00  9999.00  9999.00  9999.00
 00026  1023.47     4.87    84.33     4.64     8.91    19.79     0.00  9999.00  9999.00  9999.00
 00027  1018.92     6.60    90.62     2.91   329.41    19.20     0.00  9999.00  9999.00  9999.00
 00028   985.93     8.09    81.12     3.31    14.73    17.54     0.49  9999.00  9999.00  9999.00
 00029  1014.74    16.61    82.66     2.31    18.43    20.92     0.00  9999.00  9999.00  9999.00
 00030  1002.99    17.57    92.25     1.85    66.99    21.97     0.02  9999.00  9999.00  9999.00
 00031   571.54   -10.17    41.01     2.30   222.62    36.21     0.00  9999.00  9999.00  9999.00
 00032   988.06    11.19    58.04     2.46    57.74    18.77     0.00  9999.00  9999.00  9999.00
 00033  1015.51    19.59    97.22     3.33   114.37     0.65     0.01  9999.00  9999.00  9999.00
 00034  1015.21    27.08    76.80     9.71    45.43    22.04     0.14  9999.00  9999.00  9999.00
 00035  1014.50    22.22    82.25     2.50    54.75    20.89     0.00  9999.00  9999.00  9999.00
 00036   777.61     3.46    78.85     1.38   107.75    20.56     0.00  9999.00  9999.00  9999.00
 00037   977.93    11.12    62.97     1.46    79.73    18.70     0.02  9999.00  9999.00  9999.00
 00038  1004.69    15.03    85.26     1.97    61.76    20.48     0.00  9999.00  9999.00  9999.00
 00039  1018.68    18.37    72.12    11.89    37.96    20.23     0.01  9999.00  9999.00  9999.00
 00040  1015.46    17.89    81.32     8.25    32.91    20.53     0.05  9999.00  9999.00  9999.00
 00041   983.10    -0.97    92.60     1.77    24.94    19.86     0.00  9999.00  9999.00  9999.00
 00042  1028.16    -1.04    93.72     2.18    19.83    21.15     0.00  9999.00  9999.00  9999.00
 00043  1016.05     5.13    82.72     3.61    23.59    19.92     0.00  9999.00  9999.00  9999.00
 00044   996.41     3.93    78.59     2.80    42.01    19.74     0.00  9999.00  9999.00  9999.00
 00045  1015.46    17.89    81.32     8.25    32.91    20.53     0.05  9999.00  9999.00  9999.00
 00046   949.83     8.76    97.89     1.31    62.30     8.31     0.00  9999.00  9999.00  9999.00
 00047  1014.60     7.02    67.05     4.78   323.63    20.21     0.00  9999.00  9999.00  9999.00
 00048   603.63   -13.76    70.19     1.58   180.08    38.10     0.00  9999.00  9999.00  9999.00
 00049   575.04   -16.42    98.72     0.94    36.00    28.13     0.04  9999.00  9999.00  9999.00
 00050  1011.49    15.39    67.67     6.94    31.47    19.82     0.00  9999.00  9999.00  9999.00
