stn_id       p       t2      rh2      spd      dir      vis    rain6   rain24   tmax24   tmin24 
 00001   977.47    10.18    73.64     3.04   105.51    15.79     1.70  9999.00  9999.00  9999.00
 00002  1014.95    -4.65    45.30     0.95   106.59    25.06     0.00  9999.00  9999.00  9999.00
 00003   911.91    -2.55    40.00     1.32    95.26    22.95     0.00  9999.00  9999.00  9999.00
 00004   837.63    -4.23    27.83     2.04   156.86    17.50     0.12  9999.00  9999.00  9999.00
 00005   873.76    -5.82    12.28     1.24   100.60    24.84     0.00  9999.00  9999.00  9999.00
 00006   883.10    -8.78    25.78     5.02   193.05    26.03     0.00  9999.00  9999.00  9999.00
 00007  1026.15   -10.14    50.86     1.77   273.84    29.43     0.00  9999.00  9999.00  9999.00
 00008  1006.01   -17.93    84.80     3.96   249.40    33.50     0.00  9999.00  9999.00  9999.00
 00009   948.81   -23.69    77.47     2.13   281.51    44.56     0.00  9999.00  9999.00  9999.00
 00010   978.32   -13.92    51.75     4.43   279.03    33.36     0.02  9999.00  9999.00  9999.00
 00011  1009.81   -21.38    83.94     4.84   271.26    37.15     0.00  9999.00  9999.00  9999.00
 00012  1032.23    -5.31    38.78     2.04   197.13    25.26     0.00  9999.00  9999.00  9999.00
 00013  1029.84     0.83    70.89     3.15    35.45    19.87     0.00  9999.00  9999.00  9999.00
 00014  1024.82     4.05    80.37     1.55   343.41    19.10     0.00  9999.00  9999.00  9999.00
 00015  1015.57    -5.82    56.70     1.35   107.47    21.54     0.00  9999.00  9999.00  9999.00
 00016   964.39     2.58    43.63     3.04    71.84    21.33     0.00  9999.00  9999.00  9999.00
 00017  1015.57     1.14    29.62     2.24    74.81    20.52     0.00  9999.00  9999.00  9999.00
 00018  1028.49     1.52    54.74     3.36    57.88    19.39     0.00  9999.00  9999.00  9999.00
 00019   940.14    11.32    91.12     1.82    67.15    22.06     0.16  9999.00  9999.00  9999.00
 00020  1030.72     6.62    69.22     3.71   336.90    19.77     0.00  9999.00  9999.00  9999.00
 00021   890.49    -4.05    73.78     4.43   163.52    36.84     0.00  9999.00  9999.00  9999.00
 00022  1035.94    -5.44    38.55     1.86   208.01    23.96     0.00  9999.00  9999.00  9999.00
 00023   914.68    -1.01    73.88     1.39   126.94    31.41     0.00  9999.00  9999.00  9999.00
 00024   945.00    -5.03    66.41     7.44   111.42    33.03     0.00  9999.00  9999.00  9999.00
 00025   798.24     9.10    96.04     1.92   187.75    19.37     0.00  9999.00  9999.00  9999.00
 00026  1023.84     4.07    61.20     4.51    13.08    18.72     0.00  9999.00  9999.00  9999.00
 00027  1019.54     4.96    71.62     2.26   323.81    18.92     0.00  9999.00  9999.00  9999.00
 00028   986.36     4.50    72.08     1.51   254.04    18.63     0.00  9999.00  9999.00  9999.00
 00029  1015.53    14.62    70.43     2.58    11.87    21.01     0.00  9999.00  9999.00  9999.00
 00030  1004.02    16.19    81.06     2.12    22.34    22.42     0.15  9999.00  9999.00  9999.00
 00031   573.25    -7.16    39.68     2.08   219.18    33.99     0.00  9999.00  9999.00  9999.00
 00032   988.39     9.43    61.86     2.87   108.69    17.80     0.00  9999.00  9999.00  9999.00
 00033  1014.36    19.93    89.61     7.90    71.34     5.45     0.63  9999.00  9999.00  9999.00
 00034  1012.45    27.75    71.96     9.89    57.20    27.04     0.23  9999.00  9999.00  9999.00
 00035  1013.12    22.85    86.19     5.20    63.44    12.41     0.46  9999.00  9999.00  9999.00
 00036   776.40     5.63    86.48     1.59   123.31    20.91     0.00  9999.00  9999.00  9999.00
 00037   978.46     8.02    66.06     1.76   190.45    17.70     0.00  9999.00  9999.00  9999.00
 00038  1004.81    12.99    56.52     1.77   350.94    20.03     0.00  9999.00  9999.00  9999.00
 00039  1018.32    16.16    71.37    13.77    21.27    18.57     0.67  9999.00  9999.00  9999.00
 00040  1015.31    16.55    65.59     8.88    22.34    20.89     0.00  9999.00  9999.00  9999.00
 00041   983.97    -0.02    75.85     1.75    60.36    18.05     0.00  9999.00  9999.00  9999.00
 00042  1029.32     1.59    71.48     2.71    59.40    19.33     0.00  9999.00  9999.00  9999.00
 00043  1016.46     4.22    61.94     3.34    24.20    18.94     0.00  9999.00  9999.00  9999.00
 00044   997.29     3.86    74.43     3.35    64.17    18.28     0.00  9999.00  9999.00  9999.00
 00045  1015.31    16.55    65.59     8.88    22.34    20.89     0.00  9999.00  9999.00  9999.00
 00046   950.22     8.73    94.36     1.47    67.99    18.58     0.00  9999.00  9999.00  9999.00
 00047  1015.68     9.73    68.77     4.72   331.80    18.69     0.00  9999.00  9999.00  9999.00
 00048   604.95    -8.54    56.09     1.26   129.07    35.53     0.00  9999.00  9999.00  9999.00
 00049   576.68    -9.71    97.04     0.73   107.75    13.99     0.11  9999.00  9999.00  9999.00
 00050  1011.24    13.42    58.92     7.79    18.37    19.10     0.02  9999.00  9999.00  9999.00
