stn_id       p       t2      rh2      spd      dir      vis    rain6   rain24   tmax24   tmin24 
 00001     0.00    16.99     0.00     0.61    97.87     0.00   -10.08    -6.21    17.74    15.89
 00002     0.00    16.48     0.00     1.26   231.79     0.00     0.00     0.00    21.56    11.22
 00003     0.00    12.36     0.00     0.88   296.49     0.00    -0.01    -0.00    18.28     7.32
 00004     0.00     8.66     0.00     1.31   126.72     0.00    -0.83    -0.35    13.49     6.76
 00005     0.00     8.93     0.00     1.80   220.18     0.00    -2.50    -2.50    16.59     2.31
 00006     0.00     8.42     0.00     1.68   183.20     0.00     0.00     0.00    16.17     3.26
 00007     0.00    11.54     0.00     2.16   208.64     0.00    -5.54    -0.06    15.96    12.61
 00008     0.00    10.72     0.00     1.92   183.06     0.00    -2.90     0.00    15.51     8.99
 00009     0.00     5.66     0.00     1.89   269.62     0.00     0.00     0.00    13.02     4.84
 00010     0.00    10.29     0.00     1.98   270.84     0.00     0.00     0.00    17.83     2.69
 00011     0.00    11.86     0.00     3.92   206.80     0.00    -0.00     0.00    18.85     7.39
 00012     0.00    14.96     0.00     1.63   133.67     0.00    -2.39    -2.30    20.74    10.96
 00013     0.00    17.59     0.00     1.23   212.40     0.00    -0.10    -0.04    19.71    16.52
 00014     0.00    18.45     0.00     1.53    73.10     0.00    -2.38    -2.39    21.92    14.54
 00015     0.00    15.95     0.00     2.08   202.97     0.00     0.00     0.00    22.22    10.94
 00016     0.00    14.86     0.00     1.58   182.27     0.00    -2.05    -2.06    20.12    10.21
 00017     0.00    15.62     0.00     2.37   184.88     0.00     0.00     0.00    22.15    10.02
 00018     0.00    16.60     0.00     1.37    88.62     0.00    -0.89    -0.10    19.55    14.64
 00019     0.00    17.62     0.00     0.65   285.66     0.00   -18.96   -14.10    19.23    12.99
 00020     0.00    17.99     0.00     1.57    81.47     0.00    -0.90    -0.17    21.28    14.01
 00021     0.00    13.16     0.00     2.74   312.59     0.00     0.00     0.00    21.07     9.96
 00022     0.00    15.72     0.00     2.38   179.48     0.00    -0.20    -0.03    23.16    13.90
 00023     0.00     9.46     0.00     8.46   269.21     0.00     0.00     0.00    18.43     7.49
 00024     0.00    16.78     0.00     1.23   266.72     0.00     0.00     0.00    17.50     7.35
 00025     0.00    13.74     0.00     1.07   284.16     0.00    -6.14    -3.58    16.96    13.54
 00026     0.00    19.70     0.00     1.50    65.68     0.00    -2.60    -2.58    23.24    15.42
 00027     0.00    18.12     0.00     2.55   316.81     0.00    -0.47    -0.47    19.43    16.37
 00028     0.00    15.58     0.00     0.80   331.32     0.00    -1.15    -0.45    16.59    15.51
 00029     0.00    24.65     0.00     2.42   346.12     0.00    -0.26    -0.25    27.48    19.45
 00030     0.00    23.29     0.00     2.19    31.10     0.00   -11.39   -11.15    26.08    19.91
 00031     0.00     5.29     0.00     2.31   231.76     0.00    -0.01    -0.01     8.18    -4.93
 00032     0.00    18.72     0.00     1.26    66.28     0.00    -0.12    -0.07    23.39    15.29
 00033     0.00    21.33     0.00     5.61    74.74     0.00   -23.96   -23.59    21.72    20.39
 00034     0.00    27.75     0.00     7.89    49.72     0.00   -17.00   -13.85    27.74    26.49
 00035     0.00    24.82     0.00     3.17    53.38     0.00   -34.67   -33.26    27.93    24.07
 00036     0.00    11.26     0.00     0.72   321.29     0.00   -13.07    -9.82    12.28     9.55
 00037     0.00    18.60     0.00     1.33    90.04     0.00    -0.11    -0.09    24.56    15.05
 00038     0.00    22.02     0.00     1.96   116.36     0.00    -0.05    -0.02    26.85    17.99
 00039     0.00    22.62     0.00     8.61    49.07     0.00    -0.23    -0.21    24.04    20.89
 00040     0.00    22.84     0.00     4.08    58.87     0.00     0.00     0.00    26.06    20.42
 00041     0.00    16.90     0.00     1.10    16.57     0.00    -1.22    -0.86    19.78    14.41
 00042     0.00    17.80     0.00     1.06    68.10     0.00    -1.89    -0.51    19.47    16.73
 00043     0.00    20.47     0.00     0.92    94.84     0.00    -2.58    -2.57    22.85    14.94
 00044     0.00    18.20     0.00     1.05   264.34     0.00    -4.51    -4.37    21.66    15.01
 00045     0.00    22.84     0.00     4.08    58.87     0.00     0.00     0.00    26.06    20.42
 00046     0.00    18.72     0.00     1.36   346.17     0.00    -0.71    -0.57    22.23    14.10
 00047     0.00    20.22     0.00     2.96    84.45     0.00    -0.95    -0.95    22.65    18.07
 00048     0.00     5.45     0.00     1.70   119.79     0.00    -7.87    -7.87     5.97    -5.41
 00049     0.00     0.13     0.00     1.59   195.05     0.00    -5.02    -4.83     5.57    -5.63
 00050     0.00    20.61     0.00     4.63    39.01     0.00    -0.03    -0.02    25.62    18.83
