stn_id       p       t2      rh2      spd      dir      vis    rain6   rain24   tmax24   tmin24 
 00001   984.69    11.97    89.00     1.34   352.15     9.23     0.44  9999.00  9999.00  9999.00
 00002  1005.34     5.84    60.64     3.68   207.31    23.83     0.00  9999.00  9999.00  9999.00
 00003   911.83     0.49    43.83     2.35   299.91    22.13     0.00  9999.00  9999.00  9999.00
 00004   840.86    -2.47    49.66     2.32   231.48    22.61     0.00  9999.00  9999.00  9999.00
 00005   876.24    -2.51    30.45     3.00   277.89    26.13     0.00  9999.00  9999.00  9999.00
 00006   884.93     0.06    24.22     4.66   249.87    29.09     0.00  9999.00  9999.00  9999.00
 00007  1010.59     2.96    49.22     5.53   205.09    28.88     0.00  9999.00  9999.00  9999.00
 00008   992.14    -0.55    33.55     4.36   226.50    35.03     0.00  9999.00  9999.00  9999.00
 00009   943.97   -12.98    80.97     1.89   201.17    56.57     0.01  9999.00  9999.00  9999.00
 00010   972.36    -5.38    42.22     1.70   235.71    34.90     0.00  9999.00  9999.00  9999.00
 00011   998.01    -3.19    43.50     4.21   226.24    41.71     0.00  9999.00  9999.00  9999.00
 00012  1020.02     3.93    38.44     3.95   216.07    24.60     0.00  9999.00  9999.00  9999.00
 00013  1027.84     4.82    69.29     2.64    76.98    18.50     0.00  9999.00  9999.00  9999.00
 00014  1024.89     5.44    70.72     2.65   229.07    18.38     0.00  9999.00  9999.00  9999.00
 00015  1007.80     5.93    51.45     4.10   191.47    19.29     0.00  9999.00  9999.00  9999.00
 00016   967.86     7.15    63.02     1.83   209.23    18.03     0.00  9999.00  9999.00  9999.00
 00017  1010.49     8.43    57.16     2.73   200.65    18.57     0.00  9999.00  9999.00  9999.00
 00018  1026.27     6.87    65.29     2.32   107.22    18.18     0.00  9999.00  9999.00  9999.00
 00019   949.01    10.46    77.17     1.17    32.88    16.21     0.28  9999.00  9999.00  9999.00
 00020  1030.91     5.76    74.25     2.31   286.14    18.34     0.00  9999.00  9999.00  9999.00
 00021   896.35    -2.42    74.67     1.66   157.85    38.28     0.00  9999.00  9999.00  9999.00
 00022  1024.35     4.14    51.65     3.58   219.54    22.27     0.00  9999.00  9999.00  9999.00
 00023   920.96     2.40    55.57     1.69   158.04    36.36     0.00  9999.00  9999.00  9999.00
 00024   950.70    -4.98    92.62     6.35   123.34    38.31     0.00  9999.00  9999.00  9999.00
 00025   798.33    13.73    53.19     2.23   216.55    20.74     0.01  9999.00  9999.00  9999.00
 00026  1024.10    11.51    66.15     2.54    29.91    18.36     0.00  9999.00  9999.00  9999.00
 00027  1018.92    14.38    72.98     2.39   317.35    17.82     0.07  9999.00  9999.00  9999.00
 00028   986.81    12.72    77.69     1.50   255.20    16.74     0.01  9999.00  9999.00  9999.00
 00029  1017.43    17.35    70.27     2.08   348.55    20.24     0.00  9999.00  9999.00  9999.00
 00030  1005.90    20.14    65.45     2.12    27.72    22.11     0.00  9999.00  9999.00  9999.00
 00031   571.83    -0.99     6.78     1.74   281.42    30.63     0.00  9999.00  9999.00  9999.00
 00032   991.41     8.71    69.15     2.33    25.99    17.17     0.00  9999.00  9999.00  9999.00
 00033  1018.40    19.56    89.91     6.63    82.28    17.17     0.26  9999.00  9999.00  9999.00
 00034  1018.42    27.02    58.04    10.81    45.16    22.63     0.09  9999.00  9999.00  9999.00
 00035  1017.38    22.45    72.73     3.03    43.48    21.38     0.63  9999.00  9999.00  9999.00
 00036   777.97     9.73    67.86     1.40    51.47    20.33     0.48  9999.00  9999.00  9999.00
 00037   981.45     8.69    66.97     1.68    43.73    17.11     0.00  9999.00  9999.00  9999.00
 00038  1007.89    15.08    55.57     2.58    76.78    19.24     0.00  9999.00  9999.00  9999.00
 00039  1022.58    17.48    59.98    10.64    31.90    18.75     0.00  9999.00  9999.00  9999.00
 00040  1019.02    18.93    53.98     7.55    52.57    19.85     0.00  9999.00  9999.00  9999.00
 00041   984.16     5.69    72.76     2.10    52.96    17.46     0.00  9999.00  9999.00  9999.00
 00042  1027.72     6.32    70.56     2.27    96.70    18.32     0.00  9999.00  9999.00  9999.00
 00043  1017.04    11.97    64.33     2.87    24.73    18.71     0.00  9999.00  9999.00  9999.00
 00044   998.40     9.11    59.03     2.67    43.36    17.78     0.00  9999.00  9999.00  9999.00
 00045  1019.02    18.93    53.98     7.55    52.57    19.85     0.00  9999.00  9999.00  9999.00
 00046   953.02     9.55    89.91     1.30    80.16    18.35     0.00  9999.00  9999.00  9999.00
 00047  1017.58    12.13    65.32     4.54    45.89    17.90     0.00  9999.00  9999.00  9999.00
 00048   603.85    -1.29    22.37     2.14    49.40    33.60     0.01  9999.00  9999.00  9999.00
 00049   576.94    -7.64    87.50     1.64   205.01    26.19     0.03  9999.00  9999.00  9999.00
 00050  1015.16    13.69    55.30     5.17    20.39    18.31     0.00  9999.00  9999.00  9999.00
