stn_id       p       t2      rh2      spd      dir      vis    rain6   rain24   tmax24   tmin24 
 00001   986.61     9.26    98.93     1.05   284.20     8.60  9999.00  9999.00  9999.00  9999.00
 00002  1003.69     1.53    51.72     2.92   271.29    23.72  9999.00  9999.00  9999.00  9999.00
 00003   910.51    -3.65    69.34     0.71   302.33    22.05  9999.00  9999.00  9999.00  9999.00
 00004   839.72    -5.49    56.04     1.66   213.46    22.51  9999.00  9999.00  9999.00  9999.00
 00005   875.62    -6.65    35.61     1.31   116.01    26.02  9999.00  9999.00  9999.00  9999.00
 00006   884.66    -3.19    24.66     4.71   246.34    28.98  9999.00  9999.00  9999.00  9999.00
 00007  1012.46    -4.78    70.36     1.42   152.74    28.85  9999.00  9999.00  9999.00  9999.00
 00008   994.38    -5.59    49.25     2.01   295.17    35.00  9999.00  9999.00  9999.00  9999.00
 00009   946.74   -21.91    93.50     2.28   208.80    56.58  9999.00  9999.00  9999.00  9999.00
 00010   971.34    -8.63    72.32     1.49   234.91    34.84  9999.00  9999.00  9999.00  9999.00
 00011  1001.41    -8.06    54.28     0.42   142.60    41.69  9999.00  9999.00  9999.00  9999.00
 00012  1019.35    -3.88    70.93     1.76   344.98    24.53  9999.00  9999.00  9999.00  9999.00
 00013  1026.66     1.47    78.40     1.98   128.59    18.48  9999.00  9999.00  9999.00  9999.00
 00014  1023.71     0.70    82.59     1.12   260.01    18.36  9999.00  9999.00  9999.00  9999.00
 00015  1005.14     4.61    68.03     4.46   192.06    19.23  9999.00  9999.00  9999.00  9999.00
 00016   967.15     0.59    92.38     1.72   178.13    18.01  9999.00  9999.00  9999.00  9999.00
 00017  1008.03     4.84    75.08     2.19   239.32    18.52  9999.00  9999.00  9999.00  9999.00
 00018  1025.10     2.67    79.77     2.10   148.03    18.16  9999.00  9999.00  9999.00  9999.00
 00019   950.17     5.38    86.26     1.48   287.75    20.57  9999.00  9999.00  9999.00  9999.00
 00020  1029.86     2.25    82.86     2.39   323.33    18.32  9999.00  9999.00  9999.00  9999.00
 00021   895.67    -6.18    66.85     2.58   186.74    25.50  9999.00  9999.00  9999.00  9999.00
 00022  1022.22    -1.66    89.77     2.59   275.26    22.18  9999.00  9999.00  9999.00  9999.00
 00023   919.26    -3.50    50.61     2.40   223.83    36.20  9999.00  9999.00  9999.00  9999.00
 00024   949.34    -7.84    93.05     7.37   119.95     1.25  9999.00  9999.00  9999.00  9999.00
 00025   800.75     7.05    99.36     1.50   111.91     2.39  9999.00  9999.00  9999.00  9999.00
 00026  1023.90     6.01    82.72     2.26     9.69    18.37  9999.00  9999.00  9999.00  9999.00
 00027  1019.46    10.83    87.99     1.26   271.99    17.83  9999.00  9999.00  9999.00  9999.00
 00028   988.51     9.55    94.56     1.33   346.55     1.59  9999.00  9999.00  9999.00  9999.00
 00029  1018.95    14.55    73.16     2.02    23.04    20.24  9999.00  9999.00  9999.00  9999.00
 00030  1007.10    17.27    75.59     2.25    69.26    22.14  9999.00  9999.00  9999.00  9999.00
 00031   574.70    -8.09    48.45     2.47   232.57    30.73  9999.00  9999.00  9999.00  9999.00
 00032   990.68     5.54    84.33     1.91   335.60    17.16  9999.00  9999.00  9999.00  9999.00
 00033  1019.46    19.14    89.70     5.78    66.67    12.13  9999.00  9999.00  9999.00  9999.00
 00034  1017.90    25.59    79.50    10.93    47.19     9.70  9999.00  9999.00  9999.00  9999.00
 00035  1018.28    20.97    87.92     3.55    53.22     8.84  9999.00  9999.00  9999.00  9999.00
 00036   782.70     2.86    83.09     1.28    13.50    20.66  9999.00  9999.00  9999.00  9999.00
 00037   980.72     4.13    88.78     1.33   336.32    17.09  9999.00  9999.00  9999.00  9999.00
 00038  1008.55     8.44    80.23     1.66   320.98    19.25  9999.00  9999.00  9999.00  9999.00
 00039  1021.67    15.78    70.56     9.42    77.85    18.75  9999.00  9999.00  9999.00  9999.00
 00040  1019.55    14.51    59.66     6.02    55.68    19.85  9999.00  9999.00  9999.00  9999.00
 00041   983.24     1.28    83.07     1.47   123.69    17.45  9999.00  9999.00  9999.00  9999.00
 00042  1026.57     0.76    87.60     1.96   115.51    18.29  9999.00  9999.00  9999.00  9999.00
 00043  1016.99     6.42    86.18     1.63    32.82    18.72  9999.00  9999.00  9999.00  9999.00
 00044   997.91     2.92    86.59     1.67    83.01    17.77  9999.00  9999.00  9999.00  9999.00
 00045  1019.55    14.51    59.66     6.02    55.68    19.85  9999.00  9999.00  9999.00  9999.00
 00046   953.08     3.99    95.31     1.08    94.20    18.34  9999.00  9999.00  9999.00  9999.00
 00047  1016.70     7.42    77.12     3.80   318.94    17.89  9999.00  9999.00  9999.00  9999.00
 00048   606.59    -6.15    42.25     1.12   178.19    33.69  9999.00  9999.00  9999.00  9999.00
 00049   577.68   -13.32    94.81     1.02    41.59    22.61  9999.00  9999.00  9999.00  9999.00
 00050  1014.19    11.62    69.32     5.26   327.84    18.30  9999.00  9999.00  9999.00  9999.00
