stn_id       p       t2      rh2      spd      dir      vis    rain6   rain24   tmax24   tmin24 
 00001   974.23    20.82    89.28     0.66   284.36    23.11  9999.00  9999.00  9999.00  9999.00
 00002   996.51    15.45    44.52     2.38   296.67    23.41  9999.00  9999.00  9999.00  9999.00
 00003   906.34     8.33    52.85     1.91   324.98    22.88  9999.00  9999.00  9999.00  9999.00
 00004   838.23     6.21    46.91     2.19   298.71    23.06  9999.00  9999.00  9999.00  9999.00
 00005   874.02     4.72    60.03     1.67   352.62    25.71  9999.00  9999.00  9999.00  9999.00
 00006   884.30     5.30    57.27     2.19   282.27    26.59  9999.00  9999.00  9999.00  9999.00
 00007   999.79    12.84    77.50     2.03   311.12    25.49  9999.00  9999.00  9999.00  9999.00
 00008   981.22    11.43    65.99     4.92   254.30    26.59  9999.00  9999.00  9999.00  9999.00
 00009   945.33     2.58    77.85     3.03   323.85    32.75  9999.00  9999.00  9999.00  9999.00
 00010   961.07    11.02    89.59     1.26   203.18    28.67  9999.00  9999.00  9999.00  9999.00
 00011   985.89    11.46    95.02     2.65   338.19     0.52  9999.00  9999.00  9999.00  9999.00
 00012  1012.49    16.25    41.51     3.59   346.55    23.14  9999.00  9999.00  9999.00  9999.00
 00013  1010.42    21.04    92.28     2.09   351.74    17.06  9999.00  9999.00  9999.00  9999.00
 00014  1006.23    23.67    96.62     0.78   309.42    20.63  9999.00  9999.00  9999.00  9999.00
 00015   995.31    17.81    91.45     1.48   237.06    20.03  9999.00  9999.00  9999.00  9999.00
 00016   958.40    14.49    91.29     1.33   180.52    23.18  9999.00  9999.00  9999.00  9999.00
 00017   996.78    18.29    87.87     1.79   230.73    21.84  9999.00  9999.00  9999.00  9999.00
 00018  1009.63    21.49    94.89     2.01   316.51     2.64  9999.00  9999.00  9999.00  9999.00
 00019   939.54    18.14    89.11     0.86   309.00    26.69  9999.00  9999.00  9999.00  9999.00
 00020  1011.82    22.03    92.96     2.65   173.60    22.18  9999.00  9999.00  9999.00  9999.00
 00021   891.64     8.66    61.42     1.34   155.67    26.14  9999.00  9999.00  9999.00  9999.00
 00022  1014.66    18.14    35.90     5.48   163.51    21.15  9999.00  9999.00  9999.00  9999.00
 00023   917.69    10.75    72.81     1.23   187.90    22.30  9999.00  9999.00  9999.00  9999.00
 00024   944.18     8.48    62.81     1.56   112.67    24.46  9999.00  9999.00  9999.00  9999.00
 00025   798.99    16.57    90.82     1.36   150.73    23.97  9999.00  9999.00  9999.00  9999.00
 00026  1008.44    24.51    92.15     1.49   139.85    23.27  9999.00  9999.00  9999.00  9999.00
 00027  1005.36    24.28    89.43     2.57   352.23    23.41  9999.00  9999.00  9999.00  9999.00
 00028   974.87    23.39    93.62     1.03   317.16    21.57  9999.00  9999.00  9999.00  9999.00
 00029  1007.46    24.45    95.02     0.86   159.80    10.75  9999.00  9999.00  9999.00  9999.00
 00030   997.20    24.96    92.29     1.58   160.27    28.71  9999.00  9999.00  9999.00  9999.00
 00031   576.39     5.73    43.43     2.15   185.56    26.88  9999.00  9999.00  9999.00  9999.00
 00032   978.30    20.63    96.07     1.01    58.68    21.18  9999.00  9999.00  9999.00  9999.00
 00033  1010.32    22.97    99.24     2.10   137.89     0.22  9999.00  9999.00  9999.00  9999.00
 00034  1011.20    27.87    84.88     5.18    26.98    28.76  9999.00  9999.00  9999.00  9999.00
 00035  1009.43    25.50    96.51     1.10   194.57    12.60  9999.00  9999.00  9999.00  9999.00
 00036   779.32    15.15    93.46     0.86    92.90    19.02  9999.00  9999.00  9999.00  9999.00
 00037   968.73    20.27    97.68     0.79    33.58    18.89  9999.00  9999.00  9999.00  9999.00
 00038   995.80    22.62    95.33     0.83   241.07    24.90  9999.00  9999.00  9999.00  9999.00
 00039  1008.92    23.73    91.89     6.32    31.88    24.10  9999.00  9999.00  9999.00  9999.00
 00040  1007.11    24.26    92.59     3.22    31.16    24.46  9999.00  9999.00  9999.00  9999.00
 00041   969.74    22.50    95.58     1.02   269.85    21.03  9999.00  9999.00  9999.00  9999.00
 00042  1010.32    23.31    91.16     1.70   346.99    23.29  9999.00  9999.00  9999.00  9999.00
 00043  1002.24    24.27    95.92     0.82   294.09    18.53  9999.00  9999.00  9999.00  9999.00
 00044   983.56    23.43    96.06     0.44   216.26    23.35  9999.00  9999.00  9999.00  9999.00
 00045  1007.11    24.26    92.59     3.22    31.16    24.46  9999.00  9999.00  9999.00  9999.00
 00046   942.57    22.78    92.35     1.00   290.13    24.06  9999.00  9999.00  9999.00  9999.00
 00047  1002.17    21.72    97.69     1.45   215.49    12.45  9999.00  9999.00  9999.00  9999.00
 00048   607.38     8.98    51.35     0.83   185.65    31.23  9999.00  9999.00  9999.00  9999.00
 00049   581.76     2.83    98.09     1.07   182.12    10.37  9999.00  9999.00  9999.00  9999.00
 00050  1001.40    23.07    88.88     3.33    27.27    23.76  9999.00  9999.00  9999.00  9999.00
