stn_id       p       t2      rh2      spd      dir      vis    rain6   rain24   tmax24   tmin24 
 00001   972.29    21.22    88.38     0.60   106.07    24.10     0.06    15.49    22.74    20.02
 00002   994.63    18.56    36.36     2.68   285.72    23.38     0.00    -0.00    26.17    16.32
 00003   905.27    11.89    41.05     2.35   314.05    22.87     0.00     0.00    21.32     8.53
 00004   837.72     5.90    50.39     2.33   310.94    23.06     0.00     0.47    12.85     5.59
 00005   873.27     7.84    46.83     2.18   347.33    25.70     0.00     0.44    14.85     2.98
 00006   883.66     8.27    48.02     2.67   317.19    26.59     0.00     0.50    13.18     5.33
 00007   998.22    16.60    86.11     3.25   246.72    25.24     1.91     5.72    21.55    11.73
 00008   980.43    13.83    86.09     5.91   229.88    26.63     0.53     1.64    21.09    10.75
 00009   944.78     4.33    70.87     2.86   320.21    32.74     0.00    -0.01     9.77     2.85
 00010   962.11    12.31    79.33     1.94   202.27    28.70     0.09     0.09    20.02     8.07
 00011   987.07    12.00    90.98     2.67    74.78     3.41     7.02     7.06    18.58     9.13
 00012  1010.14    18.75    35.63     3.64   320.85    23.10     0.00     0.00    24.98    14.85
 00013  1009.74    22.83    88.98     2.76   254.42    21.85     0.46     1.77    27.89    21.62
 00014  1006.17    24.90    92.14     0.77   277.49     9.87     1.13     1.77    29.36    19.98
 00015   994.29    21.09    74.11     2.03   208.94    20.00     0.02     0.14    24.96    15.52
 00016   957.34    15.99    89.02     1.86   188.52    23.18     0.02     0.88    21.18    15.12
 00017   995.70    20.31    82.05     1.80   204.21    21.84     0.00     4.96    26.04    15.03
 00018  1008.93    22.31    91.02     2.21   341.51    21.22     0.84     0.97    26.96    21.13
 00019   937.78    20.30    79.50     0.75   186.15    26.95     0.00     0.45    22.17    18.75
 00020  1012.08    21.89    91.37     3.06   145.73    18.97     0.52     1.99    26.15    19.66
 00021   891.76    12.30    47.34     1.18   198.11    26.14     0.00     0.00    16.41     6.28
 00022  1012.25    19.96    33.58     4.41   333.37    21.11     0.00     0.03    25.83    17.92
 00023   917.44    15.06    57.32     1.45    92.85    22.31     0.02     0.02    17.95     6.66
 00024   944.00    12.05    54.44     1.80   133.01    24.46     0.00     0.00    15.87     3.48
 00025   797.12    17.71    86.35     1.50   148.01    22.73     1.88     3.63    21.54    14.86
 00026  1007.71    25.56    89.26     1.41    22.60    23.62     0.23     5.72    29.12    22.90
 00027  1004.22    25.49    84.86     2.57    13.53    23.25     0.18     2.64    28.83    22.60
 00028   973.17    25.09    85.60     0.84   100.49    21.99     0.76     3.21    28.31    21.08
 00029  1005.84    25.81    91.26     1.98   135.24    25.66     2.26     4.76    30.73    24.07
 00030   994.74    25.89    87.72     1.66   127.96    28.66     0.32     4.85    28.96    23.32
 00031   574.87    10.19    29.59     1.74   188.27    26.81     0.05     0.04    13.02    -0.93
 00032   978.19    20.79    95.13     1.19    84.89    20.39     0.01     0.30    28.16    20.68
 00033  1008.38    23.54    97.84     2.94   108.17     0.38     0.05     0.45    23.77    21.75
 00034  1009.72    27.81    85.12     5.85    38.43    23.41     0.12     1.30    27.91    26.44
 00035  1007.55    26.24    91.51     1.49    45.06    18.63     0.35     1.55    29.82    24.53
 00036   777.35    17.09    80.73     1.23   195.07    17.57     0.71     4.05    20.17    13.26
 00037   968.60    21.16    94.86     0.92    66.43    22.37     0.01     0.09    28.87    21.23
 00038   994.95    24.23    89.04     1.15   141.98    24.89     0.00     0.27    30.05    22.77
 00039  1008.33    24.22    90.70     6.76    45.77    24.33     0.00     0.26    26.64    23.99
 00040  1006.17    24.89    90.22     3.70    55.56    25.47     0.02     0.58    28.25    24.93
 00041   969.51    22.95    93.97     0.84   341.90    18.88     1.75     5.43    26.86    20.40
 00042  1009.73    24.25    87.83     1.68     7.77    22.85     0.50     2.30    28.58    22.04
 00043  1001.54    24.97    93.98     1.15    29.92    23.86     0.89     8.05    29.15    22.56
 00044   983.37    24.47    92.19     0.56   243.76    23.26     1.97     4.52    29.18    21.77
 00045  1006.17    24.89    90.22     3.70    55.56    25.47     0.02     0.58    28.25    24.93
 00046   941.87    23.48    89.05     1.16   316.85    24.05     0.03     0.60    28.92    20.56
 00047  1002.06    22.05    97.05     0.66   224.63     8.85     0.03     0.07    25.83    21.20
 00048   606.09    12.80    38.39     1.01   149.68    31.17     0.05     0.08    13.71     2.75
 00049   580.24     4.41    83.32     1.63   202.09    25.44     0.05     0.16     9.40    -0.00
 00050  1000.90    23.92    85.09     3.76    39.87    23.84     0.00     0.05    30.49    23.62
