stn_id       p       t2      rh2      spd      dir      vis    rain6   rain24   tmax24   tmin24 
 00001   972.33    20.60    95.45     1.20   311.45     5.80    13.05  9999.00  9999.00  9999.00
 00002   994.90    17.20    83.32     2.11   233.87    23.48    -0.00  9999.00  9999.00  9999.00
 00003   905.47    10.10    88.66     1.69   212.49    22.96     0.00  9999.00  9999.00  9999.00
 00004   837.21     8.05    87.87     3.17   240.80    16.74     0.32  9999.00  9999.00  9999.00
 00005   870.99     8.31    57.62     2.48   327.41    25.72     0.44  9999.00  9999.00  9999.00
 00006   879.98     7.60    28.07     5.86   258.40    26.51     0.50  9999.00  9999.00  9999.00
 00007  1004.24    12.29    52.54     2.92   193.42    25.54     0.00  9999.00  9999.00  9999.00
 00008   986.93    11.39    71.94     3.42   215.76    26.70     0.00  9999.00  9999.00  9999.00
 00009   941.49     5.01    86.93     3.01   319.26    32.68    -0.01  9999.00  9999.00  9999.00
 00010   966.26    10.40    76.99     2.05   238.75    28.86     0.00  9999.00  9999.00  9999.00
 00011   991.93    11.03    73.03     3.37   249.80    27.66    -0.01  9999.00  9999.00  9999.00
 00012  1009.29    17.04    93.29     2.67   206.97    23.19     0.00  9999.00  9999.00  9999.00
 00013  1011.25    22.83    90.72     2.98   119.92    13.05     0.24  9999.00  9999.00  9999.00
 00014  1008.42    20.93    94.81     1.34    61.44    24.08     0.38  9999.00  9999.00  9999.00
 00015   996.66    19.08    81.12     2.66   166.01    20.02     0.13  9999.00  9999.00  9999.00
 00016   958.43    15.58    99.59     1.04   291.21     2.26     0.13  9999.00  9999.00  9999.00
 00017   999.09    16.72    85.23     2.75   280.27    21.87     4.96  9999.00  9999.00  9999.00
 00018  1009.61    21.47    93.53     1.71    93.22    22.54     0.00  9999.00  9999.00  9999.00
 00019   938.02    19.13    89.13     1.13   260.84    22.21     0.10  9999.00  9999.00  9999.00
 00020  1014.84    20.17    95.72     1.55    98.48    21.95     0.02  9999.00  9999.00  9999.00
 00021   892.92     8.00    63.62     1.30   164.49    26.20     0.00  9999.00  9999.00  9999.00
 00022  1013.11    18.26    82.36     3.10   213.68    21.18     0.00  9999.00  9999.00  9999.00
 00023   920.08     9.24    76.55     0.67   222.86    22.40     0.00  9999.00  9999.00  9999.00
 00024   945.99     6.19    62.58     2.86    92.35    24.53     0.00  9999.00  9999.00  9999.00
 00025   798.38    14.98    97.33     0.96    76.54    24.81     0.92  9999.00  9999.00  9999.00
 00026  1008.73    23.08    97.41     1.31   287.03    20.04     1.54  9999.00  9999.00  9999.00
 00027  1005.25    23.16    91.14     2.22   343.38    23.72     0.01  9999.00  9999.00  9999.00
 00028   975.11    21.36    96.35     0.90    98.61    23.05     0.02  9999.00  9999.00  9999.00
 00029  1006.95    24.61    96.03     0.77   149.23    21.69     0.95  9999.00  9999.00  9999.00
 00030   996.21    23.69    97.04     1.57    28.08    20.80     2.13  9999.00  9999.00  9999.00
 00031   576.31     2.26    64.83     2.46   200.49    26.79    -0.01  9999.00  9999.00  9999.00
 00032   978.65    22.17    91.74     1.68    44.61    21.62     0.18  9999.00  9999.00  9999.00
 00033  1008.33    22.82    99.44     2.18   143.18     0.32     0.07  9999.00  9999.00  9999.00
 00034  1009.64    27.22    88.44     3.62    72.43    27.72     0.03  9999.00  9999.00  9999.00
 00035  1007.46    25.59    96.04     1.75   113.76    24.91     0.01  9999.00  9999.00  9999.00
 00036   778.76    14.76    92.01     1.28   161.16    18.59     2.19  9999.00  9999.00  9999.00
 00037   969.11    22.37    92.51     1.21    48.89    22.55     0.01  9999.00  9999.00  9999.00
 00038   995.72    22.89    95.81     0.48   324.65    24.92     0.01  9999.00  9999.00  9999.00
 00039  1008.79    24.58    92.13     8.03    29.41    17.98     0.07  9999.00  9999.00  9999.00
 00040  1006.72    25.05    87.48     4.76    38.65    22.65     0.10  9999.00  9999.00  9999.00
 00041   970.12    21.25    98.58     0.93   121.77    22.93     0.35  9999.00  9999.00  9999.00
 00042  1010.72    23.31    91.14     2.59    80.67    22.67     0.07  9999.00  9999.00  9999.00
 00043  1002.59    23.08    98.27     0.89    28.74    24.23    -0.00  9999.00  9999.00  9999.00
 00044   984.06    22.88    96.68     1.09    86.18    23.02     0.01  9999.00  9999.00  9999.00
 00045  1006.72    25.05    87.48     4.76    38.65    22.65     0.10  9999.00  9999.00  9999.00
 00046   942.87    21.65    96.33     0.78   216.53    23.98     0.07  9999.00  9999.00  9999.00
 00047  1003.22    21.96    92.81     1.61   325.86    21.89     0.01  9999.00  9999.00  9999.00
 00048   607.37     6.02    63.05     1.01   187.59    31.13    -0.00  9999.00  9999.00  9999.00
 00049   581.40     1.86    98.07     0.58   174.07     1.90     0.08  9999.00  9999.00  9999.00
 00050  1001.38    24.44    89.44     4.89    29.89    23.07     0.00  9999.00  9999.00  9999.00
