stn_id       p       t2      rh2      spd      dir      vis    rain6   rain24   tmax24   tmin24 
 00001   966.48    24.04    92.05     0.90   284.40    25.70  9999.00  9999.00  9999.00  9999.00
 00002   991.97    19.86    96.27     0.64    74.95     7.19  9999.00  9999.00  9999.00  9999.00
 00003   901.06    16.91    83.96     1.42   267.26    22.71  9999.00  9999.00  9999.00  9999.00
 00004   833.69    12.25    93.93     1.51   275.44     0.66  9999.00  9999.00  9999.00  9999.00
 00005   868.32    15.02    60.41     1.30   120.07    27.39  9999.00  9999.00  9999.00  9999.00
 00006   879.39    15.79    45.95     1.20   320.45    28.47  9999.00  9999.00  9999.00  9999.00
 00007  1001.65    22.98    71.96     2.87    66.46    25.27  9999.00  9999.00  9999.00  9999.00
 00008   988.46    20.44    76.98     1.24    26.92    27.33  9999.00  9999.00  9999.00  9999.00
 00009   947.63    14.05    56.83     2.64   334.86    38.82  9999.00  9999.00  9999.00  9999.00
 00010   967.20    19.35    92.74     1.27   303.75    20.16  9999.00  9999.00  9999.00  9999.00
 00011   995.23    20.16    71.31     2.26   235.23    29.58  9999.00  9999.00  9999.00  9999.00
 00012  1008.38    20.05    89.95     1.39   130.61     0.54  9999.00  9999.00  9999.00  9999.00
 00013  1005.37    23.79    79.04     2.12    78.41    23.76  9999.00  9999.00  9999.00  9999.00
 00014  1002.06    25.04    83.12     1.96    54.90    22.34  9999.00  9999.00  9999.00  9999.00
 00015   991.31    21.93    76.53     2.55    39.40    20.41  9999.00  9999.00  9999.00  9999.00
 00016   952.19    19.78    87.39     1.64    71.80    21.22  9999.00  9999.00  9999.00  9999.00
 00017   993.82    21.46    90.41     1.54    58.80    23.73  9999.00  9999.00  9999.00  9999.00
 00018  1003.77    25.44    81.62     2.01    86.54    23.89  9999.00  9999.00  9999.00  9999.00
 00019   932.07    22.47    85.67     0.69   335.75    22.30  9999.00  9999.00  9999.00  9999.00
 00020  1007.98    23.67    77.56     2.18   320.46    21.39  9999.00  9999.00  9999.00  9999.00
 00021   885.75    16.76    57.32     1.86   153.22    27.59  9999.00  9999.00  9999.00  9999.00
 00022  1011.10    19.85    87.39     2.70   318.08     1.32  9999.00  9999.00  9999.00  9999.00
 00023   911.18    15.33    51.16     1.08   195.15    23.25  9999.00  9999.00  9999.00  9999.00
 00024   935.35    17.42    51.52     1.39   273.53    25.54  9999.00  9999.00  9999.00  9999.00
 00025   792.22    16.81    95.77     1.28    52.69    20.55  9999.00  9999.00  9999.00  9999.00
 00026  1003.07    26.10    81.36     2.60    18.02    26.19  9999.00  9999.00  9999.00  9999.00
 00027   999.44    26.90    82.20     0.95   108.34    26.48  9999.00  9999.00  9999.00  9999.00
 00028   969.15    24.25    89.15     0.90    73.23    18.89  9999.00  9999.00  9999.00  9999.00
 00029  1000.19    26.23    91.26     1.87   108.06    25.31  9999.00  9999.00  9999.00  9999.00
 00030   988.99    25.47    96.08     2.60    94.26    19.57  9999.00  9999.00  9999.00  9999.00
 00031   572.89     4.82    89.96     1.89   211.52     6.17  9999.00  9999.00  9999.00  9999.00
 00032   972.19    25.21    91.81     0.58   127.61     9.06  9999.00  9999.00  9999.00  9999.00
 00033  1002.78    23.54    98.77     1.26   125.58     0.61  9999.00  9999.00  9999.00  9999.00
 00034  1006.54    28.39    86.67     5.10   215.63    32.42  9999.00  9999.00  9999.00  9999.00
 00035  1002.17    27.99    90.27     2.64   174.04    30.22  9999.00  9999.00  9999.00  9999.00
 00036   774.47    15.38    95.59     0.92   133.47     7.36  9999.00  9999.00  9999.00  9999.00
 00037   962.76    24.97    93.10     0.59   110.23     9.01  9999.00  9999.00  9999.00  9999.00
 00038   990.33    25.70    93.13     1.10   191.99    15.86  9999.00  9999.00  9999.00  9999.00
 00039  1003.50    25.87    93.22     2.60   219.91    25.36  9999.00  9999.00  9999.00  9999.00
 00040  1001.70    27.05    90.36     2.22   202.20    26.95  9999.00  9999.00  9999.00  9999.00
 00041   964.71    25.95    77.61     0.54    72.05    24.51  9999.00  9999.00  9999.00  9999.00
 00042  1005.04    24.73    83.44     2.92    76.68    24.02  9999.00  9999.00  9999.00  9999.00
 00043   996.90    26.78    80.58     1.96    47.01    26.79  9999.00  9999.00  9999.00  9999.00
 00044   978.71    25.34    89.30     1.11    54.11    24.44  9999.00  9999.00  9999.00  9999.00
 00045  1001.70    27.05    90.36     2.22   202.20    26.95  9999.00  9999.00  9999.00  9999.00
 00046   937.74    23.88    92.32     0.94   237.36    22.71  9999.00  9999.00  9999.00  9999.00
 00047   996.17    23.29    97.24     1.51    26.57     1.41  9999.00  9999.00  9999.00  9999.00
 00048   603.11     7.69    87.91     0.76   114.84    12.23  9999.00  9999.00  9999.00  9999.00
 00049   577.03     3.32    96.25     1.56   176.48     3.44  9999.00  9999.00  9999.00  9999.00
 00050   995.73    26.21    90.98     1.27   219.28    24.90  9999.00  9999.00  9999.00  9999.00
