stn_id       p       t2      rh2      spd      dir      vis    rain6   rain24   tmax24   tmin24 
 00001   988.58     9.82    82.72     1.16   185.34    19.42  9999.00  9999.00  9999.00  9999.00
 00002  1008.91    -0.68    78.90     1.36   268.84    24.37  9999.00  9999.00  9999.00  9999.00
 00003   912.68    -4.41    60.51     0.96   291.16    22.79  9999.00  9999.00  9999.00  9999.00
 00004   841.42    -7.26    36.09     1.10   220.97    22.49  9999.00  9999.00  9999.00  9999.00
 00005   877.97    -6.73    35.70     0.84    55.20    24.38  9999.00  9999.00  9999.00  9999.00
 00006   887.70    -5.36    48.29     3.22   229.10    25.00  9999.00  9999.00  9999.00  9999.00
 00007  1017.15    -6.45    61.46     2.99   176.10    26.91  9999.00  9999.00  9999.00  9999.00
 00008   999.30   -11.23    88.81     4.30   206.45    30.54  9999.00  9999.00  9999.00  9999.00
 00009   951.22   -14.28    79.94     2.31   197.99    41.16  9999.00  9999.00  9999.00  9999.00
 00010   976.05    -6.88    60.94     2.08   296.68    30.52  9999.00  9999.00  9999.00  9999.00
 00011  1006.86   -16.33    96.23     4.60   183.63    33.89  9999.00  9999.00  9999.00  9999.00
 00012  1025.09    -1.57    72.84     1.72   305.90    24.01  9999.00  9999.00  9999.00  9999.00
 00013  1029.05     3.21    81.43     1.51   325.06    19.35  9999.00  9999.00  9999.00  9999.00
 00014  1024.98     5.76    77.64     1.56   300.71    18.57  9999.00  9999.00  9999.00  9999.00
 00015  1010.67     2.17    42.26     3.35   195.34    20.74  9999.00  9999.00  9999.00  9999.00
 00016   968.82     0.16    84.54     0.97   100.92    20.76  9999.00  9999.00  9999.00  9999.00
 00017  1012.73     1.31    66.36     2.73   208.43    19.88  9999.00  9999.00  9999.00  9999.00
 00018  1028.48     1.05    77.31     1.76   315.03    18.95  9999.00  9999.00  9999.00  9999.00
 00019   951.65     7.78    79.11     0.83    54.89    19.11  9999.00  9999.00  9999.00  9999.00
 00020  1030.18     7.36    75.03     3.41   330.17    19.18  9999.00  9999.00  9999.00  9999.00
 00021   902.46    -0.54    95.49     0.75    69.51     4.73  9999.00  9999.00  9999.00  9999.00
 00022  1028.47     1.65    52.92     3.17   224.71    22.82  9999.00  9999.00  9999.00  9999.00
 00023   932.33     0.05    91.47     2.01   256.96    27.79  9999.00  9999.00  9999.00  9999.00
 00024   955.91    -5.60    94.89     2.81   292.74    31.82  9999.00  9999.00  9999.00  9999.00
 00025   802.66     9.78    95.75     2.06   149.71    16.18  9999.00  9999.00  9999.00  9999.00
 00026  1027.69     4.60    63.65     2.64   282.91    18.65  9999.00  9999.00  9999.00  9999.00
 00027  1024.25     4.85    78.53     2.24   339.04    18.96  9999.00  9999.00  9999.00  9999.00
 00028   992.11     6.23    69.97     2.04    99.94    18.83  9999.00  9999.00  9999.00  9999.00
 00029  1021.04    12.73    59.30     3.53    10.79    21.43  9999.00  9999.00  9999.00  9999.00
 00030  1011.42    11.84    65.96     3.39   352.92    22.99  9999.00  9999.00  9999.00  9999.00
 00031   575.21    -4.30    35.40     2.82   198.59    33.42  9999.00  9999.00  9999.00  9999.00
 00032   991.53     8.73    62.17     1.68    60.43    17.92  9999.00  9999.00  9999.00  9999.00
 00033  1020.62    18.15    86.84     7.24    20.54    16.24  9999.00  9999.00  9999.00  9999.00
 00034  1017.56    26.55    86.70    12.47    53.60    20.23  9999.00  9999.00  9999.00  9999.00
 00035  1018.95    21.69    81.65     5.90    31.54    23.51  9999.00  9999.00  9999.00  9999.00
 00036   781.73     8.88    84.26     1.27   119.00    19.73  9999.00  9999.00  9999.00  9999.00
 00037   981.43     8.27    69.95     1.09    35.58    17.82  9999.00  9999.00  9999.00  9999.00
 00038  1008.66    13.84    54.93     1.17   104.79    20.34  9999.00  9999.00  9999.00  9999.00
 00039  1022.69    16.30    62.79    10.83    21.15    19.90  9999.00  9999.00  9999.00  9999.00
 00040  1019.99    15.90    54.22     7.29    38.27    21.27  9999.00  9999.00  9999.00  9999.00
 00041   985.29     2.37    77.73     1.12   178.45    17.69  9999.00  9999.00  9999.00  9999.00
 00042  1029.48     1.92    84.49     1.70   285.40    18.88  9999.00  9999.00  9999.00  9999.00
 00043  1020.88     4.61    63.06     1.65    16.60    18.94  9999.00  9999.00  9999.00  9999.00
 00044   999.89     6.78    56.64     1.38   101.95    18.12  9999.00  9999.00  9999.00  9999.00
 00045  1019.99    15.90    54.22     7.29    38.27    21.27  9999.00  9999.00  9999.00  9999.00
 00046   953.95     8.73    70.85     1.86     9.76    18.71  9999.00  9999.00  9999.00  9999.00
 00047  1017.22    10.42    61.15     3.79   322.82    18.55  9999.00  9999.00  9999.00  9999.00
 00048   608.00    -8.67    71.89     1.00   172.37    34.63  9999.00  9999.00  9999.00  9999.00
 00049   580.44    -5.63    94.56     0.35   125.93    27.99  9999.00  9999.00  9999.00  9999.00
 00050  1015.31    13.13    49.16     5.88    12.25    19.33  9999.00  9999.00  9999.00  9999.00
