stn_id       p       t2      rh2      spd      dir      vis    rain6   rain24   tmax24   tmin24 
 00001   978.49    18.59    73.51     2.47    89.46    21.07  9999.00  9999.00  9999.00  9999.00
 00002  1017.09     2.69    64.27     0.48   101.64    23.86  9999.00  9999.00  9999.00  9999.00
 00003   916.09     1.29    60.65     0.90    72.48    22.43  9999.00  9999.00  9999.00  9999.00
 00004   843.04    -3.46    39.24     2.75   324.09    22.48  9999.00  9999.00  9999.00  9999.00
 00005   882.17    -6.70    24.64     3.49    97.70    24.50  9999.00  9999.00  9999.00  9999.00
 00006   894.26    -9.61    40.06     4.85   293.96    25.23  9999.00  9999.00  9999.00  9999.00
 00007  1025.35    -7.88    67.44     2.46   279.81    26.92  9999.00  9999.00  9999.00  9999.00
 00008  1006.85   -15.12    92.60     3.59   236.46    30.35  9999.00  9999.00  9999.00  9999.00
 00009   958.85   -10.49    51.78     3.26   331.80    40.34  9999.00  9999.00  9999.00  9999.00
 00010   981.20    -5.60    38.95     3.93   293.07    30.30  9999.00  9999.00  9999.00  9999.00
 00011  1012.90   -16.98    92.20     3.63   219.79    33.48  9999.00  9999.00  9999.00  9999.00
 00012  1033.78     1.68    30.28     2.82    24.51    24.07  9999.00  9999.00  9999.00  9999.00
 00013  1027.53    10.81    73.34     4.46    48.54    19.57  9999.00  9999.00  9999.00  9999.00
 00014  1022.68    12.27    79.86     2.51    27.39    18.88  9999.00  9999.00  9999.00  9999.00
 00015  1016.14     1.61    72.34     2.15     8.63    17.30  9999.00  9999.00  9999.00  9999.00
 00016   972.67     2.06    81.87     1.03   134.98    13.65  9999.00  9999.00  9999.00  9999.00
 00017  1018.33     1.92    80.22     3.07    29.01     7.06  9999.00  9999.00  9999.00  9999.00
 00018  1026.32     9.58    71.19     4.69    60.12    19.16  9999.00  9999.00  9999.00  9999.00
 00019   943.25    15.27    91.58     3.20    56.46     9.80  9999.00  9999.00  9999.00  9999.00
 00020  1028.46    15.10    60.34     4.95    33.99    19.36  9999.00  9999.00  9999.00  9999.00
 00021   902.47     0.42    90.46     0.75   196.23    11.12  9999.00  9999.00  9999.00  9999.00
 00022  1036.46     2.28    36.47     3.02   119.12    22.81  9999.00  9999.00  9999.00  9999.00
 00023   929.22     0.90    89.71     1.07   138.32    28.82  9999.00  9999.00  9999.00  9999.00
 00024   958.34    -0.85    86.30     1.96   117.99    16.92  9999.00  9999.00  9999.00  9999.00
 00025   800.84    17.74    50.10     4.78   252.71    20.28  9999.00  9999.00  9999.00  9999.00
 00026  1021.42    13.20    88.45     4.94    28.45     4.01  9999.00  9999.00  9999.00  9999.00
 00027  1017.89    10.13    94.46     4.93   351.27     1.25  9999.00  9999.00  9999.00  9999.00
 00028   985.99     7.90    92.03     5.15    19.88     4.53  9999.00  9999.00  9999.00  9999.00
 00029  1013.92    23.60    84.68     3.21    72.44    20.64  9999.00  9999.00  9999.00  9999.00
 00030  1001.51    27.25    79.35     2.77   157.19    15.93  9999.00  9999.00  9999.00  9999.00
 00031   574.98    -0.95    35.91     1.94   207.58    33.00  9999.00  9999.00  9999.00  9999.00
 00032   987.55    15.53    77.70     3.22    29.09    17.15  9999.00  9999.00  9999.00  9999.00
 00033  1014.87    22.92    99.09     2.05    91.46     0.53  9999.00  9999.00  9999.00  9999.00
 00034  1015.55    27.82    85.33     5.28    68.10    28.55  9999.00  9999.00  9999.00  9999.00
 00035  1013.84    28.60    79.67     2.30    95.47    14.86  9999.00  9999.00  9999.00  9999.00
 00036   781.16    12.63    69.78     1.04   218.97    21.44  9999.00  9999.00  9999.00  9999.00
 00037   977.69    15.43    80.98     2.20    39.56    17.61  9999.00  9999.00  9999.00  9999.00
 00038  1003.65    21.66    68.91     3.83    62.00    20.64  9999.00  9999.00  9999.00  9999.00
 00039  1017.97    20.12    75.97    12.24    29.13    20.07  9999.00  9999.00  9999.00  9999.00
 00040  1014.58    22.60    69.95     9.07    48.33    21.55  9999.00  9999.00  9999.00  9999.00
 00041   982.55    11.49    79.98     2.70    81.31    17.92  9999.00  9999.00  9999.00  9999.00
 00042  1026.86    12.54    70.31     4.69    72.93    19.13  9999.00  9999.00  9999.00  9999.00
 00043  1014.33    12.48    89.89     4.98    40.57    10.30  9999.00  9999.00  9999.00  9999.00
 00044   995.81    11.84    91.84     3.43    46.73     8.95  9999.00  9999.00  9999.00  9999.00
 00045  1014.58    22.60    69.95     9.07    48.33    21.55  9999.00  9999.00  9999.00  9999.00
 00046   949.18    18.52    93.11     1.74    48.21    11.76  9999.00  9999.00  9999.00  9999.00
 00047  1013.79    15.67    81.17     5.48    24.79    11.56  9999.00  9999.00  9999.00  9999.00
 00048   607.31    -3.20    60.22     1.43    36.18    30.44  9999.00  9999.00  9999.00  9999.00
 00049   579.36    -2.21    51.73     1.99   198.94    28.29  9999.00  9999.00  9999.00  9999.00
 00050  1010.59    19.37    66.28     7.73    25.83    19.60  9999.00  9999.00  9999.00  9999.00
