stn_id       p       t2      rh2      spd      dir      vis    rain6   rain24   tmax24   tmin24 
 00001   983.70    11.95    90.83     1.96   173.83     1.36  9999.00  9999.00  9999.00  9999.00
 00002  1016.42    -4.48    74.77     1.45   284.40    24.40  9999.00  9999.00  9999.00  9999.00
 00003   918.07    -7.66    46.14     0.99   302.54    22.83  9999.00  9999.00  9999.00  9999.00
 00004   845.99   -12.12    39.86     1.78   294.82    22.55  9999.00  9999.00  9999.00  9999.00
 00005   884.19   -10.55    34.98     2.19   273.72    24.53  9999.00  9999.00  9999.00  9999.00
 00006   895.18   -11.64    46.04     5.04   301.68    24.89  9999.00  9999.00  9999.00  9999.00
 00007  1023.93   -13.71    86.86     1.36   300.44    19.49  9999.00  9999.00  9999.00  9999.00
 00008  1005.95   -23.08   100.00     2.96   204.98    25.73  9999.00  9999.00  9999.00  9999.00
 00009   957.07   -15.34    76.53     2.66   254.83    40.67  9999.00  9999.00  9999.00  9999.00
 00010   979.65   -11.85    70.97     3.50   290.16    30.37  9999.00  9999.00  9999.00  9999.00
 00011  1012.74   -23.51    99.39     4.11   195.38    13.80  9999.00  9999.00  9999.00  9999.00
 00012  1033.19    -3.70    39.48     2.44   320.96    24.08  9999.00  9999.00  9999.00  9999.00
 00013  1029.26     5.54    90.01     4.30   355.21    13.86  9999.00  9999.00  9999.00  9999.00
 00014  1023.04    10.90    83.29     4.32   343.32    13.03  9999.00  9999.00  9999.00  9999.00
 00015  1015.80    -3.29    86.31     1.69   288.81    20.80  9999.00  9999.00  9999.00  9999.00
 00016   976.22    -1.76    95.52     1.14    86.74    17.63  9999.00  9999.00  9999.00  9999.00
 00017  1018.20    -1.63    91.66     0.83   205.74    20.05  9999.00  9999.00  9999.00  9999.00
 00018  1029.08     5.45    88.73     3.96   194.47    17.23  9999.00  9999.00  9999.00  9999.00
 00019   949.69     9.77    92.82     1.50   121.01     3.89  9999.00  9999.00  9999.00  9999.00
 00020  1028.83    10.05    86.26     5.73   339.14     4.00  9999.00  9999.00  9999.00  9999.00
 00021   899.77    -2.26    68.38     2.60   161.41    32.22  9999.00  9999.00  9999.00  9999.00
 00022  1035.92    -3.31    39.50     2.89   335.08    22.84  9999.00  9999.00  9999.00  9999.00
 00023   924.59    -0.63    75.79     2.27   130.09    29.00  9999.00  9999.00  9999.00  9999.00
 00024   956.17    -2.80    79.66     4.71   121.24    31.33  9999.00  9999.00  9999.00  9999.00
 00025   800.41    10.44    89.78     1.63   164.89    20.18  9999.00  9999.00  9999.00  9999.00
 00026  1024.40    10.48    79.84     5.82   100.37    17.96  9999.00  9999.00  9999.00  9999.00
 00027  1022.70     6.35    92.03     5.43   350.10    15.79  9999.00  9999.00  9999.00  9999.00
 00028   990.54     4.85    89.18     4.47    25.81    18.14  9999.00  9999.00  9999.00  9999.00
 00029  1015.24    18.60    75.49     4.67    14.88    21.63  9999.00  9999.00  9999.00  9999.00
 00030  1003.80    16.66    94.04     3.73    29.36     8.72  9999.00  9999.00  9999.00  9999.00
 00031   574.49    -7.24    57.41     1.83   232.22    33.10  9999.00  9999.00  9999.00  9999.00
 00032   987.07    14.91    77.28     2.13    23.52    15.62  9999.00  9999.00  9999.00  9999.00
 00033  1014.21    21.14    97.73     4.95    83.13     0.66  9999.00  9999.00  9999.00  9999.00
 00034  1014.22    27.91    79.82     6.53    63.92    28.44  9999.00  9999.00  9999.00  9999.00
 00035  1013.31    24.38    95.34     3.08    69.38    18.46  9999.00  9999.00  9999.00  9999.00
 00036   780.62     7.77    89.53     1.34    83.74    18.98  9999.00  9999.00  9999.00  9999.00
 00037   977.23    14.80    80.58     1.21    17.15    16.76  9999.00  9999.00  9999.00  9999.00
 00038  1004.09    17.66    84.86     1.12   138.79    20.44  9999.00  9999.00  9999.00  9999.00
 00039  1017.82    19.27    76.95    10.89    18.00    20.08  9999.00  9999.00  9999.00  9999.00
 00040  1014.89    19.77    75.21     7.11    28.22    21.46  9999.00  9999.00  9999.00  9999.00
 00041   984.20     7.59    89.39     3.07    10.07    11.80  9999.00  9999.00  9999.00  9999.00
 00042  1029.17     6.91    91.21     3.72     2.46     3.24  9999.00  9999.00  9999.00  9999.00
 00043  1017.14    11.04    82.64     4.86    13.24    18.38  9999.00  9999.00  9999.00  9999.00
 00044   996.43    11.17    89.24     3.46    33.17    16.02  9999.00  9999.00  9999.00  9999.00
 00045  1014.89    19.77    75.21     7.11    28.22    21.46  9999.00  9999.00  9999.00  9999.00
 00046   950.29    14.30    97.28     2.28    46.80    17.64  9999.00  9999.00  9999.00  9999.00
 00047  1013.36    14.87    84.58     4.62   348.61    13.67  9999.00  9999.00  9999.00  9999.00
 00048   606.57    -9.70    94.92     1.88   162.03    13.64  9999.00  9999.00  9999.00  9999.00
 00049   577.94    -8.98    61.19     0.37   152.21    27.49  9999.00  9999.00  9999.00  9999.00
 00050  1010.42    17.47    71.92     6.00    13.11    19.49  9999.00  9999.00  9999.00  9999.00
