stn_id       p       t2      rh2      spd      dir      vis    rain6   rain24   tmax24   tmin24 
 00001   986.77    10.66    73.04     0.86   174.96    21.23  9999.00  9999.00  9999.00  9999.00
 00002  1009.80     5.85    51.26     1.86   136.18    24.38  9999.00  9999.00  9999.00  9999.00
 00003   912.86     2.61    38.67     1.53   186.37    22.79  9999.00  9999.00  9999.00  9999.00
 00004   841.55    -3.09    24.24     1.20   297.71    22.48  9999.00  9999.00  9999.00  9999.00
 00005   878.43    -4.09    29.21     2.20   199.65    24.39  9999.00  9999.00  9999.00  9999.00
 00006   888.35    -3.05    40.01     2.90   266.22    25.02  9999.00  9999.00  9999.00  9999.00
 00007  1018.19    -5.91    60.14     3.01   196.86    26.91  9999.00  9999.00  9999.00  9999.00
 00008   999.92   -10.65    87.08     4.95   216.28    30.53  9999.00  9999.00  9999.00  9999.00
 00009   951.52    -7.12    51.80     1.56   304.25    41.08  9999.00  9999.00  9999.00  9999.00
 00010   974.93    -3.78    46.94     3.59   280.95    30.46  9999.00  9999.00  9999.00  9999.00
 00011  1006.29   -13.37    91.87     5.64   204.18    33.83  9999.00  9999.00  9999.00  9999.00
 00012  1026.31     2.86    48.46     2.07   205.82    24.02  9999.00  9999.00  9999.00  9999.00
 00013  1029.51     8.30    61.22     1.12   308.39    19.38  9999.00  9999.00  9999.00  9999.00
 00014  1025.43     7.19    69.76     1.59   318.93    18.61  9999.00  9999.00  9999.00  9999.00
 00015  1012.27     3.60    40.28     1.69   209.20    20.76  9999.00  9999.00  9999.00  9999.00
 00016   968.87     7.30    62.97     0.73   322.70    20.76  9999.00  9999.00  9999.00  9999.00
 00017  1014.37     5.19    50.77     2.30   192.90    19.92  9999.00  9999.00  9999.00  9999.00
 00018  1029.02     5.33    63.68     1.34   303.59    18.98  9999.00  9999.00  9999.00  9999.00
 00019   949.44     8.75    68.25     0.91    38.64    24.65  9999.00  9999.00  9999.00  9999.00
 00020  1030.81     9.76    67.67     3.23   330.51    19.21  9999.00  9999.00  9999.00  9999.00
 00021   899.72     2.52    66.11     2.70   322.75    34.39  9999.00  9999.00  9999.00  9999.00
 00022  1029.84     3.52    47.24     2.12   232.68    22.83  9999.00  9999.00  9999.00  9999.00
 00023   929.97     1.81    83.10     3.49   273.94    19.56  9999.00  9999.00  9999.00  9999.00
 00024   953.84     0.74    72.44     0.43   254.80    31.69  9999.00  9999.00  9999.00  9999.00
 00025   800.53    10.95    94.01     2.17   126.43    17.16  9999.00  9999.00  9999.00  9999.00
 00026  1027.67     7.15    50.85     3.89   102.89    18.68  9999.00  9999.00  9999.00  9999.00
 00027  1023.86     8.23    65.04     3.42   352.55    18.98  9999.00  9999.00  9999.00  9999.00
 00028   991.28     6.98    65.25     2.60    15.09    18.84  9999.00  9999.00  9999.00  9999.00
 00029  1019.09    14.01    64.33     4.95     8.71    21.45  9999.00  9999.00  9999.00  9999.00
 00030  1009.93    11.87    74.84     4.01   152.34    19.44  9999.00  9999.00  9999.00  9999.00
 00031   573.57     4.79     8.19     3.92   257.65    33.30  9999.00  9999.00  9999.00  9999.00
 00032   990.24    12.11    47.17     2.60    78.83    17.93  9999.00  9999.00  9999.00  9999.00
 00033  1018.18    19.59    84.51     9.68    42.63     7.77  9999.00  9999.00  9999.00  9999.00
 00034  1015.31    26.47    89.10    11.43    48.00    12.24  9999.00  9999.00  9999.00  9999.00
 00035  1016.94    21.99    82.97     6.50    35.89    20.32  9999.00  9999.00  9999.00  9999.00
 00036   779.97    11.75    70.64     2.16   181.10    21.19  9999.00  9999.00  9999.00  9999.00
 00037   980.07    12.38    48.27     1.61   101.67    17.83  9999.00  9999.00  9999.00  9999.00
 00038  1006.48    17.85    63.63     1.60    70.24    20.37  9999.00  9999.00  9999.00  9999.00
 00039  1021.60    16.54    59.55    12.09    32.29    19.93  9999.00  9999.00  9999.00  9999.00
 00040  1017.97    18.98    53.56     7.11    48.05    21.29  9999.00  9999.00  9999.00  9999.00
 00041   985.47     5.19    50.07     1.55    24.09    17.71  9999.00  9999.00  9999.00  9999.00
 00042  1029.83     6.95    68.12     0.97   306.82    18.91  9999.00  9999.00  9999.00  9999.00
 00043  1020.52     7.54    51.50     3.60    25.04    18.97  9999.00  9999.00  9999.00  9999.00
 00044   999.93     8.53    50.00     1.93    39.40    18.15  9999.00  9999.00  9999.00  9999.00
 00045  1017.97    18.98    53.56     7.11    48.05    21.29  9999.00  9999.00  9999.00  9999.00
 00046   952.93    10.91    74.82     2.67     8.31    18.75  9999.00  9999.00  9999.00  9999.00
 00047  1016.91    11.91    53.09     3.73   172.18    18.57  9999.00  9999.00  9999.00  9999.00
 00048   606.69    -2.20    43.83     1.64    83.40    35.05  9999.00  9999.00  9999.00  9999.00
 00049   578.70    -0.14    47.76     2.92   218.59    28.02  9999.00  9999.00  9999.00  9999.00
 00050  1014.16    14.45    45.44     6.77    32.89    19.35  9999.00  9999.00  9999.00  9999.00
