stn_id       p       t2      rh2      spd      dir      vis    rain6   rain24   tmax24   tmin24 
 00001   980.89     9.52    93.42     1.03   237.73    18.62  9999.00  9999.00  9999.00  9999.00
 00002   994.32    -0.27    43.15     1.62   261.66    25.21  9999.00  9999.00  9999.00  9999.00
 00003   901.92    -4.33    35.18     0.66   311.00    23.74  9999.00  9999.00  9999.00  9999.00
 00004   831.06    -6.58    41.63     3.13   243.04    23.57  9999.00  9999.00  9999.00  9999.00
 00005   866.01    -8.54    54.43     0.97   122.14    25.82  9999.00  9999.00  9999.00  9999.00
 00006   875.67    -7.71    64.56     3.78   247.32    27.30  9999.00  9999.00  9999.00  9999.00
 00007  1004.11    -1.04    91.43     3.04   217.78    31.67  9999.00  9999.00  9999.00  9999.00
 00008   984.97    -3.80    82.55     6.25   236.24    36.13  9999.00  9999.00  9999.00  9999.00
 00009   934.48   -17.69    99.99     2.01   264.50    18.46  9999.00  9999.00  9999.00  9999.00
 00010   966.20   -11.03    61.71     1.66   216.27    36.14  9999.00  9999.00  9999.00  9999.00
 00011   989.11    -4.72    87.26     8.25   223.58    39.94  9999.00  9999.00  9999.00  9999.00
 00012  1011.38    -5.21    63.80     1.60    71.35    26.11  9999.00  9999.00  9999.00  9999.00
 00013  1017.64    -0.51    85.14     2.50   172.55    20.51  9999.00  9999.00  9999.00  9999.00
 00014  1014.74     0.74    91.47     1.33   246.26    19.88  9999.00  9999.00  9999.00  9999.00
 00015   996.26     1.16    70.05     4.39   190.55    22.00  9999.00  9999.00  9999.00  9999.00
 00016   959.62    -1.25    88.95     1.39   195.29    22.12  9999.00  9999.00  9999.00  9999.00
 00017   998.71     3.41    47.52     4.34   267.22    21.07  9999.00  9999.00  9999.00  9999.00
 00018  1016.14     1.44    87.22     1.82   180.84    19.95  9999.00  9999.00  9999.00  9999.00
 00019   943.83     5.57    88.83     1.66   281.32    25.69  9999.00  9999.00  9999.00  9999.00
 00020  1020.71     2.89    76.71     1.40   322.01    20.47  9999.00  9999.00  9999.00  9999.00
 00021   887.37    -3.01    63.23     6.67   150.93    37.41  9999.00  9999.00  9999.00  9999.00
 00022  1014.26    -3.69    82.97     1.87   226.30    24.64  9999.00  9999.00  9999.00  9999.00
 00023   914.23     3.01    80.86     3.43   257.43     2.20  9999.00  9999.00  9999.00  9999.00
 00024   937.26    -2.83    92.71     8.12   123.39     6.35  9999.00  9999.00  9999.00  9999.00
 00025   796.72    10.41    99.34     1.97   234.17     0.55  9999.00  9999.00  9999.00  9999.00
 00026  1016.71     8.62    75.25     1.18   280.97    19.06  9999.00  9999.00  9999.00  9999.00
 00027  1013.55     8.38    79.06     1.17   346.86    18.56  9999.00  9999.00  9999.00  9999.00
 00028   982.21     6.80    96.68     0.70   202.82    18.68  9999.00  9999.00  9999.00  9999.00
 00029  1011.79    14.64    68.40     2.92     3.84    20.82  9999.00  9999.00  9999.00  9999.00
 00030  1001.96    13.98    77.46     2.63   353.25    22.16  9999.00  9999.00  9999.00  9999.00
 00031   572.82    -8.93    38.15     2.15   220.44    34.22  9999.00  9999.00  9999.00  9999.00
 00032   982.15    11.12    97.01     1.36   328.23     4.25  9999.00  9999.00  9999.00  9999.00
 00033  1012.22    20.82    86.41     5.61    43.22    23.05  9999.00  9999.00  9999.00  9999.00
 00034  1011.71    25.89    91.30     7.43    57.32    12.20  9999.00  9999.00  9999.00  9999.00
 00035  1011.05    22.63    84.38     3.85    20.59    23.67  9999.00  9999.00  9999.00  9999.00
 00036   777.39     6.28    95.61     1.11    57.69    11.90  9999.00  9999.00  9999.00  9999.00
 00037   972.29    11.11    98.18     0.93   255.00     4.48  9999.00  9999.00  9999.00  9999.00
 00038   999.54    13.54    91.88     0.93   309.41    19.99  9999.00  9999.00  9999.00  9999.00
 00039  1013.29    17.17    83.10     7.74    19.60    16.58  9999.00  9999.00  9999.00  9999.00
 00040  1010.87    17.07    78.79     4.41    64.71    20.52  9999.00  9999.00  9999.00  9999.00
 00041   975.01     3.65    72.18     0.84   207.16    18.65  9999.00  9999.00  9999.00  9999.00
 00042  1017.90     1.02    87.47     0.93   164.00    19.97  9999.00  9999.00  9999.00  9999.00
 00043  1010.26     9.06    71.49     0.60   255.17    19.22  9999.00  9999.00  9999.00  9999.00
 00044   990.28     8.17    79.15     0.48    41.08    17.86  9999.00  9999.00  9999.00  9999.00
 00045  1010.87    17.07    78.79     4.41    64.71    20.52  9999.00  9999.00  9999.00  9999.00
 00046   945.71    10.18    99.66     1.10   344.92     1.62  9999.00  9999.00  9999.00  9999.00
 00047  1007.79    11.43    75.49     3.93   335.71    12.24  9999.00  9999.00  9999.00  9999.00
 00048   605.74   -11.34    86.34     1.89   132.36    17.78  9999.00  9999.00  9999.00  9999.00
 00049   576.55    -8.62    40.94     0.41   131.38    27.89  9999.00  9999.00  9999.00  9999.00
 00050  1005.70    13.14    92.41     3.43    27.55     3.01  9999.00  9999.00  9999.00  9999.00
