stn_id       p       t2      rh2      spd      dir      vis    rain6   rain24   tmax24   tmin24 
 00001   982.11    10.49    89.41     0.77   291.92    21.79  9999.00  9999.00  9999.00  9999.00
 00002   997.79    -1.74    60.96     1.98   285.59    25.27  9999.00  9999.00  9999.00  9999.00
 00003   905.00    -4.77    36.75     1.34   275.62    23.78  9999.00  9999.00  9999.00  9999.00
 00004   833.93    -5.33    36.77     3.16   235.66    23.61  9999.00  9999.00  9999.00  9999.00
 00005   868.22    -5.04    37.78     1.04   215.28    25.84  9999.00  9999.00  9999.00  9999.00
 00006   877.45    -6.49    62.10     4.00   251.14    27.30  9999.00  9999.00  9999.00  9999.00
 00007  1005.79     0.20    79.49     6.02   189.20    30.84  9999.00  9999.00  9999.00  9999.00
 00008   986.42    -2.15    78.29     7.23   205.00    36.07  9999.00  9999.00  9999.00  9999.00
 00009   930.77   -12.94    97.86     2.66   331.81    33.09  9999.00  9999.00  9999.00  9999.00
 00010   969.17   -10.75    68.97     1.16   246.57    36.13  9999.00  9999.00  9999.00  9999.00
 00011   992.01    -6.12    76.81    10.05   197.19    39.89  9999.00  9999.00  9999.00  9999.00
 00012  1013.94    -3.39    66.70     1.41   266.74    26.13  9999.00  9999.00  9999.00  9999.00
 00013  1020.65     2.47    77.97     2.37   143.95    20.53  9999.00  9999.00  9999.00  9999.00
 00014  1017.40     5.77    67.91     0.65   138.89    19.90  9999.00  9999.00  9999.00  9999.00
 00015   999.97     2.51    60.88     4.92   192.74    22.04  9999.00  9999.00  9999.00  9999.00
 00016   962.24    -0.44    84.87     1.77   191.68    22.14  9999.00  9999.00  9999.00  9999.00
 00017  1002.33     2.49    67.02     2.82   224.88    21.12  9999.00  9999.00  9999.00  9999.00
 00018  1019.16     2.87    82.47     2.36   149.39    19.99  9999.00  9999.00  9999.00  9999.00
 00019   945.65     9.51    85.77     0.91   283.04    25.05  9999.00  9999.00  9999.00  9999.00
 00020  1023.73     3.62    80.00     1.92   322.04    20.50  9999.00  9999.00  9999.00  9999.00
 00021   892.29    -3.75    69.10     4.96   150.80    37.52  9999.00  9999.00  9999.00  9999.00
 00022  1017.37    -1.25    62.15     2.73   204.68    24.66  9999.00  9999.00  9999.00  9999.00
 00023   916.73    -0.68    70.40     1.86   186.16    32.46  9999.00  9999.00  9999.00  9999.00
 00024   944.89    -3.18    90.27     6.96   118.89     8.39  9999.00  9999.00  9999.00  9999.00
 00025   798.01     9.94    94.62     1.76   219.03    19.21  9999.00  9999.00  9999.00  9999.00
 00026  1019.17     9.34    66.46     1.22   296.42    19.07  9999.00  9999.00  9999.00  9999.00
 00027  1016.03     8.76    74.83     1.42   307.65    19.13  9999.00  9999.00  9999.00  9999.00
 00028   984.04     7.63    90.33     0.83   334.31    18.26  9999.00  9999.00  9999.00  9999.00
 00029  1013.52    16.22    71.98     3.05    42.02    20.87  9999.00  9999.00  9999.00  9999.00
 00030  1004.10    14.62    78.21     1.57    58.93    22.14  9999.00  9999.00  9999.00  9999.00
 00031   574.37    -5.37     9.93     1.89   212.60    34.26  9999.00  9999.00  9999.00  9999.00
 00032   984.98    11.63    83.84     1.51   255.80    17.28  9999.00  9999.00  9999.00  9999.00
 00033  1014.52    20.80    85.28     6.64    65.77    18.69  9999.00  9999.00  9999.00  9999.00
 00034  1013.53    26.63    90.14     9.03    56.08    20.86  9999.00  9999.00  9999.00  9999.00
 00035  1013.41    23.00    86.94     4.59    37.27    21.36  9999.00  9999.00  9999.00  9999.00
 00036   777.56     7.98    88.43     1.04    83.67    20.32  9999.00  9999.00  9999.00  9999.00
 00037   975.05    11.60    88.96     0.89   162.17    16.64  9999.00  9999.00  9999.00  9999.00
 00038  1002.43    15.64    79.43     0.71   132.80    20.03  9999.00  9999.00  9999.00  9999.00
 00039  1016.18    17.15    81.19     8.64    16.70    18.53  9999.00  9999.00  9999.00  9999.00
 00040  1013.73    18.36    74.94     6.06    33.36    20.78  9999.00  9999.00  9999.00  9999.00
 00041   977.62     5.15    67.72     0.62   227.20    18.67  9999.00  9999.00  9999.00  9999.00
 00042  1020.83     2.19    82.49     2.33   114.16    19.99  9999.00  9999.00  9999.00  9999.00
 00043  1012.70     9.39    64.60     1.36   344.00    18.20  9999.00  9999.00  9999.00  9999.00
 00044   992.76     9.00    71.84     1.07    47.05    16.31  9999.00  9999.00  9999.00  9999.00
 00045  1013.73    18.36    74.94     6.06    33.36    20.78  9999.00  9999.00  9999.00  9999.00
 00046   947.96    10.27    97.64     1.04    37.62    12.72  9999.00  9999.00  9999.00  9999.00
 00047  1010.68    11.93    60.45     2.75   337.47    19.05  9999.00  9999.00  9999.00  9999.00
 00048   607.06    -6.95    73.13     1.77   130.64    35.50  9999.00  9999.00  9999.00  9999.00
 00049   578.20    -7.74    64.64     0.36   110.97    27.95  9999.00  9999.00  9999.00  9999.00
 00050  1008.58    13.43    84.97     4.67    27.93    10.15  9999.00  9999.00  9999.00  9999.00
