stn_id       p       t2      rh2      spd      dir      vis    rain6   rain24   tmax24   tmin24 
 00001   973.90    28.40  9999.00     0.00     0.00    17.00  9999.00  9999.00  9999.00  9999.00
 00002   996.56    28.10  9999.00     2.00   140.00    19.00  9999.00  9999.00  9999.00  9999.00
 00003   915.74    25.30  9999.00     1.00    90.00    17.00  9999.00  9999.00  9999.00  9999.00
 00004   849.73    17.80  9999.00     1.00   180.00    15.00  9999.00  9999.00  9999.00  9999.00
 00005   883.63    22.10  9999.00     2.00   360.00    30.00  9999.00  9999.00  9999.00  9999.00
 00006   870.91    26.40  9999.00     6.00   180.00    30.00  9999.00  9999.00  9999.00  9999.00
 00007  1000.66    23.80  9999.00     1.00   140.00    28.00  9999.00  9999.00  9999.00  9999.00
 00008   979.46    21.80  9999.00     1.00    90.00     7.00  9999.00  9999.00  9999.00  9999.00
 00009   954.40    13.90  9999.00     0.00     0.00     1.00  9999.00  9999.00  9999.00  9999.00
 00010   980.06    18.70  9999.00     2.00    90.00    24.00  9999.00  9999.00  9999.00  9999.00
 00011   990.22    21.40  9999.00     1.00   110.00  9999.00  9999.00  9999.00  9999.00  9999.00
 00012  1001.27    28.10  9999.00     2.00   220.00    19.00  9999.00  9999.00  9999.00  9999.00
 00013  1004.26    26.50  9999.00     1.00   340.00    11.00  9999.00  9999.00  9999.00  9999.00
 00014   999.08    28.30  9999.00     1.00   180.00    22.00  9999.00  9999.00  9999.00  9999.00
 00015   986.77    25.30  9999.00     2.00   110.00    17.00  9999.00  9999.00  9999.00  9999.00
 00016   953.68    27.00  9999.00     1.00   320.00    28.00  9999.00  9999.00  9999.00  9999.00
 00017   993.21    28.70  9999.00     1.00   110.00    21.00  9999.00  9999.00  9999.00  9999.00
 00018  1001.98    26.80  9999.00     1.00    20.00    17.00  9999.00  9999.00  9999.00  9999.00
 00019   935.28    28.10  9999.00     1.00   290.00    17.00  9999.00  9999.00  9999.00  9999.00
 00020  1003.63    28.60  9999.00     2.00    70.00    30.00  9999.00  9999.00  9999.00  9999.00
 00021   912.92    11.30  9999.00     1.00   360.00     3.70  9999.00  9999.00  9999.00  9999.00
 00022  1005.50    27.50  9999.00     2.00   250.00    20.00  9999.00  9999.00  9999.00  9999.00
 00023   936.82    13.10  9999.00     1.00   200.00    30.00  9999.00  9999.00  9999.00  9999.00
 00024   962.76    16.30  9999.00     3.00   290.00    30.00  9999.00  9999.00  9999.00  9999.00
 00025   809.50    22.60    73.62     3.00   180.00  9999.00  9999.00  9999.00  9999.00  9999.00
 00026   999.94    26.80  9999.00     1.00    70.00     4.00  9999.00  9999.00  9999.00  9999.00
 00027   997.51    26.90  9999.00     1.00   290.00     9.00  9999.00  9999.00  9999.00  9999.00
 00028   975.02    25.20  9999.00     1.00    20.00  9999.00  9999.00  9999.00  9999.00  9999.00
 00029  1001.59    27.10  9999.00     2.00   270.00    11.00  9999.00  9999.00  9999.00  9999.00
 00030   990.06    25.10  9999.00     2.00   110.00     7.00  9999.00  9999.00  9999.00  9999.00
 00031   628.00    13.60    73.04     1.00    70.00    30.00  9999.00  9999.00  9999.00  9999.00
 00032   995.00    28.00  9999.00     1.00   160.00    10.00  9999.00  9999.00  9999.00  9999.00
 00033  1003.51    26.30  9999.00     0.00   220.00    22.00  9999.00  9999.00  9999.00  9999.00
 00034  1007.00    30.10  9999.00     3.00   180.00    17.00  9999.00  9999.00  9999.00  9999.00
 00035  1003.00    28.10  9999.00     1.00   220.00    24.00  9999.00  9999.00  9999.00  9999.00
 00036   835.70    25.10    54.57     2.00    40.00    30.00  9999.00  9999.00  9999.00  9999.00
 00037   999.15    27.90  9999.00     1.00    90.00    14.00  9999.00  9999.00  9999.00  9999.00
 00038  1002.64    28.80  9999.00     1.00   110.00    21.00  9999.00  9999.00  9999.00  9999.00
 00039  1003.56    27.30  9999.00     4.00   220.00     7.00  9999.00  9999.00  9999.00  9999.00
 00040  1000.46    28.50  9999.00     4.00   250.00    20.00  9999.00  9999.00  9999.00  9999.00
 00041   814.70    17.00    81.84     4.00   110.00     4.50  9999.00  9999.00  9999.00  9999.00
 00042  1003.49    24.50  9999.00     2.00   250.00     7.00  9999.00  9999.00  9999.00  9999.00
 00043  1002.02    27.70  9999.00     1.00    20.00    29.00  9999.00  9999.00  9999.00  9999.00
 00044   996.24    25.40  9999.00     1.00   110.00     7.00  9999.00  9999.00  9999.00  9999.00
 00045  1000.46    28.50  9999.00     4.00   250.00    20.00  9999.00  9999.00  9999.00  9999.00
 00046   963.55    25.40  9999.00     2.00   180.00     7.00  9999.00  9999.00  9999.00  9999.00
 00047   999.38    27.00  9999.00     1.00   290.00  9999.00  9999.00  9999.00  9999.00  9999.00
 00048   653.90    18.90    48.83     2.00   290.00    30.00  9999.00  9999.00  9999.00  9999.00
 00049   605.10     9.00    89.63     3.00   250.00    30.00  9999.00  9999.00  9999.00  9999.00
 00050  1003.36    28.00  9999.00     2.00   220.00    15.00  9999.00  9999.00  9999.00  9999.00
