stn_id       p       t2      rh2      spd      dir      vis    rain6   rain24   tmax24   tmin24 
 00001   974.78    16.10  9999.00     2.00    40.00    30.00  9999.00  9999.00  9999.00  9999.00
 00002  1006.58     9.50  9999.00     2.00   340.00     3.90  9999.00  9999.00  9999.00  9999.00
 00003   925.75     5.50  9999.00     3.00    20.00     8.00  9999.00  9999.00  9999.00  9999.00
 00004   858.37     2.50  9999.00     3.00    70.00    30.00  9999.00  9999.00  9999.00  9999.00
 00005   898.68     2.80  9999.00     1.00   320.00    10.00  9999.00  9999.00  9999.00  9999.00
 00006   893.71    -1.80  9999.00     5.00    70.00     4.30  9999.00  9999.00  9999.00  9999.00
 00007  1017.68     6.90  9999.00     5.00   360.00    30.00  9999.00  9999.00  9999.00  9999.00
 00008   998.82     4.70  9999.00     4.00   360.00     3.20  9999.00  9999.00  9999.00  9999.00
 00009   968.21    -7.90  9999.00     3.00   250.00    30.00  9999.00  9999.00  9999.00  9999.00
 00010   992.05     6.30  9999.00     1.00    70.00    10.00  9999.00  9999.00  9999.00  9999.00
 00011  1011.23     0.40  9999.00     2.00   290.00    30.00  9999.00  9999.00  9999.00  9999.00
 00012  1014.82    13.20  9999.00     2.00    40.00    17.00  9999.00  9999.00  9999.00  9999.00
 00013  1003.47    12.90  9999.00     3.00   140.00     8.00  9999.00  9999.00  9999.00  9999.00
 00014  1002.37    15.30  9999.00     1.00   180.00     5.00  9999.00  9999.00  9999.00  9999.00
 00015   989.42    10.40  9999.00     3.00    70.00     2.40  9999.00  9999.00  9999.00  9999.00
 00016   963.09     8.20  9999.00     1.00   220.00    14.00  9999.00  9999.00  9999.00  9999.00
 00017   996.87    10.10  9999.00     3.00   340.00     6.00  9999.00  9999.00  9999.00  9999.00
 00018  1000.39    14.30  9999.00     1.00    90.00     2.50  9999.00  9999.00  9999.00  9999.00
 00019   936.98    14.80  9999.00     1.00    40.00    30.00  9999.00  9999.00  9999.00  9999.00
 00020  1008.32    16.50  9999.00     7.00   140.00    11.00  9999.00  9999.00  9999.00  9999.00
 00021   928.73    -5.30  9999.00     0.00     0.00    30.00  9999.00  9999.00  9999.00  9999.00
 00022  1017.20    12.80  9999.00     8.00    90.00    21.00  9999.00  9999.00  9999.00  9999.00
 00023   944.19     1.60  9999.00     9.00    90.00    30.00  9999.00  9999.00  9999.00  9999.00
 00024   980.24    -7.40  9999.00     0.00     0.00    30.00  9999.00  9999.00  9999.00  9999.00
 00025   806.10    12.60    54.81     2.00   220.00    30.00  9999.00  9999.00  9999.00  9999.00
 00026   998.35    17.90  9999.00     1.00   140.00     1.30  9999.00  9999.00  9999.00  9999.00
 00027   997.11    15.40  9999.00     2.00   320.00     4.40  9999.00  9999.00  9999.00  9999.00
 00028   970.25    18.80  9999.00     4.00    40.00    15.00  9999.00  9999.00  9999.00  9999.00
 00029  1004.18    21.40  9999.00     1.00   110.00    27.00  9999.00  9999.00  9999.00  9999.00
 00030   989.27    23.90  9999.00     2.00   110.00     4.70  9999.00  9999.00  9999.00  9999.00
 00031   619.80     2.90    18.63     1.00   290.00    30.00  9999.00  9999.00  9999.00  9999.00
 00032  1001.64    18.40  9999.00     1.00   250.00     9.00  9999.00  9999.00  9999.00  9999.00
 00033  1003.81    25.10  9999.00     4.00   140.00    22.00  9999.00  9999.00  9999.00  9999.00
 00034  1008.30    26.30  9999.00     1.00   140.00    25.00  9999.00  9999.00  9999.00  9999.00
 00035  1004.09    25.70  9999.00     3.00   140.00    20.00  9999.00  9999.00  9999.00  9999.00
 00036   830.60    18.30    26.82     3.00   180.00    30.00  9999.00  9999.00  9999.00  9999.00
 00037  1005.72    18.20  9999.00     1.00    70.00    12.00  9999.00  9999.00  9999.00  9999.00
 00038  1009.02    18.20  9999.00     0.00     0.00     3.50  9999.00  9999.00  9999.00  9999.00
 00039  1009.24    17.40  9999.00     1.00   220.00     8.00  9999.00  9999.00  9999.00  9999.00
 00040  1005.64    17.20  9999.00     2.00    20.00     4.40  9999.00  9999.00  9999.00  9999.00
 00041   807.00     9.10   100.00    10.00   200.00     0.00  9999.00  9999.00  9999.00  9999.00
 00042  1001.79    13.40  9999.00     3.00   110.00     2.60  9999.00  9999.00  9999.00  9999.00
 00043  1000.73    20.80  9999.00     3.00   340.00    30.00  9999.00  9999.00  9999.00  9999.00
 00044   996.64    14.60  9999.00     3.00   360.00    10.00  9999.00  9999.00  9999.00  9999.00
 00045  1005.64    17.20  9999.00     2.00    20.00     4.40  9999.00  9999.00  9999.00  9999.00
 00046   965.87    20.90  9999.00     2.00   180.00    18.00  9999.00  9999.00  9999.00  9999.00
 00047  1007.95    15.70  9999.00     2.00   250.00     2.40  9999.00  9999.00  9999.00  9999.00
 00048   648.00     2.90    52.98     2.00   140.00    30.00  9999.00  9999.00  9999.00  9999.00
 00049   596.40    -3.90    83.94     4.00   200.00    30.00  9999.00  9999.00  9999.00  9999.00
 00050  1008.94    17.30  9999.00     2.00    70.00     8.00  9999.00  9999.00  9999.00  9999.00
