stn_id       p       t2      rh2      spd      dir      vis    rain6   rain24   tmax24   tmin24 
 00001   980.35    23.90  9999.00     1.00   250.00     9.00  9999.00  9999.00  9999.00  9999.00
 00002   995.47    36.90  9999.00     2.00   160.00    30.00  9999.00  9999.00  9999.00  9999.00
 00003   918.24    28.70  9999.00     2.00   250.00    17.00  9999.00  9999.00  9999.00  9999.00
 00004   850.52    27.30  9999.00     3.00   220.00    30.00  9999.00  9999.00  9999.00  9999.00
 00005   885.43    27.90  9999.00     3.00   160.00    17.00  9999.00  9999.00  9999.00  9999.00
 00006   872.88    32.20  9999.00     4.00   270.00    30.00  9999.00  9999.00  9999.00  9999.00
 00007   999.86    27.30  9999.00     3.00    20.00    18.00  9999.00  9999.00  9999.00  9999.00
 00008   978.78    24.80  9999.00     2.00   360.00    17.00  9999.00  9999.00  9999.00  9999.00
 00009   959.10    20.50  9999.00     4.00    20.00    30.00  9999.00  9999.00  9999.00  9999.00
 00010   975.28    17.00  9999.00     1.00   290.00     6.00  9999.00  9999.00  9999.00  9999.00
 00011   989.73    24.50  9999.00     4.00   110.00    10.00  9999.00  9999.00  9999.00  9999.00
 00012  1000.37    36.10  9999.00     2.00   180.00    24.00  9999.00  9999.00  9999.00  9999.00
 00013  1007.66    29.00  9999.00     2.00   220.00     4.90  9999.00  9999.00  9999.00  9999.00
 00014  1002.77    30.00  9999.00     2.00   320.00     3.80  9999.00  9999.00  9999.00  9999.00
 00015   986.37    37.20  9999.00     3.00   290.00    30.00  9999.00  9999.00  9999.00  9999.00
 00016   957.14    29.80  9999.00     1.00   290.00    23.00  9999.00  9999.00  9999.00  9999.00
 00017   993.41    33.60  9999.00     3.00   180.00    16.00  9999.00  9999.00  9999.00  9999.00
 00018  1005.07    30.80  9999.00     2.00   180.00    12.00  9999.00  9999.00  9999.00  9999.00
 00019   941.23    25.60  9999.00     1.00   220.00     9.00  9999.00  9999.00  9999.00  9999.00
 00020  1006.92    32.00  9999.00     2.00    40.00    14.00  9999.00  9999.00  9999.00  9999.00
 00021   900.23    26.00  9999.00     2.00   290.00    30.00  9999.00  9999.00  9999.00  9999.00
 00022  1004.40    38.20  9999.00     3.00   250.00    30.00  9999.00  9999.00  9999.00  9999.00
 00023   925.90    23.70  9999.00     1.00   360.00    30.00  9999.00  9999.00  9999.00  9999.00
 00024   952.83    23.00  9999.00     3.00   340.00    30.00  9999.00  9999.00  9999.00  9999.00
 00025   809.80    20.70    66.96     0.00    90.00  9999.00  9999.00  9999.00  9999.00  9999.00
 00026  1001.73    24.80  9999.00     3.00    90.00     8.00  9999.00  9999.00  9999.00  9999.00
 00027   998.80    20.70  9999.00     3.00    70.00     8.00  9999.00  9999.00  9999.00  9999.00
 00028   976.49    22.40  9999.00     1.00    90.00     9.00  9999.00  9999.00  9999.00  9999.00
 00029  1002.59    31.50  9999.00     3.00   180.00    30.00  9999.00  9999.00  9999.00  9999.00
 00030   990.35    30.80  9999.00     5.00   200.00    27.00  9999.00  9999.00  9999.00  9999.00
 00031   630.20    14.80    53.79     2.00    20.00    30.00  9999.00  9999.00  9999.00  9999.00
 00032   997.18    31.10  9999.00     3.00   140.00    16.00  9999.00  9999.00  9999.00  9999.00
 00033  1004.91    33.00  9999.00     3.00   180.00    30.00  9999.00  9999.00  9999.00  9999.00
 00034  1007.60    32.10  9999.00     3.00   180.00    24.00  9999.00  9999.00  9999.00  9999.00
 00035  1004.49    32.90  9999.00     3.00   180.00    30.00  9999.00  9999.00  9999.00  9999.00
 00036   839.60    18.10    79.87     1.00   140.00    29.00  9999.00  9999.00  9999.00  9999.00
 00037  1001.04    31.60  9999.00     3.00   140.00    24.00  9999.00  9999.00  9999.00  9999.00
 00038  1003.14    33.60  9999.00     2.00   320.00    30.00  9999.00  9999.00  9999.00  9999.00
 00039  1004.85    29.80  9999.00     2.00   250.00     8.00  9999.00  9999.00  9999.00  9999.00
 00040  1001.06    32.80  9999.00     3.00   220.00    17.00  9999.00  9999.00  9999.00  9999.00
 00041   815.90    17.00    54.78     9.00    90.00    18.00  9999.00  9999.00  9999.00  9999.00
 00042  1006.49    27.60  9999.00     1.00    20.00  9999.00  9999.00  9999.00  9999.00  9999.00
 00043  1002.42    23.00  9999.00     6.00    70.00     1.60  9999.00  9999.00  9999.00  9999.00
 00044   999.12    24.50  9999.00     3.00   360.00     6.00  9999.00  9999.00  9999.00  9999.00
 00045  1001.06    32.80  9999.00     3.00   220.00    17.00  9999.00  9999.00  9999.00  9999.00
 00046   964.04    30.10  9999.00     5.00   180.00    28.00  9999.00  9999.00  9999.00  9999.00
 00047  1005.06    24.60  9999.00     3.00   340.00    19.00  9999.00  9999.00  9999.00  9999.00
 00048   657.80    15.70    55.93     2.00    90.00    18.00  9999.00  9999.00  9999.00  9999.00
 00049   603.60    12.00    51.94     2.00   250.00    30.00  9999.00  9999.00  9999.00  9999.00
 00050  1004.75    29.80  9999.00     3.00    90.00     9.00  9999.00  9999.00  9999.00  9999.00
