stn_id       p       t2      rh2      spd      dir      vis    rain6   rain24   tmax24   tmin24 
 00001   980.77     9.31    76.10     0.65   278.84    15.91  9999.00  9999.00  9999.00  9999.00
 00002  1011.37    -4.16    57.75     1.73   104.68    25.75  9999.00  9999.00  9999.00  9999.00
 00003   912.44    -7.73    53.66     1.19    51.61    24.15  9999.00  9999.00  9999.00  9999.00
 00004   840.18   -10.39    52.32     0.99   136.83    25.10  9999.00  9999.00  9999.00  9999.00
 00005   878.32   -17.44    86.04     3.00   176.09    29.24  9999.00  9999.00  9999.00  9999.00
 00006   890.02   -16.09    74.75     1.74   291.97    32.34  9999.00  9999.00  9999.00  9999.00
 00007  1014.59    -7.64    44.80     4.88   317.50    30.65  9999.00  9999.00  9999.00  9999.00
 00008   995.12   -11.91    70.33     4.08   312.52    37.44  9999.00  9999.00  9999.00  9999.00
 00009   956.67   -21.88    95.66     3.32   314.11    58.27  9999.00  9999.00  9999.00  9999.00
 00010   966.56   -13.71    78.18     2.81   287.36    35.20  9999.00  9999.00  9999.00  9999.00
 00011  1001.16   -13.11    84.11     3.70   335.14    44.80  9999.00  9999.00  9999.00  9999.00
 00012  1029.00    -5.72    43.18     2.01    38.87    26.68  9999.00  9999.00  9999.00  9999.00
 00013  1024.67    -2.21    77.90     2.47   317.37    18.42  9999.00  9999.00  9999.00  9999.00
 00014  1021.36    -0.12    67.67     2.03   318.16    18.18  9999.00  9999.00  9999.00  9999.00
 00015  1009.39    -1.55    63.43     3.21    59.61    20.32  9999.00  9999.00  9999.00  9999.00
 00016   966.68    -4.71    80.41     0.51   147.18    18.27  9999.00  9999.00  9999.00  9999.00
 00017  1009.93    -1.11    65.95     2.50   309.69    18.84  9999.00  9999.00  9999.00  9999.00
 00018  1023.59    -0.96    76.64     1.48   287.58    18.01  9999.00  9999.00  9999.00  9999.00
 00019   944.24     6.58    78.28     0.91   299.12    20.67  9999.00  9999.00  9999.00  9999.00
 00020  1026.49     0.95    58.65     3.70   318.25    18.24  9999.00  9999.00  9999.00  9999.00
 00021   899.40    -5.50    58.37     1.74   167.79    43.24  9999.00  9999.00  9999.00  9999.00
 00022  1031.74    -3.54    31.91     3.40    27.36    24.13  9999.00  9999.00  9999.00  9999.00
 00023   925.63    -6.65    78.30     2.36   165.01    39.14  9999.00  9999.00  9999.00  9999.00
 00024   956.40   -10.62    97.77     4.63   115.42    15.60  9999.00  9999.00  9999.00  9999.00
 00025   796.24     6.14    91.59     1.71   150.39    20.20  9999.00  9999.00  9999.00  9999.00
 00026  1021.84     3.26    62.98     3.33    11.16    17.87  9999.00  9999.00  9999.00  9999.00
 00027  1017.78     3.07    77.99     2.09    22.77    17.37  9999.00  9999.00  9999.00  9999.00
 00028   985.22     4.90    81.38     0.99    30.35    16.39  9999.00  9999.00  9999.00  9999.00
 00029  1013.31    11.64    54.67     4.04     9.90    19.99  9999.00  9999.00  9999.00  9999.00
 00030  1003.71    10.45    87.64     2.19   336.30    21.68  9999.00  9999.00  9999.00  9999.00
 00031   572.81    -4.39    14.74     3.12   255.92    31.52  9999.00  9999.00  9999.00  9999.00
 00032   985.24     6.09    86.77     2.08    43.28    12.82  9999.00  9999.00  9999.00  9999.00
 00033  1013.41    18.54    84.47     7.84    20.27    21.50  9999.00  9999.00  9999.00  9999.00
 00034  1010.94    25.52    89.02     9.05    45.80     7.94  9999.00  9999.00  9999.00  9999.00
 00035  1011.93    20.82    78.28     5.73    16.05    21.70  9999.00  9999.00  9999.00  9999.00
 00036   775.04     3.79    88.79     1.36   110.65    18.74  9999.00  9999.00  9999.00  9999.00
 00037   975.09     6.27    92.54     1.22    46.87     7.05  9999.00  9999.00  9999.00  9999.00
 00038  1001.12    12.90    82.28     1.74    36.72    19.05  9999.00  9999.00  9999.00  9999.00
 00039  1015.67    16.03    66.54    13.23    31.77    18.61  9999.00  9999.00  9999.00  9999.00
 00040  1011.95    16.69    65.20     8.59    35.16    19.64  9999.00  9999.00  9999.00  9999.00
 00041   981.01    -2.29    78.34     1.86    18.45    17.12  9999.00  9999.00  9999.00  9999.00
 00042  1025.22    -2.24    82.93     1.20   187.57    18.13  9999.00  9999.00  9999.00  9999.00
 00043  1015.05     2.61    69.34     2.06    39.52    18.19  9999.00  9999.00  9999.00  9999.00
 00044   994.78     0.91    77.26     1.70    58.00    17.48  9999.00  9999.00  9999.00  9999.00
 00045  1011.95    16.69    65.20     8.59    35.16    19.64  9999.00  9999.00  9999.00  9999.00
 00046   948.04     3.93    93.21     2.13    13.04    18.01  9999.00  9999.00  9999.00  9999.00
 00047  1012.45     5.15    77.48     4.81   329.33    17.77  9999.00  9999.00  9999.00  9999.00
 00048   602.17    -4.50    46.10     0.96   168.45    34.24  9999.00  9999.00  9999.00  9999.00
 00049   574.48    -6.54    98.77     0.82   222.39    15.84  9999.00  9999.00  9999.00  9999.00
 00050  1008.62    12.11    63.62     7.03    27.60    18.18  9999.00  9999.00  9999.00  9999.00
