stn_id       p       t2      rh2      spd      dir      vis    rain6   rain24   tmax24   tmin24 
 00001   981.74     9.69    63.47     1.39   213.75    17.69     0.00  9999.00  9999.00  9999.00
 00002  1009.19    -4.40    62.22     1.34   284.75    25.73     0.00  9999.00  9999.00  9999.00
 00003   912.03    -7.19    51.06     1.14   286.18    24.17     0.00  9999.00  9999.00  9999.00
 00004   840.28    -9.20    47.18     1.55   256.38    25.13     0.00  9999.00  9999.00  9999.00
 00005   877.97   -14.50    75.81     2.41   347.44    29.27     0.00  9999.00  9999.00  9999.00
 00006   889.12   -14.47    67.21     1.85   288.60    32.36     0.00  9999.00  9999.00  9999.00
 00007  1013.49    -6.59    39.58     4.91   307.75    30.65     0.00  9999.00  9999.00  9999.00
 00008   993.76   -10.60    68.70     3.33   308.72    37.44     0.08  9999.00  9999.00  9999.00
 00009   954.85   -19.63    93.45     3.61   320.37    58.12     0.02  9999.00  9999.00  9999.00
 00010   966.14   -12.73    78.39     2.53   282.30    35.68     0.01  9999.00  9999.00  9999.00
 00011   999.33   -12.15    84.05     2.75   313.43    36.23     0.16  9999.00  9999.00  9999.00
 00012  1027.60    -3.74    40.48     2.73    37.69    26.68     0.00  9999.00  9999.00  9999.00
 00013  1025.38    -1.64    77.26     2.54   327.91    18.43     0.00  9999.00  9999.00  9999.00
 00014  1021.14     1.71    69.30     2.83   333.11    18.18     0.00  9999.00  9999.00  9999.00
 00015  1008.12    -0.52    56.77     1.70   242.16    20.31     0.00  9999.00  9999.00  9999.00
 00016   966.50    -4.29    82.34     0.61   106.56    18.27     0.00  9999.00  9999.00  9999.00
 00017  1009.25     1.74    53.05     3.64   295.71    18.83     0.00  9999.00  9999.00  9999.00
 00018  1024.22     0.66    69.08     1.35   316.13    18.02     0.00  9999.00  9999.00  9999.00
 00019   945.38     6.12    77.37     0.77   308.41    20.95     0.00  9999.00  9999.00  9999.00
 00020  1026.68     2.69    57.68     4.80   310.62    18.25     0.00  9999.00  9999.00  9999.00
 00021   900.26    -6.40    67.63     1.93   145.29    43.31     0.00  9999.00  9999.00  9999.00
 00022  1030.18    -2.06    35.88     3.84    34.99    24.13     0.00  9999.00  9999.00  9999.00
 00023   927.31    -5.51    80.31     1.81   164.55    39.22     0.00  9999.00  9999.00  9999.00
 00024   956.88   -10.35    97.90     4.21   114.39    23.20     0.02  9999.00  9999.00  9999.00
 00025   797.80     6.86    87.18     1.86   179.83    20.22     0.00  9999.00  9999.00  9999.00
 00026  1022.08     4.54    62.54     3.67     7.72    17.87     0.00  9999.00  9999.00  9999.00
 00027  1018.68     4.46    73.53     2.52   117.96    17.38     0.00  9999.00  9999.00  9999.00
 00028   986.38     5.31    77.60     1.51    15.25    16.40     0.00  9999.00  9999.00  9999.00
 00029  1013.57    13.00    59.38     4.50     9.19    20.00     0.00  9999.00  9999.00  9999.00
 00030  1004.92    11.65    86.09     2.47   349.50    21.70     0.00  9999.00  9999.00  9999.00
 00031   573.29    -4.52    13.48     3.80   267.99    31.54     0.00  9999.00  9999.00  9999.00
 00032   984.77     8.52    80.75     1.99    57.30    17.10     0.00  9999.00  9999.00  9999.00
 00033  1013.90    19.88    83.67     8.87    32.27    21.73     0.24  9999.00  9999.00  9999.00
 00034  1011.66    25.90    85.57    10.06    43.60    13.77     3.61  9999.00  9999.00  9999.00
 00035  1012.54    21.61    75.86     5.39    22.56    21.71     0.00  9999.00  9999.00  9999.00
 00036   776.10     5.04    81.94     1.62   125.59    20.53     0.00  9999.00  9999.00  9999.00
 00037   974.70     8.62    87.67     1.34    64.77    14.39     0.27  9999.00  9999.00  9999.00
 00038  1001.11    15.77    75.58     1.67   167.31    19.05     0.00  9999.00  9999.00  9999.00
 00039  1015.10    17.41    67.11    12.58    33.14    18.61     0.17  9999.00  9999.00  9999.00
 00040  1011.97    18.12    72.32     8.53    31.06    19.66     0.01  9999.00  9999.00  9999.00
 00041   981.36    -0.99    76.90     1.64   176.30    17.12     0.00  9999.00  9999.00  9999.00
 00042  1025.70     1.33    67.56     0.87   136.84    18.14     0.00  9999.00  9999.00  9999.00
 00043  1015.14     3.80    68.96     2.24    17.44    18.19     0.00  9999.00  9999.00  9999.00
 00044   994.55     2.53    74.38     1.80    44.36    17.48     0.00  9999.00  9999.00  9999.00
 00045  1011.97    18.12    72.32     8.53    31.06    19.66     0.01  9999.00  9999.00  9999.00
 00046   947.96     5.32    89.88     1.85    13.50    18.01     0.00  9999.00  9999.00  9999.00
 00047  1011.90     6.61    71.09     4.01    55.09    17.76     0.00  9999.00  9999.00  9999.00
 00048   602.27    -3.20    40.74     0.77   173.36    34.25     0.00  9999.00  9999.00  9999.00
 00049   575.62    -6.27    98.07     0.98   206.34     5.07     0.51  9999.00  9999.00  9999.00
 00050  1008.03    13.93    61.86     6.81    27.74    18.18     0.01  9999.00  9999.00  9999.00
