stn_id       p       t2      rh2      spd      dir      vis    rain6   rain24   tmax24   tmin24 
 00001   986.43     7.80    95.72     1.24   143.76     4.52     2.44     7.09     9.13     7.55
 00002  1023.69    -3.45    40.30     1.12    54.97    25.75     0.00     0.00     5.02    -4.64
 00003   919.70    -5.32    57.25     1.93    41.18    24.06     0.00     0.00     6.61    -6.63
 00004   844.26   -10.31    60.71     2.27   147.03    24.67     0.00     0.00    -0.53   -12.10
 00005   881.08   -10.19    49.36     2.71    65.77    28.91     0.00     0.00    -2.15   -17.10
 00006   891.67   -11.39    43.33     4.69   168.65    32.01     0.00    -0.00    -6.71   -15.92
 00007  1032.21    -8.94    37.53     3.72     6.10    30.81     0.00     0.06    -2.58   -10.56
 00008  1013.63   -12.38    59.43     3.26   311.34    37.58     0.00     0.23    -5.21   -14.42
 00009   957.92   -19.47    79.60     2.89   227.86    58.14     0.00     0.01   -13.64   -22.64
 00010   984.12   -12.37    72.15     4.95   284.55    36.13     0.00     0.15    -7.22   -14.49
 00011  1019.45   -14.51    76.93     2.97   301.85    44.91     0.00     0.10    -8.47   -16.80
 00012  1041.40    -5.61    29.54     1.98    28.89    26.69     0.00    -0.01     4.51    -6.62
 00013  1034.46     1.11    70.63     3.95    18.68    18.56     0.00    -0.00    12.12    -0.49
 00014  1028.97     4.32    77.35     3.58   339.06    18.29     0.00    -0.01    11.31     2.48
 00015  1022.26    -3.23    40.43     2.01   148.12    20.39     0.00     0.00     4.67    -4.50
 00016   972.40     1.96    71.08     3.23    80.35    13.01     0.12     0.15     8.62    -4.57
 00017  1023.75    -1.06    42.69     2.34    38.50    18.99     0.00    -0.01     9.66    -2.02
 00018  1034.06     0.05    67.54     4.02    25.64    18.16     0.00    -0.00    12.58    -1.23
 00019   948.42     6.34    91.72     0.47   303.49     6.76     1.29     2.54     9.47     5.84
 00020  1034.04     7.47    71.40     4.30   337.68    18.37     0.00     0.00    13.30     2.45
 00021   896.85   -10.20    77.05     1.56   141.18    35.99     0.05     0.10    -3.91   -11.11
 00022  1044.11    -4.83    29.67     2.67    47.69    24.14     0.00     0.00     3.08    -5.82
 00023   921.35    -6.10    46.33     2.21   223.25    38.72     0.00    -0.01     0.71    -9.04
 00024   951.79   -13.04    80.89     6.32   121.28     9.38     0.00     0.06    -9.18   -13.02
 00025   798.70     6.33    99.09     1.60   131.82     1.57     0.00     0.09    16.68     5.84
 00026  1028.73     5.44    73.41     5.47    29.95    18.01     0.00    -0.00    12.51     3.75
 00027  1024.02     3.83    80.54     2.69    26.77    17.50     0.00    -0.00    14.48     2.58
 00028   990.13     7.24    64.83     3.79    31.85    16.48     0.01     0.00    12.89     5.33
 00029  1018.72    10.22    62.29     4.17    10.82    20.10     0.00     0.00    20.09     9.23
 00030  1007.95    10.33    73.50     2.63    34.72    21.76     0.00    -0.00    20.19     9.82
 00031   571.19    -4.88    29.90     2.49   209.76    31.24     0.00     0.00     7.57    -6.49
 00032   990.62     9.39    72.98     2.98   105.40    17.17     0.00    -0.00    14.05     6.78
 00033  1017.55    19.03    77.70     9.33    52.09    21.84     0.00     0.11    20.32    17.79
 00034  1015.20    26.63    73.51    12.76    40.49    22.84     0.22     1.11    27.39    25.78
 00035  1016.35    20.63    77.59     5.73    31.44    21.74     0.00     0.16    23.25    20.18
 00036   778.70     3.22    80.34     1.28   132.33    19.58     0.04     0.30    14.09     2.80
 00037   980.67     7.82    76.95     1.89   261.29    17.09     0.00     0.00    14.64     4.88
 00038  1006.67    11.00    61.84     2.39   331.47    19.11     0.00     0.00    19.90     9.42
 00039  1020.25    15.85    73.59    15.16    21.89    15.22     0.25     0.89    18.07    14.86
 00040  1017.02    15.60    56.32     8.94    16.84    19.72     0.00     0.00    21.06    14.81
 00041   988.64     0.14    74.99     2.39    35.89    17.26     0.00    -0.00    10.21    -1.82
 00042  1034.45     1.35    72.25     2.01    42.44    18.27     0.00    -0.00    11.97    -0.87
 00043  1020.73     5.24    75.32     4.82    39.94    18.33     0.00    -0.00    12.52     3.67
 00044  1001.82     5.26    76.24     3.68    61.36    17.62     0.00     0.00    12.07     2.54
 00045  1017.02    15.60    56.32     8.94    16.84    19.72     0.00     0.00    21.06    14.81
 00046   953.08     5.37    73.09     2.54    49.31    18.11     0.00     0.00    15.58     3.41
 00047  1018.53     9.56    71.59     6.98   337.90    17.87     0.00    -0.00    14.72     6.02
 00048   602.13    -4.81    63.74     0.85   169.41    34.17     0.00     0.01     7.93    -6.36
 00049   575.21    -7.02    97.66     0.43   172.18    14.14     0.34     1.02     1.38    -9.45
 00050  1013.40    13.09    63.70     8.91    21.41    18.08     0.00     0.02    16.64    11.58
