stn_id       p       t2      rh2      spd      dir      vis    rain6   rain24   tmax24   tmin24 
 00001   987.84     8.49    77.51     1.51   291.79    17.81     0.13  9999.00  9999.00  9999.00
 00002  1009.35    -0.42    35.15     4.26   274.49    25.92     0.00  9999.00  9999.00  9999.00
 00003   913.63    -6.71    46.06     1.72   258.15    24.41     0.00  9999.00  9999.00  9999.00
 00004   840.70   -15.14    65.28     2.96   264.94    25.40     0.00  9999.00  9999.00  9999.00
 00005   876.53   -13.42    57.80     2.58   281.62    29.56     0.00  9999.00  9999.00  9999.00
 00006   884.37   -10.04    52.84     6.40   267.58    32.57     0.00  9999.00  9999.00  9999.00
 00007  1009.87    -4.68    66.01     3.47   350.17    29.82     2.35  9999.00  9999.00  9999.00
 00008   991.50    -6.72    46.60     0.91   243.70    36.79     0.14  9999.00  9999.00  9999.00
 00009   944.05   -28.04    98.78     1.31   210.70    58.04     0.00  9999.00  9999.00  9999.00
 00010   966.01    -6.85    69.80     1.56   191.00    12.96     0.84  9999.00  9999.00  9999.00
 00011   998.66   -12.22    60.66     2.97   166.16    45.13     0.00  9999.00  9999.00  9999.00
 00012  1023.61    -3.91    35.02     2.45   293.79    26.80     0.00  9999.00  9999.00  9999.00
 00013  1021.82     7.27    92.91     3.12   273.32    18.41     0.00  9999.00  9999.00  9999.00
 00014  1017.81    11.61    74.73     3.89   320.41    16.88     0.02  9999.00  9999.00  9999.00
 00015  1009.09    -2.10    36.55     3.20     8.48    20.42     0.00  9999.00  9999.00  9999.00
 00016   973.80    -2.67    66.76     1.72   208.27    18.40     0.00  9999.00  9999.00  9999.00
 00017  1013.53     3.01    39.59     4.77   297.88    18.92     0.00  9999.00  9999.00  9999.00
 00018  1021.92     7.88    70.65     5.48   304.91    17.99     0.00  9999.00  9999.00  9999.00
 00019   952.51     7.34    63.41     1.09   201.03    21.04     0.05  9999.00  9999.00  9999.00
 00020  1022.27     9.92    81.91     5.56   307.37    18.19     0.01  9999.00  9999.00  9999.00
 00021   897.80   -11.22    77.50     2.08   148.15    43.55     0.05  9999.00  9999.00  9999.00
 00022  1026.99    -2.50    34.82     3.44   304.27    24.25     0.00  9999.00  9999.00  9999.00
 00023   925.50    -5.54    74.97     1.28   166.43    39.42     0.22  9999.00  9999.00  9999.00
 00024   954.32   -12.64    84.01     3.97   133.13    24.95     0.00  9999.00  9999.00  9999.00
 00025   801.13     7.39    92.95     4.91    80.54    20.04     0.51  9999.00  9999.00  9999.00
 00026  1021.31    12.93    57.13     5.23   287.00    17.72     0.01  9999.00  9999.00  9999.00
 00027  1018.85    11.69    73.05     4.72   357.56    17.36     0.01  9999.00  9999.00  9999.00
 00028   988.01     9.69    82.03     2.20    96.47    11.37     0.27  9999.00  9999.00  9999.00
 00029  1012.89    15.23    91.19     1.86    27.36    20.04     0.00  9999.00  9999.00  9999.00
 00030  1003.92    17.84    96.37     2.01     4.29     9.99     0.53  9999.00  9999.00  9999.00
 00031   574.37    -2.47     8.37     2.57   235.58    31.66     0.00  9999.00  9999.00  9999.00
 00032   983.13    11.34    94.14     2.09   303.55    12.09     0.00  9999.00  9999.00  9999.00
 00033  1014.69    20.70    93.61     1.87    51.96    17.17     0.02  9999.00  9999.00  9999.00
 00034  1014.04    26.57    74.95     7.99    10.04    22.67     0.05  9999.00  9999.00  9999.00
 00035  1013.72    20.99    83.04     2.71   189.99    21.80     0.00  9999.00  9999.00  9999.00
 00036   782.64     3.78    74.61     1.21    15.37    20.71     0.02  9999.00  9999.00  9999.00
 00037   973.55    10.68    95.24     1.72   302.60    13.67     0.00  9999.00  9999.00  9999.00
 00038  1000.92    15.53    96.11     1.36   325.60    19.06     0.00  9999.00  9999.00  9999.00
 00039  1014.22    20.01    81.05     3.07   129.77    18.64     0.00  9999.00  9999.00  9999.00
 00040  1011.98    19.10    86.32     2.23    46.63    19.69     0.00  9999.00  9999.00  9999.00
 00041   980.00     8.63    84.66     1.73   340.35    16.99     0.60  9999.00  9999.00  9999.00
 00042  1022.64     9.23    89.67     2.81   266.06    18.11     0.10  9999.00  9999.00  9999.00
 00043  1014.60    13.29    55.14     4.25    13.99    18.14     0.00  9999.00  9999.00  9999.00
 00044   993.08    11.88    95.36     2.17   274.07    17.27     0.01  9999.00  9999.00  9999.00
 00045  1011.98    19.10    86.32     2.23    46.63    19.69     0.00  9999.00  9999.00  9999.00
 00046   948.80    10.46    92.54     2.04   317.64    18.04     0.00  9999.00  9999.00  9999.00
 00047  1008.13    13.16    92.53     3.94   321.90    10.97     0.03  9999.00  9999.00  9999.00
 00048   604.77    -2.35    28.46     1.01   179.18    34.39     0.00  9999.00  9999.00  9999.00
 00049   577.89    -7.67    82.33     0.68   114.13    22.96     0.09  9999.00  9999.00  9999.00
 00050  1006.63    13.71    93.45     2.25   306.88     6.88     0.00  9999.00  9999.00  9999.00
