stn_id       p       t2      rh2      spd      dir      vis    rain6   rain24   tmax24   tmin24 
 00001   960.62    24.17    91.95     1.49    50.21     1.46    18.19  9999.00  9999.00  9999.00
 00002   991.35    17.50    94.82     1.10   276.09    25.36     0.00  9999.00  9999.00  9999.00
 00003   901.04    14.80    93.61     1.12    64.67    24.41    -0.00  9999.00  9999.00  9999.00
 00004   834.04    10.05    73.84     1.53   151.01    24.66    -0.00  9999.00  9999.00  9999.00
 00005   868.97    13.34    53.42     2.66    53.87    27.35     0.01  9999.00  9999.00  9999.00
 00006   880.23    11.31    66.04     2.18   166.28    28.44     0.00  9999.00  9999.00  9999.00
 00007   996.53    19.77    87.02     2.75   353.44    24.92    -0.01  9999.00  9999.00  9999.00
 00008   983.66    18.82    76.14     3.81    32.67    27.17     0.29  9999.00  9999.00  9999.00
 00009   950.71     8.31    80.22     1.49   200.42    38.66     0.01  9999.00  9999.00  9999.00
 00010   961.33    16.44    97.49     3.49    13.72     6.56    33.92  9999.00  9999.00  9999.00
 00011   992.29    17.34    78.35     3.22    21.18    29.41    -0.01  9999.00  9999.00  9999.00
 00012  1005.94    17.81    94.00     1.72   311.74    24.10     0.00  9999.00  9999.00  9999.00
 00013  1004.46    23.14    90.46     2.34    69.76    23.76     0.00  9999.00  9999.00  9999.00
 00014  1001.20    21.58    86.15     0.90   230.81    24.82    -0.01  9999.00  9999.00  9999.00
 00015   990.20    20.68    79.57     1.13    89.96    20.39     0.00  9999.00  9999.00  9999.00
 00016   948.70    19.52    80.72     1.48   101.17    25.30    -0.00  9999.00  9999.00  9999.00
 00017   992.27    21.24    83.28     1.83    27.15    23.70    -0.00  9999.00  9999.00  9999.00
 00018  1002.77    23.74    92.36     1.30    83.41    18.03     0.00  9999.00  9999.00  9999.00
 00019   928.39    21.40    80.21     2.18   344.70    26.43     1.66  9999.00  9999.00  9999.00
 00020  1007.72    19.82    98.58     2.13   105.88    10.44     0.00  9999.00  9999.00  9999.00
 00021   885.15    18.11    44.36     1.84   161.93    27.52    -0.00  9999.00  9999.00  9999.00
 00022  1008.51    19.62    81.28     2.66   314.18    21.57     0.00  9999.00  9999.00  9999.00
 00023   909.81    18.41    40.73     2.95   193.82    23.21     0.00  9999.00  9999.00  9999.00
 00024   934.62    19.91    43.60     2.16   122.37    25.51    -0.00  9999.00  9999.00  9999.00
 00025   790.99    16.39    97.96     1.08   197.86     6.40     4.42  9999.00  9999.00  9999.00
 00026  1001.45    22.93    88.09     1.48    29.58    26.08    -0.00  9999.00  9999.00  9999.00
 00027   997.03    25.28    96.64     0.56   124.63    26.37     0.65  9999.00  9999.00  9999.00
 00028   966.57    23.74    98.77     0.65    98.33    21.68     0.53  9999.00  9999.00  9999.00
 00029  1000.75    25.26    98.07     2.17   159.37    23.73     0.11  9999.00  9999.00  9999.00
 00030   988.50    24.85    97.87     2.37   132.78    30.20     0.02  9999.00  9999.00  9999.00
 00031   571.44     5.77    89.31     1.40   234.13    21.74     1.05  9999.00  9999.00  9999.00
 00032   972.14    23.43    98.88     0.65   112.60     0.74     0.06  9999.00  9999.00  9999.00
 00033  1002.18    23.26    97.55     3.72   145.75     0.44     0.06  9999.00  9999.00  9999.00
 00034  1005.44    27.83    87.07     2.79   161.17    32.60     0.19  9999.00  9999.00  9999.00
 00035  1001.79    26.67    91.56     2.98   164.48    30.29    -0.00  9999.00  9999.00  9999.00
 00036   771.82    15.61    99.12     0.33   164.80     1.98     4.30  9999.00  9999.00  9999.00
 00037   962.69    23.30    99.24     0.57   113.32     0.38     0.05  9999.00  9999.00  9999.00
 00038   989.66    24.47    97.43     0.35   161.96     1.09     0.16  9999.00  9999.00  9999.00
 00039  1003.06    24.85    99.19     1.56   204.90     9.90     0.01  9999.00  9999.00  9999.00
 00040  1000.95    25.28    99.32     1.52   238.97    13.14    -0.01  9999.00  9999.00  9999.00
 00041   964.13    20.56    86.10     1.41    82.83    24.44    -0.00  9999.00  9999.00  9999.00
 00042  1004.12    21.92    91.81     1.72   101.24    24.38    -0.00  9999.00  9999.00  9999.00
 00043   995.25    24.90    92.44     0.63    72.92    26.67     0.00  9999.00  9999.00  9999.00
 00044   977.51    23.21    90.82     1.35    69.64    24.90     0.00  9999.00  9999.00  9999.00
 00045  1000.95    25.28    99.32     1.52   238.97    13.14    -0.01  9999.00  9999.00  9999.00
 00046   937.16    21.22    99.38     0.85   138.19     0.45     0.00  9999.00  9999.00  9999.00
 00047   995.86    22.70    98.53     1.25    35.18     0.52     0.11  9999.00  9999.00  9999.00
 00048   601.84     8.80    85.98     1.42   166.85     4.10     5.58  9999.00  9999.00  9999.00
 00049   576.05     2.42    99.77     1.14   173.11     0.55     4.18  9999.00  9999.00  9999.00
 00050   995.41    24.77    99.53     0.77   201.04     1.50     0.01  9999.00  9999.00  9999.00
