stn_id       p       t2      rh2      spd      dir      vis    rain6   rain24   tmax24   tmin24 
 00001   965.35    23.57    79.47     1.29   329.44    26.13  9999.00  9999.00  9999.00  9999.00
 00002   978.53    34.87    20.68     3.42   253.90    21.94  9999.00  9999.00  9999.00  9999.00
 00003   892.35    28.51    26.44     2.82   265.90    21.06  9999.00  9999.00  9999.00  9999.00
 00004   827.71    21.61    29.92     6.63   335.83    19.47  9999.00  9999.00  9999.00  9999.00
 00005   860.99    23.99    26.50     5.68   317.78    19.10  9999.00  9999.00  9999.00  9999.00
 00006   871.40    22.86    19.66     5.13   310.22    18.50  9999.00  9999.00  9999.00  9999.00
 00007   987.12    27.96    47.36     4.96   214.36    20.81  9999.00  9999.00  9999.00  9999.00
 00008   970.61    26.97    27.19     6.13   287.53    22.56  9999.00  9999.00  9999.00  9999.00
 00009   931.71    14.79    72.06     1.86   325.22    35.72  9999.00  9999.00  9999.00  9999.00
 00010   952.28    24.01    54.34     2.76   166.84    24.31  9999.00  9999.00  9999.00  9999.00
 00011   975.92    24.99    28.87     5.76   251.15    24.59  9999.00  9999.00  9999.00  9999.00
 00012   992.50    34.29    17.77     4.23   273.96    19.92  9999.00  9999.00  9999.00  9999.00
 00013  1001.00    28.82    60.62     2.26   217.20    25.74  9999.00  9999.00  9999.00  9999.00
 00014   998.54    28.81    66.75     1.41   145.10    26.23  9999.00  9999.00  9999.00  9999.00
 00015   980.63    32.86    32.39     5.99   243.57    20.80  9999.00  9999.00  9999.00  9999.00
 00016   944.81    29.10    47.57     1.87   249.83    23.34  9999.00  9999.00  9999.00  9999.00
 00017   983.47    32.04    45.43     3.23   231.74    23.79  9999.00  9999.00  9999.00  9999.00
 00018   999.52    29.20    59.30     2.17   201.48    25.79  9999.00  9999.00  9999.00  9999.00
 00019   930.34    27.57    46.99     0.94   218.35    26.76  9999.00  9999.00  9999.00  9999.00
 00020  1004.98    25.84    73.71     4.56   160.76    23.72  9999.00  9999.00  9999.00  9999.00
 00021   886.95    32.16     9.12     3.99   209.56    25.95  9999.00  9999.00  9999.00  9999.00
 00022   994.25    35.98    18.01     1.91   327.53    19.54  9999.00  9999.00  9999.00  9999.00
 00023   913.25    33.04    14.12     2.17   313.18    24.50  9999.00  9999.00  9999.00  9999.00
 00024   936.45    35.85     8.22     3.29   329.00    26.16  9999.00  9999.00  9999.00  9999.00
 00025   790.27    23.71    64.87     2.90   188.73    26.12  9999.00  9999.00  9999.00  9999.00
 00026   999.49    30.25    68.37     1.25   210.09    27.50  9999.00  9999.00  9999.00  9999.00
 00027   994.89    31.41    63.03     1.46   228.66    27.42  9999.00  9999.00  9999.00  9999.00
 00028   964.92    29.87    68.78     0.27   189.06    24.56  9999.00  9999.00  9999.00  9999.00
 00029   999.75    27.66    83.57     3.46   144.42    18.72  9999.00  9999.00  9999.00  9999.00
 00030   986.65    29.33    74.61     2.62   110.95    28.97  9999.00  9999.00  9999.00  9999.00
 00031   571.07    14.60    11.43     3.56   218.57    22.92  9999.00  9999.00  9999.00  9999.00
 00032   971.92    25.20    88.90     1.51   118.71    18.63  9999.00  9999.00  9999.00  9999.00
 00033  1000.38    22.67    96.85     4.36   125.34     2.38  9999.00  9999.00  9999.00  9999.00
 00034  1004.20    27.19    86.81     2.94   210.55    31.76  9999.00  9999.00  9999.00  9999.00
 00035   999.84    29.13    78.06     4.04   145.63    16.80  9999.00  9999.00  9999.00  9999.00
 00036   771.30    21.90    65.37     1.32   292.07    21.48  9999.00  9999.00  9999.00  9999.00
 00037   962.43    25.19    90.54     1.28   130.00    16.75  9999.00  9999.00  9999.00  9999.00
 00038   988.94    28.81    78.79     1.94   210.23    20.91  9999.00  9999.00  9999.00  9999.00
 00039  1002.48    27.64    81.20     6.31   180.01    24.20  9999.00  9999.00  9999.00  9999.00
 00040  1000.60    28.20    82.36     5.56   189.29    25.64  9999.00  9999.00  9999.00  9999.00
 00041   961.65    27.79    65.84     1.73   257.86    26.02  9999.00  9999.00  9999.00  9999.00
 00042  1001.19    29.54    58.41     1.69   253.63    26.16  9999.00  9999.00  9999.00  9999.00
 00043   993.56    28.80    77.13     2.14   192.67    16.90  9999.00  9999.00  9999.00  9999.00
 00044   976.11    28.71    72.95     1.14   202.08    24.66  9999.00  9999.00  9999.00  9999.00
 00045  1000.60    28.20    82.36     5.56   189.29    25.64  9999.00  9999.00  9999.00  9999.00
 00046   936.43    25.34    91.30     2.00   212.82     7.55  9999.00  9999.00  9999.00  9999.00
 00047   995.48    23.73    92.10     1.98   117.48    10.42  9999.00  9999.00  9999.00  9999.00
 00048   601.41    17.57    16.69     1.88   200.15    26.35  9999.00  9999.00  9999.00  9999.00
 00049   576.90     8.94    47.89     3.30   211.08    22.82  9999.00  9999.00  9999.00  9999.00
 00050   995.07    28.95    70.23     3.91   146.32    23.76  9999.00  9999.00  9999.00  9999.00
