stn_id       p       t2      rh2      spd      dir      vis    rain6   rain24   tmax24   tmin24 
 00001   987.94     6.92    91.21     1.12   189.69    17.77     0.00     0.02    10.65     6.35
 00002  1015.45     0.82    52.31     2.36   320.98    25.07     0.00     0.01     9.89    -1.85
 00003   915.02    -1.57    69.49     3.62    26.60    21.66     0.07     0.07     8.95    -4.67
 00004   842.56    -7.04    60.19     2.49    81.10    23.84     0.22     0.35     4.27    -7.47
 00005   882.28    -9.96    58.57     2.92    47.66    28.06     0.00    -0.00     3.91   -10.50
 00006   894.96   -12.73    85.90     1.06   263.24    31.17     0.00     0.00    -0.69   -14.13
 00007  1021.59    -4.57    37.11     5.03   348.81    30.11     0.00     0.00     5.27    -6.33
 00008  1003.47    -9.05    52.97     4.76   329.16    36.63     0.02     0.02     2.51   -10.71
 00009   957.07   -20.52    79.73     2.82   241.66    57.72     0.00     0.02   -10.03   -22.15
 00010   976.32    -8.14    65.43     3.93   295.54    35.65     0.01     0.15     3.52   -11.28
 00011  1010.43   -11.75    66.43     3.96   333.31    43.81     0.00     0.15    -1.47   -13.19
 00012  1033.60    -1.26    36.59     4.29    31.59    25.98     0.00     0.00    11.14    -2.50
 00013  1023.55     5.52    86.19     3.70   314.87    18.43     0.36     2.41    10.12     1.70
 00014  1019.15     6.16    87.51     3.50   319.70    10.27     2.49     5.31    12.25     6.00
 00015  1010.66     1.90    84.65     2.50    31.77    19.36     0.00     0.00    10.59    -0.93
 00016   969.45     0.92    84.65     1.80   214.15    18.22     0.00     0.01     8.75    -0.78
 00017  1012.20     2.12    89.00     2.23   349.63    18.77     0.00     0.00    12.58    -0.20
 00018  1023.75     3.97    88.68     3.36   327.47    18.07     0.01     3.08     9.61     1.79
 00019   950.40     5.84    81.73     1.36   284.83    20.95     0.00     1.11     9.73     3.14
 00020  1023.37     6.51    92.74     4.68   301.84     8.44     2.04     4.42    13.28     6.11
 00021   896.93    -5.41    68.76     2.91   168.66    33.32     0.01     0.05    -1.03    -7.86
 00022  1035.60    -1.63    48.68     3.85    17.24    23.49     0.00     0.00    11.18    -2.62
 00023   919.18    -3.93    57.67     3.47   164.35    37.89     0.00     0.00     3.37    -5.07
 00024   952.84    -7.83    97.19     7.22   124.17     1.37     0.05     0.11    -5.33   -10.00
 00025   799.80     4.91    88.91     3.81    81.75    20.22     0.01     0.13    17.78     4.91
 00026  1022.82     6.64    87.01     3.77   278.65    17.78     0.73     1.04     9.34     6.37
 00027  1020.41     5.65    92.47     3.70   339.84    17.57     0.02     2.07     7.57     5.07
 00028   989.20     4.59    95.15     1.29    85.70    16.56     0.01     2.91     5.88     3.79
 00029  1015.00    13.49    73.24     4.32     7.30    20.09     0.00     0.00    22.62    12.07
 00030  1006.12    13.65    72.88     5.15   352.79    20.30     0.01     0.05    24.36    13.70
 00031   571.20    -9.34    54.62     1.26   259.74    30.17     0.00     0.00     1.73   -10.96
 00032   983.56    11.85    82.47     2.08   307.88    17.09     0.00     0.00    17.93     8.48
 00033  1015.24    20.55    76.24     7.35    64.43    21.70     0.01     0.00    20.91    19.56
 00034  1015.13    25.18    80.12    10.27    40.00    18.35     0.31     0.34    27.23    24.80
 00035  1014.40    22.49    72.13     3.86    38.47    21.59     0.00     0.00    26.75    20.65
 00036   783.34     1.68    82.70     1.89    16.63    15.22     0.64     1.01    16.54     1.65
 00037   973.81    11.47    85.09     1.67   305.04    17.02     0.00     0.00    18.73     7.90
 00038  1001.36    12.64    85.18     1.50   310.64    19.10     0.00     0.00    22.80     9.56
 00039  1014.69    17.99    72.38     7.26   121.09    18.63     0.00     0.00    21.16    16.13
 00040  1012.48    17.16    69.44     3.69   349.61    19.71     0.00     0.00    24.09    15.24
 00041   980.42     4.36    90.54     2.39   216.81    16.56     0.67     3.48     7.44     3.97
 00042  1024.32     6.02    91.60     2.40   302.15    18.14     0.49     3.21     8.46     3.12
 00043  1016.01     7.27    77.62     2.75    20.05    18.02     0.15     0.15    11.85     7.02
 00044   994.31     7.29    90.03     1.93   248.64    11.25     0.67     0.76    14.82     7.09
 00045  1012.48    17.16    69.44     3.69   349.61    19.71     0.00     0.00    24.09    15.24
 00046   948.89     7.48    86.40     2.62   356.92    14.71     0.01     0.01    18.54     6.71
 00047  1009.28    12.14    81.22     4.59   330.44    17.76     0.00     0.01    18.56    10.93
 00048   602.96    -5.91    36.70     0.99    53.53    33.98     0.00     0.12     3.83    -7.33
 00049   573.95   -11.90    98.24     0.79    53.16     8.53     0.36     0.67    -3.24   -18.64
 00050  1007.10    15.21    70.90     3.82   321.76    18.19     0.00     0.00    21.21    12.32
