stn_id       p       t2      rh2      spd      dir      vis    rain6   rain24   tmax24   tmin24 
 00001   958.77    26.47    83.70     1.45   156.55    26.85     0.23  9999.00  9999.00  9999.00
 00002   980.57    33.96    25.74     4.03   166.51    25.02     0.00  9999.00  9999.00  9999.00
 00003   893.36    27.14    36.15     1.96    97.47    23.97     0.00  9999.00  9999.00  9999.00
 00004   828.99    20.58    43.61     2.04   150.69    22.40     0.00  9999.00  9999.00  9999.00
 00005   861.16    25.25    26.90     2.48   188.08    22.15     0.00  9999.00  9999.00  9999.00
 00006   868.87    28.55    13.81     1.82   187.35    21.20     0.00  9999.00  9999.00  9999.00
 00007   990.02    25.49    63.09     4.71   208.75    23.07     0.10  9999.00  9999.00  9999.00
 00008   975.08    21.87    79.70     1.64   139.04    24.13     0.45  9999.00  9999.00  9999.00
 00009   935.52    16.48    90.35     1.68    50.28    33.24     0.27  9999.00  9999.00  9999.00
 00010   956.48    20.31    88.64     1.95   112.88    25.51     0.00  9999.00  9999.00  9999.00
 00011   982.38    21.90    70.05     1.80   146.87    25.49     0.00  9999.00  9999.00  9999.00
 00012   993.51    32.19    29.96     3.01   211.01    22.73     0.00  9999.00  9999.00  9999.00
 00013   999.32    25.72    89.43     2.37   115.73    27.71     0.74  9999.00  9999.00  9999.00
 00014   997.04    27.37    92.24     1.17   140.46    18.79     1.79  9999.00  9999.00  9999.00
 00015   982.63    27.63    48.64     1.98   204.68    23.27     0.00  9999.00  9999.00  9999.00
 00016   941.06    28.33    56.76     2.58   113.17    25.30     0.00  9999.00  9999.00  9999.00
 00017   983.33    29.76    57.34     2.22   172.18    25.96     0.00  9999.00  9999.00  9999.00
 00018   997.44    26.13    91.01     3.74   152.09    15.99     0.21  9999.00  9999.00  9999.00
 00019   924.38    26.06    71.32     1.74   176.29    27.75     0.00  9999.00  9999.00  9999.00
 00020  1003.20    26.31    89.79     0.62   285.39    25.88     0.27  9999.00  9999.00  9999.00
 00021   885.01    21.60    27.51     3.57   208.91    25.22     0.00  9999.00  9999.00  9999.00
 00022   997.02    32.48    31.38     3.68   200.01    22.22     0.00  9999.00  9999.00  9999.00
 00023   910.73    24.04    16.96     1.80    11.03    22.27     0.00  9999.00  9999.00  9999.00
 00024   934.69    24.64    20.26     5.36   299.17    24.09     0.00  9999.00  9999.00  9999.00
 00025   789.41    22.09    76.64     2.00   221.20    25.57     0.34  9999.00  9999.00  9999.00
 00026   997.58    28.49    88.37     1.99   182.74    28.92     0.52  9999.00  9999.00  9999.00
 00027   993.17    26.11    94.38     3.18    28.97    17.28     4.93  9999.00  9999.00  9999.00
 00028   962.76    26.74    92.71     1.15    50.46    26.80     1.92  9999.00  9999.00  9999.00
 00029   999.05    28.27    85.43     3.05   156.85    26.97     1.27  9999.00  9999.00  9999.00
 00030   985.53    28.60    83.05     4.47   148.07    32.03     0.34  9999.00  9999.00  9999.00
 00031   571.67    13.23    43.75     3.71   190.91    22.19     0.71  9999.00  9999.00  9999.00
 00032   971.13    25.55    86.49     1.99   195.68    22.25     0.28  9999.00  9999.00  9999.00
 00033  1000.85    23.64    96.21     5.08   136.84     8.02     0.00  9999.00  9999.00  9999.00
 00034  1005.99    28.32    90.32     6.67   168.87    33.58     0.13  9999.00  9999.00  9999.00
 00035  1000.87    28.49    83.61     4.29   160.23    31.70     1.97  9999.00  9999.00  9999.00
 00036   769.63    20.86    81.06     0.86   188.10    24.75     0.83  9999.00  9999.00  9999.00
 00037   961.69    26.36    85.48     1.54   183.46    24.17     0.33  9999.00  9999.00  9999.00
 00038   989.61    26.26    92.95     0.98   114.69    25.62     3.29  9999.00  9999.00  9999.00
 00039  1003.29    25.96    92.28     4.55   208.06    25.66     0.05  9999.00  9999.00  9999.00
 00040  1001.00    26.34    94.33     2.81   186.21    26.75     0.49  9999.00  9999.00  9999.00
 00041   960.36    25.37    92.36     1.19   176.58    27.78     0.86  9999.00  9999.00  9999.00
 00042   999.32    26.73    90.56     1.61   135.75    22.10     0.70  9999.00  9999.00  9999.00
 00043   991.62    28.74    84.99     1.87   170.94    29.35     1.12  9999.00  9999.00  9999.00
 00044   974.49    29.30    77.96     0.30    73.82    27.24     0.11  9999.00  9999.00  9999.00
 00045  1001.00    26.34    94.33     2.81   186.21    26.75     0.49  9999.00  9999.00  9999.00
 00046   935.99    24.88    88.62     1.75   185.61    27.01     0.83  9999.00  9999.00  9999.00
 00047   993.20    26.39    87.46     4.12   175.33    23.77     0.77  9999.00  9999.00  9999.00
 00048   602.13    15.94    44.65     2.26   170.14    26.27     0.20  9999.00  9999.00  9999.00
 00049   578.00     5.41    95.32     2.16   203.98     5.31     1.29  9999.00  9999.00  9999.00
 00050   995.46    26.30    90.35     3.67   205.54    23.25     0.16  9999.00  9999.00  9999.00
