stn_id       p       t2      rh2      spd      dir      vis    rain6   rain24   tmax24   tmin24 
 00001   975.27    22.20  9999.00     1.00    40.00     8.00  9999.00  9999.00  9999.00  9999.00
 00002   997.16    21.60  9999.00     0.00     0.00    24.00  9999.00  9999.00  9999.00  9999.00
 00003   917.04    15.20  9999.00     3.00    90.00    23.00  9999.00  9999.00  9999.00  9999.00
 00004   850.34     9.10  9999.00     2.00   250.00    30.00  9999.00  9999.00  9999.00  9999.00
 00005   886.60    14.60  9999.00     5.00   360.00    30.00  9999.00  9999.00  9999.00  9999.00
 00006   880.21     9.80  9999.00     2.00   270.00    30.00  9999.00  9999.00  9999.00  9999.00
 00007  1000.46    15.50  9999.00     2.00   180.00    15.00  9999.00  9999.00  9999.00  9999.00
 00008   977.90    14.60  9999.00     2.00   140.00     4.70  9999.00  9999.00  9999.00  9999.00
 00009   957.46     8.60  9999.00     1.00   250.00     0.30  9999.00  9999.00  9999.00  9999.00
 00010   978.49    13.40  9999.00     1.00   250.00     8.00  9999.00  9999.00  9999.00  9999.00
 00011   989.83    15.30  9999.00     0.00     0.00     8.00  9999.00  9999.00  9999.00  9999.00
 00012  1003.56    19.60  9999.00     1.00    90.00     6.00  9999.00  9999.00  9999.00  9999.00
 00013  1003.96    21.50  9999.00     2.00    90.00     7.00  9999.00  9999.00  9999.00  9999.00
 00014   999.58    24.40  9999.00     2.00    70.00     8.00  9999.00  9999.00  9999.00  9999.00
 00015   985.88    20.70  9999.00     3.00   140.00    30.00  9999.00  9999.00  9999.00  9999.00
 00016   953.20    20.00  9999.00     1.00   340.00    14.00  9999.00  9999.00  9999.00  9999.00
 00017   991.83    19.50  9999.00     1.00    40.00    13.00  9999.00  9999.00  9999.00  9999.00
 00018  1001.08    23.10  9999.00     1.00    20.00    18.00  9999.00  9999.00  9999.00  9999.00
 00019   935.46    21.70  9999.00     1.00   270.00    19.00  9999.00  9999.00  9999.00  9999.00
 00020  1004.63    22.50  9999.00     2.00    20.00    27.00  9999.00  9999.00  9999.00  9999.00
 00021   898.50    22.40  9999.00     2.00    20.00    10.00  9999.00  9999.00  9999.00  9999.00
 00022  1007.60    18.50  9999.00     1.00   360.00     3.30  9999.00  9999.00  9999.00  9999.00
 00023   927.49    14.20  9999.00     2.00   290.00    23.00  9999.00  9999.00  9999.00  9999.00
 00024   953.02    16.40  9999.00     3.00   290.00    30.00  9999.00  9999.00  9999.00  9999.00
 00025   807.80    18.80    66.58     0.00   110.00    21.00  9999.00  9999.00  9999.00  9999.00
 00026   997.65    26.20  9999.00     2.00    20.00    19.00  9999.00  9999.00  9999.00  9999.00
 00027   995.12    25.40  9999.00     3.00   340.00    30.00  9999.00  9999.00  9999.00  9999.00
 00028   973.27    23.50  9999.00     2.00   360.00    10.00  9999.00  9999.00  9999.00  9999.00
 00029   997.11    25.70  9999.00     2.00   340.00    12.00  9999.00  9999.00  9999.00  9999.00
 00030   986.70    25.80  9999.00     1.00    20.00    22.00  9999.00  9999.00  9999.00  9999.00
 00031   623.30    13.80    44.82     2.00   140.00    30.00  9999.00  9999.00  9999.00  9999.00
 00032   993.91    25.40  9999.00     2.00   290.00    14.00  9999.00  9999.00  9999.00  9999.00
 00033   999.72    25.50  9999.00     2.00   250.00     7.00  9999.00  9999.00  9999.00  9999.00
 00034  1001.60    30.30  9999.00     5.00   220.00    17.00  9999.00  9999.00  9999.00  9999.00
 00035   998.70    26.10  9999.00     1.00   270.00     7.00  9999.00  9999.00  9999.00  9999.00
 00036   839.20    14.30    91.84     1.00    90.00    19.00  9999.00  9999.00  9999.00  9999.00
 00037   997.95    24.40  9999.00     1.00   320.00    13.00  9999.00  9999.00  9999.00  9999.00
 00038   999.55    25.20  9999.00     1.00   140.00     6.00  9999.00  9999.00  9999.00  9999.00
 00039  1000.46    26.20  9999.00     2.00    40.00  9999.00  9999.00  9999.00  9999.00  9999.00
 00040   996.38    26.20  9999.00     2.00    40.00    13.00  9999.00  9999.00  9999.00  9999.00
 00041   811.90    15.80    34.86     5.00   270.00    27.00  9999.00  9999.00  9999.00  9999.00
 00042  1002.09    22.30  9999.00     2.00    90.00    10.00  9999.00  9999.00  9999.00  9999.00
 00043   999.53    24.60  9999.00     2.00   360.00    30.00  9999.00  9999.00  9999.00  9999.00
 00044   994.46    25.20  9999.00     2.00    20.00    15.00  9999.00  9999.00  9999.00  9999.00
 00045   996.38    26.20  9999.00     2.00    40.00    13.00  9999.00  9999.00  9999.00  9999.00
 00046   960.56    22.10  9999.00     1.00    70.00     9.00  9999.00  9999.00  9999.00  9999.00
 00047   999.78    25.20  9999.00     1.00    90.00     4.00  9999.00  9999.00  9999.00  9999.00
 00048   652.40    13.10    57.66     2.00   290.00    24.00  9999.00  9999.00  9999.00  9999.00
 00049   600.50     6.40    82.17     3.00   160.00    30.00  9999.00  9999.00  9999.00  9999.00
 00050  1000.76    25.60  9999.00     2.00    70.00     6.00  9999.00  9999.00  9999.00  9999.00
