stn_id       p       t2      rh2      spd      dir      vis    rain6   rain24   tmax24   tmin24 
 00001   973.56    15.99    85.10     1.58   124.00    24.81  9999.00  9999.00  9999.00  9999.00
 00002   992.83    11.24    84.64     1.22   276.76    20.07  9999.00  9999.00  9999.00  9999.00
 00003   901.65    10.55    60.26     1.19   262.89    18.84  9999.00  9999.00  9999.00  9999.00
 00004   833.76     4.92    66.23     1.88   154.89    17.44  9999.00  9999.00  9999.00  9999.00
 00005   867.47     5.19    65.31     1.40    42.43    17.53  9999.00  9999.00  9999.00  9999.00
 00006   876.81     5.84    61.83     3.23   210.63    17.56  9999.00  9999.00  9999.00  9999.00
 00007  1002.33    12.29    92.44     1.82   176.73    19.59  9999.00  9999.00  9999.00  9999.00
 00008   985.26     9.86    95.20     3.29   241.61    21.71  9999.00  9999.00  9999.00  9999.00
 00009   930.46     0.45    95.84     4.99   284.74     3.19  9999.00  9999.00  9999.00  9999.00
 00010   965.56     7.15    96.39     1.42   253.92    22.45  9999.00  9999.00  9999.00  9999.00
 00011   989.97    11.38    96.19     2.95   243.20    24.36  9999.00  9999.00  9999.00  9999.00
 00012  1007.86    12.10    61.57     1.84   351.48    18.80  9999.00  9999.00  9999.00  9999.00
 00013  1011.74    14.10    90.07     2.29   220.19    23.82  9999.00  9999.00  9999.00  9999.00
 00014  1009.31    13.14    97.51     1.45   230.20    24.95  9999.00  9999.00  9999.00  9999.00
 00015   992.06    13.65    78.41     1.78   136.34    18.95  9999.00  9999.00  9999.00  9999.00
 00016   953.62     8.57    84.97     1.70   167.87    21.14  9999.00  9999.00  9999.00  9999.00
 00017   993.91    14.65    60.61     2.16   249.43    21.42  9999.00  9999.00  9999.00  9999.00
 00018  1010.19    14.66    88.41     2.25   205.54    23.83  9999.00  9999.00  9999.00  9999.00
 00019   937.47    14.22    73.80     1.51   281.09    25.40  9999.00  9999.00  9999.00  9999.00
 00020  1014.77    13.19    98.01     1.96   252.11    22.28  9999.00  9999.00  9999.00  9999.00
 00021   886.89    13.21    34.44     2.37   154.31    27.32  9999.00  9999.00  9999.00  9999.00
 00022  1010.27    14.89    54.03     2.65    82.12    18.24  9999.00  9999.00  9999.00  9999.00
 00023   911.91    10.65    53.77     2.45   185.82    25.53  9999.00  9999.00  9999.00  9999.00
 00024   935.23    12.20    57.26     1.25   143.88    27.38  9999.00  9999.00  9999.00  9999.00
 00025   798.17    12.18    87.70     1.05    83.00    25.78  9999.00  9999.00  9999.00  9999.00
 00026  1011.23    15.33    89.17     1.54   279.29    26.45  9999.00  9999.00  9999.00  9999.00
 00027  1007.07    14.35    93.64     1.40   133.26    26.12  9999.00  9999.00  9999.00  9999.00
 00028   976.51    14.37    94.02     1.20   151.26    24.75  9999.00  9999.00  9999.00  9999.00
 00029  1008.37    20.29    92.17     2.47    21.81    11.60  9999.00  9999.00  9999.00  9999.00
 00030   997.58    21.49    87.55     1.39    28.29    30.72  9999.00  9999.00  9999.00  9999.00
 00031   576.06    -2.94    30.66     1.01    40.98    25.29  9999.00  9999.00  9999.00  9999.00
 00032   979.18    18.61    93.56     1.12   313.17    12.95  9999.00  9999.00  9999.00  9999.00
 00033  1009.39    23.19    96.58     2.36    61.65     0.77  9999.00  9999.00  9999.00  9999.00
 00034  1011.54    27.27    86.78     3.43   127.83    21.28  9999.00  9999.00  9999.00  9999.00
 00035  1008.68    24.68    96.16     0.41   131.95    14.35  9999.00  9999.00  9999.00  9999.00
 00036   779.18    10.33    83.27     0.60   223.02    23.06  9999.00  9999.00  9999.00  9999.00
 00037   969.59    18.11    96.01     1.07   311.16    10.72  9999.00  9999.00  9999.00  9999.00
 00038   996.87    21.52    96.49     0.55    80.56    22.31  9999.00  9999.00  9999.00  9999.00
 00039  1010.47    22.38    87.90     3.20    30.33    23.75  9999.00  9999.00  9999.00  9999.00
 00040  1008.24    22.97    91.17     2.28    52.12    18.59  9999.00  9999.00  9999.00  9999.00
 00041   971.62    12.02    93.15     1.13   226.01    24.59  9999.00  9999.00  9999.00  9999.00
 00042  1012.20    13.42    91.66     2.04   200.26    24.48  9999.00  9999.00  9999.00  9999.00
 00043  1004.97    15.56    91.53     0.87   202.90    27.01  9999.00  9999.00  9999.00  9999.00
 00044   986.52    13.88    92.76     0.59   229.08    25.05  9999.00  9999.00  9999.00  9999.00
 00045  1008.24    22.97    91.17     2.28    52.12    18.59  9999.00  9999.00  9999.00  9999.00
 00046   943.87    15.62    99.47     0.80    44.15     1.06  9999.00  9999.00  9999.00  9999.00
 00047  1003.70    18.80    97.95     1.73   234.03     3.33  9999.00  9999.00  9999.00  9999.00
 00048   607.81    -3.76    65.74     1.55   168.86    27.60  9999.00  9999.00  9999.00  9999.00
 00049   578.22    -6.11    97.76     0.91    30.39     8.22  9999.00  9999.00  9999.00  9999.00
 00050  1002.78    20.58    96.00     0.99    41.02    11.40  9999.00  9999.00  9999.00  9999.00
