stn_id       p       t2      rh2      spd      dir      vis    rain6   rain24   tmax24   tmin24 
 00001   989.78     0.08    86.07     0.71   212.45    19.01     0.00  9999.00  9999.00  9999.00
 00002  1008.43    -2.26    28.90     3.62   287.27    27.35     0.00  9999.00  9999.00  9999.00
 00003   912.32    -7.89    27.46     2.51   280.06    25.15     0.00  9999.00  9999.00  9999.00
 00004   838.39   -15.54    53.66     4.32   279.81    26.25     0.00  9999.00  9999.00  9999.00
 00005   875.43   -16.67    56.42     1.36   334.62    32.12     0.00  9999.00  9999.00  9999.00
 00006   885.14   -15.55    61.10     5.63   267.27    36.71     0.00  9999.00  9999.00  9999.00
 00007  1015.64   -10.08    51.25     2.87   164.13    37.53     0.00  9999.00  9999.00  9999.00
 00008   998.04   -14.16    42.30     3.87   205.39    42.52     0.00  9999.00  9999.00  9999.00
 00009   944.06   -34.08   100.00     0.41   292.19    27.62     0.01  9999.00  9999.00  9999.00
 00010   976.73   -16.54    55.70     1.47   240.21    41.35     0.00  9999.00  9999.00  9999.00
 00011  1004.45   -15.33    63.54     4.01   193.98    46.17     0.00  9999.00  9999.00  9999.00
 00012  1025.06    -7.24    24.66     1.74   267.24    29.83     0.00  9999.00  9999.00  9999.00
 00013  1028.20    -1.29    63.93     2.97   305.99    21.15     0.01  9999.00  9999.00  9999.00
 00014  1023.05     0.76    67.80     2.68   301.34    11.59     0.40  9999.00  9999.00  9999.00
 00015  1009.68    -4.07    31.00     2.70   199.99    22.59     0.00  9999.00  9999.00  9999.00
 00016   972.48    -5.49    32.28     2.29   237.41    20.23     0.00  9999.00  9999.00  9999.00
 00017  1011.70    -3.45    41.96     4.91   282.18    20.54     0.00  9999.00  9999.00  9999.00
 00018  1027.72    -2.97    72.83     1.75   305.92    20.34     0.00  9999.00  9999.00  9999.00
 00019   952.12    -2.87    76.05     1.80   312.85    22.76     0.00  9999.00  9999.00  9999.00
 00020  1027.20     3.56    72.13     5.32   304.61    21.02     0.00  9999.00  9999.00  9999.00
 00021   903.57   -19.98    56.84     3.25   166.28    43.28     0.00  9999.00  9999.00  9999.00
 00022  1028.17    -5.01    26.59     2.55   242.51    27.03     0.00  9999.00  9999.00  9999.00
 00023   931.78   -13.62    36.12     1.47   182.73    40.24     0.00  9999.00  9999.00  9999.00
 00024   962.95   -24.08    81.69     3.83   119.19    39.62     0.01  9999.00  9999.00  9999.00
 00025   796.01     1.50    96.01     1.75   122.10    18.97     0.00  9999.00  9999.00  9999.00
 00026  1026.91    -0.02    48.20     3.75   244.98    19.76     0.00  9999.00  9999.00  9999.00
 00027  1023.97     0.82    55.36     2.94   349.76    18.81     0.00  9999.00  9999.00  9999.00
 00028   991.26     1.35    56.06     2.06    20.78    17.44     0.00  9999.00  9999.00  9999.00
 00029  1019.11     4.72    56.31     4.69     6.93    21.03     0.00  9999.00  9999.00  9999.00
 00030  1009.60     8.69    42.17     4.46    13.71    22.04     0.00  9999.00  9999.00  9999.00
 00031   567.73   -10.80    36.80     2.69   212.74    37.89     0.00  9999.00  9999.00  9999.00
 00032   985.93     6.40    77.96     3.32   307.93    19.34     0.04  9999.00  9999.00  9999.00
 00033  1018.79    12.26    88.36     8.44   347.09     4.92     0.00  9999.00  9999.00  9999.00
 00034  1015.57    24.58    74.37    11.87    21.35    24.64     0.36  9999.00  9999.00  9999.00
 00035  1017.26    14.18    78.70     3.86   328.70    20.96     0.07  9999.00  9999.00  9999.00
 00036   776.43    -2.62    74.73     1.73    42.98    16.31     0.09  9999.00  9999.00  9999.00
 00037   976.19     5.57    80.88     2.85   305.88    18.95     0.07  9999.00  9999.00  9999.00
 00038  1004.05     8.81    70.56     2.26   313.45    20.79     0.01  9999.00  9999.00  9999.00
 00039  1017.21    13.27    72.66     7.62   257.35    20.66     0.01  9999.00  9999.00  9999.00
 00040  1014.90    11.75    76.66     5.10   354.81    21.26     0.00  9999.00  9999.00  9999.00
 00041   983.78    -3.13    65.77     1.54   351.96    18.08     0.08  9999.00  9999.00  9999.00
 00042  1028.89    -1.73    75.47     1.97   285.51    20.36     0.02  9999.00  9999.00  9999.00
 00043  1019.81     1.44    57.16     2.91    17.31    19.97     0.00  9999.00  9999.00  9999.00
 00044   997.81     2.35    82.19     1.54   283.86    11.06     0.78  9999.00  9999.00  9999.00
 00045  1014.90    11.75    76.66     5.10   354.81    21.26     0.00  9999.00  9999.00  9999.00
 00046   951.05     0.25    87.22     2.41    46.57    15.44     0.37  9999.00  9999.00  9999.00
 00047  1011.99     6.92    78.43     6.02   319.16    12.95     0.08  9999.00  9999.00  9999.00
 00048   597.74    -5.51    47.18     2.46   170.21    39.74     0.00  9999.00  9999.00  9999.00
 00049   571.65   -15.22    98.21     0.44   149.06     1.75     0.11  9999.00  9999.00  9999.00
 00050  1009.41     9.79    70.64     3.95   337.12    20.28     0.00  9999.00  9999.00  9999.00
