stn_id       p       t2      rh2      spd      dir      vis    rain6   rain24   tmax24   tmin24 
 00001   989.44    -1.01    92.37     0.48   252.31    18.86  9999.00  9999.00  9999.00  9999.00
 00002  1009.14    -3.47    31.14     4.11   289.24    27.36  9999.00  9999.00  9999.00  9999.00
 00003   912.27    -9.45    34.23     2.80   294.06    25.15  9999.00  9999.00  9999.00  9999.00
 00004   838.62   -17.69    63.55     3.10   277.63    26.25  9999.00  9999.00  9999.00  9999.00
 00005   875.89   -18.18    65.94     1.77   282.39    32.12  9999.00  9999.00  9999.00  9999.00
 00006   885.33   -16.82    73.16     5.20   264.30    36.70  9999.00  9999.00  9999.00  9999.00
 00007  1015.67   -11.61    67.69     2.07   214.27    37.50  9999.00  9999.00  9999.00  9999.00
 00008   997.81   -14.51    42.45     3.41   226.63    42.49  9999.00  9999.00  9999.00  9999.00
 00009   944.08   -35.55    99.97     0.65   310.11    23.31  9999.00  9999.00  9999.00  9999.00
 00010   976.25   -18.23    56.57     1.54   225.48    41.32  9999.00  9999.00  9999.00  9999.00
 00011  1003.92   -15.29    66.10     3.74   208.43    46.16  9999.00  9999.00  9999.00  9999.00
 00012  1025.47    -4.23    23.66     3.44   335.32    29.83  9999.00  9999.00  9999.00  9999.00
 00013  1026.98    -1.64    63.17     1.70   309.66    21.03  9999.00  9999.00  9999.00  9999.00
 00014  1023.08     0.14    69.45     2.80   304.76    13.56  9999.00  9999.00  9999.00  9999.00
 00015  1008.68    -5.22    38.60     2.57   202.87    22.56  9999.00  9999.00  9999.00  9999.00
 00016   972.60    -5.82    35.72     2.29   246.69    20.22  9999.00  9999.00  9999.00  9999.00
 00017  1011.25    -3.26    40.89     5.18   293.75    20.53  9999.00  9999.00  9999.00  9999.00
 00018  1026.69    -7.23    78.31     2.55   287.39    20.31  9999.00  9999.00  9999.00  9999.00
 00019   951.20    -3.26    74.95     1.67   310.92    22.74  9999.00  9999.00  9999.00  9999.00
 00020  1027.06     2.96    69.66     5.06   308.29    17.06  9999.00  9999.00  9999.00  9999.00
 00021   902.71   -19.74    55.49     3.26   167.00    43.26  9999.00  9999.00  9999.00  9999.00
 00022  1027.98    -6.31    29.55     2.20   305.51    27.02  9999.00  9999.00  9999.00  9999.00
 00023   931.42   -14.07    36.24     1.96   196.98    40.23  9999.00  9999.00  9999.00  9999.00
 00024   962.01   -24.19    81.49     3.54   125.34    39.58  9999.00  9999.00  9999.00  9999.00
 00025   795.79     1.83    96.32     2.22   115.31    12.98  9999.00  9999.00  9999.00  9999.00
 00026  1026.17    -0.94    50.38     3.01   249.48    19.74  9999.00  9999.00  9999.00  9999.00
 00027  1023.04    -0.71    62.56     2.88   341.78    18.79  9999.00  9999.00  9999.00  9999.00
 00028   990.43    -0.76    66.27     1.55   103.25    17.42  9999.00  9999.00  9999.00  9999.00
 00029  1018.31     4.20    55.15     4.99     5.67    21.01  9999.00  9999.00  9999.00  9999.00
 00030  1008.58     7.85    41.81     4.72   165.36    22.02  9999.00  9999.00  9999.00  9999.00
 00031   566.82   -13.56    48.61     2.65   223.58    37.82  9999.00  9999.00  9999.00  9999.00
 00032   985.83     6.29    76.56     3.38   304.78    19.26  9999.00  9999.00  9999.00  9999.00
 00033  1018.35    12.55    90.43     9.24     4.98     6.81  9999.00  9999.00  9999.00  9999.00
 00034  1014.90    24.61    73.18    12.35    18.21    24.77  9999.00  9999.00  9999.00  9999.00
 00035  1016.85    15.38    77.64     5.06    12.28    22.22  9999.00  9999.00  9999.00  9999.00
 00036   776.56    -4.69    72.54     1.94    40.44    14.57  9999.00  9999.00  9999.00  9999.00
 00037   976.10     5.42    79.86     2.90   303.38    18.91  9999.00  9999.00  9999.00  9999.00
 00038  1003.66     8.40    71.33     2.27   316.35    20.77  9999.00  9999.00  9999.00  9999.00
 00039  1017.02    13.29    73.26     7.32   259.20    20.61  9999.00  9999.00  9999.00  9999.00
 00040  1014.69    10.95    78.98     4.37   348.27    21.25  9999.00  9999.00  9999.00  9999.00
 00041   982.98    -3.71    72.20     1.23    25.34    18.13  9999.00  9999.00  9999.00  9999.00
 00042  1027.76    -3.30    76.66     1.71   215.14    20.69  9999.00  9999.00  9999.00  9999.00
 00043  1019.15     0.07    60.99     2.26    35.97    19.95  9999.00  9999.00  9999.00  9999.00
 00044   997.69     1.86    79.88     1.46   254.60    16.36  9999.00  9999.00  9999.00  9999.00
 00045  1014.69    10.95    78.98     4.37   348.27    21.25  9999.00  9999.00  9999.00  9999.00
 00046   950.70     0.15    86.50     2.52     3.66    17.75  9999.00  9999.00  9999.00  9999.00
 00047  1011.87     6.61    80.43     5.98   320.93    12.57  9999.00  9999.00  9999.00  9999.00
 00048   597.44    -6.24    50.75     1.90   167.61    39.71  9999.00  9999.00  9999.00  9999.00
 00049   570.51   -15.88    93.89     0.44   162.49    17.90  9999.00  9999.00  9999.00  9999.00
 00050  1009.28     9.65    70.69     3.74   339.09    20.26  9999.00  9999.00  9999.00  9999.00
