stn_id       p       t2      rh2      spd      dir      vis    rain6   rain24   tmax24   tmin24 
 00001   959.48    28.69    84.31     1.32    40.25    26.04     3.08     4.35    32.75    25.94
 00002   979.62    27.89    87.63     1.10   123.29     5.10     4.26     4.67    31.19    23.68
 00003   892.35    23.27    92.77     1.86   219.03    25.08     5.15     8.21    27.65    21.30
 00004   828.49    18.92    84.38     1.88   335.53    24.92     4.88    20.67    22.68    17.86
 00005   861.42    23.60    64.60     1.80   295.79    27.33     0.16    14.06    28.70    19.37
 00006   871.69    24.46    48.83     2.52   295.53    28.15     1.66     6.59    31.66    20.74
 00007   988.49    24.27    83.40     2.47   313.72    24.89     0.01     0.14    27.30    20.69
 00008   974.97    23.41    76.19     3.65    79.23    23.92     0.31     0.36    27.03    19.60
 00009   942.23    17.94    88.14     2.31   129.44    39.83     0.37     0.41    23.92    14.27
 00010   960.27    15.04    96.92     4.36   108.08    17.85     1.01    48.38    17.70    15.09
 00011   985.06    22.45    81.04     6.34   102.46    29.50     0.03     0.05    26.69    19.55
 00012   995.98    25.84    93.60     2.01    24.97     0.94     4.38     4.61    30.47    23.62
 00013   998.84    28.37    80.13     1.61   116.17    24.49     0.03     0.17    32.44    24.31
 00014   996.04    27.51    81.53     2.03    75.76    25.35     0.00     0.00    32.50    23.40
 00015   981.65    28.65    65.86     1.91   168.43    21.09     0.00     0.00    32.59    21.12
 00016   943.22    26.54    89.00     2.22   196.66    11.14     6.63     6.64    32.84    23.75
 00017   982.79    29.44    67.15     2.45   178.09    24.51     0.00     0.00    33.61    23.59
 00018   997.43    27.79    73.71     1.87   170.08    24.68     0.00     0.02    33.25    24.50
 00019   926.45    26.05    89.14     0.43   145.66     1.94     4.87    15.47    27.62    23.71
 00020  1002.81    24.42    87.47     3.02   106.65    21.85     0.04     0.11    32.12    22.30
 00021   882.88    29.23    24.26     2.25    35.55    27.37     0.11     0.12    31.62    18.97
 00022   998.62    27.74    71.80     3.02   124.62    22.12     0.00     0.14    31.97    23.55
 00023   911.91    23.33    49.94     1.00   247.14    22.91     0.91     2.46    28.42    18.99
 00024   933.33    27.91    32.64     5.53   316.59    25.13     0.34     0.66    30.05    19.94
 00025   790.02    20.66    81.27     1.37   188.50    24.13     0.75     2.50    24.93    15.24
 00026   996.98    28.25    87.77     1.38   150.21    26.97     0.27     1.10    32.58    25.05
 00027   992.65    29.90    73.01     1.47   102.14    27.35     0.01     0.33    32.58    24.65
 00028   962.78    27.50    75.46     1.82   264.86    26.29     0.00     0.04    31.09    22.63
 00029   996.00    26.00    93.68     1.54    84.53    11.43     8.24    28.50    30.06    24.55
 00030   984.77    26.96    86.24     1.58   154.12    29.15     0.46    20.41    28.51    24.08
 00031   573.69    12.88    56.87     1.39   189.34    23.46     1.95     2.64    16.49     3.82
 00032   968.74    22.46    99.12     0.88    99.65    11.25     3.52    13.13    24.88    22.16
 00033   998.98    24.34    97.04     1.62   222.01     0.52     0.06     0.93    25.84    22.44
 00034  1003.35    28.37    89.86     4.84   211.83    34.56     0.00     0.00    28.85    28.13
 00035   998.33    27.33    91.00     1.23    31.64    14.86     2.17     5.87    32.39    26.70
 00036   771.30    20.69    82.44     0.67    68.27    23.99     0.61     7.57    23.73    16.54
 00037   959.24    22.59    97.87     0.88    93.53     8.06     2.03    10.12    25.13    22.62
 00038   986.00    24.52    97.19     0.67   156.94    18.90     0.99    13.94    25.55    23.88
 00039   999.46    24.47    95.53     3.99    44.36    14.41     1.00    10.20    25.18    23.88
 00040   997.41    25.53    93.18     0.45   144.83    16.14     3.23    30.77    26.33    24.38
 00041   959.60    26.34    83.24     1.27    92.98    25.27     0.31     0.32    31.67    21.47
 00042   998.85    27.72    79.46     1.88    98.72    25.13     0.00    -0.00    33.01    23.06
 00043   990.95    27.77    88.66     0.96   210.19    27.82     0.05     2.87    30.95    24.70
 00044   972.98    27.32    85.82     1.37   206.92    25.66     0.04     0.91    31.41    23.66
 00045   997.41    25.53    93.18     0.45   144.83    16.14     3.23    30.77    26.33    24.38
 00046   932.94    21.94    99.08     0.90   124.47    26.43    10.49    18.30    27.37    21.11
 00047   992.30    23.65    95.42     0.84   135.62     8.59     0.02     0.29    27.21    23.24
 00048   604.08    15.37    59.43     0.90   167.80    28.20     0.35     2.83    17.22     8.38
 00049   578.19     7.14    90.98     1.88   205.35    17.33     4.08     6.80    11.56     4.76
 00050   991.96    23.83    96.14     2.50    44.33    23.54     1.34     8.10    25.61    23.55
