stn_id       p       t2      rh2      spd      dir      vis    rain6   rain24   tmax24   tmin24 
 00001   963.54    33.32    60.02     3.28   143.74    26.15  9999.00  9999.00  9999.00  9999.00
 00002   989.28    30.30    64.48     2.11   146.25    26.37  9999.00  9999.00  9999.00  9999.00
 00003   899.94    27.08    63.04     0.55   173.27    25.27  9999.00  9999.00  9999.00  9999.00
 00004   834.04    24.71    58.00     1.15   191.78    25.03  9999.00  9999.00  9999.00  9999.00
 00005   867.08    27.66    52.95     3.58   222.25    27.37  9999.00  9999.00  9999.00  9999.00
 00006   876.02    31.98    31.97     3.11   260.72    28.06  9999.00  9999.00  9999.00  9999.00
 00007   997.66    27.01    58.95     7.07    21.84    25.05  9999.00  9999.00  9999.00  9999.00
 00008   985.00    25.72    56.61     5.13    31.03    27.03  9999.00  9999.00  9999.00  9999.00
 00009   946.98    24.59    44.62     2.35   148.29    39.52  9999.00  9999.00  9999.00  9999.00
 00010   964.63    18.11    98.29     1.59    81.48     3.76  9999.00  9999.00  9999.00  9999.00
 00011   992.84    25.27    60.62     2.03    40.90    29.43  9999.00  9999.00  9999.00  9999.00
 00012  1005.20    26.57    81.22     2.72   124.29    19.67  9999.00  9999.00  9999.00  9999.00
 00013  1003.35    30.62    63.97     2.51   336.20    24.75  9999.00  9999.00  9999.00  9999.00
 00014   999.70    30.18    69.40     3.34   224.32    25.62  9999.00  9999.00  9999.00  9999.00
 00015   989.05    29.49    60.62     3.66    45.56    21.39  9999.00  9999.00  9999.00  9999.00
 00016   948.16    30.18    58.41     1.77    79.88    25.79  9999.00  9999.00  9999.00  9999.00
 00017   990.93    30.41    66.16     1.66    58.77    24.81  9999.00  9999.00  9999.00  9999.00
 00018  1002.69    31.22    59.38     1.97    17.87    24.95  9999.00  9999.00  9999.00  9999.00
 00019   930.18    29.54    72.50     1.57    71.05    27.27  9999.00  9999.00  9999.00  9999.00
 00020  1004.66    29.94    64.84     5.15   342.78    22.14  9999.00  9999.00  9999.00  9999.00
 00021   889.27    25.34    38.39     1.49   195.87    27.41  9999.00  9999.00  9999.00  9999.00
 00022  1007.97    28.83    66.28     2.27   118.78    22.41  9999.00  9999.00  9999.00  9999.00
 00023   913.88    24.63    41.97     1.57    94.70    22.81  9999.00  9999.00  9999.00  9999.00
 00024   939.66    22.17    58.58     1.90   122.74    25.14  9999.00  9999.00  9999.00  9999.00
 00025   794.70    21.23    76.35     0.38   134.66    23.98  9999.00  9999.00  9999.00  9999.00
 00026  1001.53    30.59    66.15     2.40    21.30    27.39  9999.00  9999.00  9999.00  9999.00
 00027   998.10    30.06    75.18     0.53    68.09    20.59  9999.00  9999.00  9999.00  9999.00
 00028   968.30    29.34    77.98     0.89   236.44    20.44  9999.00  9999.00  9999.00  9999.00
 00029   999.80    31.90    72.15     1.71   245.52    29.04  9999.00  9999.00  9999.00  9999.00
 00030   989.65    28.74    84.15     0.96    93.57    31.00  9999.00  9999.00  9999.00  9999.00
 00031   577.50     8.69    70.03     1.19   200.58    22.05  9999.00  9999.00  9999.00  9999.00
 00032   970.50    26.87    84.15     1.23    98.93    12.79  9999.00  9999.00  9999.00  9999.00
 00033  1003.48    24.95    92.86     1.72   197.42    11.87  9999.00  9999.00  9999.00  9999.00
 00034  1007.60    28.68    88.68     6.38   213.14    34.70  9999.00  9999.00  9999.00  9999.00
 00035  1002.69    32.69    60.53     3.43   236.20    31.77  9999.00  9999.00  9999.00  9999.00
 00036   775.95    21.55    72.23     0.79   283.60    23.60  9999.00  9999.00  9999.00  9999.00
 00037   961.04    27.10    84.89     0.99    85.26    11.85  9999.00  9999.00  9999.00  9999.00
 00038   987.30    31.10    73.46     1.16   303.29    27.14  9999.00  9999.00  9999.00  9999.00
 00039  1001.06    26.15    91.12     3.70    38.76    23.26  9999.00  9999.00  9999.00  9999.00
 00040   998.56    30.76    75.10     3.44   290.89    27.75  9999.00  9999.00  9999.00  9999.00
 00041   963.67    28.65    71.44     2.48    27.61    25.48  9999.00  9999.00  9999.00  9999.00
 00042  1003.65    30.38    69.18     2.03   260.93    25.42  9999.00  9999.00  9999.00  9999.00
 00043   995.30    30.28    68.14     2.07    12.40    28.03  9999.00  9999.00  9999.00  9999.00
 00044   976.74    30.29    69.74     2.15    49.56    24.81  9999.00  9999.00  9999.00  9999.00
 00045   998.56    30.76    75.10     3.44   290.89    27.75  9999.00  9999.00  9999.00  9999.00
 00046   936.26    25.75    91.50     0.53   284.41     9.68  9999.00  9999.00  9999.00  9999.00
 00047   993.44    28.12    79.03     2.53    67.35     9.05  9999.00  9999.00  9999.00  9999.00
 00048   608.28    11.99    70.67     1.12   183.50    23.54  9999.00  9999.00  9999.00  9999.00
 00049   581.05     8.30    77.60     0.34    64.24    23.36  9999.00  9999.00  9999.00  9999.00
 00050   993.51    26.32    89.67     2.00    41.58     9.50  9999.00  9999.00  9999.00  9999.00
