stn_id       p       t2      rh2      spd      dir      vis    rain6   rain24   tmax24   tmin24 
 00001   962.50    34.32    56.91     2.38   162.66    26.12     0.03  9999.00  9999.00  9999.00
 00002   987.54    31.51    58.13     2.26   155.15    26.31     0.03  9999.00  9999.00  9999.00
 00003   898.21    30.00    50.47     1.47   166.09    25.21     0.05  9999.00  9999.00  9999.00
 00004   832.71    26.47    49.62     1.61   204.07    24.98     0.14  9999.00  9999.00  9999.00
 00005   865.73    28.38    50.16     4.41   212.06    27.33     0.22  9999.00  9999.00  9999.00
 00006   874.00    34.02    23.59     3.46   224.16    27.99     0.00  9999.00  9999.00  9999.00
 00007   995.79    28.22    54.67     7.38    23.40    25.01     0.00  9999.00  9999.00  9999.00
 00008   983.57    26.56    53.13     5.10    33.75    27.01     0.00  9999.00  9999.00  9999.00
 00009   945.73    25.26    40.81     2.21   161.81    39.51     0.05  9999.00  9999.00  9999.00
 00010   964.08    18.02    98.99     1.52   106.59     0.81     4.77  9999.00  9999.00  9999.00
 00011   991.48    26.49    55.74     2.21    31.82    29.42     0.07  9999.00  9999.00  9999.00
 00012  1003.20    28.82    72.93     1.73   118.51    16.91     0.46  9999.00  9999.00  9999.00
 00013  1001.40    32.33    59.27     2.87   317.34    24.70     0.02  9999.00  9999.00  9999.00
 00014   998.16    31.25    63.93     3.30     4.93    25.56     0.15  9999.00  9999.00  9999.00
 00015   987.39    31.49    51.50     3.14    56.65    21.34     0.00  9999.00  9999.00  9999.00
 00016   946.42    33.01    52.68     1.95    64.67    25.76     0.01  9999.00  9999.00  9999.00
 00017   989.25    31.75    59.71     1.49   104.35    24.76     0.24  9999.00  9999.00  9999.00
 00018  1000.71    32.92    53.21     1.63   339.04    24.90     0.00  9999.00  9999.00  9999.00
 00019   929.08    30.53    67.95     0.57    22.15    19.96     0.44  9999.00  9999.00  9999.00
 00020  1003.16    31.56    60.17     5.03   333.56    22.10     0.06  9999.00  9999.00  9999.00
 00021   887.78    29.17    26.64     3.46   195.16    27.37     0.00  9999.00  9999.00  9999.00
 00022  1005.90    30.28    62.90     1.32   126.56    22.38     0.08  9999.00  9999.00  9999.00
 00023   912.86    29.09    29.41     1.09    92.91    22.78     0.00  9999.00  9999.00  9999.00
 00024   938.36    26.31    42.03     2.80   151.53    25.12     0.00  9999.00  9999.00  9999.00
 00025   793.90    23.68    75.83     1.55   194.69    22.54     0.68  9999.00  9999.00  9999.00
 00026   999.71    32.20    59.19     2.67    15.58    27.34     0.00  9999.00  9999.00  9999.00
 00027   996.09    32.08    61.18     2.45   341.39    27.31     0.47  9999.00  9999.00  9999.00
 00028   967.43    28.43    80.07     0.69    41.57    13.45     8.30  9999.00  9999.00  9999.00
 00029   998.10    31.90    68.50     1.85   244.26    16.18     3.73  9999.00  9999.00  9999.00
 00030   988.24    29.75    79.10     0.72   270.86    26.88     3.48  9999.00  9999.00  9999.00
 00031   577.18    13.75    46.19     1.78   170.38    23.48     0.39  9999.00  9999.00  9999.00
 00032   969.38    27.90    80.81     1.28    93.54    13.75     3.44  9999.00  9999.00  9999.00
 00033  1001.98    25.71    91.39     2.94   244.89     0.40     0.00  9999.00  9999.00  9999.00
 00034  1006.78    28.88    88.45     5.38   220.04    34.68     0.00  9999.00  9999.00  9999.00
 00035  1001.17    33.08    59.60     2.53   289.71    31.73     0.07  9999.00  9999.00  9999.00
 00036   774.78    24.76    63.72     1.47   180.15    24.47     0.42  9999.00  9999.00  9999.00
 00037   960.05    27.75    82.75     0.93    95.55    13.74     7.28  9999.00  9999.00  9999.00
 00038   986.39    29.42    80.23     1.42    91.74    16.47     4.69  9999.00  9999.00  9999.00
 00039   999.86    26.95    87.99     3.80    71.93    21.52     0.92  9999.00  9999.00  9999.00
 00040   997.67    30.02    79.50     1.66   180.07    15.84     4.64  9999.00  9999.00  9999.00
 00041   962.01    30.48    62.22     2.71    26.30    25.46     0.52  9999.00  9999.00  9999.00
 00042  1001.67    32.10    60.37     2.05   341.59    25.35     0.21  9999.00  9999.00  9999.00
 00043   993.57    32.04    60.03     2.57    14.65    27.97     0.00  9999.00  9999.00  9999.00
 00044   975.30    31.37    63.54     2.61    38.40    25.76     0.19  9999.00  9999.00  9999.00
 00045   997.67    30.02    79.50     1.66   180.07    15.84     4.64  9999.00  9999.00  9999.00
 00046   935.09    25.64    88.81     1.46   313.17     4.54    15.23  9999.00  9999.00  9999.00
 00047   992.99    26.58    87.89     2.64    95.12     4.70     0.77  9999.00  9999.00  9999.00
 00048   607.72    15.92    52.82     1.25   180.89    28.23     0.43  9999.00  9999.00  9999.00
 00049   581.07    11.52    61.31     2.68   206.17    21.17     0.42  9999.00  9999.00  9999.00
 00050   992.16    29.48    76.56     2.81    70.94    23.16     6.67  9999.00  9999.00  9999.00
