stn_id       p       t2      rh2      spd      dir      vis    rain6   rain24   tmax24   tmin24 
 00001   961.42    29.31    82.00     1.38    62.61    26.14     0.35     0.38    34.41    26.06
 00002   986.63    27.23    76.98     1.67   132.86    26.29     0.00     0.04    31.78    23.32
 00003   897.22    27.00    64.73     1.22   208.27    25.19     0.00     0.06    30.40    19.79
 00004   831.97    21.50    74.31     1.53   170.45    24.99     0.12     0.27    26.71    15.07
 00005   864.22    25.83    56.97     2.04   175.08    27.31     0.06     0.28    29.06    19.21
 00006   873.23    29.00    40.85     4.13   244.67    28.04     0.00     0.00    34.40    18.43
 00007   994.48    24.32    62.96     5.86    17.41    24.98     0.00     0.00    28.22    19.74
 00008   982.37    23.13    65.74     4.60    32.86    27.01     0.00     0.00    26.56    17.11
 00009   944.93    19.09    65.74     2.70   147.12    39.59     0.00     0.05    25.48    11.99
 00010   962.66    17.27    99.91     1.06    33.96     0.90    14.98    22.06    19.13    17.16
 00011   990.98    21.69    81.32     1.88    52.03    29.47     0.00     0.07    26.69    16.16
 00012  1002.27    26.82    82.63     1.34    39.39    24.46     0.23     1.17    29.09    24.58
 00013  1001.36    27.93    80.79     1.57    39.98    24.68     0.00     0.05    32.47    23.37
 00014   998.31    28.29    75.27     0.99   106.82    25.55     0.00     0.41    31.34    24.37
 00015   986.43    26.46    71.71     2.01    46.01    21.31     0.00     0.00    31.68    20.60
 00016   945.17    28.69    75.13     1.26   158.62    25.78     0.52     0.53    33.71    23.73
 00017   987.89    27.86    79.85     1.84   137.79    24.74     0.00     0.27    32.12    23.91
 00018  1000.27    27.96    80.54     1.51   254.29    24.90     0.00     0.00    33.08    23.22
 00019   928.36    27.56    83.83     1.29    26.35    27.08     0.47     0.93    30.97    24.26
 00020  1003.66    25.55    82.20     2.03    32.10    22.06     0.00     0.06    31.71    21.38
 00021   885.43    28.95    25.51     4.47    10.09    27.34     0.00     0.00    30.58    17.27
 00022  1004.73    27.22    79.20     1.47   104.30    22.35     0.04     0.36    30.41    24.02
 00023   911.56    28.42    29.94     4.31   297.79    22.77     0.12     0.12    31.68    15.70
 00024   935.66    27.55    39.44     3.83   138.62    25.09     0.01     0.03    28.26    16.38
 00025   793.56    19.22    92.50     1.29   164.02    15.85    12.89    15.80    24.38    16.37
 00026   999.66    29.46    72.78     1.02   100.82    27.33     0.00     0.00    32.42    23.78
 00027   995.98    28.77    75.80     0.96   285.11    27.49     0.01     0.68    32.38    25.50
 00028   966.16    27.51    87.13     1.37    23.72    26.42     0.62     9.03    30.37    24.23
 00029   998.54    28.67    85.89     1.29   147.93    29.02     1.00     4.74    33.35    25.87
 00030   987.71    26.88    92.22     0.83   160.87    30.25     4.64     9.37    30.56    24.71
 00031   574.82    14.75    39.38     2.24   187.92    23.42     0.20     2.90    15.96     3.94
 00032   970.48    24.59    93.44     0.74    80.24    16.32     5.67    26.93    28.13    22.86
 00033  1001.61    24.30    91.35     4.07   272.35    31.84     0.02     0.02    26.99    22.93
 00034  1006.19    28.61    89.16     2.15   201.51    34.67     0.00     0.00    29.02    28.32
 00035  1001.16    28.68    79.66     1.14   182.29    22.17     0.33     0.40    33.47    27.09
 00036   773.89    20.76    84.42     0.98   143.70    19.57     1.03     2.31    25.11    16.68
 00037   961.09    24.43    95.64     0.60    42.61    14.78     7.77    26.33    28.13    23.45
 00038   988.06    25.13    99.74     0.91    76.83     2.43    12.69    21.02    31.72    24.86
 00039  1000.90    24.89    95.65     1.75   311.50     3.86     8.29    11.99    27.67    24.87
 00040   998.96    25.75    95.79     2.78    60.28    13.36    10.98    17.52    31.76    25.78
 00041   962.19    25.73    81.05     1.65    21.36    25.45     0.00     0.54    30.69    21.39
 00042  1001.53    28.98    73.18     1.21   249.24    25.33     0.00     0.32    32.24    23.98
 00043   993.58    28.36    80.52     1.41    42.07    27.97     0.00     0.03    32.06    24.40
 00044   975.41    27.54    82.21     1.34    46.77    25.80     0.00     0.50    31.55    23.75
 00045   998.96    25.75    95.79     2.78    60.28    13.36    10.98    17.52    31.76    25.78
 00046   935.56    22.96    98.61     0.76    87.91    21.97     3.31    22.79    27.20    22.11
 00047   994.34    24.93    94.13     0.86    87.67     8.55     1.04     2.49    28.34    24.56
 00048   605.41    16.95    49.67     0.62   155.91    28.16     0.13     3.14    18.23     7.68
 00049   580.14     7.11    90.64     1.73   205.46    15.14     2.57     3.97    11.86     3.05
 00050   993.36    25.07    96.50     0.57    78.80    11.80     4.58    14.27    29.66    24.59
