stn_id       p       t2      rh2      spd      dir      vis    rain6   rain24   tmax24   tmin24 
 00001   960.44    26.20    93.89     0.80   102.93    25.73     1.84  9999.00  9999.00  9999.00
 00002   979.02    25.10    97.11     2.36   280.01     3.47    32.42  9999.00  9999.00  9999.00
 00003   892.69    19.70    95.21     1.03   281.13    24.68     0.00  9999.00  9999.00  9999.00
 00004   828.33    16.64    90.26     0.77   230.66    24.91     0.00  9999.00  9999.00  9999.00
 00005   862.04    18.07    80.80     2.52   174.75    27.35     0.00  9999.00  9999.00  9999.00
 00006   872.28    19.83    60.49     2.28   327.37    28.20     0.00  9999.00  9999.00  9999.00
 00007   989.58    23.04    92.79     1.90   212.96    17.12     1.04  9999.00  9999.00  9999.00
 00008   974.68    21.84    80.78     3.66   135.63    24.18     0.24  9999.00  9999.00  9999.00
 00009   941.43    16.46    90.67     1.87   143.71    39.76     0.03  9999.00  9999.00  9999.00
 00010   961.16    14.32    99.40     3.23    97.22     4.98     1.29  9999.00  9999.00  9999.00
 00011   984.21    20.30    83.13     3.74   103.97    24.07     0.04  9999.00  9999.00  9999.00
 00012   996.17    23.58    95.39     2.18    35.16     4.81    52.52  9999.00  9999.00  9999.00
 00013   998.81    24.99    89.37     1.80   146.73    24.43     0.00  9999.00  9999.00  9999.00
 00014   996.24    24.53    91.21     0.75    75.97    25.30     0.00  9999.00  9999.00  9999.00
 00015   980.91    27.37    70.30     3.99   184.28    21.02     0.00  9999.00  9999.00  9999.00
 00016   944.10    24.14    88.08     3.15   195.57    13.97     9.16  9999.00  9999.00  9999.00
 00017   982.23    28.40    67.68     3.26   217.20    24.44     0.00  9999.00  9999.00  9999.00
 00018   997.32    24.28    86.06     1.90   153.43    24.63     0.00  9999.00  9999.00  9999.00
 00019   927.46    24.10    90.26     1.47   273.21    26.44     6.03  9999.00  9999.00  9999.00
 00020  1002.62    22.98    91.53     2.27   146.90    21.80     0.00  9999.00  9999.00  9999.00
 00021   886.08    22.72    46.77     1.56   146.33    27.50     0.18  9999.00  9999.00  9999.00
 00022   998.35    24.21    91.52     1.75   135.62     0.54     7.53  9999.00  9999.00  9999.00
 00023   911.42    17.53    66.99     2.31   187.48    22.92     0.00  9999.00  9999.00  9999.00
 00024   934.55    20.71    61.45     2.34   295.51    25.21     0.00  9999.00  9999.00  9999.00
 00025   791.34    16.92    98.49     0.45   304.18    24.57     4.15  9999.00  9999.00  9999.00
 00026   997.53    25.85    96.73     1.14   194.20    27.12     0.00  9999.00  9999.00  9999.00
 00027   993.03    26.38    89.70     1.54    77.72    27.35     0.02  9999.00  9999.00  9999.00
 00028   963.15    24.76    81.77     0.62   184.32    26.29     0.00  9999.00  9999.00  9999.00
 00029   996.65    24.90    96.11     1.97   168.58    20.52     5.38  9999.00  9999.00  9999.00
 00030   985.06    24.53    98.18     1.02   105.50    30.86     0.00  9999.00  9999.00  9999.00
 00031   575.51     7.53    88.14     0.97   206.70    12.58     2.05  9999.00  9999.00  9999.00
 00032   969.01    22.17    97.11     0.69   327.86     0.73     0.20  9999.00  9999.00  9999.00
 00033   999.58    23.61    97.77     3.09   151.68     0.25     0.02  9999.00  9999.00  9999.00
 00034  1004.66    28.39    88.26     6.91   192.39    34.56     0.00  9999.00  9999.00  9999.00
 00035   999.24    26.73    94.07     1.88   157.35    31.29     0.02  9999.00  9999.00  9999.00
 00036   772.69    16.80    98.10     0.69   168.15     9.17     6.35  9999.00  9999.00  9999.00
 00037   959.57    22.14    98.09     0.40   328.42     3.36     0.06  9999.00  9999.00  9999.00
 00038   986.39    23.94    98.09     0.67    90.71    24.28     0.41  9999.00  9999.00  9999.00
 00039   999.83    24.23    94.14     2.97    12.60    17.62     0.17  9999.00  9999.00  9999.00
 00040   997.46    24.90    97.04     1.75    18.43    12.19     0.20  9999.00  9999.00  9999.00
 00041   959.73    23.32    91.88     1.06   172.92    25.24     0.00  9999.00  9999.00  9999.00
 00042   998.81    25.15    88.03     1.59   104.69    25.08     0.00  9999.00  9999.00  9999.00
 00043   991.62    25.35    96.04     0.48   145.14    27.81     0.46  9999.00  9999.00  9999.00
 00044   974.12    23.63    96.70     0.96   187.30    25.64     0.41  9999.00  9999.00  9999.00
 00045   997.46    24.90    97.04     1.75    18.43    12.19     0.20  9999.00  9999.00  9999.00
 00046   933.83    21.40    99.76     0.71   160.36     1.16     0.00  9999.00  9999.00  9999.00
 00047   992.63    22.27    99.27     1.20   150.34     1.22     0.11  9999.00  9999.00  9999.00
 00048   605.52     9.76    89.96     0.74   186.69     7.90     4.60  9999.00  9999.00  9999.00
 00049   578.65     5.84    99.29     1.26   221.28     0.65     0.37  9999.00  9999.00  9999.00
 00050   992.24    23.75    95.26     1.49   322.70    13.43     0.04  9999.00  9999.00  9999.00
