stn_id       p       t2      rh2      spd      dir      vis    rain6   rain24   tmax24   tmin24 
 00001   981.70    21.90   100.00     0.00    70.00     6.00     0.00     0.00    28.70    21.30
 00002   991.10    31.40    23.68     6.00   270.00    29.00     0.00     0.00    35.40    26.30
 00003   921.00    19.30    61.62     0.00   200.00    17.00     0.00     0.00    30.50    17.10
 00004   856.00    20.90    31.77     7.00   250.00    30.00     0.00     0.00    25.90    14.10
 00005   879.20    19.50    38.81     2.00   180.00    28.00     0.00     0.00    27.10    13.10
 00006   878.50    19.30    36.89     7.00   340.00    30.00     0.00     0.00    27.20    16.40
 00007   995.00    22.70    52.64     5.00   180.00    30.00     0.00     0.00    27.30    19.60
 00008   971.00    21.60    52.71     6.00   220.00    12.00     0.00     0.00    26.70    20.00
 00009   950.30    11.20    80.02     2.00   360.00    30.00     1.00     1.10    15.60     7.50
 00010   974.30    13.70   100.00     1.00   360.00     7.00     0.00     1.10    22.50    10.70
 00011   982.00    22.50    54.71     5.00   180.00    19.00     0.00     0.20    24.00    15.80
 00012   995.90    27.40    38.63     2.00    40.00    18.00     0.00     0.00    35.10    22.70
 00013  1005.40    20.50    95.13     2.00   140.00     3.40     0.00     0.00    26.90    18.10
 00014  1004.80    22.40    90.04     0.00     0.00     3.00     0.70     0.90    23.40    20.40
 00015   984.30    29.40    39.66     3.00   160.00    24.00     0.00     0.00    33.90    24.60
 00016   960.00    25.80    45.67     3.00   250.00    30.00     0.00     0.00    31.60    20.20
 00017   992.50    27.20    50.73     0.00   220.00    18.00     0.00     0.00    35.40    20.40
 00018  1006.40    23.30    87.90     4.00   180.00     6.00     0.00     0.00    27.30    19.40
 00019   944.70    23.80    56.83     2.00    40.00    28.00     0.00     0.00    30.10    21.00
 00020  1009.80    22.40    86.74     2.00   140.00     8.00     0.00     0.00    24.60    17.00
 00021   907.70    22.10    27.88     3.00   200.00    28.00     0.00     0.00    32.80    21.10
 00022   999.81    27.20  9999.00     2.00   270.00    18.00     0.00     0.00    33.20    21.00
 00023   929.20    21.70    34.81     2.00   220.00    17.00     0.00     0.00    34.60    19.10
 00024   956.70    17.50    69.98     1.00    20.00    30.00     0.00     0.00    35.30    14.60
 00025   810.90    19.20    88.10     2.00   200.00    17.00     0.00     0.00    19.90    17.00
 00026  1004.50    25.70    76.03     1.00   220.00     9.00     0.00     0.00    25.70    21.70
 00027   996.40    23.80    82.66     0.00     0.00     9.00     0.00     0.00    25.90    20.00
 00028   977.50    21.10    92.81     1.00   250.00    10.00     0.00     0.00    25.10    18.70
 00029  1001.40    26.80    88.71     1.00    20.00    30.00     0.00     6.10    32.40    24.90
 00030   989.60    26.80    87.64     3.00    40.00    18.00     0.20     0.20    33.50    25.60
 00031   626.10     8.40    44.94     2.00   180.00    30.00     0.00     0.10    21.80     8.40
 00032  1000.60    26.30    89.75     1.00   250.00    30.00     2.00    22.00    36.10    24.50
 00033   998.70    25.90    94.74     3.00   160.00    12.00     3.00    30.40    30.20    25.50
 00034  1006.50    30.60    75.80     3.00   180.00    21.00     0.00     3.20    31.30    27.90
 00035  1003.80    25.10    94.71     3.00   220.00     8.00    15.00    53.00    30.20    25.10
 00036   837.20    20.90    73.83     1.00    70.00    25.00     0.40     0.40    27.40    20.40
 00037  1003.60    26.40    88.68     1.00    70.00    19.00     0.20    21.20    36.00    24.60
 00038  1004.00    27.20    91.99     1.00   270.00  9999.00     0.00    12.00    33.30    26.00
 00039  1007.90    27.10    94.78     3.00   220.00     9.00     0.00     0.00    29.80    26.40
 00040  1004.40    28.50    92.06     3.00   180.00     9.00     0.00     0.00    30.80    26.60
 00041   815.40    14.50   100.00     6.00   270.00     0.00     1.00     1.30    17.70    13.30
 00042  1004.90    23.40    84.70     1.00   220.00     6.00     0.00     0.00    24.90    19.10
 00043  1002.20    24.40   100.00     2.00   320.00     4.30     0.00     0.00    24.60    21.40
 00044   996.10    26.10    80.91     1.00   290.00    12.00     0.00     0.10    27.50    22.80
 00045  1004.40    28.50    92.06     3.00   180.00     9.00     0.00     0.00    30.80    26.60
 00046   964.90    25.20    94.71     1.00   180.00     9.00     0.00     0.10    34.00    24.80
 00047  1006.10    23.40    95.81     1.00   360.00     3.90     0.00    21.90    31.80    22.10
 00048   654.00    13.20    34.83     2.00   290.00     8.00     0.00     0.00    24.60    12.40
 00049   603.30     0.10    90.24     1.00    20.00    18.00     0.00     0.00    11.70    -0.40
 00050  1002.70    28.10    85.66     4.00   220.00    11.00     0.00     0.00    31.80    26.60
