stn_id       p       t2      rh2      spd      dir      vis    rain6   rain24   tmax24   tmin24 
 00001   969.69    30.41    47.48     2.07   343.93    25.62     0.00  9999.00  9999.00  9999.00
 00002   994.67    27.04    61.13     1.29    97.31    24.93     0.03  9999.00  9999.00  9999.00
 00003   902.88    25.69    60.44     1.42   132.23    22.53     0.22  9999.00  9999.00  9999.00
 00004   836.19    21.93    48.84     2.63   195.59    24.51     0.10  9999.00  9999.00  9999.00
 00005   868.86    26.90    33.24     3.84   229.77    27.05     0.00  9999.00  9999.00  9999.00
 00006   879.71    26.73    20.73     2.46   163.57    27.91     0.00  9999.00  9999.00  9999.00
 00007  1001.66    27.19    52.47     3.05   268.43    25.47     0.00  9999.00  9999.00  9999.00
 00008   984.84    24.04    52.91     5.03   278.01    26.99     0.28  9999.00  9999.00  9999.00
 00009   937.03    26.53    25.64     3.26   288.03    36.13     0.00  9999.00  9999.00  9999.00
 00010   963.07    23.26    51.45     3.38   268.90    29.67     0.03  9999.00  9999.00  9999.00
 00011   989.92    20.77    71.30     5.03   288.60    26.15     1.46  9999.00  9999.00  9999.00
 00012  1009.68    28.81    51.66     1.77   200.57    23.87     0.00  9999.00  9999.00  9999.00
 00013  1008.06    28.32    54.22     4.31    66.67    23.78     0.00  9999.00  9999.00  9999.00
 00014  1003.69    27.57    62.97     4.44    41.62    25.01     0.00  9999.00  9999.00  9999.00
 00015   994.38    28.84    59.29     2.39    32.66    20.30     0.07  9999.00  9999.00  9999.00
 00016   952.53    28.37    53.31     1.05   313.45    25.15     0.00  9999.00  9999.00  9999.00
 00017   995.28    29.44    60.57     2.46   113.59    23.39     0.07  9999.00  9999.00  9999.00
 00018  1006.95    28.93    54.35     4.19    69.48    23.66     0.00  9999.00  9999.00  9999.00
 00019   936.79    23.01    82.36     1.24   143.33     6.70     7.24  9999.00  9999.00  9999.00
 00020  1010.17    25.48    69.45     5.71    31.71    22.20     0.00  9999.00  9999.00  9999.00
 00021   886.37    26.64    33.34     3.77   306.53    27.18     0.00  9999.00  9999.00  9999.00
 00022  1012.53    29.31    43.90     0.27   250.27    21.43     0.00  9999.00  9999.00  9999.00
 00023   916.53    18.45    52.61     3.12   314.59    20.13     1.17  9999.00  9999.00  9999.00
 00024   939.65    22.46    29.31     5.29   298.48    25.42     0.00  9999.00  9999.00  9999.00
 00025   794.75    21.24    60.79     3.47    95.35    24.70     0.05  9999.00  9999.00  9999.00
 00026  1003.32    28.30    65.58     5.59    24.85    25.55     0.00  9999.00  9999.00  9999.00
 00027   999.70    29.69    53.83     4.63    30.53    25.73     0.00  9999.00  9999.00  9999.00
 00028   970.61    27.74    63.17     3.99    34.26    25.08     0.01  9999.00  9999.00  9999.00
 00029   995.25    26.49    84.31     6.44   331.02     2.62     2.87  9999.00  9999.00  9999.00
 00030   989.17    31.11    58.41     4.29     3.92    29.62     0.00  9999.00  9999.00  9999.00
 00031   578.70    13.57    30.25     3.08    57.33    24.55     0.09  9999.00  9999.00  9999.00
 00032   970.45    23.73    87.88     3.83    63.64    11.97     2.18  9999.00  9999.00  9999.00
 00033  1000.45    22.80    96.28     4.55   257.98     1.18     0.26  9999.00  9999.00  9999.00
 00034  1003.07    27.49    86.69     6.70   265.11    21.04     2.92  9999.00  9999.00  9999.00
 00035   999.45    30.68    71.02     3.36   335.40    15.00     0.50  9999.00  9999.00  9999.00
 00036   777.17    16.84    86.63     1.29    14.99     7.33     3.57  9999.00  9999.00  9999.00
 00037   960.95    24.75    86.84     2.56    77.95    13.44     1.64  9999.00  9999.00  9999.00
 00038   986.12    24.15    97.58     4.35    63.21     2.76    12.94  9999.00  9999.00  9999.00
 00039  1000.15    24.31    90.79     9.64    40.70     2.47     6.90  9999.00  9999.00  9999.00
 00040   996.02    24.95    91.54    10.68    50.82     5.78     6.43  9999.00  9999.00  9999.00
 00041   966.37    26.44    58.69     4.03    52.31    24.27     0.00  9999.00  9999.00  9999.00
 00042  1007.78    27.74    57.58     4.65    67.95    24.33     0.00  9999.00  9999.00  9999.00
 00043   996.46    28.42    69.60     5.33    36.82    26.09     0.00  9999.00  9999.00  9999.00
 00044   978.64    27.57    67.20     5.36    57.42    24.66     0.00  9999.00  9999.00  9999.00
 00045   996.02    24.95    91.54    10.68    50.82     5.78     6.43  9999.00  9999.00  9999.00
 00046   934.46    23.31    98.76     3.10    38.06     1.29     3.65  9999.00  9999.00  9999.00
 00047   995.27    26.52    75.26     4.49    40.75    22.04     0.18  9999.00  9999.00  9999.00
 00048   609.75    14.41    36.57     2.68    80.99    29.29     0.25  9999.00  9999.00  9999.00
 00049   580.98    10.67    56.56     1.60    21.03    22.63     0.80  9999.00  9999.00  9999.00
 00050   992.62    24.26    91.07     7.31    33.21     9.94     8.30  9999.00  9999.00  9999.00
