stn_id       p       t2      rh2      spd      dir      vis    rain6   rain24   tmax24   tmin24 
 00001   970.48    21.67    91.60     0.96   275.83    25.68     0.00  9999.00  9999.00  9999.00
 00002   994.64    22.08    87.12     2.22   246.68    24.17     0.70  9999.00  9999.00  9999.00
 00003   903.81    17.07    96.10     1.79    59.81    22.64     0.24  9999.00  9999.00  9999.00
 00004   836.10    11.63    94.45     2.10   151.77    22.61     0.00  9999.00  9999.00  9999.00
 00005   869.48    16.56    73.97     1.73   170.61    27.06    -0.00  9999.00  9999.00  9999.00
 00006   878.33    17.95    58.86     4.93   216.58    27.89     0.00  9999.00  9999.00  9999.00
 00007  1003.38    17.46    79.73     2.88   205.81    25.50     0.00  9999.00  9999.00  9999.00
 00008   987.12    15.84    89.08     2.73   198.56    27.04    -0.00  9999.00  9999.00  9999.00
 00009   937.98    12.44    95.32     1.04   128.86    31.23     0.53  9999.00  9999.00  9999.00
 00010   966.43    14.59    90.98     1.95   253.57    29.79     0.00  9999.00  9999.00  9999.00
 00011   992.71    15.48    89.05     2.98   207.29    28.61     0.01  9999.00  9999.00  9999.00
 00012  1009.58    20.54    83.87     1.47   221.86    23.84     0.00  9999.00  9999.00  9999.00
 00013  1008.37    18.37    90.76     2.44    70.36    23.78     0.00  9999.00  9999.00  9999.00
 00014  1003.60    19.72    90.59     2.18   344.85    24.99     0.00  9999.00  9999.00  9999.00
 00015   994.41    20.63    85.66     1.33   132.20    20.27    -0.00  9999.00  9999.00  9999.00
 00016   952.01    21.12    75.81     1.78   122.66    25.12     0.00  9999.00  9999.00  9999.00
 00017   995.77    22.94    86.52     0.62   252.05    23.38     0.00  9999.00  9999.00  9999.00
 00018  1007.24    19.52    91.79     2.01    61.64    23.66     0.00  9999.00  9999.00  9999.00
 00019   935.53    20.23    84.39     0.65   311.46    27.26    -0.00  9999.00  9999.00  9999.00
 00020  1009.27    20.65    83.73     4.06    19.45    22.15     0.00  9999.00  9999.00  9999.00
 00021   891.23    20.26    46.37     2.77   295.61    27.24     0.00  9999.00  9999.00  9999.00
 00022  1012.62    19.92    72.89     1.83   189.15    21.41     0.00  9999.00  9999.00  9999.00
 00023   918.53    11.06    69.81     1.16   178.61    23.31    -0.00  9999.00  9999.00  9999.00
 00024   941.75    13.44    58.85     4.33   306.81    25.47     0.09  9999.00  9999.00  9999.00
 00025   796.92    15.11    71.40     1.66    82.43    24.72     0.00  9999.00  9999.00  9999.00
 00026  1003.47    22.72    76.36     4.46    16.11    25.48     0.00  9999.00  9999.00  9999.00
 00027  1000.52    23.61    76.15     3.18   104.99    25.72     0.00  9999.00  9999.00  9999.00
 00028   971.39    22.16    81.67     1.96   358.59    25.07    -0.00  9999.00  9999.00  9999.00
 00029   992.99    24.33    91.23     8.39    70.99     0.62    13.45  9999.00  9999.00  9999.00
 00030   989.65    25.71    79.10     2.97   337.00    29.61     0.00  9999.00  9999.00  9999.00
 00031   578.25     7.16    33.39     0.74   186.05    24.55     0.00  9999.00  9999.00  9999.00
 00032   970.97    21.84    89.60     2.46    60.00    19.58     0.60  9999.00  9999.00  9999.00
 00033  1000.78    22.68    97.89     8.07   268.59     7.71     0.09  9999.00  9999.00  9999.00
 00034  1003.43    27.89    88.38     6.97   260.83    21.47     0.19  9999.00  9999.00  9999.00
 00035   999.73    25.79    83.32     4.68   282.42    15.27     0.02  9999.00  9999.00  9999.00
 00036   778.83    14.05    93.64     0.92    56.28     7.95     0.70  9999.00  9999.00  9999.00
 00037   961.45    22.51    90.16     1.54    78.98    19.10     0.25  9999.00  9999.00  9999.00
 00038   987.11    22.69    99.40     0.70   197.40     1.19    21.61  9999.00  9999.00  9999.00
 00039  1000.31    24.06    91.20     9.80    34.48    11.73     2.95  9999.00  9999.00  9999.00
 00040   997.74    24.31    93.27     6.86    51.50    18.05     0.94  9999.00  9999.00  9999.00
 00041   966.32    17.71    93.14     1.51    29.16    24.26     0.00  9999.00  9999.00  9999.00
 00042  1008.13    18.63    90.12     2.54    63.07    24.32     0.00  9999.00  9999.00  9999.00
 00043   996.60    22.85    78.10     3.91    21.75    26.01     0.38  9999.00  9999.00  9999.00
 00044   978.67    22.21    75.90     3.68    54.52    24.61    -0.00  9999.00  9999.00  9999.00
 00045   997.74    24.31    93.27     6.86    51.50    18.05     0.94  9999.00  9999.00  9999.00
 00046   934.86    22.08    97.27     1.85    44.83    18.13    12.84  9999.00  9999.00  9999.00
 00047   995.20    23.49    77.70     2.52   176.08    23.04     0.14  9999.00  9999.00  9999.00
 00048   609.46     8.02    40.30     1.38   184.32    29.28     0.00  9999.00  9999.00  9999.00
 00049   581.81     2.17    99.39     0.88    37.45     0.30     0.00  9999.00  9999.00  9999.00
 00050   993.26    23.09    91.48     6.73    33.09     4.64     3.14  9999.00  9999.00  9999.00
