stn_id       p       t2      rh2      spd      dir      vis    rain6   rain24   tmax24   tmin24 
 00001   968.76    25.13    79.70     2.02   312.68    25.66     0.00  9999.00  9999.00  9999.00
 00002   994.25    25.05    73.53     0.63    96.92    24.92     0.01  9999.00  9999.00  9999.00
 00003   903.38    18.93    91.20     0.90    96.12    24.42     2.42  9999.00  9999.00  9999.00
 00004   836.82    14.82    88.16     1.88   162.29    20.53     1.31  9999.00  9999.00  9999.00
 00005   869.41    19.87    59.65     0.86   255.32    27.07     0.36  9999.00  9999.00  9999.00
 00006   878.36    21.35    32.05     3.09   111.83    27.87     0.00  9999.00  9999.00  9999.00
 00007  1002.70    21.40    74.04     2.32   193.03    25.50     0.00  9999.00  9999.00  9999.00
 00008   986.76    17.56    82.96     2.77   283.21    27.05     0.03  9999.00  9999.00  9999.00
 00009   938.62    16.67    76.45     1.70   346.70    35.91     0.93  9999.00  9999.00  9999.00
 00010   965.76    17.53    76.13     2.04   246.97    29.76     0.01  9999.00  9999.00  9999.00
 00011   992.16    17.88    80.34     1.87   244.84    28.63     0.09  9999.00  9999.00  9999.00
 00012  1009.96    22.68    78.66     2.15   237.34    23.87     0.00  9999.00  9999.00  9999.00
 00013  1008.49    22.55    78.04     2.79    73.75    23.80     0.00  9999.00  9999.00  9999.00
 00014  1004.11    22.36    81.53     2.41    28.26    25.03     0.00  9999.00  9999.00  9999.00
 00015   994.19    23.57    74.19     1.65    73.11    20.28    -0.00  9999.00  9999.00  9999.00
 00016   951.33    23.93    77.28     1.61    66.18    25.15     0.00  9999.00  9999.00  9999.00
 00017   994.93    24.63    82.20     1.69    85.92    23.39     0.04  9999.00  9999.00  9999.00
 00018  1006.94    23.17    80.15     2.10    65.14    23.67     0.00  9999.00  9999.00  9999.00
 00019   934.99    21.63    88.66     1.86   248.39    27.28     0.34  9999.00  9999.00  9999.00
 00020  1010.41    19.68    90.30     4.21    19.90    22.22     0.00  9999.00  9999.00  9999.00
 00021   887.65    25.06    36.64     4.65   317.30    27.18     0.00  9999.00  9999.00  9999.00
 00022  1012.70    23.22    72.27     2.09   216.48    21.44    -0.00  9999.00  9999.00  9999.00
 00023   918.58    16.18    49.19     1.91   196.88    22.82     1.78  9999.00  9999.00  9999.00
 00024   941.29    17.44    56.08     9.34   286.32     9.30     0.50  9999.00  9999.00  9999.00
 00025   794.66    18.68    71.82     2.08   106.57    24.70     0.03  9999.00  9999.00  9999.00
 00026  1002.93    25.06    71.44     5.37     5.99    25.51     0.00  9999.00  9999.00  9999.00
 00027   999.41    25.82    65.77     4.80   255.19    25.71     0.00  9999.00  9999.00  9999.00
 00028   970.13    24.23    73.01     2.14    16.03    25.06     0.00  9999.00  9999.00  9999.00
 00029   994.85    24.55    90.89     5.84   354.76     1.21    18.64  9999.00  9999.00  9999.00
 00030   988.22    27.22    75.59     1.78   315.88    29.61     0.03  9999.00  9999.00  9999.00
 00031   576.24    11.92    36.31     1.54   103.05    24.47    -0.00  9999.00  9999.00  9999.00
 00032   971.17    22.41    89.92     2.92    74.08    17.34     0.99  9999.00  9999.00  9999.00
 00033  1000.26    22.04    99.19     5.82   263.24     8.91     0.45  9999.00  9999.00  9999.00
 00034  1003.60    27.83    86.70     5.87   256.12    28.57     0.90  9999.00  9999.00  9999.00
 00035   999.55    26.93    84.98     2.99   278.49    26.43     0.45  9999.00  9999.00  9999.00
 00036   777.39    15.39    91.49     1.02    37.25     7.45     3.15  9999.00  9999.00  9999.00
 00037   961.55    23.44    87.81     2.21    84.69    21.56     0.46  9999.00  9999.00  9999.00
 00038   987.12    23.15    94.95     4.18    74.00    11.79     5.02  9999.00  9999.00  9999.00
 00039  1000.61    24.09    90.72    10.49    42.30     5.23    18.37  9999.00  9999.00  9999.00
 00040   997.28    24.47    91.07     9.79    54.92    22.82     2.88  9999.00  9999.00  9999.00
 00041   966.82    21.23    77.71     2.29    30.77    24.28     0.00  9999.00  9999.00  9999.00
 00042  1008.07    22.91    78.44     3.13    56.29    24.36     0.00  9999.00  9999.00  9999.00
 00043   996.09    25.44    72.89     4.22    15.17    26.05     0.00  9999.00  9999.00  9999.00
 00044   978.75    23.72    71.30     3.70    55.48    24.62    -0.00  9999.00  9999.00  9999.00
 00045   997.28    24.47    91.07     9.79    54.92    22.82     2.88  9999.00  9999.00  9999.00
 00046   934.74    22.27    98.87     1.25    67.34     2.20    11.85  9999.00  9999.00  9999.00
 00047   995.75    24.62    82.36     2.94    40.32    23.69     0.36  9999.00  9999.00  9999.00
 00048   607.15    12.98    42.04     2.03    43.39    29.19     0.00  9999.00  9999.00  9999.00
 00049   579.77     6.53    85.69     1.36   218.87    22.57     2.20  9999.00  9999.00  9999.00
 00050   993.33    23.34    89.71     7.93    40.45     9.98     5.25  9999.00  9999.00  9999.00
