stn_id       p       t2      rh2      spd      dir      vis    rain6   rain24   tmax24   tmin24 
 00001   967.58    25.48    74.59     1.07   115.89    25.68     0.24     0.75    28.53    19.48
 00002   991.71    21.89    68.84     1.63   174.36    25.03     0.00     0.00    26.79    16.70
 00003   901.68    16.52    83.11     1.65   329.91    24.46     1.35     1.51    23.34    12.25
 00004   835.14    11.91    81.92     1.74    67.76    24.57     1.58     3.26    19.18     8.04
 00005   869.92    18.28    34.59     3.04    49.02    27.15     0.00     0.01    23.96    10.30
 00006   881.67    18.20    35.25     3.24    53.14    28.13     0.01     0.01    23.41    11.91
 00007   997.25    18.66    84.55     4.21    10.81    18.34     1.29    17.37    21.14    17.87
 00008   983.23    15.97    81.07     4.09    34.13    26.28     0.00     8.45    19.87    15.98
 00009   951.18    15.74    53.27     3.42   109.35    37.26     0.00     0.00    23.67     7.24
 00010   966.20    11.52    99.10     3.53   112.63     7.14    12.19    48.88    13.93    11.48
 00011   993.05    16.19    93.97     5.60    63.97     6.01     5.35    10.06    19.85    16.09
 00012  1006.38    21.24    67.70     2.22   276.83    23.89     0.00     0.00    27.49    18.11
 00013  1006.62    21.29    82.29     1.66    30.46    23.75     0.08     0.57    24.24    19.61
 00014  1002.84    21.14    92.35     1.58    29.06     6.76     5.96    13.52    23.18    20.86
 00015   991.60    20.35    72.32     2.29   145.90    20.28     0.00     0.00    25.59    15.64
 00016   951.60    24.58    55.19     1.03   141.49    25.20     0.00     0.02    27.29    14.28
 00017   993.44    24.10    63.64     1.54    93.43    23.45     0.00     0.00    27.64    17.09
 00018  1005.43    22.36    76.97     1.71    61.06    23.70     0.04     0.35    25.26    19.03
 00019   934.28    22.11    84.16     1.05   309.58    20.89     0.78     1.20    24.95    19.98
 00020  1009.03    19.51    92.56     2.71    32.68    17.68     5.34    28.92    23.20    19.48
 00021   886.99    22.74    38.03     2.95   334.15    27.31     0.00     0.01    25.61    15.95
 00022  1009.23    22.20    68.84     1.83   319.79    21.45     0.00     0.00    27.21    17.83
 00023   912.08    25.14    36.34     3.92    76.12    23.23     0.00     0.05    25.76    12.35
 00024   936.99    26.63    26.27     4.05   305.87    25.44     0.00     1.27    27.25    15.95
 00025   793.56    16.83    80.35     0.81    26.43    24.64     0.00     0.00    17.92    14.76
 00026  1003.34    23.14    74.05     3.59    18.00    25.72     0.01     0.31    26.44    21.21
 00027  1000.11    23.45    68.05     3.53   144.34    25.97     0.00     0.11    26.58    18.99
 00028   970.79    20.68    70.53     1.94    52.11    25.25     0.00     0.00    25.60    17.13
 00029   998.07    24.84    82.92     1.91    25.76    24.98     3.05     7.77    26.44    21.97
 00030   989.26    24.99    71.09     1.92    31.45    29.79     0.00     0.00    28.46    21.47
 00031   572.46    12.72    40.43     1.39   167.69    24.23     0.09     0.09    14.28     0.98
 00032   970.05    21.74    93.36     1.49    42.11    23.36     0.71    17.18    24.85    20.68
 00033  1001.64    23.65    84.37     3.67    17.90     3.95     2.00     8.36    23.87    21.39
 00034  1002.73    27.31    85.32     4.53   277.10    28.97     3.82     9.72    28.69    26.68
 00035  1000.55    24.15    85.13     3.47   182.10    21.19     0.13     2.42    27.10    23.79
 00036   775.55    16.09    75.48     0.80   274.45    24.33     0.00     0.01    18.03    10.80
 00037   960.59    21.81    95.03     1.02   159.85    19.73     1.79    37.02    24.60    20.81
 00038   986.64    23.13    95.86     1.41   341.71     3.35     2.28     8.68    26.07    23.16
 00039  1000.10    24.06    86.61     8.58    32.18    24.93     0.46     6.31    26.01    24.05
 00040   997.37    25.41    88.20     4.91    51.19    19.11     1.85     8.46    27.39    24.93
 00041   965.52    20.45    82.76     2.13    12.73    23.75     0.10     0.86    23.03    17.89
 00042  1006.52    22.01    80.16     2.35    21.28    24.32     0.07     0.63    24.89    20.41
 00043   996.82    23.35    73.62     2.71    23.45    26.27     0.06     0.58    26.18    21.47
 00044   978.48    21.13    84.87     2.09    45.35    10.79     1.11     1.69    23.40    19.86
 00045   997.37    25.41    88.20     4.91    51.19    19.11     1.85     8.46    27.39    24.93
 00046   935.50    18.94    96.10     2.13    28.23     9.73     1.99     9.56    19.86    17.40
 00047   995.02    22.53    84.51     3.01   165.57    23.65     0.00    15.97    24.11    21.44
 00048   602.76    13.76    56.59     1.56   193.79    28.98     0.00     0.07    16.15     5.75
 00049   577.28     6.05    88.96     2.05   208.56    23.55     0.22     0.48    11.06     2.02
 00050   992.75    23.45    87.36     4.74    30.19    24.68     0.82     7.37    26.78    23.45
