stn_id       p       t2      rh2      spd      dir      vis    rain6   rain24   tmax24   tmin24 
 00001   982.04    16.55    79.89     1.58   297.14    20.61  9999.00  9999.00  9999.00  9999.00
 00002  1010.54     0.35    17.13     2.89   278.29    24.89  9999.00  9999.00  9999.00  9999.00
 00003   911.98    -5.09    12.49     5.08   304.34    23.26  9999.00  9999.00  9999.00  9999.00
 00004   838.48   -13.63    23.42     4.47   311.77    22.95  9999.00  9999.00  9999.00  9999.00
 00005   877.05   -13.34    27.28     4.67   323.80    24.98  9999.00  9999.00  9999.00  9999.00
 00006   888.13   -15.93    38.79     7.02   301.90    25.94  9999.00  9999.00  9999.00  9999.00
 00007  1005.17    -4.42    55.04     6.18   321.63    23.80  9999.00  9999.00  9999.00  9999.00
 00008   985.32    -9.67    75.21     6.06   316.03    26.33  9999.00  9999.00  9999.00  9999.00
 00009   952.34   -19.62    60.31     3.28   336.28    44.13  9999.00  9999.00  9999.00  9999.00
 00010   955.73    -1.82    54.98     5.62   291.59    29.69  9999.00  9999.00  9999.00  9999.00
 00011   989.55   -10.81    80.02     7.90   351.08    24.80  9999.00  9999.00  9999.00  9999.00
 00012  1025.62    -3.36    17.54     7.61   325.78    24.93  9999.00  9999.00  9999.00  9999.00
 00013  1021.80    10.79    38.88     6.63   332.74    19.61  9999.00  9999.00  9999.00  9999.00
 00014  1015.72    16.77    54.63     4.82   329.95    18.84  9999.00  9999.00  9999.00  9999.00
 00015  1008.86     0.07    18.84     6.64   327.95    21.29  9999.00  9999.00  9999.00  9999.00
 00016   970.23     4.35    36.20     3.09    64.33    21.30  9999.00  9999.00  9999.00  9999.00
 00017  1013.26     4.92    20.42     6.19   314.55    20.35  9999.00  9999.00  9999.00  9999.00
 00018  1022.34    10.67    33.29     6.93   339.69    19.18  9999.00  9999.00  9999.00  9999.00
 00019   946.57    12.32    66.92     1.14   134.05    25.00  9999.00  9999.00  9999.00  9999.00
 00020  1020.34    14.98    47.73     6.63   311.46    19.48  9999.00  9999.00  9999.00  9999.00
 00021   889.22    -7.02    78.14     1.68   193.43    31.84  9999.00  9999.00  9999.00  9999.00
 00022  1028.17    -3.17    18.27     8.95   325.51    23.64  9999.00  9999.00  9999.00  9999.00
 00023   916.93    -0.95    52.78     0.96   184.25    31.26  9999.00  9999.00  9999.00  9999.00
 00024   944.13    -5.58    52.26     6.28   110.52    32.94  9999.00  9999.00  9999.00  9999.00
 00025   800.03    12.30    93.58     1.02    74.88     4.05  9999.00  9999.00  9999.00  9999.00
 00026  1019.50    16.37    63.67     5.72    60.04    18.44  9999.00  9999.00  9999.00  9999.00
 00027  1016.62    15.45    48.58     6.17    10.87    18.84  9999.00  9999.00  9999.00  9999.00
 00028   984.81    14.57    78.06     4.29    31.90     8.70  9999.00  9999.00  9999.00  9999.00
 00029  1012.43    24.31    58.62     2.76    25.02    21.03  9999.00  9999.00  9999.00  9999.00
 00030  1002.75    22.20    75.82     2.28   191.18    22.48  9999.00  9999.00  9999.00  9999.00
 00031   575.24    -3.03    19.82     1.01    97.15    34.01  9999.00  9999.00  9999.00  9999.00
 00032   982.60    21.62    53.33     1.64   217.95    17.74  9999.00  9999.00  9999.00  9999.00
 00033  1014.59    20.62    87.62     5.21    80.70    12.35  9999.00  9999.00  9999.00  9999.00
 00034  1014.37    27.49    66.71     9.10    44.44    27.54  9999.00  9999.00  9999.00  9999.00
 00035  1013.74    24.68    75.78     4.70    49.54    16.23  9999.00  9999.00  9999.00  9999.00
 00036   781.31     9.27    88.42     0.55   316.26    15.66  9999.00  9999.00  9999.00  9999.00
 00037   972.93    21.26    55.98     1.67   216.55    17.65  9999.00  9999.00  9999.00  9999.00
 00038  1000.44    23.21    54.54     0.89   206.85    20.03  9999.00  9999.00  9999.00  9999.00
 00039  1014.13    22.84    61.94     3.89    44.11    19.64  9999.00  9999.00  9999.00  9999.00
 00040  1011.68    24.05    59.92     2.61    32.13    20.91  9999.00  9999.00  9999.00  9999.00
 00041   979.01    11.50    62.98     4.28   348.61    17.88  9999.00  9999.00  9999.00  9999.00
 00042  1022.37    12.14    46.05     5.63   333.54    19.11  9999.00  9999.00  9999.00  9999.00
 00043  1012.31    17.12    59.82     5.70    22.30    18.86  9999.00  9999.00  9999.00  9999.00
 00044   992.13    16.43    82.28     0.96   124.17    18.01  9999.00  9999.00  9999.00  9999.00
 00045  1011.68    24.05    59.92     2.61    32.13    20.91  9999.00  9999.00  9999.00  9999.00
 00046   947.68    18.38    65.36     3.97    26.33    18.52  9999.00  9999.00  9999.00  9999.00
 00047  1007.49    20.32    63.35     3.33   346.20    18.55  9999.00  9999.00  9999.00  9999.00
 00048   609.11    -8.92    31.61     1.32    90.35    35.60  9999.00  9999.00  9999.00  9999.00
 00049   578.66    -3.89    20.29     1.47    21.06    28.16  9999.00  9999.00  9999.00  9999.00
 00050  1006.24    24.50    43.25     2.58    41.44    19.07  9999.00  9999.00  9999.00  9999.00
