stn_id       p       t2      rh2      spd      dir      vis    rain6   rain24   tmax24   tmin24 
 00001   978.77    14.11    82.96     1.09   303.87    21.25  9999.00  9999.00  9999.00  9999.00
 00002  1007.20    -0.73    21.19     5.40   320.24    24.81  9999.00  9999.00  9999.00  9999.00
 00003   910.28    -8.34    24.25     6.12   333.11    23.22  9999.00  9999.00  9999.00  9999.00
 00004   837.66   -16.78    39.16     6.21   311.25    22.92  9999.00  9999.00  9999.00  9999.00
 00005   876.69   -17.39    44.39     4.78   317.99    24.95  9999.00  9999.00  9999.00  9999.00
 00006   887.29   -18.11    51.81     8.06   306.50    25.87  9999.00  9999.00  9999.00  9999.00
 00007  1002.79    -4.01    77.94     5.28   325.57    27.25  9999.00  9999.00  9999.00  9999.00
 00008   983.24    -8.45    89.17     5.07   306.87    26.59  9999.00  9999.00  9999.00  9999.00
 00009   952.93   -21.89    71.56     1.83   349.93    44.06  9999.00  9999.00  9999.00  9999.00
 00010   954.89    -1.83    82.71     5.59   277.78    31.82  9999.00  9999.00  9999.00  9999.00
 00011   986.71    -8.14    88.88     6.37   350.06    19.22  9999.00  9999.00  9999.00  9999.00
 00012  1021.28    -3.69    23.66     8.26   317.55    24.83  9999.00  9999.00  9999.00  9999.00
 00013  1016.04     8.17    91.36     2.49   312.81    19.55  9999.00  9999.00  9999.00  9999.00
 00014  1011.62     9.23    93.81     1.71   273.58    18.75  9999.00  9999.00  9999.00  9999.00
 00015  1003.86     2.68    33.61     6.95   334.01    21.20  9999.00  9999.00  9999.00  9999.00
 00016   969.65     0.15    49.84     1.77   171.85    21.27  9999.00  9999.00  9999.00  9999.00
 00017  1009.21     5.28    25.77     6.51   313.55    20.28  9999.00  9999.00  9999.00  9999.00
 00018  1016.25     7.99    87.19     3.75   305.06    19.12  9999.00  9999.00  9999.00  9999.00
 00019   943.85    13.08    82.91     1.34   321.78    16.98  9999.00  9999.00  9999.00  9999.00
 00020  1016.35    11.28    95.04     3.82   301.16    19.43  9999.00  9999.00  9999.00  9999.00
 00021   890.32    -9.18    82.90     2.81   156.48    34.94  9999.00  9999.00  9999.00  9999.00
 00022  1023.33    -2.10    24.20     9.00   317.92    23.54  9999.00  9999.00  9999.00  9999.00
 00023   913.51    -2.57    57.51     1.27   109.98    31.15  9999.00  9999.00  9999.00  9999.00
 00024   945.68    -7.46    55.34     6.29   116.66    32.96  9999.00  9999.00  9999.00  9999.00
 00025   797.68     8.09    99.62     1.11   216.78     1.49  9999.00  9999.00  9999.00  9999.00
 00026  1014.70    15.28    91.00     2.69   139.63    15.94  9999.00  9999.00  9999.00  9999.00
 00027  1011.55    14.99    96.43     3.84   347.67    18.76  9999.00  9999.00  9999.00  9999.00
 00028   979.91    13.82    98.53     2.20    13.03     7.90  9999.00  9999.00  9999.00  9999.00
 00029  1009.69    14.59    93.73     1.60    15.08    20.97  9999.00  9999.00  9999.00  9999.00
 00030   999.59    15.04    97.44     1.52     9.51    19.67  9999.00  9999.00  9999.00  9999.00
 00031   574.56    -5.90    17.39     0.57   168.89    33.97  9999.00  9999.00  9999.00  9999.00
 00032   979.96     8.27    93.42     1.99   305.46    17.68  9999.00  9999.00  9999.00  9999.00
 00033  1011.17    20.70    96.21     2.94    89.14     0.41  9999.00  9999.00  9999.00  9999.00
 00034  1011.22    26.87    71.63     8.75    40.76    27.51  9999.00  9999.00  9999.00  9999.00
 00035  1010.21    22.26    87.10     2.50    51.26    16.12  9999.00  9999.00  9999.00  9999.00
 00036   779.04     3.73    97.98     0.96    75.70     3.98  9999.00  9999.00  9999.00  9999.00
 00037   970.30     7.46    94.49     1.58   307.36    17.58  9999.00  9999.00  9999.00  9999.00
 00038   998.16    14.11    96.08     1.52   312.55    10.77  9999.00  9999.00  9999.00  9999.00
 00039  1011.33    18.41    87.27     3.59   344.73    19.62  9999.00  9999.00  9999.00  9999.00
 00040  1009.22    17.24    90.54     2.82   350.64    20.88  9999.00  9999.00  9999.00  9999.00
 00041   974.58    11.14    95.37     1.33   324.95    17.83  9999.00  9999.00  9999.00  9999.00
 00042  1016.79    10.82    94.73     3.23   298.53    19.06  9999.00  9999.00  9999.00  9999.00
 00043  1007.97    12.85    99.14     1.51    25.57     6.92  9999.00  9999.00  9999.00  9999.00
 00044   988.72     8.51    98.70     0.81   245.45     4.24  9999.00  9999.00  9999.00  9999.00
 00045  1009.22    17.24    90.54     2.82   350.64    20.88  9999.00  9999.00  9999.00  9999.00
 00046   944.79     9.33    88.49     2.01    35.09    18.46  9999.00  9999.00  9999.00  9999.00
 00047  1004.39    11.48    94.70     2.99   315.03    11.35  9999.00  9999.00  9999.00  9999.00
 00048   608.17   -12.06    74.73     1.48   129.38    33.85  9999.00  9999.00  9999.00  9999.00
 00049   577.53    -9.56    71.35     1.36    22.81    28.15  9999.00  9999.00  9999.00  9999.00
 00050  1003.62    12.15    90.08     2.29   326.71    19.03  9999.00  9999.00  9999.00  9999.00
