stn_id       p       t2      rh2      spd      dir      vis    rain6   rain24   tmax24   tmin24 
 00001   959.64    27.87    70.00     1.11   293.57    26.81     0.10  9999.00  9999.00  9999.00
 00002   980.85    36.16    14.45     1.12    81.47    24.79     0.00  9999.00  9999.00  9999.00
 00003   893.69    30.09    16.95     0.93   117.49    23.76     0.00  9999.00  9999.00  9999.00
 00004   828.75    23.71    28.88     2.39   301.52    22.19     0.00  9999.00  9999.00  9999.00
 00005   861.00    26.98    22.72     4.91   235.05    21.91     0.00  9999.00  9999.00  9999.00
 00006   868.91    28.51    15.28     6.65   279.39    20.97     0.00  9999.00  9999.00  9999.00
 00007   987.17    27.34    44.21     2.01   287.70    22.82     7.24  9999.00  9999.00  9999.00
 00008   970.73    24.52    62.19     3.06   244.87    23.67    17.53  9999.00  9999.00  9999.00
 00009   929.97    19.00    99.44     3.66   112.73     1.10     5.57  9999.00  9999.00  9999.00
 00010   951.62    24.70    77.25     3.40   108.89    22.98     1.53  9999.00  9999.00  9999.00
 00011   978.33    20.67    85.27     3.32   153.35     2.50    10.25  9999.00  9999.00  9999.00
 00012   994.75    35.62    13.68     2.12   268.67    22.49     0.00  9999.00  9999.00  9999.00
 00013   997.05    30.24    76.09     3.25   253.39    15.20     4.78  9999.00  9999.00  9999.00
 00014   994.82    34.06    56.08     3.45   224.25    28.09     0.00  9999.00  9999.00  9999.00
 00015   980.79    35.19    17.98     3.23   355.30    23.01     0.00  9999.00  9999.00  9999.00
 00016   943.25    29.84    50.00     1.47   146.75    25.22     0.00  9999.00  9999.00  9999.00
 00017   982.26    35.41    34.98     3.76    84.95    25.79     0.01  9999.00  9999.00  9999.00
 00018   996.39    28.91    82.44     3.91   267.45     4.63    13.89  9999.00  9999.00  9999.00
 00019   925.53    30.40    50.00     0.43   104.49    27.66     0.01  9999.00  9999.00  9999.00
 00020  1000.67    31.13    73.51     1.58   171.36    25.49     3.69  9999.00  9999.00  9999.00
 00021   884.84    25.47    29.96     5.21   183.95    25.27     0.00  9999.00  9999.00  9999.00
 00022   998.02    35.15    12.77     3.53   324.83    21.98     0.00  9999.00  9999.00  9999.00
 00023   912.80    23.38    25.45     6.95   283.31    22.48     0.00  9999.00  9999.00  9999.00
 00024   935.11    24.13    27.95     7.31   298.25    24.25     0.00  9999.00  9999.00  9999.00
 00025   790.35    23.90    61.53     3.69   255.89    25.60     0.49  9999.00  9999.00  9999.00
 00026   996.98    32.80    63.02     4.87   220.21    28.78     0.06  9999.00  9999.00  9999.00
 00027   992.57    32.24    63.14     5.34   210.16    28.47     0.04  9999.00  9999.00  9999.00
 00028   962.60    30.46    66.35     5.83   200.49    26.96     0.09  9999.00  9999.00  9999.00
 00029   999.00    31.21    63.73     2.06   242.92    28.84     0.09  9999.00  9999.00  9999.00
 00030   987.10    31.12    70.53     4.07   182.52    28.50     1.04  9999.00  9999.00  9999.00
 00031   574.38    14.34    40.46     1.77   201.57    22.27     0.30  9999.00  9999.00  9999.00
 00032   968.90    30.47    61.87     2.43   211.71    22.09     0.16  9999.00  9999.00  9999.00
 00033  1001.61    23.63    97.53     1.01   191.06     0.23     0.03  9999.00  9999.00  9999.00
 00034  1005.16    28.11    82.75     2.68   269.40    30.17     0.12  9999.00  9999.00  9999.00
 00035  1000.75    32.29    61.83     1.81   248.30    21.32     0.28  9999.00  9999.00  9999.00
 00036   770.24    23.60    62.90     2.25   192.84    24.60     0.86  9999.00  9999.00  9999.00
 00037   959.59    31.42    59.97     1.84   218.05    22.42     0.23  9999.00  9999.00  9999.00
 00038   987.51    29.59    75.29     2.63   161.52    12.39     1.90  9999.00  9999.00  9999.00
 00039  1000.49    27.86    83.73     5.66   181.02    25.59     0.10  9999.00  9999.00  9999.00
 00040   999.12    28.21    83.76     3.13   157.11    23.51     3.24  9999.00  9999.00  9999.00
 00041   959.17    30.02    66.85     3.49   230.13    27.57     0.56  9999.00  9999.00  9999.00
 00042   997.72    31.55    70.77     3.59   251.62    16.32     1.80  9999.00  9999.00  9999.00
 00043   991.21    32.36    65.06     4.49   215.75    29.21     0.66  9999.00  9999.00  9999.00
 00044   973.94    31.97    60.48     2.80   248.26    27.04     0.13  9999.00  9999.00  9999.00
 00045   999.12    28.21    83.76     3.13   157.11    23.51     3.24  9999.00  9999.00  9999.00
 00046   934.70    29.31    63.54     2.49   228.77    26.80     0.53  9999.00  9999.00  9999.00
 00047   992.26    27.19    86.87     3.72   159.07    22.38     0.20  9999.00  9999.00  9999.00
 00048   604.76    15.29    44.51     1.74   190.31    26.34     0.08  9999.00  9999.00  9999.00
 00049   578.65     9.50    69.96     2.88   212.83    20.15     0.43  9999.00  9999.00  9999.00
 00050   992.67    30.12    73.74     4.40   187.38    23.53     0.97  9999.00  9999.00  9999.00
