stn_id       p       t2      rh2      spd      dir      vis    rain6   rain24   tmax24   tmin24 
 00001   984.48    11.03    82.89     0.54   106.04    21.12  9999.00  9999.00  9999.00  9999.00
 00002   997.86     3.23    51.74     2.86   280.90    24.44  9999.00  9999.00  9999.00  9999.00
 00003   907.24    -3.41    47.77     1.72   278.16    22.93  9999.00  9999.00  9999.00  9999.00
 00004   837.76    -3.90    39.23     2.13   242.00    22.64  9999.00  9999.00  9999.00  9999.00
 00005   873.36    -5.25    45.92     1.70   110.86    24.49  9999.00  9999.00  9999.00  9999.00
 00006   882.84    -2.40    44.25     4.62   272.06    25.17  9999.00  9999.00  9999.00  9999.00
 00007  1002.98    -0.70    79.21     4.61   189.00    27.43  9999.00  9999.00  9999.00  9999.00
 00008   984.47    -7.23    74.40     6.23   210.99    31.28  9999.00  9999.00  9999.00  9999.00
 00009   939.79   -12.31    89.78     2.49   286.77    42.52  9999.00  9999.00  9999.00  9999.00
 00010   962.78    -6.56    68.25     3.20   270.05    31.26  9999.00  9999.00  9999.00  9999.00
 00011   991.11   -11.68    85.97     6.83   203.62    34.85  9999.00  9999.00  9999.00  9999.00
 00012  1013.71    -1.47    84.05     1.93   346.89    24.21  9999.00  9999.00  9999.00  9999.00
 00013  1021.98     5.95    57.92     2.85   192.22    19.25  9999.00  9999.00  9999.00  9999.00
 00014  1020.19     2.66    80.96     1.83   206.75    18.45  9999.00  9999.00  9999.00  9999.00
 00015   999.08     6.57    68.27     4.88   198.48    20.83  9999.00  9999.00  9999.00  9999.00
 00016   963.05     3.06    91.20     1.65   180.41    20.84  9999.00  9999.00  9999.00  9999.00
 00017  1002.74     7.61    66.20     3.15   246.13    19.87  9999.00  9999.00  9999.00  9999.00
 00018  1020.15     8.10    60.62     3.34   190.65    18.83  9999.00  9999.00  9999.00  9999.00
 00019   948.13     9.36    93.04     1.16   273.32    24.03  9999.00  9999.00  9999.00  9999.00
 00020  1025.71     2.78    76.30     2.12   216.79    19.15  9999.00  9999.00  9999.00  9999.00
 00021   890.09    -1.90    68.51     4.89   151.25    34.19  9999.00  9999.00  9999.00  9999.00
 00022  1016.27     0.68    84.26     2.24   260.12    23.01  9999.00  9999.00  9999.00  9999.00
 00023   914.69     1.64    68.45     2.09   241.76    30.74  9999.00  9999.00  9999.00  9999.00
 00024   941.77     0.08    69.39     7.36   110.48    32.73  9999.00  9999.00  9999.00  9999.00
 00025   802.72     6.78    78.94     0.88    56.35    19.51  9999.00  9999.00  9999.00  9999.00
 00026  1021.72    10.05    75.18     1.31   141.51    18.45  9999.00  9999.00  9999.00  9999.00
 00027  1016.82    12.63    77.44     1.79   182.79    18.73  9999.00  9999.00  9999.00  9999.00
 00028   985.20    12.00    85.23     0.55   198.51    18.60  9999.00  9999.00  9999.00  9999.00
 00029  1018.62    12.05    80.51     1.96    32.11    21.13  9999.00  9999.00  9999.00  9999.00
 00030  1007.61    12.29    79.34     2.45    54.74    22.57  9999.00  9999.00  9999.00  9999.00
 00031   577.00    -3.44    12.47     1.25   223.40    33.94  9999.00  9999.00  9999.00  9999.00
 00032   989.33     6.75    75.01     1.59   333.12    17.71  9999.00  9999.00  9999.00  9999.00
 00033  1019.41    19.71    67.01     7.92    64.62    24.00  9999.00  9999.00  9999.00  9999.00
 00034  1017.85    25.66    76.70    11.71    44.40    17.02  9999.00  9999.00  9999.00  9999.00
 00035  1018.22    21.25    66.33     4.40    43.01    24.17  9999.00  9999.00  9999.00  9999.00
 00036   783.16     6.38    96.50     0.38    55.66    19.38  9999.00  9999.00  9999.00  9999.00
 00037   979.38     6.53    73.94     1.07   255.70    17.61  9999.00  9999.00  9999.00  9999.00
 00038  1007.23    11.61    53.10     1.16   120.08    20.07  9999.00  9999.00  9999.00  9999.00
 00039  1020.72    16.90    58.80     8.69    29.81    19.67  9999.00  9999.00  9999.00  9999.00
 00040  1018.49    15.61    59.91     6.14    28.93    20.99  9999.00  9999.00  9999.00  9999.00
 00041   980.60     4.93    63.54     1.42   194.08    17.55  9999.00  9999.00  9999.00  9999.00
 00042  1022.54     5.07    64.79     2.29   180.75    18.74  9999.00  9999.00  9999.00  9999.00
 00043  1015.17     9.97    82.25     1.36   107.72    18.72  9999.00  9999.00  9999.00  9999.00
 00044   996.09     6.48    69.40     0.37   253.51    17.95  9999.00  9999.00  9999.00  9999.00
 00045  1018.49    15.61    59.91     6.14    28.93    20.99  9999.00  9999.00  9999.00  9999.00
 00046   951.95     4.93    84.29     1.44    73.34    18.46  9999.00  9999.00  9999.00  9999.00
 00047  1014.76     8.22    68.31     2.48   162.91    18.39  9999.00  9999.00  9999.00  9999.00
 00048   610.08    -6.52    81.24     1.59   131.64    31.30  9999.00  9999.00  9999.00  9999.00
 00049   580.40    -5.71    89.74     1.25    22.30    28.34  9999.00  9999.00  9999.00  9999.00
 00050  1013.25    12.01    57.61     3.95    29.34    19.10  9999.00  9999.00  9999.00  9999.00
