stn_id       p       t2      rh2      spd      dir      vis    rain6   rain24   tmax24   tmin24 
 00001   978.89    15.53    71.40     0.84    59.57    21.08  9999.00  9999.00  9999.00  9999.00
 00002  1000.42    10.06    49.05     1.97   145.10    24.54  9999.00  9999.00  9999.00  9999.00
 00003   905.92     7.33    30.30     1.12   189.77    22.95  9999.00  9999.00  9999.00  9999.00
 00004   836.33     4.76    20.28     1.73   254.30    22.66  9999.00  9999.00  9999.00  9999.00
 00005   872.07     1.53    32.36     1.05   192.67    24.53  9999.00  9999.00  9999.00  9999.00
 00006   880.70     0.48    30.02     3.02   201.09    25.23  9999.00  9999.00  9999.00  9999.00
 00007  1009.67    -1.96    79.58     2.09   289.70    27.75  9999.00  9999.00  9999.00  9999.00
 00008   991.09    -7.34    90.00     4.00   236.77    31.64  9999.00  9999.00  9999.00  9999.00
 00009   940.57   -10.94    81.68     2.78   241.73    42.75  9999.00  9999.00  9999.00  9999.00
 00010   964.26    -3.78    69.99     5.86   292.13    31.49  9999.00  9999.00  9999.00  9999.00
 00011   995.48    -8.25    87.87     5.41   249.97    35.19  9999.00  9999.00  9999.00  9999.00
 00012  1016.40     7.47    55.62     2.09   228.51    24.35  9999.00  9999.00  9999.00  9999.00
 00013  1016.94    11.50    81.43     2.70   226.20    19.28  9999.00  9999.00  9999.00  9999.00
 00014  1014.49    14.21    58.91     2.10   189.60    18.47  9999.00  9999.00  9999.00  9999.00
 00015  1000.61     9.34    55.53     2.19    23.85    20.91  9999.00  9999.00  9999.00  9999.00
 00016   958.93    12.38    70.70     0.85   331.71    20.87  9999.00  9999.00  9999.00  9999.00
 00017  1001.78    13.67    55.70     1.78   155.96    19.93  9999.00  9999.00  9999.00  9999.00
 00018  1015.65    12.83    79.18     2.40   194.07    18.87  9999.00  9999.00  9999.00  9999.00
 00019   942.58    12.68    78.70     0.91   157.20    22.84  9999.00  9999.00  9999.00  9999.00
 00020  1020.23    10.46    71.42     3.09   218.50    19.16  9999.00  9999.00  9999.00  9999.00
 00021   896.84     5.98    58.50     2.01   296.86    36.55  9999.00  9999.00  9999.00  9999.00
 00022  1019.40     9.69    46.12     2.01   132.82    23.14  9999.00  9999.00  9999.00  9999.00
 00023   924.70     3.76    88.78     1.77   253.29    19.89  9999.00  9999.00  9999.00  9999.00
 00024   948.88     0.29    87.89     1.49   111.90    32.85  9999.00  9999.00  9999.00  9999.00
 00025   799.10    13.69    60.02     3.90   294.13    19.48  9999.00  9999.00  9999.00  9999.00
 00026  1016.37    14.81    74.89     1.80   161.36    18.43  9999.00  9999.00  9999.00  9999.00
 00027  1011.19    16.84    77.38     1.63   157.29    18.70  9999.00  9999.00  9999.00  9999.00
 00028   979.92    16.84    76.17     1.02   174.43    18.54  9999.00  9999.00  9999.00  9999.00
 00029  1013.68    19.21    66.73     0.72   306.06    21.05  9999.00  9999.00  9999.00  9999.00
 00030  1002.65    20.10    58.71     0.91    74.69    22.49  9999.00  9999.00  9999.00  9999.00
 00031   575.26     6.45     8.97     3.53   266.35    33.90  9999.00  9999.00  9999.00  9999.00
 00032   984.58    13.28    61.46     1.43    97.40    17.67  9999.00  9999.00  9999.00  9999.00
 00033  1015.29    19.93    74.66     5.75    55.68    23.94  9999.00  9999.00  9999.00  9999.00
 00034  1014.26    26.56    71.97    10.17    52.19    24.88  9999.00  9999.00  9999.00  9999.00
 00035  1014.14    22.69    74.45     4.11    25.40    24.11  9999.00  9999.00  9999.00  9999.00
 00036   779.64    11.46    62.16     1.17   177.00    20.93  9999.00  9999.00  9999.00  9999.00
 00037   974.53    13.68    60.84     1.41   112.62    17.57  9999.00  9999.00  9999.00  9999.00
 00038  1001.80    18.91    51.03     0.62   199.47    20.00  9999.00  9999.00  9999.00  9999.00
 00039  1016.13    19.28    60.03     7.19    47.74    19.63  9999.00  9999.00  9999.00  9999.00
 00040  1013.44    20.68    51.97     4.39    58.62    20.91  9999.00  9999.00  9999.00  9999.00
 00041   975.97    14.22    54.92     1.57   204.09    17.57  9999.00  9999.00  9999.00  9999.00
 00042  1017.44    11.96    77.15     2.91   239.71    18.77  9999.00  9999.00  9999.00  9999.00
 00043  1009.76    16.90    54.38     0.66    64.03    18.68  9999.00  9999.00  9999.00  9999.00
 00044   991.14    15.53    50.54     0.53   128.07    17.93  9999.00  9999.00  9999.00  9999.00
 00045  1013.44    20.68    51.97     4.39    58.62    20.91  9999.00  9999.00  9999.00  9999.00
 00046   947.55    14.29    65.44     1.35    26.53    18.43  9999.00  9999.00  9999.00  9999.00
 00047  1009.69    13.98    60.07     2.22   138.63    18.37  9999.00  9999.00  9999.00  9999.00
 00048   608.65    -0.67    42.44     1.77    90.83    35.45  9999.00  9999.00  9999.00  9999.00
 00049   579.79     2.07    48.55     2.47   210.51    28.31  9999.00  9999.00  9999.00  9999.00
 00050  1008.45    17.87    46.39     4.08    59.66    19.04  9999.00  9999.00  9999.00  9999.00
