stn_id       p       t2      rh2      spd      dir      vis    rain6   rain24   tmax24   tmin24 
 00001   962.12    32.35    54.72     1.86    95.95    25.40  9999.00  9999.00  9999.00  9999.00
 00002   988.76    23.04    92.12     1.54    53.83     3.73  9999.00  9999.00  9999.00  9999.00
 00003   897.95    21.99    71.07     1.65   168.61    23.81  9999.00  9999.00  9999.00  9999.00
 00004   831.63    17.92    79.89     2.26   134.72    18.03  9999.00  9999.00  9999.00  9999.00
 00005   865.78    25.09    33.88     1.01   123.13    26.63  9999.00  9999.00  9999.00  9999.00
 00006   876.43    26.24    15.85     0.45   172.91    27.30  9999.00  9999.00  9999.00  9999.00
 00007  1001.39    22.77    83.47     1.04    45.07    11.65  9999.00  9999.00  9999.00  9999.00
 00008   986.86    21.72    63.53     1.44    49.45    26.82  9999.00  9999.00  9999.00  9999.00
 00009   938.63    13.84    82.45     2.08   260.47    33.68  9999.00  9999.00  9999.00  9999.00
 00010   966.15    20.52    94.92     0.31    52.36    19.26  9999.00  9999.00  9999.00  9999.00
 00011   994.23    21.98    65.09     1.98    68.34    27.93  9999.00  9999.00  9999.00  9999.00
 00012  1006.79    21.57    93.28     1.89    59.48     1.27  9999.00  9999.00  9999.00  9999.00
 00013  1005.13    26.94    60.64     3.17   124.76    23.74  9999.00  9999.00  9999.00  9999.00
 00014  1002.66    25.21    64.86     3.61    83.55    25.22  9999.00  9999.00  9999.00  9999.00
 00015   988.60    29.00    51.08     1.89   181.75    20.01  9999.00  9999.00  9999.00  9999.00
 00016   946.18    29.16    60.84     2.29   244.58    24.82  9999.00  9999.00  9999.00  9999.00
 00017   987.67    29.92    56.81     3.51   148.61    22.80  9999.00  9999.00  9999.00  9999.00
 00018  1002.72    29.01    54.50     3.81   103.34    23.36  9999.00  9999.00  9999.00  9999.00
 00019   928.82    25.79    80.91     1.11   251.66    25.94  9999.00  9999.00  9999.00  9999.00
 00020  1009.23    23.90    74.56     3.06    84.73    22.83  9999.00  9999.00  9999.00  9999.00
 00021   889.41    21.57    40.00     4.15   187.53    26.82  9999.00  9999.00  9999.00  9999.00
 00022  1008.78    22.31    88.77     3.75    77.83     3.10  9999.00  9999.00  9999.00  9999.00
 00023   916.30    21.06    42.37     1.52    79.82    23.19  9999.00  9999.00  9999.00  9999.00
 00024   940.39    21.47    28.69     5.35   293.64    25.24  9999.00  9999.00  9999.00  9999.00
 00025   791.37    23.00    65.70     1.61   125.30    23.39  9999.00  9999.00  9999.00  9999.00
 00026  1000.96    29.92    74.22     1.16    97.56    23.93  9999.00  9999.00  9999.00  9999.00
 00027   996.12    30.10    73.45     2.20    66.93    23.07  9999.00  9999.00  9999.00  9999.00
 00028   965.55    29.58    71.78     1.98    52.41    23.94  9999.00  9999.00  9999.00  9999.00
 00029  1000.16    24.43    94.12     3.43   106.10     5.09  9999.00  9999.00  9999.00  9999.00
 00030   986.95    27.15    87.33     0.84    61.14    14.80  9999.00  9999.00  9999.00  9999.00
 00031   574.42    11.97    56.86     1.71   151.10    24.86  9999.00  9999.00  9999.00  9999.00
 00032   973.23    22.24    77.93     2.11   101.39    20.66  9999.00  9999.00  9999.00  9999.00
 00033  1001.10    22.25    97.61     4.25   129.95     9.30  9999.00  9999.00  9999.00  9999.00
 00034  1005.39    28.07    88.08     7.35   191.36    30.33  9999.00  9999.00  9999.00  9999.00
 00035  1000.61    27.28    90.07     1.32   187.80     7.09  9999.00  9999.00  9999.00  9999.00
 00036   772.57    23.11    57.34     1.42   180.66    23.88  9999.00  9999.00  9999.00  9999.00
 00037   963.48    23.07    75.62     2.12   114.38    23.30  9999.00  9999.00  9999.00  9999.00
 00038   990.24    25.37    77.48     0.72   154.81    25.59  9999.00  9999.00  9999.00  9999.00
 00039  1003.91    24.28    76.93     7.29    44.21    25.01  9999.00  9999.00  9999.00  9999.00
 00040  1001.62    24.66    78.83     5.04    67.49    26.01  9999.00  9999.00  9999.00  9999.00
 00041   963.96    28.04    62.17     1.64    90.54    24.08  9999.00  9999.00  9999.00  9999.00
 00042  1004.47    27.80    61.05     3.39    78.45    24.22  9999.00  9999.00  9999.00  9999.00
 00043   994.71    29.67    72.41     0.95   106.36    25.46  9999.00  9999.00  9999.00  9999.00
 00044   977.57    28.60    67.28     2.27    65.58    24.47  9999.00  9999.00  9999.00  9999.00
 00045  1001.62    24.66    78.83     5.04    67.49    26.01  9999.00  9999.00  9999.00  9999.00
 00046   936.53    26.51    74.31     0.42   187.90    25.05  9999.00  9999.00  9999.00  9999.00
 00047   997.21    23.12    79.99     3.21   126.74    24.01  9999.00  9999.00  9999.00  9999.00
 00048   604.77    16.22    46.78     1.21   188.56    29.48  9999.00  9999.00  9999.00  9999.00
 00049   579.05     8.46    80.30     2.03   198.67    14.04  9999.00  9999.00  9999.00  9999.00
 00050   996.37    24.55    69.85     4.48    52.51    24.56  9999.00  9999.00  9999.00  9999.00
