stn_id       p       t2      rh2      spd      dir      vis    rain6   rain24   tmax24   tmin24 
 00001   985.34     1.01    98.52     1.08   289.43     6.27  9999.00  9999.00  9999.00  9999.00
 00002  1006.51    -5.44    38.70     3.65   281.09    27.31  9999.00  9999.00  9999.00  9999.00
 00003   909.48   -13.18    51.52     2.70   269.88    25.10  9999.00  9999.00  9999.00  9999.00
 00004   835.16   -18.84    78.48     2.71   266.85    26.18  9999.00  9999.00  9999.00  9999.00
 00005   872.16   -20.04    79.67     1.39   193.70    32.02  9999.00  9999.00  9999.00  9999.00
 00006   881.80   -17.55    78.26     5.33   265.72    36.60  9999.00  9999.00  9999.00  9999.00
 00007  1012.72   -11.27    79.51     2.66   193.03    37.41  9999.00  9999.00  9999.00  9999.00
 00008   993.34   -14.54    65.80     4.88   231.70    42.39  9999.00  9999.00  9999.00  9999.00
 00009   941.65   -40.83    99.14     0.41   220.25    52.56  9999.00  9999.00  9999.00  9999.00
 00010   973.14   -15.51    51.58     1.78   207.89    41.21  9999.00  9999.00  9999.00  9999.00
 00011   999.49   -14.95    67.52     4.37   192.57    46.06  9999.00  9999.00  9999.00  9999.00
 00012  1021.79    -8.78    44.40     1.96   337.50    29.75  9999.00  9999.00  9999.00  9999.00
 00013  1028.00    -6.73    63.89     1.10   206.38    21.14  9999.00  9999.00  9999.00  9999.00
 00014  1023.95    -3.66    66.31     1.37   314.74    21.59  9999.00  9999.00  9999.00  9999.00
 00015  1005.12    -7.89    65.26     2.04   166.80    22.50  9999.00  9999.00  9999.00  9999.00
 00016   969.48    -7.37    42.06     2.20   211.51    20.16  9999.00  9999.00  9999.00  9999.00
 00017  1009.19    -3.54    43.05     6.48   290.83    20.49  9999.00  9999.00  9999.00  9999.00
 00018  1026.24    -7.31    79.13     1.63   158.70    20.29  9999.00  9999.00  9999.00  9999.00
 00019   947.62    -2.37    81.30     1.23   310.09    22.61  9999.00  9999.00  9999.00  9999.00
 00020  1029.35    -4.67    58.49     4.58   307.34    21.16  9999.00  9999.00  9999.00  9999.00
 00021   897.58   -18.26    46.44     4.44   149.59    43.14  9999.00  9999.00  9999.00  9999.00
 00022  1024.92    -6.53    44.56     1.86   226.46    26.96  9999.00  9999.00  9999.00  9999.00
 00023   926.89   -12.71    48.95     1.88   205.76    40.12  9999.00  9999.00  9999.00  9999.00
 00024   956.91   -21.67    87.21     4.08   119.29    32.15  9999.00  9999.00  9999.00  9999.00
 00025   794.17     2.78    99.02     2.59   169.45     1.53  9999.00  9999.00  9999.00  9999.00
 00026  1025.86     1.20    61.94     1.74    14.83    19.73  9999.00  9999.00  9999.00  9999.00
 00027  1020.68    -0.35    77.13     1.13   136.17    18.75  9999.00  9999.00  9999.00  9999.00
 00028   987.56     0.55    78.77     0.23    67.34    17.38  9999.00  9999.00  9999.00  9999.00
 00029  1019.95     5.85    58.71     3.45    11.21    21.03  9999.00  9999.00  9999.00  9999.00
 00030  1009.31     5.97    57.05     3.66     4.05    21.29  9999.00  9999.00  9999.00  9999.00
 00031   564.13   -14.49    37.93     2.45   219.24    37.68  9999.00  9999.00  9999.00  9999.00
 00032   987.70     6.12    81.14     2.12   288.79    19.08  9999.00  9999.00  9999.00  9999.00
 00033  1018.98    14.91    90.26     8.22    20.67     5.57  9999.00  9999.00  9999.00  9999.00
 00034  1016.96    24.59    82.99    11.65    43.69    12.14  9999.00  9999.00  9999.00  9999.00
 00035  1017.52    17.75    81.45     5.28    23.92    17.59  9999.00  9999.00  9999.00  9999.00
 00036   774.42    -5.71    70.61     1.46    52.98    19.28  9999.00  9999.00  9999.00  9999.00
 00037   977.72     5.62    80.95     1.95   285.22    19.20  9999.00  9999.00  9999.00  9999.00
 00038  1006.86     8.35    76.46     1.59   319.77    20.83  9999.00  9999.00  9999.00  9999.00
 00039  1020.35    11.39    79.69     4.94   341.88    20.68  9999.00  9999.00  9999.00  9999.00
 00040  1018.44    10.96    77.08     3.81    43.47    21.07  9999.00  9999.00  9999.00  9999.00
 00041   982.67    -5.06    68.02     1.02    35.65    19.71  9999.00  9999.00  9999.00  9999.00
 00042  1028.20    -7.49    77.89     0.32   169.84    20.85  9999.00  9999.00  9999.00  9999.00
 00043  1018.94     1.15    66.94     1.25    39.60    19.94  9999.00  9999.00  9999.00  9999.00
 00044   997.97     0.70    68.68     0.92   333.57    17.00  9999.00  9999.00  9999.00  9999.00
 00045  1018.44    10.96    77.08     3.81    43.47    21.07  9999.00  9999.00  9999.00  9999.00
 00046   951.50     0.96    85.23     1.04   331.31    19.68  9999.00  9999.00  9999.00  9999.00
 00047  1013.09     4.47    59.28     4.41   333.25    20.54  9999.00  9999.00  9999.00  9999.00
 00048   595.14    -6.18    20.69     2.60   194.51    39.57  9999.00  9999.00  9999.00  9999.00
 00049   568.42   -17.33    92.96     0.50   142.74    21.87  9999.00  9999.00  9999.00  9999.00
 00050  1012.41     8.14    78.49     2.88   322.18    20.31  9999.00  9999.00  9999.00  9999.00
