stn_id       p       t2      rh2      spd      dir      vis    rain6   rain24   tmax24   tmin24 
 00001  9999.00    23.40  9999.00     2.00   340.00    13.00  9999.00  9999.00  9999.00  9999.00
 00002  1003.91    17.40  9999.00     3.00   320.00     7.00  9999.00  9999.00  9999.00  9999.00
 00003   921.49    12.50  9999.00     2.00    90.00     4.20  9999.00  9999.00  9999.00  9999.00
 00004   854.35     4.20  9999.00     2.00   360.00    30.00  9999.00  9999.00  9999.00  9999.00
 00005  9999.00  9999.00  9999.00  9999.00  9999.00  9999.00  9999.00  9999.00  9999.00  9999.00
 00006   891.39     0.90  9999.00     3.00   320.00    13.00  9999.00  9999.00  9999.00  9999.00
 00007  1014.10    12.00  9999.00     1.00   110.00    20.00  9999.00  9999.00  9999.00  9999.00
 00008   989.82    15.90  9999.00     1.00   220.00     9.00  9999.00  9999.00  9999.00  9999.00
 00009   964.08    -2.90  9999.00     2.00    40.00    30.00  9999.00  9999.00  9999.00  9999.00
 00010   993.32     3.50  9999.00     4.00    70.00     6.00  9999.00  9999.00  9999.00  9999.00
 00011   999.40     7.90  9999.00     1.00    40.00     3.70  9999.00  9999.00  9999.00  9999.00
 00012  1011.24    15.50  9999.00     2.00    90.00     9.00  9999.00  9999.00  9999.00  9999.00
 00013  1012.46    17.30  9999.00     6.00   110.00    24.00  9999.00  9999.00  9999.00  9999.00
 00014  1010.24    15.70  9999.00     1.00   110.00     8.00  9999.00  9999.00  9999.00  9999.00
 00015   993.95    18.20  9999.00     5.00   140.00    19.00  9999.00  9999.00  9999.00  9999.00
 00016   960.78    10.60  9999.00     3.00   250.00     6.00  9999.00  9999.00  9999.00  9999.00
 00017   996.87    17.50  9999.00     2.00    70.00     9.00  9999.00  9999.00  9999.00  9999.00
 00018  1007.47    19.30  9999.00     4.00    90.00    30.00  9999.00  9999.00  9999.00  9999.00
 00019  9999.00    18.70  9999.00     2.00    20.00    24.00  9999.00  9999.00  9999.00  9999.00
 00020  1015.72    12.70  9999.00     2.00    90.00     7.00  9999.00  9999.00  9999.00  9999.00
 00021   918.13    -2.20  9999.00     2.00    20.00    30.00  9999.00  9999.00  9999.00  9999.00
 00022  1014.70    15.30  9999.00     4.00    90.00    13.00  9999.00  9999.00  9999.00  9999.00
 00023   946.43    -2.70  9999.00     7.00   110.00    30.00  9999.00  9999.00  9999.00  9999.00
 00024   973.75    -2.90  9999.00     1.00   270.00    30.00  9999.00  9999.00  9999.00  9999.00
 00025   807.90    14.70    61.81     2.00   250.00    30.00  9999.00  9999.00  9999.00  9999.00
 00026  1003.43    19.50  9999.00     1.00    90.00     4.30  9999.00  9999.00  9999.00  9999.00
 00027   996.42    20.50  9999.00     5.00   110.00    18.00  9999.00  9999.00  9999.00  9999.00
 00028   969.95    25.60  9999.00     4.00   250.00    15.00  9999.00  9999.00  9999.00  9999.00
 00029  1007.07    20.90  9999.00     2.00   140.00    16.00  9999.00  9999.00  9999.00  9999.00
 00030   992.03    24.20  9999.00     3.00   180.00     9.00  9999.00  9999.00  9999.00  9999.00
 00031   616.90     5.00    14.21     6.00   250.00    30.00  9999.00  9999.00  9999.00  9999.00
 00032  1006.11    16.50  9999.00     1.00   320.00    15.00  9999.00  9999.00  9999.00  9999.00
 00033  1006.41    25.80  9999.00     6.00   110.00    17.00  9999.00  9999.00  9999.00  9999.00
 00034  1009.60    26.60  9999.00     2.00   110.00    18.00  9999.00  9999.00  9999.00  9999.00
 00035  1007.09    25.80  9999.00     3.00   110.00    14.00  9999.00  9999.00  9999.00  9999.00
 00036   830.50    21.30    27.84     3.00   180.00    30.00  9999.00  9999.00  9999.00  9999.00
 00037  1010.29    16.10  9999.00     2.00    90.00    14.00  9999.00  9999.00  9999.00  9999.00
 00038  1011.12    19.50  9999.00     1.00   110.00    16.00  9999.00  9999.00  9999.00  9999.00
 00039  1012.34    17.10  9999.00     4.00    20.00     9.00  9999.00  9999.00  9999.00  9999.00
 00040  1007.82    18.40  9999.00     7.00    40.00    16.00  9999.00  9999.00  9999.00  9999.00
 00041   814.90     9.70    70.88     7.00   140.00    17.00  9999.00  9999.00  9999.00  9999.00
 00042  1009.98    17.50  9999.00     6.00   110.00    30.00  9999.00  9999.00  9999.00  9999.00
 00043  1005.41    18.00  9999.00     1.00    90.00     2.20  9999.00  9999.00  9999.00  9999.00
 00044  1000.91    20.90  9999.00     3.00   360.00    15.00  9999.00  9999.00  9999.00  9999.00
 00045  1007.82    18.40  9999.00     7.00    40.00    16.00  9999.00  9999.00  9999.00  9999.00
 00046   969.54    18.10  9999.00     1.00   140.00     3.00  9999.00  9999.00  9999.00  9999.00
 00047  1012.43    14.00  9999.00     0.00     0.00     7.00  9999.00  9999.00  9999.00  9999.00
 00048   645.40     7.10    29.83     4.00   140.00    28.00  9999.00  9999.00  9999.00  9999.00
 00049   595.10    -4.60    80.66     1.00   160.00    30.00  9999.00  9999.00  9999.00  9999.00
 00050  1012.54    16.60  9999.00     5.00    20.00    14.00  9999.00  9999.00  9999.00  9999.00
