stn_id       p       t2      rh2      spd      dir      vis    rain6   rain24   tmax24   tmin24 
 00001   977.52    12.62    78.25     1.75    45.29    21.77  9999.00  9999.00  9999.00  9999.00
 00002   994.30     6.74    38.89     0.41   204.98    25.30  9999.00  9999.00  9999.00  9999.00
 00003   902.07     6.54    27.35     2.36   210.73    23.83  9999.00  9999.00  9999.00  9999.00
 00004   832.45     1.79    29.56     5.65   255.58    23.69  9999.00  9999.00  9999.00  9999.00
 00005   866.38     0.22    35.31     1.91   198.42    25.95  9999.00  9999.00  9999.00  9999.00
 00006   873.72     1.89    45.72     7.92   254.27    27.47  9999.00  9999.00  9999.00  9999.00
 00007  1003.43     7.20    71.36     6.13   187.10    32.17  9999.00  9999.00  9999.00  9999.00
 00008   985.46     2.43    88.30     6.72   191.44    36.51  9999.00  9999.00  9999.00  9999.00
 00009   923.01    -6.42    76.12     2.27   232.14    19.46  9999.00  9999.00  9999.00  9999.00
 00010   968.45     3.89    54.18     1.15   155.68    36.69  9999.00  9999.00  9999.00  9999.00
 00011   992.00    -2.30    92.66     9.77   183.90    39.12  9999.00  9999.00  9999.00  9999.00
 00012  1010.75     3.91    54.32     0.65    52.19    26.29  9999.00  9999.00  9999.00  9999.00
 00013  1015.23    12.60    67.06     2.20   227.93    20.62  9999.00  9999.00  9999.00  9999.00
 00014  1013.39     9.02    89.63     2.73   210.34    18.81  9999.00  9999.00  9999.00  9999.00
 00015   995.10    12.56    38.54     3.40   190.50    22.09  9999.00  9999.00  9999.00  9999.00
 00016   960.05     8.01    66.22     0.86   241.98    22.26  9999.00  9999.00  9999.00  9999.00
 00017   998.64    12.73    52.83     2.02   253.21    21.22  9999.00  9999.00  9999.00  9999.00
 00018  1014.12    12.96    63.41     2.58   188.67    20.07  9999.00  9999.00  9999.00  9999.00
 00019   941.81    10.38    86.92     1.48   109.19    23.32  9999.00  9999.00  9999.00  9999.00
 00020  1018.04    12.88    68.45     3.23   258.95    20.59  9999.00  9999.00  9999.00  9999.00
 00021   901.36    -6.24    70.98     2.19   159.15    37.84  9999.00  9999.00  9999.00  9999.00
 00022  1013.81     6.67    52.34     1.65   220.93    24.78  9999.00  9999.00  9999.00  9999.00
 00023   927.49    -6.74    79.68     1.65   152.15    32.88  9999.00  9999.00  9999.00  9999.00
 00024   956.41   -15.98    95.66     3.00   104.78     3.87  9999.00  9999.00  9999.00  9999.00
 00025   796.82    16.28    68.50     4.62   247.41    19.15  9999.00  9999.00  9999.00  9999.00
 00026  1016.04    11.43    84.87     2.43   218.58    19.02  9999.00  9999.00  9999.00  9999.00
 00027  1011.58    12.80    78.91     3.21   170.39    19.18  9999.00  9999.00  9999.00  9999.00
 00028   979.81    10.37    89.60     1.36   244.48    18.71  9999.00  9999.00  9999.00  9999.00
 00029  1012.20    19.17    65.58     1.99    13.89    20.86  9999.00  9999.00  9999.00  9999.00
 00030  1001.81    17.33    70.39     1.83    64.50    22.19  9999.00  9999.00  9999.00  9999.00
 00031   572.94    -3.20    48.85     0.96   244.50    32.27  9999.00  9999.00  9999.00  9999.00
 00032   981.75    16.10    78.61     1.89   321.94    17.95  9999.00  9999.00  9999.00  9999.00
 00033  1013.71    21.82    84.96     1.91    22.94    23.56  9999.00  9999.00  9999.00  9999.00
 00034  1013.71    26.70    79.94     8.11    47.89    26.77  9999.00  9999.00  9999.00  9999.00
 00035  1012.54    25.53    73.30     2.56    44.88    21.49  9999.00  9999.00  9999.00  9999.00
 00036   776.37     9.53    83.71     1.44   209.39    12.50  9999.00  9999.00  9999.00  9999.00
 00037   971.99    15.58    79.51     1.73   314.87    17.87  9999.00  9999.00  9999.00  9999.00
 00038   999.45    20.61    69.42     0.88    10.77    20.03  9999.00  9999.00  9999.00  9999.00
 00039  1013.23    19.99    73.63     4.74    28.38    19.66  9999.00  9999.00  9999.00  9999.00
 00040  1010.85    21.79    68.75     2.37    36.20    20.76  9999.00  9999.00  9999.00  9999.00
 00041   974.18     8.70    85.48     1.56   193.98    18.79  9999.00  9999.00  9999.00  9999.00
 00042  1015.58    13.81    62.61     2.46   230.49    20.09  9999.00  9999.00  9999.00  9999.00
 00043  1009.77    12.46    81.33     1.09   238.32    19.32  9999.00  9999.00  9999.00  9999.00
 00044   989.71     9.96    84.64     0.92   100.35    18.79  9999.00  9999.00  9999.00  9999.00
 00045  1010.85    21.79    68.75     2.37    36.20    20.76  9999.00  9999.00  9999.00  9999.00
 00046   945.87    12.02    89.79     1.19    50.92    18.38  9999.00  9999.00  9999.00  9999.00
 00047  1006.85    14.01    77.20     3.56   332.98    19.13  9999.00  9999.00  9999.00  9999.00
 00048   604.96    -3.30    61.51     1.69    27.54    16.64  9999.00  9999.00  9999.00  9999.00
 00049   576.43    -4.23    58.71     1.34   214.29    27.72  9999.00  9999.00  9999.00  9999.00
 00050  1005.36    19.89    71.38     2.06    49.66    19.16  9999.00  9999.00  9999.00  9999.00
