stn_id       p       t2      rh2      spd      dir      vis    rain6   rain24   tmax24   tmin24 
 00001   973.04    12.35    96.44     0.77   195.22    13.07  9999.00  9999.00  9999.00  9999.00
 00002   998.98     5.28    82.53     1.28   288.93    23.71  9999.00  9999.00  9999.00  9999.00
 00003   905.48     3.05    63.98     0.72   310.10    22.35  9999.00  9999.00  9999.00  9999.00
 00004   835.45     1.09    58.13     1.92   184.23    22.20  9999.00  9999.00  9999.00  9999.00
 00005   869.82     2.27    46.68     0.79   159.21    24.39  9999.00  9999.00  9999.00  9999.00
 00006   878.49     3.74    38.68     6.00   232.80    25.18  9999.00  9999.00  9999.00  9999.00
 00007  1012.75    -1.26    90.68     1.44    99.36    26.30  9999.00  9999.00  9999.00  9999.00
 00008   999.14    -3.02    59.30     3.86    85.94    29.24  9999.00  9999.00  9999.00  9999.00
 00009   951.20   -16.89    38.14     1.82   227.68    37.89  9999.00  9999.00  9999.00  9999.00
 00010   977.58    -4.51    82.70     1.03    45.30    29.35  9999.00  9999.00  9999.00  9999.00
 00011  1009.10    -7.19    70.13     1.42   110.16    31.88  9999.00  9999.00  9999.00  9999.00
 00012  1016.53     6.06    91.71     1.62    39.55    23.61  9999.00  9999.00  9999.00  9999.00
 00013  1011.75    16.36    96.38     2.53    71.86    20.11  9999.00  9999.00  9999.00  9999.00
 00014  1008.33    15.67    95.83     1.08   237.10    19.64  9999.00  9999.00  9999.00  9999.00
 00015   999.59     8.07    90.84     0.83   121.40    20.42  9999.00  9999.00  9999.00  9999.00
 00016   956.93     5.70    94.92     1.28   101.08    20.85  9999.00  9999.00  9999.00  9999.00
 00017  1000.23    11.85    82.04     0.82   280.05    20.14  9999.00  9999.00  9999.00  9999.00
 00018  1010.72    17.65    91.64     1.64    59.07    16.44  9999.00  9999.00  9999.00  9999.00
 00019   936.14    13.34    75.78     0.65   313.62    25.23  9999.00  9999.00  9999.00  9999.00
 00020  1014.71    19.30    99.33     2.39   123.34     0.52  9999.00  9999.00  9999.00  9999.00
 00021   896.17    -2.31    89.37     2.96   299.35    21.89  9999.00  9999.00  9999.00  9999.00
 00022  1019.01     7.88    92.12     2.37   139.92    22.24  9999.00  9999.00  9999.00  9999.00
 00023   925.38    -7.04    68.52     1.50   139.33    26.20  9999.00  9999.00  9999.00  9999.00
 00024   953.75    -9.85    83.34     4.96   306.42    28.55  9999.00  9999.00  9999.00  9999.00
 00025   795.80     9.68    94.89     2.23   192.21    21.33  9999.00  9999.00  9999.00  9999.00
 00026  1009.06    18.64    91.64     1.24    21.21    19.71  9999.00  9999.00  9999.00  9999.00
 00027  1006.52    15.31    71.52     4.28   332.00    17.62  9999.00  9999.00  9999.00  9999.00
 00028   976.13    12.54    89.45     3.19    16.22     8.57  9999.00  9999.00  9999.00  9999.00
 00029  1007.63    21.46    96.67     1.29    78.62    22.68  9999.00  9999.00  9999.00  9999.00
 00030   995.96    22.36    97.84     1.88   154.46    23.96  9999.00  9999.00  9999.00  9999.00
 00031   571.72    -7.84    67.80     1.85   221.24    30.16  9999.00  9999.00  9999.00  9999.00
 00032   978.76    18.88    95.78     1.36   318.76    17.99  9999.00  9999.00  9999.00  9999.00
 00033  1009.34    21.13    99.36     2.04   123.33     6.86  9999.00  9999.00  9999.00  9999.00
 00034  1010.05    26.97    88.50     7.05    61.76    18.20  9999.00  9999.00  9999.00  9999.00
 00035  1008.48    23.30    94.92     1.32    59.34    14.90  9999.00  9999.00  9999.00  9999.00
 00036   775.83     9.40    93.75     0.44    97.59    18.55  9999.00  9999.00  9999.00  9999.00
 00037   969.23    18.60    96.80     1.00   322.51    18.22  9999.00  9999.00  9999.00  9999.00
 00038   996.86    17.28    99.35     0.74   305.10     4.57  9999.00  9999.00  9999.00  9999.00
 00039  1010.19    21.35    89.22     3.37   341.94    20.89  9999.00  9999.00  9999.00  9999.00
 00040  1008.15    20.53    93.63     2.41    63.67    22.21  9999.00  9999.00  9999.00  9999.00
 00041   970.46    14.67    91.44     0.90    97.10    18.75  9999.00  9999.00  9999.00  9999.00
 00042  1011.33    15.32    94.85     1.89    82.96    19.77  9999.00  9999.00  9999.00  9999.00
 00043  1002.52    19.47    92.03     0.63    70.57    20.07  9999.00  9999.00  9999.00  9999.00
 00044   984.72    15.90    95.30     1.29    89.57    19.23  9999.00  9999.00  9999.00  9999.00
 00045  1008.15    20.53    93.63     2.41    63.67    22.21  9999.00  9999.00  9999.00  9999.00
 00046   943.02    16.98    89.78     0.99   121.50    19.97  9999.00  9999.00  9999.00  9999.00
 00047  1003.28    20.31    98.76     1.10   189.21     2.99  9999.00  9999.00  9999.00  9999.00
 00048   602.91    -6.36    81.98     1.25   168.54    17.16  9999.00  9999.00  9999.00  9999.00
 00049   575.83    -7.64    77.32     0.81   191.76    27.97  9999.00  9999.00  9999.00  9999.00
 00050  1002.39    18.63    91.53     2.08   322.79    20.38  9999.00  9999.00  9999.00  9999.00
