stn_id       p       t2      rh2      spd      dir      vis    rain6   rain24   tmax24   tmin24 
 00001   968.80    17.64    77.98     2.11    15.86    16.63     0.05  9999.00  9999.00  9999.00
 00002   998.23    11.81    77.61     1.74   302.98    23.75     0.12  9999.00  9999.00  9999.00
 00003   902.88     8.58    68.50     2.07    61.36    22.34     0.49  9999.00  9999.00  9999.00
 00004   833.29     5.26    58.00     1.36   128.67    22.18     0.00  9999.00  9999.00  9999.00
 00005   868.35     5.61    47.25     1.54   108.32    24.35     0.00  9999.00  9999.00  9999.00
 00006   877.03     8.40    35.94     7.10   211.58    25.13     0.00  9999.00  9999.00  9999.00
 00007  1011.97     5.99    79.60     1.01   112.99    26.33     0.00  9999.00  9999.00  9999.00
 00008   996.00     1.73    75.84     1.84   105.42    29.27     0.00  9999.00  9999.00  9999.00
 00009   953.80   -13.97    40.11     0.65   131.61    38.15     0.00  9999.00  9999.00  9999.00
 00010   977.90    -1.42    90.82     1.74   105.34    29.44     0.00  9999.00  9999.00  9999.00
 00011  1006.02    -1.91    36.69     3.16    81.08    31.93     0.00  9999.00  9999.00  9999.00
 00012  1015.18    10.63    79.52     1.51   107.83    23.62     0.00  9999.00  9999.00  9999.00
 00013  1010.93    19.53    88.56     1.98    68.93    20.04     0.05  9999.00  9999.00  9999.00
 00014  1007.49    20.87    93.17     1.81   133.54    19.51     0.12  9999.00  9999.00  9999.00
 00015   997.67    14.53    70.53     1.30   151.66    20.40     0.07  9999.00  9999.00  9999.00
 00016   953.57    12.08    79.90     0.71    76.37    20.77     0.00  9999.00  9999.00  9999.00
 00017   998.18    13.86    79.68     2.01     7.24     6.44     0.65  9999.00  9999.00  9999.00
 00018  1009.39    20.71    81.82     2.03    88.91    19.56     0.11  9999.00  9999.00  9999.00
 00019   934.67    15.13    79.63     2.19    49.62    15.40     0.21  9999.00  9999.00  9999.00
 00020  1013.85    20.90    95.61     2.53   156.78    19.62     5.64  9999.00  9999.00  9999.00
 00021   900.18    -2.57    64.25     1.20   117.08    31.60    -0.00  9999.00  9999.00  9999.00
 00022  1017.61    13.29    77.83     3.03   113.88    22.26     0.00  9999.00  9999.00  9999.00
 00023   922.64    -0.63    61.37     2.72   109.56    26.35    -0.00  9999.00  9999.00  9999.00
 00024   955.89    -5.90    64.45     5.89   107.23    28.79     0.00  9999.00  9999.00  9999.00
 00025   794.77    14.72    75.99     2.36   209.51    21.20     0.01  9999.00  9999.00  9999.00
 00026  1008.01    22.86    83.34     1.12    46.61    19.62     0.04  9999.00  9999.00  9999.00
 00027  1005.47    17.37    84.33     0.93    33.62    19.17     0.01  9999.00  9999.00  9999.00
 00028   973.44    15.07    85.46     1.02    96.95     9.70     0.23  9999.00  9999.00  9999.00
 00029  1006.97    24.27    86.08     1.54   159.16    22.60     0.12  9999.00  9999.00  9999.00
 00030   995.05    24.43    83.41     3.11   166.76    24.42     0.25  9999.00  9999.00  9999.00
 00031   571.36    -2.54    13.66     2.71   296.59    31.78     0.00  9999.00  9999.00  9999.00
 00032   978.49    19.60    98.68     1.19   100.36    11.77     0.02  9999.00  9999.00  9999.00
 00033  1009.00    20.90    96.61     5.54    99.34     0.34     0.00  9999.00  9999.00  9999.00
 00034  1010.32    27.43    85.58     4.13    84.58    21.72     0.38  9999.00  9999.00  9999.00
 00035  1008.34    25.67    87.12     2.33    69.90    16.29     0.15  9999.00  9999.00  9999.00
 00036   772.93    11.61    70.93     2.41   179.14    21.96     0.00  9999.00  9999.00  9999.00
 00037   968.82    20.44    90.40     1.02    82.22    16.64     0.00  9999.00  9999.00  9999.00
 00038   995.81    22.52    79.41     0.79   191.97    21.39     0.00  9999.00  9999.00  9999.00
 00039  1009.54    23.94    80.71     1.94   136.39    20.92    -0.00  9999.00  9999.00  9999.00
 00040  1007.48    23.87    83.67     1.89   185.06    22.31    -0.01  9999.00  9999.00  9999.00
 00041   969.98    18.79    88.75     1.52    44.72    18.70     0.02  9999.00  9999.00  9999.00
 00042  1010.73    20.86    83.50     1.58    53.32    19.71     0.00  9999.00  9999.00  9999.00
 00043  1001.87    24.22    76.39     0.42   239.71    19.99     0.01  9999.00  9999.00  9999.00
 00044   984.02    21.43    75.94     1.40    78.54    19.14     0.00  9999.00  9999.00  9999.00
 00045  1007.48    23.87    83.67     1.89   185.06    22.31    -0.01  9999.00  9999.00  9999.00
 00046   942.73    21.10    78.61     0.38   132.32    19.88     0.00  9999.00  9999.00  9999.00
 00047  1003.12    21.20    97.00     1.15    29.07     8.96     1.87  9999.00  9999.00  9999.00
 00048   602.92    -0.58    49.15     1.86    13.97    34.28     0.16  9999.00  9999.00  9999.00
 00049   575.48    -5.08    87.04     1.63   209.09    26.02     0.02  9999.00  9999.00  9999.00
 00050  1002.05    22.98    82.73     0.88    54.83    20.35    -0.00  9999.00  9999.00  9999.00
