stn_id       p       t2      rh2      spd      dir      vis    rain6   rain24   tmax24   tmin24 
 00001   961.31    26.80    79.35     2.35   196.66    26.68  9999.00  9999.00  9999.00  9999.00
 00002   983.68    23.34    72.67     2.11   132.76    23.35  9999.00  9999.00  9999.00  9999.00
 00003   892.54    25.28    44.66     1.46    27.75    22.59  9999.00  9999.00  9999.00  9999.00
 00004   827.73    19.68    57.35     1.40   168.68    20.89  9999.00  9999.00  9999.00  9999.00
 00005   861.33    20.04    53.70     1.78   186.25    20.31  9999.00  9999.00  9999.00  9999.00
 00006   870.22    21.84    35.49     4.36   309.04    19.35  9999.00  9999.00  9999.00  9999.00
 00007   993.53    26.57    67.51     3.71   203.91    21.93  9999.00  9999.00  9999.00  9999.00
 00008   977.30    26.49    63.78     2.45   191.16    23.46  9999.00  9999.00  9999.00  9999.00
 00009   932.53    16.91    96.53     2.25   202.84     1.35  9999.00  9999.00  9999.00  9999.00
 00010   961.75    18.15    71.69     2.77   111.53    25.39  9999.00  9999.00  9999.00  9999.00
 00011   983.82    26.99    56.87     3.65   140.21    25.12  9999.00  9999.00  9999.00  9999.00
 00012   998.98    21.71    89.47     1.24   144.19    21.19  9999.00  9999.00  9999.00  9999.00
 00013   998.01    25.15    94.60     2.41   241.74    13.60  9999.00  9999.00  9999.00  9999.00
 00014   994.87    27.22    90.21     1.76   185.94    26.94  9999.00  9999.00  9999.00  9999.00
 00015   982.93    22.21    85.43     0.80   225.51    21.63  9999.00  9999.00  9999.00  9999.00
 00016   944.29    24.51    73.63     1.24   146.76    24.57  9999.00  9999.00  9999.00  9999.00
 00017   983.76    25.35    74.68     2.11    90.23    25.12  9999.00  9999.00  9999.00  9999.00
 00018   997.30    25.49    86.50     1.84   317.22    23.68  9999.00  9999.00  9999.00  9999.00
 00019   927.37    25.74    70.69     1.83   201.57    27.49  9999.00  9999.00  9999.00  9999.00
 00020  1001.47    22.69    96.80     3.23   135.99    14.10  9999.00  9999.00  9999.00  9999.00
 00021   877.95    29.54    20.92     1.60   286.69    25.30  9999.00  9999.00  9999.00  9999.00
 00022  1001.90    21.27    92.63     2.08   235.59     8.51  9999.00  9999.00  9999.00  9999.00
 00023   904.35    28.96    21.95     3.28   258.44    23.51  9999.00  9999.00  9999.00  9999.00
 00024   926.92    31.50    14.81     3.93   170.39    25.17  9999.00  9999.00  9999.00  9999.00
 00025   790.63    19.93    86.76     1.73   127.13    20.08  9999.00  9999.00  9999.00  9999.00
 00026   997.76    27.16    89.31     2.66    49.88    27.87  9999.00  9999.00  9999.00  9999.00
 00027   994.59    25.59    88.95     1.88   346.87    18.62  9999.00  9999.00  9999.00  9999.00
 00028   964.90    25.06    94.16     0.97   132.17     1.30  9999.00  9999.00  9999.00  9999.00
 00029   999.48    27.04    85.77     3.47   164.43    28.00  9999.00  9999.00  9999.00  9999.00
 00030   986.61    26.84    90.06     1.52   156.98    14.14  9999.00  9999.00  9999.00  9999.00
 00031   569.54    17.24    11.99     3.81   257.23    22.13  9999.00  9999.00  9999.00  9999.00
 00032   968.98    26.48    83.35     2.42   213.99    22.65  9999.00  9999.00  9999.00  9999.00
 00033  1001.03    24.40    97.79     3.72   132.04     7.21  9999.00  9999.00  9999.00  9999.00
 00034  1006.28    28.40    89.17     6.08   183.32    24.52  9999.00  9999.00  9999.00  9999.00
 00035  1001.08    28.41    89.56     4.11   164.67    31.10  9999.00  9999.00  9999.00  9999.00
 00036   772.00    20.00    66.69     0.54   308.10    24.87  9999.00  9999.00  9999.00  9999.00
 00037   959.68    27.14    80.05     1.99   224.88    22.70  9999.00  9999.00  9999.00  9999.00
 00038   988.14    26.76    90.74     1.81   195.48    25.75  9999.00  9999.00  9999.00  9999.00
 00039  1001.66    26.40    90.69     7.51   210.40    24.64  9999.00  9999.00  9999.00  9999.00
 00040  1000.29    26.76    91.30     6.43   213.46    26.40  9999.00  9999.00  9999.00  9999.00
 00041   959.87    24.04    95.68     1.74   227.28     7.48  9999.00  9999.00  9999.00  9999.00
 00042   998.79    24.84    95.98     1.54   279.84    12.15  9999.00  9999.00  9999.00  9999.00
 00043   991.65    28.28    83.81     1.83   230.14    28.44  9999.00  9999.00  9999.00  9999.00
 00044   974.03    27.36    88.65     1.78   204.25    26.09  9999.00  9999.00  9999.00  9999.00
 00045  1000.29    26.76    91.30     6.43   213.46    26.40  9999.00  9999.00  9999.00  9999.00
 00046   935.78    24.29    92.81     1.47   181.59    25.75  9999.00  9999.00  9999.00  9999.00
 00047   990.75    26.86    94.90     1.32    26.03    24.02  9999.00  9999.00  9999.00  9999.00
 00048   601.83    10.32    71.82     1.12    95.67    24.99  9999.00  9999.00  9999.00  9999.00
 00049   576.60     2.51    96.49     1.53   199.06     2.14  9999.00  9999.00  9999.00  9999.00
 00050   993.64    26.88    90.90     5.24   206.37    24.12  9999.00  9999.00  9999.00  9999.00
