stn_id       p       t2      rh2      spd      dir      vis    rain6   rain24   tmax24   tmin24 
 00001   963.37    21.99    90.05     2.24   332.46     2.60  9999.00  9999.00  9999.00  9999.00
 00002   983.44    37.79    11.91     0.71   241.75    23.68  9999.00  9999.00  9999.00  9999.00
 00003   896.31    31.96    13.39     1.33   185.20    22.82  9999.00  9999.00  9999.00  9999.00
 00004   831.57    25.69    24.82     1.75   281.92    21.15  9999.00  9999.00  9999.00  9999.00
 00005   864.32    29.29    18.30     4.33   204.41    20.61  9999.00  9999.00  9999.00  9999.00
 00006   874.35    29.73    12.93     1.42    99.17    19.69  9999.00  9999.00  9999.00  9999.00
 00007   989.95    26.27    60.49     1.38   251.79    22.04  9999.00  9999.00  9999.00  9999.00
 00008   976.26    22.07    77.13     3.18    73.51    10.23  9999.00  9999.00  9999.00  9999.00
 00009   940.30    16.99    46.48     1.96   316.02    36.46  9999.00  9999.00  9999.00  9999.00
 00010   957.46    14.42    85.40     2.58    88.20     4.11  9999.00  9999.00  9999.00  9999.00
 00011   983.38    25.67    54.68     2.60    35.44    25.14  9999.00  9999.00  9999.00  9999.00
 00012   996.96    37.74    14.43     1.80   249.72    21.33  9999.00  9999.00  9999.00  9999.00
 00013  1000.61    30.92    54.58     2.20    28.67    27.03  9999.00  9999.00  9999.00  9999.00
 00014   997.60    28.61    67.44     0.79   108.16    27.30  9999.00  9999.00  9999.00  9999.00
 00015   984.09    35.35    17.79     2.96   343.49    22.27  9999.00  9999.00  9999.00  9999.00
 00016   946.88    28.78    58.57     1.33   199.93    24.71  9999.00  9999.00  9999.00  9999.00
 00017   987.54    31.29    56.44     1.74   225.55    25.36  9999.00  9999.00  9999.00  9999.00
 00018   999.48    31.55    50.93     1.84    39.77    27.01  9999.00  9999.00  9999.00  9999.00
 00019   930.51    27.37    49.94     3.15    55.21    26.85  9999.00  9999.00  9999.00  9999.00
 00020  1003.42    27.09    65.97     2.99    14.49    24.88  9999.00  9999.00  9999.00  9999.00
 00021   882.72    28.32    27.39     4.19   192.60    25.38  9999.00  9999.00  9999.00  9999.00
 00022  1000.17    37.09    13.74     3.00   327.91    20.99  9999.00  9999.00  9999.00  9999.00
 00023   909.33    28.08    25.17     6.64   287.38    23.37  9999.00  9999.00  9999.00  9999.00
 00024   931.85    28.58    31.97     2.35   275.61    25.10  9999.00  9999.00  9999.00  9999.00
 00025   789.53    22.43    67.67     3.65   255.42    22.14  9999.00  9999.00  9999.00  9999.00
 00026   999.20    29.41    71.46     2.19    76.42    28.20  9999.00  9999.00  9999.00  9999.00
 00027   994.56    30.55    65.15     0.74   289.09    28.06  9999.00  9999.00  9999.00  9999.00
 00028   963.95    26.68    83.52     2.49    62.27    12.26  9999.00  9999.00  9999.00  9999.00
 00029   996.96    31.23    68.64     3.62   177.95    28.14  9999.00  9999.00  9999.00  9999.00
 00030   984.72    30.83    74.05     3.28   176.55    27.68  9999.00  9999.00  9999.00  9999.00
 00031   572.50    14.58    33.51     2.78   255.14    20.55  9999.00  9999.00  9999.00  9999.00
 00032   968.47    27.04    82.91     1.76   230.71    17.44  9999.00  9999.00  9999.00  9999.00
 00033   999.61    24.51    92.67     4.32   143.37    28.63  9999.00  9999.00  9999.00  9999.00
 00034  1003.88    28.41    89.42     5.26   202.75    33.45  9999.00  9999.00  9999.00  9999.00
 00035   999.31    30.12    76.11     5.05   176.97    31.17  9999.00  9999.00  9999.00  9999.00
 00036   772.21    18.94    70.46     2.15   328.69    17.33  9999.00  9999.00  9999.00  9999.00
 00037   959.18    27.41    82.54     1.45   256.87    12.95  9999.00  9999.00  9999.00  9999.00
 00038   985.57    31.65    68.26     1.93   220.90    26.00  9999.00  9999.00  9999.00  9999.00
 00039   999.46    27.09    87.37     7.12   195.12    18.36  9999.00  9999.00  9999.00  9999.00
 00040   997.74    28.49    83.38     6.34   209.13    26.49  9999.00  9999.00  9999.00  9999.00
 00041   960.85    29.15    55.56     2.03    40.12    26.93  9999.00  9999.00  9999.00  9999.00
 00042  1000.74    30.56    59.94     1.21    35.09    27.34  9999.00  9999.00  9999.00  9999.00
 00043   992.94    28.35    79.08     1.78    56.96    13.13  9999.00  9999.00  9999.00  9999.00
 00044   975.45    25.70    65.37     2.51    48.47    26.21  9999.00  9999.00  9999.00  9999.00
 00045   997.74    28.49    83.38     6.34   209.13    26.49  9999.00  9999.00  9999.00  9999.00
 00046   934.40    25.84    84.16     1.34   344.63    20.52  9999.00  9999.00  9999.00  9999.00
 00047   992.89    22.58    82.50     2.69    32.19    17.37  9999.00  9999.00  9999.00  9999.00
 00048   602.68    15.47    47.78     1.16   240.43    26.21  9999.00  9999.00  9999.00  9999.00
 00049   576.77     5.69    95.44     2.04   200.87     0.79  9999.00  9999.00  9999.00  9999.00
 00050   991.71    29.24    80.52     4.21   197.25    22.07  9999.00  9999.00  9999.00  9999.00
