stn_id       p       t2      rh2      spd      dir      vis    rain6   rain24   tmax24   tmin24 
 00001   975.98    12.55    83.29     2.39   283.04    23.40  9999.00  9999.00  9999.00  9999.00
 00002  1004.51    10.89    63.00     2.30   203.55    20.22  9999.00  9999.00  9999.00  9999.00
 00003   908.73     2.83    86.24     1.44   218.03     8.32  9999.00  9999.00  9999.00  9999.00
 00004   836.93     1.21    84.50     2.51   240.28     9.18  9999.00  9999.00  9999.00  9999.00
 00005   871.89     5.14    72.40     4.94   225.74     9.55  9999.00  9999.00  9999.00  9999.00
 00006   879.06    13.17    30.45     6.47   214.65    16.21  9999.00  9999.00  9999.00  9999.00
 00007  1010.98    15.58    30.66     2.10   216.02    19.74  9999.00  9999.00  9999.00  9999.00
 00008   994.77    12.86    20.89     3.89   230.02    21.58  9999.00  9999.00  9999.00  9999.00
 00009   945.64     0.40    55.69     2.67   323.12    32.09  9999.00  9999.00  9999.00  9999.00
 00010   973.74     9.06    41.13     1.24   300.78    22.19  9999.00  9999.00  9999.00  9999.00
 00011  1000.17    13.27    21.58     3.61   255.47    23.72  9999.00  9999.00  9999.00  9999.00
 00012  1018.93    13.75    46.82     5.54   214.45    18.69  9999.00  9999.00  9999.00  9999.00
 00013  1017.68    14.30    68.23     2.06    58.84    23.10  9999.00  9999.00  9999.00  9999.00
 00014  1012.99    13.92    82.42     3.08   351.89    15.51  9999.00  9999.00  9999.00  9999.00
 00015  1004.33    13.36    52.38     1.08    85.03    19.41  9999.00  9999.00  9999.00  9999.00
 00016   962.81     8.97    63.72     0.57   299.74    20.04  9999.00  9999.00  9999.00  9999.00
 00017  1007.52     8.35    85.93     2.49    18.26     7.09  9999.00  9999.00  9999.00  9999.00
 00018  1017.09    12.92    76.24     2.59    42.69    14.65  9999.00  9999.00  9999.00  9999.00
 00019   939.98    14.92    56.34     1.20    47.69    24.74  9999.00  9999.00  9999.00  9999.00
 00020  1018.70    15.90    71.74     3.84    19.00    21.70  9999.00  9999.00  9999.00  9999.00
 00021   891.78    17.30    25.41     1.64   110.84    28.58  9999.00  9999.00  9999.00  9999.00
 00022  1022.65    13.89    48.60     4.95   235.96    18.58  9999.00  9999.00  9999.00  9999.00
 00023   916.44    19.01    33.70     1.76    78.28    25.92  9999.00  9999.00  9999.00  9999.00
 00024   943.64    15.89    21.71     7.27   132.98    28.40  9999.00  9999.00  9999.00  9999.00
 00025   792.74    25.10    25.92     6.88   243.31    25.13  9999.00  9999.00  9999.00  9999.00
 00026  1014.40    13.38    83.85     3.24   343.21    14.03  9999.00  9999.00  9999.00  9999.00
 00027  1012.06    10.91    85.23     3.68   349.36    20.98  9999.00  9999.00  9999.00  9999.00
 00028   980.36     9.50    82.79     3.69    22.42     8.79  9999.00  9999.00  9999.00  9999.00
 00029  1007.19    22.97    85.46     2.84    19.09    19.56  9999.00  9999.00  9999.00  9999.00
 00030   996.72    17.21    79.13     3.95    22.35    16.39  9999.00  9999.00  9999.00  9999.00
 00031   571.16     3.49    27.07     1.77   138.30    25.48  9999.00  9999.00  9999.00  9999.00
 00032   979.30    17.64    86.17     1.96    83.21    14.48  9999.00  9999.00  9999.00  9999.00
 00033  1007.43    24.54    89.06     4.25   125.41     8.16  9999.00  9999.00  9999.00  9999.00
 00034  1009.99    28.04    77.60     5.31    80.30    29.39  9999.00  9999.00  9999.00  9999.00
 00035  1007.00    29.23    70.25     4.42   148.44    25.40  9999.00  9999.00  9999.00  9999.00
 00036   770.29    23.01    25.20     4.32   208.70    23.73  9999.00  9999.00  9999.00  9999.00
 00037   969.46    18.03    86.85     1.54   105.41    18.38  9999.00  9999.00  9999.00  9999.00
 00038   995.78    23.64    79.13     1.90   108.23    23.75  9999.00  9999.00  9999.00  9999.00
 00039  1010.03    22.54    79.38     8.66    37.07    21.97  9999.00  9999.00  9999.00  9999.00
 00040  1007.09    24.63    76.41     4.84    79.77    23.51  9999.00  9999.00  9999.00  9999.00
 00041   973.91    12.08    89.47     2.70    60.38    21.73  9999.00  9999.00  9999.00  9999.00
 00042  1017.52    13.42    72.88     2.68    67.45    22.58  9999.00  9999.00  9999.00  9999.00
 00043  1007.99    13.08    88.69     2.07    93.98     5.25  9999.00  9999.00  9999.00  9999.00
 00044   987.56    14.98    85.44     2.12    43.33     9.18  9999.00  9999.00  9999.00  9999.00
 00045  1007.09    24.63    76.41     4.84    79.77    23.51  9999.00  9999.00  9999.00  9999.00
 00046   943.67    14.69    92.03     1.78   340.56    19.49  9999.00  9999.00  9999.00  9999.00
 00047  1004.39    18.82    71.06     3.90   231.87    22.43  9999.00  9999.00  9999.00  9999.00
 00048   604.17     4.41    28.76     2.73    28.36    21.41  9999.00  9999.00  9999.00  9999.00
 00049   576.06    -0.60    58.73     3.03   212.12    23.11  9999.00  9999.00  9999.00  9999.00
 00050  1002.55    21.74    77.53     5.41    36.58    22.73  9999.00  9999.00  9999.00  9999.00
