stn_id       p       t2      rh2      spd      dir      vis    rain6   rain24   tmax24   tmin24 
 00001   975.75    11.26    87.29     1.54   106.70    23.55     0.00  9999.00  9999.00  9999.00
 00002   998.03     6.94    58.26     1.20   308.28    20.12     0.00  9999.00  9999.00  9999.00
 00003   904.08    -2.47    86.32     0.81   281.83    18.52     0.00  9999.00  9999.00  9999.00
 00004   833.42    -6.05    74.04     1.96   141.83    16.79     0.00  9999.00  9999.00  9999.00
 00005   868.33    -1.63    51.19     1.55    74.38    16.47     0.00  9999.00  9999.00  9999.00
 00006   878.08    -1.33    26.46     4.48   181.28    16.27     0.00  9999.00  9999.00  9999.00
 00007  1001.73     2.14    91.95     6.41   330.44     4.22     1.49  9999.00  9999.00  9999.00
 00008   984.79     1.30    91.10     7.52    17.96    10.56     9.06  9999.00  9999.00  9999.00
 00009   942.13   -12.41    74.03     2.54   178.21    36.40     0.00  9999.00  9999.00  9999.00
 00010   959.71     3.64    97.92     0.96   292.45    11.22     0.63  9999.00  9999.00  9999.00
 00011   994.73    -1.07    92.72     2.51    16.45    23.71     0.47  9999.00  9999.00  9999.00
 00012  1013.68     4.11    38.86     2.29    97.21    18.62     0.00  9999.00  9999.00  9999.00
 00013  1013.95    10.71    88.68     2.52   253.02    23.12     0.00  9999.00  9999.00  9999.00
 00014  1010.85    11.74    91.43     1.42   284.72    22.83     0.05  9999.00  9999.00  9999.00
 00015   996.52     9.31    72.87     2.38    16.90    19.29     0.00  9999.00  9999.00  9999.00
 00016   953.90     7.32    85.43     2.13   101.57    20.01     0.00  9999.00  9999.00  9999.00
 00017   998.83     8.48    81.89     2.18   308.26    20.84     0.00  9999.00  9999.00  9999.00
 00018  1012.93     9.02    92.94     2.52   209.78    22.87     0.00  9999.00  9999.00  9999.00
 00019   939.00    13.66    84.68     1.51   225.14    24.69     0.00  9999.00  9999.00  9999.00
 00020  1015.54    12.26    86.66     3.65   290.77    21.49     0.00  9999.00  9999.00  9999.00
 00021   895.00     7.03    77.67     2.91   317.22    23.86     1.05  9999.00  9999.00  9999.00
 00022  1016.54     6.60    29.46     2.41    40.40    18.45     0.00  9999.00  9999.00  9999.00
 00023   925.88     2.47    60.85     2.09   255.43    26.07     0.01  9999.00  9999.00  9999.00
 00024   947.31     3.44    55.39     9.71   282.02    28.41     0.00  9999.00  9999.00  9999.00
 00025   797.92    11.10    73.08     2.98    95.69    25.34     0.00  9999.00  9999.00  9999.00
 00026  1013.78    10.74    94.35     1.28   237.09    24.35     0.04  9999.00  9999.00  9999.00
 00027  1010.32     7.69    95.21     2.10   193.98    23.93     0.00  9999.00  9999.00  9999.00
 00028   978.81     8.00    94.68     1.88   187.04    22.72     0.00  9999.00  9999.00  9999.00
 00029  1009.51    14.53    88.20     3.80   322.75    25.02     7.72  9999.00  9999.00  9999.00
 00030  1000.24    14.08    87.03     1.35    72.04    28.74     0.00  9999.00  9999.00  9999.00
 00031   571.81    -5.48    59.28     2.01   204.51    25.78     0.01  9999.00  9999.00  9999.00
 00032   978.32    14.14    98.33     2.12   295.40     2.07     5.90  9999.00  9999.00  9999.00
 00033  1011.07    19.43    86.46     4.64     3.44    25.31     0.37  9999.00  9999.00  9999.00
 00034  1010.56    27.31    85.76     5.58    34.18    24.50     0.12  9999.00  9999.00  9999.00
 00035  1009.74    23.06    85.70     4.52   194.15    13.45     0.34  9999.00  9999.00  9999.00
 00036   778.85     8.95    68.84     1.14    57.45    23.96     0.40  9999.00  9999.00  9999.00
 00037   968.75    13.87    98.48     1.77   294.74     2.77     5.20  9999.00  9999.00  9999.00
 00038   995.80    18.95    75.61     2.22   329.30    24.05     0.01  9999.00  9999.00  9999.00
 00039  1009.16    20.89    81.46     5.11   111.58    14.96     1.55  9999.00  9999.00  9999.00
 00040  1006.75    20.62    79.45     3.35   338.39    21.35     0.10  9999.00  9999.00  9999.00
 00041   972.83    10.06    95.91     0.90   273.23    19.47     0.08  9999.00  9999.00  9999.00
 00042  1014.51     9.97    92.83     2.32   221.76    23.46     0.02  9999.00  9999.00  9999.00
 00043  1007.27    12.87    92.32     0.78   120.15    23.44     0.22  9999.00  9999.00  9999.00
 00044   987.98    11.53    94.07     1.36   253.47    21.05     0.12  9999.00  9999.00  9999.00
 00045  1006.75    20.62    79.45     3.35   338.39    21.35     0.10  9999.00  9999.00  9999.00
 00046   943.90    10.30    96.30     2.48    45.07    23.65     0.32  9999.00  9999.00  9999.00
 00047  1003.23    15.80    85.48     4.14   348.36    13.60     3.60  9999.00  9999.00  9999.00
 00048   603.06    -1.89    88.21     0.88   203.57    21.48     1.43  9999.00  9999.00  9999.00
 00049   576.69    -7.16    95.37     1.72   178.15     3.50     1.00  9999.00  9999.00  9999.00
 00050  1001.56    19.02    82.84     2.86   327.37     9.65     0.53  9999.00  9999.00  9999.00
