stn_id       p       t2      rh2      spd      dir      vis    rain6   rain24   tmax24   tmin24 
 00001   981.65    15.70    73.27     1.35   259.15    23.61  9999.00  9999.00  9999.00  9999.00
 00002   994.49    17.09    45.67     2.91   281.33    20.07  9999.00  9999.00  9999.00  9999.00
 00003   903.20     7.07    72.07     2.14   218.48    18.51  9999.00  9999.00  9999.00  9999.00
 00004   833.29     3.61    80.57     4.24   294.22    10.91  9999.00  9999.00  9999.00  9999.00
 00005   870.12     4.91    52.71     6.73   100.48    16.48  9999.00  9999.00  9999.00  9999.00
 00006   882.00     3.41    40.13     5.72   347.40    16.28  9999.00  9999.00  9999.00  9999.00
 00007  1000.56    13.48    54.54     8.87   213.93     8.70  9999.00  9999.00  9999.00  9999.00
 00008   982.84    14.63    37.19     9.27   220.42    21.41  9999.00  9999.00  9999.00  9999.00
 00009   945.19     1.83    33.62     3.31   335.81    36.21  9999.00  9999.00  9999.00  9999.00
 00010   964.80    13.39    33.45     2.44   122.33    22.06  9999.00  9999.00  9999.00  9999.00
 00011   989.23    12.01    50.06     6.50   256.44    23.51  9999.00  9999.00  9999.00  9999.00
 00012  1008.25    18.71    36.33     3.85   285.89    18.55  9999.00  9999.00  9999.00  9999.00
 00013  1014.83    12.79    81.62     1.17   338.74    19.95  9999.00  9999.00  9999.00  9999.00
 00014  1010.74    13.90    83.85     2.33   308.45     6.76  9999.00  9999.00  9999.00  9999.00
 00015   995.96    14.40    53.68     4.94   233.12    19.28  9999.00  9999.00  9999.00  9999.00
 00016   959.68    14.40    57.19     2.36   254.85    20.06  9999.00  9999.00  9999.00  9999.00
 00017   999.50    15.08    51.49     5.85   286.65    20.82  9999.00  9999.00  9999.00  9999.00
 00018  1014.33    12.37    84.74     2.15   305.62    22.56  9999.00  9999.00  9999.00  9999.00
 00019   943.94    16.51    70.74     1.93   174.99    24.94  9999.00  9999.00  9999.00  9999.00
 00020  1015.56    15.81    82.25     3.60   333.94    13.11  9999.00  9999.00  9999.00  9999.00
 00021   893.19    11.94    32.57     2.64   318.51    28.55  9999.00  9999.00  9999.00  9999.00
 00022  1011.70    17.10    42.76     4.86   241.60    18.42  9999.00  9999.00  9999.00  9999.00
 00023   921.25     9.74    86.08     4.29   302.11    15.11  9999.00  9999.00  9999.00  9999.00
 00024   944.19     7.03    79.34     4.68   299.68    14.17  9999.00  9999.00  9999.00  9999.00
 00025   798.20    18.83    47.71     3.07   141.61    25.32  9999.00  9999.00  9999.00  9999.00
 00026  1015.28    13.43    84.30     3.25   321.41    21.84  9999.00  9999.00  9999.00  9999.00
 00027  1014.11    11.23    86.72     3.27   324.28    23.79  9999.00  9999.00  9999.00  9999.00
 00028   983.21    11.46    81.81     0.57   258.01    22.70  9999.00  9999.00  9999.00  9999.00
 00029  1011.14    17.20    85.15     3.88   328.90     4.05  9999.00  9999.00  9999.00  9999.00
 00030  1003.53    14.05    84.27     4.47   313.05    23.54  9999.00  9999.00  9999.00  9999.00
 00031   572.87    -1.02    50.38     1.12   162.91    25.22  9999.00  9999.00  9999.00  9999.00
 00032   978.92    21.87    71.99     0.79   191.38    21.80  9999.00  9999.00  9999.00  9999.00
 00033  1011.24    21.75    98.80     2.26    96.46    17.76  9999.00  9999.00  9999.00  9999.00
 00034  1012.47    27.37    82.69     4.78    36.87    17.75  9999.00  9999.00  9999.00  9999.00
 00035  1010.10    30.26    59.93     2.69    66.64    19.64  9999.00  9999.00  9999.00  9999.00
 00036   781.53     9.80    57.81     2.11     9.02    23.31  9999.00  9999.00  9999.00  9999.00
 00037   969.26    21.39    74.89     1.07   251.86    21.42  9999.00  9999.00  9999.00  9999.00
 00038   997.43    24.09    71.93     0.41   267.61    24.20  9999.00  9999.00  9999.00  9999.00
 00039  1011.03    22.65    73.96     3.75    38.98    23.53  9999.00  9999.00  9999.00  9999.00
 00040  1008.92    24.37    73.72     2.99    51.10    24.69  9999.00  9999.00  9999.00  9999.00
 00041   973.06    10.77    91.79     1.24   329.98    13.19  9999.00  9999.00  9999.00  9999.00
 00042  1015.33    12.68    86.95     1.35   304.52    14.35  9999.00  9999.00  9999.00  9999.00
 00043  1009.02    13.53    85.64     1.88   268.65    10.52  9999.00  9999.00  9999.00  9999.00
 00044   988.10    13.15    92.48     2.83   255.96    11.19  9999.00  9999.00  9999.00  9999.00
 00045  1008.92    24.37    73.72     2.99    51.10    24.69  9999.00  9999.00  9999.00  9999.00
 00046   945.19    12.65    99.23     1.64   311.04     1.47  9999.00  9999.00  9999.00  9999.00
 00047  1003.10    19.65    76.68     1.43   320.97    15.11  9999.00  9999.00  9999.00  9999.00
 00048   605.74     1.61    38.64     1.22   163.81    28.69  9999.00  9999.00  9999.00  9999.00
 00049   577.96    -1.90    57.38     2.20   200.71    25.01  9999.00  9999.00  9999.00  9999.00
 00050  1003.04    23.67    69.06     1.54    78.09    23.06  9999.00  9999.00  9999.00  9999.00
