stn_id       p       t2      rh2      spd      dir      vis    rain6   rain24   tmax24   tmin24 
 00001   978.18     9.86    92.99     0.93    77.46    14.67     0.95  9999.00  9999.00  9999.00
 00002  1013.45    -3.33    29.08     1.56   203.73    27.04     0.00  9999.00  9999.00  9999.00
 00003   913.03    -5.10    22.05     1.17    52.83    25.18     0.00  9999.00  9999.00  9999.00
 00004   838.89   -10.92    31.05     1.71   163.00    26.34     0.00  9999.00  9999.00  9999.00
 00005   876.75   -14.03    39.53     1.44   112.52    31.42     0.00  9999.00  9999.00  9999.00
 00006   887.86   -17.80    52.77     2.36   198.98    35.19     0.00  9999.00  9999.00  9999.00
 00007  1021.57    -9.53    44.04     3.20   317.61    34.12     0.00  9999.00  9999.00  9999.00
 00008  1001.24   -12.98    56.56     4.10   294.89    40.42     0.00  9999.00  9999.00  9999.00
 00009   948.76   -32.36    99.64     1.63   239.01    56.25     0.00  9999.00  9999.00  9999.00
 00010   973.14   -13.23    82.42     4.63   290.76    38.47     0.00  9999.00  9999.00  9999.00
 00011  1005.73   -15.67    76.37     3.16   281.49    46.37     0.00  9999.00  9999.00  9999.00
 00012  1031.02    -6.49    24.42     1.91    55.02    28.68     0.00  9999.00  9999.00  9999.00
 00013  1025.56     2.34    75.00     4.25    11.49    19.57     0.00  9999.00  9999.00  9999.00
 00014  1019.56     8.07    76.39     3.55   345.27    18.90     0.00  9999.00  9999.00  9999.00
 00015  1013.49    -2.95    26.31     0.77   132.18    21.64     0.00  9999.00  9999.00  9999.00
 00016   967.37     0.04    40.54     1.74   122.38    19.14     0.00  9999.00  9999.00  9999.00
 00017  1015.67    -3.57    37.00     2.04    42.38    19.72     0.00  9999.00  9999.00  9999.00
 00018  1025.02     2.68    70.70     4.36    24.16    18.97     0.00  9999.00  9999.00  9999.00
 00019   943.11     6.90    71.21     1.84    60.40    20.39     0.10  9999.00  9999.00  9999.00
 00020  1025.36     8.27    72.94     4.18     3.33    19.47     0.00  9999.00  9999.00  9999.00
 00021   894.83   -11.72    64.69     2.91   159.76    41.79     0.00  9999.00  9999.00  9999.00
 00022  1033.92    -5.61    26.99     2.01   163.50    25.97     0.00  9999.00  9999.00  9999.00
 00023   921.18    -7.89    44.30     1.84   160.19    40.20     0.00  9999.00  9999.00  9999.00
 00024   951.59   -15.96    93.01     4.73   129.74     8.48     0.01  9999.00  9999.00  9999.00
 00025   794.73     8.48    82.56     2.46   188.82    19.49     0.00  9999.00  9999.00  9999.00
 00026  1019.07     7.96    78.03     6.63     7.22    12.85     0.23  9999.00  9999.00  9999.00
 00027  1015.95     8.79    52.55     5.40   349.63    17.63     0.02  9999.00  9999.00  9999.00
 00028   983.75     7.06    51.70     4.72    33.43    16.70     0.00  9999.00  9999.00  9999.00
 00029  1010.00    18.69    95.49     1.95    19.84    12.31     2.43  9999.00  9999.00  9999.00
 00030   998.90    16.39    93.03     2.11    55.83    20.91     0.07  9999.00  9999.00  9999.00
 00031   572.31    -9.33     8.94     2.47   203.57    34.43     0.00  9999.00  9999.00  9999.00
 00032   983.31    14.23    92.81     2.69    53.55    14.90     0.19  9999.00  9999.00  9999.00
 00033  1010.52    19.91    96.49     4.02   124.36     0.23     0.02  9999.00  9999.00  9999.00
 00034  1011.40    27.82    74.06     6.78    65.44    23.66     0.00  9999.00  9999.00  9999.00
 00035  1009.72    21.28    90.61     2.03    77.83    22.23     0.00  9999.00  9999.00  9999.00
 00036   772.62     4.99    85.61     1.98    70.09    15.46     0.00  9999.00  9999.00  9999.00
 00037   973.41    13.70    92.89     1.74    66.31    16.48     0.07  9999.00  9999.00  9999.00
 00038   999.77    15.63    94.84     1.00   133.04    17.04     0.01  9999.00  9999.00  9999.00
 00039  1013.39    20.35    77.15     8.21    27.50    19.29     0.00  9999.00  9999.00  9999.00
 00040  1010.46    20.30    81.01     5.45    27.35    20.30     0.03  9999.00  9999.00  9999.00
 00041   979.96     5.77    78.12     3.25    29.84     9.36     0.20  9999.00  9999.00  9999.00
 00042  1025.16     5.43    66.41     3.46    26.78    19.23     0.00  9999.00  9999.00  9999.00
 00043  1011.57     9.07    80.03     5.09    18.75    18.04     0.18  9999.00  9999.00  9999.00
 00044   991.74     9.45    89.14     5.03    48.80     4.28     1.27  9999.00  9999.00  9999.00
 00045  1010.46    20.30    81.01     5.45    27.35    20.30     0.03  9999.00  9999.00  9999.00
 00046   945.48    12.93    97.63     1.45    57.63     9.83     0.81  9999.00  9999.00  9999.00
 00047  1009.74    13.54    76.95     4.68   354.68     8.95     0.30  9999.00  9999.00  9999.00
 00048   604.28    -5.65    11.37     2.36    34.19    36.85     0.00  9999.00  9999.00  9999.00
 00049   575.01   -11.76    88.87     0.47   198.87    20.04     0.00  9999.00  9999.00  9999.00
 00050  1006.21    16.63    82.37     4.75    14.96    18.68     0.00  9999.00  9999.00  9999.00
