stn_id       p       t2      rh2      spd      dir      vis    rain6   rain24   tmax24   tmin24 
 00001   993.80    17.40   100.00     1.00   290.00     7.00     0.80     1.50    21.90    17.40
 00002  1015.90    13.60    84.21     1.00   180.00     4.60     0.00     0.00    22.90    12.80
 00003   937.80     8.40    90.85     1.00   110.00     8.00     0.00     0.00    19.40     6.70
 00004   869.90     6.60    78.80     2.00   200.00     7.00     0.00     0.00    18.00     3.60
 00005   895.70     8.60    87.78     2.00   340.00    11.00     0.00     1.70    16.20     8.40
 00006   895.60     3.80    66.69     3.00   220.00    30.00     0.00     0.00    15.10     2.60
 00007  1021.60    10.30    86.16     2.00    20.00    18.00     0.00     0.00    22.50     6.20
 00008   998.50    13.00    71.03     1.00   180.00     6.00     0.00     0.00    20.40     4.70
 00009   968.20     0.90  9999.00     1.00    20.00    11.00     0.00     0.00    18.60    -4.30
 00010   996.90     6.00    68.66     1.00    20.00    15.00     0.00     0.00    19.40     1.30
 00011  1011.20    12.70    52.96     3.00   220.00    17.00     0.00     0.00    20.30     5.20
 00012  1022.10    14.80    82.68     1.00    70.00     3.90     0.00     0.00    23.10    12.80
 00013  1021.60    18.90    73.06     2.00   110.00    13.00     0.00     0.00    23.40    14.70
 00014  1019.90    18.50    77.91     2.00   320.00     6.00     0.00     0.00    23.80    15.70
 00015  1006.30    16.30    63.06     1.00   160.00    16.00     0.00     0.00    23.00    14.20
 00016  9999.00  9999.00  9999.00  9999.00  9999.00  9999.00  9999.00  9999.00  9999.00  9999.00
 00017  1013.60    16.70    73.65     1.00   250.00     6.00     0.00     0.00    23.70    13.40
 00018  1022.80    17.30    85.16     2.00    40.00     6.00     0.00     0.00    23.50    14.10
 00019   956.50    15.10    93.10     1.00   270.00    12.00     0.00     5.70    16.80    14.50
 00020  1024.40    20.80    67.91     3.00    40.00    30.00     0.00     0.00    23.70    18.30
 00021   915.90    11.00    48.84     5.00   200.00    16.00     0.00     0.00    21.40    11.00
 00022  1026.30    15.00    90.69     2.00   180.00     3.10     0.00     0.00    24.20    12.30
 00023   935.50     9.20    50.88     3.00   220.00    30.00     0.00     0.00    23.10     8.50
 00024   967.20     7.00    90.76     2.00   140.00    14.00     0.00     0.00    23.80     5.40
 00025   816.50    16.50    89.03     1.00    90.00     8.00     0.00     0.00    18.60    14.50
 00026  1017.90    19.70    74.63     1.00   110.00     4.60     0.00     0.00    24.60    18.20
 00027  1009.10    18.10    88.03     1.00   290.00  9999.00     0.00     0.00    24.20    17.30
 00028   989.30    17.20    89.67     0.00     0.00    11.00     0.00     0.10    22.30    16.30
 00029  1011.70    22.30    77.46     3.00   360.00    30.00     0.00     0.00    26.30    19.50
 00030  1002.30    19.10    96.90     2.00    40.00    13.00     0.10     1.20    21.60    18.10
 00031   630.20     6.00    36.78     1.00   220.00    30.00     0.00     0.00    17.20     5.50
 00032  1011.70    22.30    69.96     2.00   290.00    18.00     0.00     0.00    22.40    20.50
 00033  1009.40    25.70    85.97     4.00    40.00    14.00     1.00    86.00    25.70    23.10
 00034  1012.60    26.00    88.65     5.00    70.00     4.10    13.00    27.10    31.30    25.50
 00035  1014.10    26.70    82.98     1.00    40.00    22.00     0.00   116.00    26.70    23.00
 00036   843.50    16.30    93.76     0.00     0.00    12.00     0.00     0.20    20.20    15.50
 00037  1014.80    21.40    78.82     2.00   270.00    16.00     0.00     0.00    22.70    20.00
 00038  1013.20    24.60    68.62     2.00    20.00    29.00     0.00     0.00    27.30    22.30
 00039  1017.30    23.10    66.62     7.00    20.00    20.00     0.00     0.00    24.40    21.90
 00040  1013.10    24.40    69.90     7.00    40.00    21.00     0.00     0.00    26.50    22.30
 00041   823.50     7.10   100.00     4.00   110.00     4.80     0.00     0.00    12.80     6.20
 00042  1020.20    17.90    89.15     3.00    70.00     3.70     0.00     0.00    22.80    15.00
 00043  1015.10    19.30    92.72     2.00    40.00  9999.00     0.00     0.00    23.20    17.60
 00044  1009.50    18.80    77.95     1.00    20.00     6.00     0.00     0.00    19.90    16.60
 00045  1013.10    24.40    69.90     7.00    40.00    21.00     0.00     0.00    26.50    22.30
 00046   974.30    18.50   100.00     1.00   360.00     8.00     0.00     0.10    20.90    17.80
 00047  1017.90    21.10    70.65     1.00   270.00    13.00     0.00     0.10    22.50    18.20
 00048   660.40     2.80    89.79     3.00   110.00    10.00     6.00     7.00    19.80     2.80
 00049   605.00     0.80    71.71     1.00   320.00    30.00     0.00     0.30     6.30     0.80
 00050  1012.70    22.40    64.79     8.00    20.00    22.00     0.00     0.00    24.20    21.20
