stn_id       p       t2      rh2      spd      dir      vis    rain6   rain24   tmax24   tmin24 
 00001   994.30    16.80   100.00     0.00     0.00     2.10     0.90  9999.00  9999.00  9999.00
 00002  1010.90    16.80    74.64     1.00   360.00     2.90     0.00  9999.00  9999.00  9999.00
 00003   933.30    10.20    87.93     0.00     0.00  9999.00     0.00  9999.00  9999.00  9999.00
 00004   866.90     3.80    86.09     2.00   220.00    10.00     0.00  9999.00  9999.00  9999.00
 00005   892.20     4.20    62.94     4.00   320.00    30.00     0.00  9999.00  9999.00  9999.00
 00006   891.20     7.90    61.99     2.00   250.00    30.00     0.00  9999.00  9999.00  9999.00
 00007  1015.00     9.70    90.94     1.00    20.00    18.00     0.00  9999.00  9999.00  9999.00
 00008   992.50     6.70    95.93     0.00     0.00     6.00     0.00  9999.00  9999.00  9999.00
 00009   958.10    11.40    36.76     3.00   220.00    30.00     0.00  9999.00  9999.00  9999.00
 00010   991.50     4.60    79.07     1.00   270.00    10.00     0.00  9999.00  9999.00  9999.00
 00011  1005.10     9.40    73.89     1.00   250.00    18.00     0.00  9999.00  9999.00  9999.00
 00012  1016.90    14.90    98.71     1.00    70.00     0.90     0.10  9999.00  9999.00  9999.00
 00013  1017.40    18.50    72.99     2.00    20.00    25.00     0.00  9999.00  9999.00  9999.00
 00014  1014.90    19.70    70.85     2.00   290.00    13.00     0.00  9999.00  9999.00  9999.00
 00015  1002.20    15.00    75.85     1.00   140.00  9999.00     0.00  9999.00  9999.00  9999.00
 00016  9999.00  9999.00  9999.00  9999.00  9999.00  9999.00  9999.00  9999.00  9999.00  9999.00
 00017  1009.30    11.90    94.82     0.00     0.00     1.70     0.00  9999.00  9999.00  9999.00
 00018  1018.90    18.40    74.91     2.00    40.00    17.00     0.00  9999.00  9999.00  9999.00
 00019   956.70    15.70    96.20     1.00    20.00    13.00     0.60  9999.00  9999.00  9999.00
 00020  1020.10    18.50    96.28     1.00   110.00    12.00     9.00  9999.00  9999.00  9999.00
 00021   911.40    19.80    17.84     3.00   140.00    30.00     0.00  9999.00  9999.00  9999.00
 00022  1021.10    16.30    86.18     1.00   200.00     2.80     0.10  9999.00  9999.00  9999.00
 00023   931.40    14.20    31.73     5.00   200.00    30.00     0.00  9999.00  9999.00  9999.00
 00024   961.30    13.70    53.97     4.00   140.00    30.00     0.00  9999.00  9999.00  9999.00
 00025   816.40    15.30    93.71     0.00     0.00    18.00     0.00  9999.00  9999.00  9999.00
 00026  1015.10    20.90    65.75     2.00    20.00    12.00     0.00  9999.00  9999.00  9999.00
 00027  1007.80    17.80    79.86     4.00   340.00     5.00     0.00  9999.00  9999.00  9999.00
 00028   988.90    16.60    86.20     1.00   360.00    10.00     0.00  9999.00  9999.00  9999.00
 00029  1009.50    23.10    79.54     2.00   360.00    30.00     0.00  9999.00  9999.00  9999.00
 00030   999.50    21.70    84.00     2.00    40.00    11.00     0.00  9999.00  9999.00  9999.00
 00031   631.30     5.90    36.75     3.00   180.00    30.00     0.00  9999.00  9999.00  9999.00
 00032  1008.10    21.30    75.85     2.00   320.00    20.00     0.00  9999.00  9999.00  9999.00
 00033  1007.80    25.90    82.89     2.00    70.00    14.00     0.10  9999.00  9999.00  9999.00
 00034  1010.60    26.80    94.20     2.00    70.00     4.50    14.00  9999.00  9999.00  9999.00
 00035  1012.60    26.00    82.90     2.00    70.00    21.00     0.00  9999.00  9999.00  9999.00
 00036   844.30    16.40    69.75     4.00   340.00    30.00     0.00  9999.00  9999.00  9999.00
 00037  1011.10    20.50    81.76     1.00   340.00    18.00     0.00  9999.00  9999.00  9999.00
 00038  1010.00    22.40    85.13     1.00   360.00    15.00     0.00  9999.00  9999.00  9999.00
 00039  1014.10    23.10    75.64     3.00    20.00    23.00     0.00  9999.00  9999.00  9999.00
 00040  1010.20    23.50    75.70     3.00    20.00    14.00     0.00  9999.00  9999.00  9999.00
 00041   821.00     7.90   100.00     3.00   290.00     0.10     0.00  9999.00  9999.00  9999.00
 00042  1016.10    18.80    82.09     1.00   360.00     8.00     0.00  9999.00  9999.00  9999.00
 00043  1012.60    19.20   100.00     1.00    20.00    30.00     0.00  9999.00  9999.00  9999.00
 00044  1005.80    18.40    92.67     1.00   110.00     6.00     0.00  9999.00  9999.00  9999.00
 00045  1010.20    23.50    75.70     3.00    20.00    14.00     0.00  9999.00  9999.00  9999.00
 00046   971.90    19.10    98.13     2.00    40.00    10.00     0.00  9999.00  9999.00  9999.00
 00047  1014.40    21.30    80.83     1.00    70.00    19.00     0.00  9999.00  9999.00  9999.00
 00048   661.50     5.80    69.08     2.00    90.00    30.00     0.00  9999.00  9999.00  9999.00
 00049   605.90     0.60    87.66     1.00   180.00    30.00     0.00  9999.00  9999.00  9999.00
 00050  1009.20    22.10    75.01     4.00    20.00    27.00     0.00  9999.00  9999.00  9999.00
