stn_id       p       t2      rh2      spd      dir      vis    rain6   rain24   tmax24   tmin24 
 00001   969.29    19.56    95.77     0.60   274.02     7.97     5.13  9999.00  9999.00  9999.00
 00002   999.72    17.90    78.83     2.13   104.08    20.52     0.62  9999.00  9999.00  9999.00
 00003   906.47    13.92    79.91     1.11    82.54    23.33     0.00  9999.00  9999.00  9999.00
 00004   837.34     9.59    73.84     2.40   148.79    22.23     0.00  9999.00  9999.00  9999.00
 00005   872.46    11.25    65.32     3.73   211.88    25.44     0.10  9999.00  9999.00  9999.00
 00006   881.19    13.49    56.86     6.76   210.19    26.75     0.00  9999.00  9999.00  9999.00
 00007  1010.98    12.30    85.89     1.97   126.10    25.82     0.00  9999.00  9999.00  9999.00
 00008   996.73     9.07    79.44     2.28   153.59    26.84     0.00  9999.00  9999.00  9999.00
 00009   947.43     3.67    89.38     2.43   173.86    32.78     0.00  9999.00  9999.00  9999.00
 00010   977.19     4.84    94.55     0.97   259.10    29.60     0.00  9999.00  9999.00  9999.00
 00011  1004.30     9.39    72.30     3.17   176.88    27.71     0.00  9999.00  9999.00  9999.00
 00012  1016.63    17.15    69.46     0.67   100.27    23.27     0.00  9999.00  9999.00  9999.00
 00013  1012.12    19.12    90.57     3.00    79.96    19.06     0.02  9999.00  9999.00  9999.00
 00014  1008.31    19.53    96.81     1.16    25.14    22.12     0.01  9999.00  9999.00  9999.00
 00015   999.34    18.21    81.80     1.41   138.96    20.03     0.00  9999.00  9999.00  9999.00
 00016   956.39    13.45    85.10     3.05    30.54    16.96     1.03  9999.00  9999.00  9999.00
 00017  1000.40    15.91    91.50     3.22    26.24     3.43     2.33  9999.00  9999.00  9999.00
 00018  1010.85    18.76    94.27     1.74    51.61     6.07     0.77  9999.00  9999.00  9999.00
 00019   934.73    17.38    90.52     0.47    96.23    11.94     0.46  9999.00  9999.00  9999.00
 00020  1015.07    19.74    90.29     3.23    81.31     6.45     0.45  9999.00  9999.00  9999.00
 00021   892.64     7.60    69.19     2.34   155.38    26.33     0.00  9999.00  9999.00  9999.00
 00022  1019.35    16.51    69.54     1.81   108.15    21.19     0.51  9999.00  9999.00  9999.00
 00023   918.66    10.46    78.72     3.72   253.78    12.69     1.90  9999.00  9999.00  9999.00
 00024   942.09    10.81    86.71     1.22   307.06     2.04     5.04  9999.00  9999.00  9999.00
 00025   795.72    16.10    94.08     1.69   183.30    24.82     0.00  9999.00  9999.00  9999.00
 00026  1008.94    20.55    89.06     2.76    12.70    23.99     0.01  9999.00  9999.00  9999.00
 00027  1004.49    21.86    92.36     2.12   347.08    24.06     0.01  9999.00  9999.00  9999.00
 00028   972.98    20.42    92.68     1.16   349.15    23.05     0.06  9999.00  9999.00  9999.00
 00029  1005.32    24.52    94.26     0.59    73.32    24.90     0.19  9999.00  9999.00  9999.00
 00030   994.95    24.22    87.45     2.05   135.78    17.71     0.21  9999.00  9999.00  9999.00
 00031   575.91     1.84    87.55     1.91   178.25    26.14     0.04  9999.00  9999.00  9999.00
 00032   977.28    21.10    91.34     1.75    30.09    18.71     0.67  9999.00  9999.00  9999.00
 00033  1007.22    23.43    97.35     1.54   117.39     0.56     0.05  9999.00  9999.00  9999.00
 00034  1007.79    27.10    88.48     4.17    52.45    21.11     0.91  9999.00  9999.00  9999.00
 00035  1006.25    25.50    91.65     1.59    69.30    20.65     0.43  9999.00  9999.00  9999.00
 00036   774.30    16.57    86.43     1.36   165.63    22.21     0.09  9999.00  9999.00  9999.00
 00037   967.76    21.66    90.91     1.18    39.07    19.34     0.21  9999.00  9999.00  9999.00
 00038   994.14    24.32    87.12     0.87    94.77    25.09     0.01  9999.00  9999.00  9999.00
 00039  1007.33    23.98    90.79     8.15    25.00    18.28     0.10  9999.00  9999.00  9999.00
 00040  1005.15    24.79    87.67     5.50    38.18    22.08     0.01  9999.00  9999.00  9999.00
 00041   970.29    18.77    97.59     0.61   103.78    22.49     0.03  9999.00  9999.00  9999.00
 00042  1011.61    19.13    93.64     1.77    73.58    23.41     0.01  9999.00  9999.00  9999.00
 00043  1002.37    21.61    88.61     2.25    34.75    24.52     0.00  9999.00  9999.00  9999.00
 00044   984.08    20.70    94.50     1.55    43.51    19.49     0.02  9999.00  9999.00  9999.00
 00045  1005.15    24.79    87.67     5.50    38.18    22.08     0.01  9999.00  9999.00  9999.00
 00046   941.43    20.14    96.38     0.87    92.34    24.34     0.00  9999.00  9999.00  9999.00
 00047  1002.13    21.90    90.25     2.26   330.98    23.45     0.01  9999.00  9999.00  9999.00
 00048   606.66     6.04    90.73     1.01   200.54    14.15     0.67  9999.00  9999.00  9999.00
 00049   580.23     2.58    97.64     1.54   178.83     1.75     0.94  9999.00  9999.00  9999.00
 00050   999.95    23.42    88.75     5.00    23.26    23.13     0.03  9999.00  9999.00  9999.00
