stn_id       p       t2      rh2      spd      dir      vis    rain6   rain24   tmax24   tmin24 
 00001   979.31    17.60    58.65     1.07   211.32    21.72     0.00  9999.00  9999.00  9999.00
 00002   997.12    11.72    22.82     6.95   292.61    23.76     0.00  9999.00  9999.00  9999.00
 00003   904.62     6.60    22.57     5.40   297.10    22.39     0.00  9999.00  9999.00  9999.00
 00004   834.83    -2.23    39.30     4.15   283.74    22.22     0.00  9999.00  9999.00  9999.00
 00005   870.67    -0.28    34.07     3.88   238.07    24.36     0.00  9999.00  9999.00  9999.00
 00006   880.78    -2.94    44.69     4.74   292.18    25.13     0.02  9999.00  9999.00  9999.00
 00007   987.28    -1.56    81.73     7.98   318.36     5.71     6.17  9999.00  9999.00  9999.00
 00008   969.97    -5.21    89.56    11.35    20.40     1.69     8.90  9999.00  9999.00  9999.00
 00009   951.43    -6.99    29.66     0.64   308.62    38.64     0.00  9999.00  9999.00  9999.00
 00010   942.35     2.56    99.24     2.84   341.08     3.24     4.60  9999.00  9999.00  9999.00
 00011   984.29    -5.55    82.90     9.45    26.01     8.08     6.42  9999.00  9999.00  9999.00
 00012  1010.70     9.62    28.72     6.83   317.72    23.53     0.00  9999.00  9999.00  9999.00
 00013  1016.87    14.02    33.24     6.12   269.92    19.86     0.00  9999.00  9999.00  9999.00
 00014  1013.72    16.98    30.60     4.50   298.60    19.38     0.00  9999.00  9999.00  9999.00
 00015   997.75     8.62    25.91     7.05   288.80    20.38     0.00  9999.00  9999.00  9999.00
 00016   961.10    11.94    35.54     0.93   152.89    20.82     0.00  9999.00  9999.00  9999.00
 00017  1002.74    13.31    27.72     5.89   276.21    20.03     0.00  9999.00  9999.00  9999.00
 00018  1016.69    14.87    31.66     5.89   277.98    19.46     0.00  9999.00  9999.00  9999.00
 00019   942.43    16.20    46.99     1.85   199.54    25.17     0.00  9999.00  9999.00  9999.00
 00020  1017.84    15.66    36.70     6.62   287.25    19.57     0.00  9999.00  9999.00  9999.00
 00021   897.45     4.32    46.09     2.29   202.33    32.19     0.00  9999.00  9999.00  9999.00
 00022  1013.76     9.43    29.64     7.15   311.19    22.20     0.00  9999.00  9999.00  9999.00
 00023   928.25     0.96    74.41     1.52   105.69    27.04     0.00  9999.00  9999.00  9999.00
 00024   953.13    -2.98    76.42    10.32   296.63    29.10     0.06  9999.00  9999.00  9999.00
 00025   800.20    14.82    75.06     3.01   138.56    20.92     0.23  9999.00  9999.00  9999.00
 00026  1017.55    18.00    36.20     3.35   145.42    19.44     0.00  9999.00  9999.00  9999.00
 00027  1014.03    18.65    38.28     3.47   259.11    19.66     0.00  9999.00  9999.00  9999.00
 00028   982.50    18.76    50.97     1.68    11.07    19.43     0.00  9999.00  9999.00  9999.00
 00029  1010.32    25.97    55.22     4.57    18.27    22.33     0.00  9999.00  9999.00  9999.00
 00030  1001.71    19.66    79.58     4.08     6.69    24.11     1.80  9999.00  9999.00  9999.00
 00031   575.47     2.35    15.04     2.97   291.37    32.21     0.00  9999.00  9999.00  9999.00
 00032   980.65    24.44    61.26     1.47   134.89    16.54     0.06  9999.00  9999.00  9999.00
 00033  1011.48    22.71    97.32     3.11    84.56     0.62     2.53  9999.00  9999.00  9999.00
 00034  1012.07    27.83    84.71     6.03    38.15    25.97     0.09  9999.00  9999.00  9999.00
 00035  1010.43    28.15    77.84     4.42    44.69    16.52     0.79  9999.00  9999.00  9999.00
 00036   779.85    13.42    67.32     1.84   210.18    21.43     0.37  9999.00  9999.00  9999.00
 00037   971.07    25.00    54.52     1.42   261.38    18.59     0.02  9999.00  9999.00  9999.00
 00038   997.11    29.72    51.32     3.00    18.88    21.17     0.00  9999.00  9999.00  9999.00
 00039  1011.52    24.94    79.07    10.36    66.21    20.26     0.02  9999.00  9999.00  9999.00
 00040  1008.06    29.67    59.68     3.56    74.26    22.09     0.00  9999.00  9999.00  9999.00
 00041   976.62    13.50    35.96     2.90   313.50    18.47     0.00  9999.00  9999.00  9999.00
 00042  1018.46    14.57    30.98     5.40   280.91    19.52     0.00  9999.00  9999.00  9999.00
 00043  1010.90    18.04    41.42     3.03    18.18    19.78     0.00  9999.00  9999.00  9999.00
 00044   991.15    17.03    64.58     2.15   299.04    18.98     0.00  9999.00  9999.00  9999.00
 00045  1008.06    29.67    59.68     3.56    74.26    22.09     0.00  9999.00  9999.00  9999.00
 00046   946.48    20.92    52.02     3.17    12.98    19.63     0.00  9999.00  9999.00  9999.00
 00047  1005.99    20.18    54.42     4.68   335.28    19.27     0.00  9999.00  9999.00  9999.00
 00048   608.37    -1.12    37.32     1.47    90.07    34.54     0.00  9999.00  9999.00  9999.00
 00049   578.98     0.34    38.92     2.64   227.92    28.30     0.00  9999.00  9999.00  9999.00
 00050  1003.94    26.92    61.43     6.52    60.98    20.06     0.12  9999.00  9999.00  9999.00
