stn_id       p       t2      rh2      spd      dir      vis    rain6   rain24   tmax24   tmin24 
 00001   975.82    12.60    89.40     1.15    96.51    21.63     0.00  9999.00  9999.00  9999.00
 00002  1000.21     1.38    59.02     1.48   264.71    23.85     0.00  9999.00  9999.00  9999.00
 00003   904.99    -4.74    69.30     0.48   298.99    22.43     0.00  9999.00  9999.00  9999.00
 00004   833.47    -3.58    22.86     2.59   202.11    22.19     0.00  9999.00  9999.00  9999.00
 00005   868.44    -4.98    44.21     1.58   135.37    24.30     0.00  9999.00  9999.00  9999.00
 00006   875.96    -2.43    29.27     5.82   218.10    25.00     0.00  9999.00  9999.00  9999.00
 00007  1007.84    -7.06    70.20     4.43   323.00    26.34     0.27  9999.00  9999.00  9999.00
 00008   986.49    -8.51    75.55     6.25   327.18    29.05     1.15  9999.00  9999.00  9999.00
 00009   949.16   -17.77    68.91     1.23   211.75    38.74     0.00  9999.00  9999.00  9999.00
 00010   951.22    -5.75    82.75     6.78   290.49    10.32     4.49  9999.00  9999.00  9999.00
 00011   990.48    -8.53    71.32     6.70   344.65    27.22     1.98  9999.00  9999.00  9999.00
 00012  1016.91     1.07    66.49     1.57    93.39    23.67     0.00  9999.00  9999.00  9999.00
 00013  1020.53     4.12    79.11     2.03   246.26    19.88     0.00  9999.00  9999.00  9999.00
 00014  1017.23     6.18    71.13     1.65   295.49    19.38     0.00  9999.00  9999.00  9999.00
 00015  1001.71     2.11    53.63     1.63   155.15    20.46     0.00  9999.00  9999.00  9999.00
 00016   958.32     3.05    79.56     1.05    88.57    20.78     0.00  9999.00  9999.00  9999.00
 00017  1002.64     3.01    66.67     1.69   216.16    20.02     0.00  9999.00  9999.00  9999.00
 00018  1019.21     5.60    71.23     0.95   162.87    19.46     0.00  9999.00  9999.00  9999.00
 00019   940.42    10.41    79.05     0.96   328.14    25.11     0.00  9999.00  9999.00  9999.00
 00020  1022.50     7.46    62.30     3.09   299.48    19.61     0.00  9999.00  9999.00  9999.00
 00021   900.03    -2.52    69.77     1.08   130.01    32.45     0.00  9999.00  9999.00  9999.00
 00022  1020.26     1.80    64.86     1.86    86.39    22.35     0.00  9999.00  9999.00  9999.00
 00023   928.74    -6.01    63.87     1.21   149.68    27.21     0.00  9999.00  9999.00  9999.00
 00024   955.59    -7.47    87.57     4.33   309.97    29.51     0.00  9999.00  9999.00  9999.00
 00025   798.69    11.24    94.19     1.79   177.39    18.26     0.00  9999.00  9999.00  9999.00
 00026  1018.13     7.77    70.21     2.28   146.24    19.39     0.00  9999.00  9999.00  9999.00
 00027  1013.38     8.90    80.28     1.89    50.87    19.60     0.00  9999.00  9999.00  9999.00
 00028   981.00     9.68    80.75     0.83    77.93    19.36     0.00  9999.00  9999.00  9999.00
 00029  1011.69    18.50    58.05     2.75    14.62    22.22     0.00  9999.00  9999.00  9999.00
 00030  1001.39    18.85    77.91     1.91   342.60    24.04     0.01  9999.00  9999.00  9999.00
 00031   574.87    -5.14    25.99     1.45   225.34    32.27     0.00  9999.00  9999.00  9999.00
 00032   984.40    14.96    82.49     1.49    69.99    18.67     0.02  9999.00  9999.00  9999.00
 00033  1011.83    21.53    88.34     6.68    58.66    19.70     0.14  9999.00  9999.00  9999.00
 00034  1011.75    26.83    89.21     7.94    47.89    22.93     1.70  9999.00  9999.00  9999.00
 00035  1010.78    24.61    85.24     4.33    39.40    23.00     0.03  9999.00  9999.00  9999.00
 00036   778.14     7.30    88.78     0.95    81.84    21.68     0.04  9999.00  9999.00  9999.00
 00037   974.56    15.39    87.28     0.83    75.10    18.54     0.14  9999.00  9999.00  9999.00
 00038  1001.17    18.68    89.16     1.50    81.63    20.60     0.00  9999.00  9999.00  9999.00
 00039  1015.08    21.39    73.88     9.64    36.79    20.67     0.00  9999.00  9999.00  9999.00
 00040  1011.96    21.28    78.40     7.85    41.30    22.05     0.00  9999.00  9999.00  9999.00
 00041   978.20     6.10    66.17     1.20    53.02    18.44     0.00  9999.00  9999.00  9999.00
 00042  1020.83     6.62    64.53     1.94   302.12    19.51     0.00  9999.00  9999.00  9999.00
 00043  1011.50     7.57    77.37     1.98    33.74    19.73     0.00  9999.00  9999.00  9999.00
 00044   992.35     8.65    84.24     0.60   103.82    18.92     0.00  9999.00  9999.00  9999.00
 00045  1011.96    21.28    78.40     7.85    41.30    22.05     0.00  9999.00  9999.00  9999.00
 00046   947.63    11.76    85.26     1.58    54.45    19.59     0.00  9999.00  9999.00  9999.00
 00047  1009.95    13.31    74.29     2.49   343.78    19.28     0.00  9999.00  9999.00  9999.00
 00048   608.17    -7.62    71.21     1.31   180.05    34.62     0.00  9999.00  9999.00  9999.00
 00049   578.76    -7.69    92.98     0.70    37.36    28.40     0.01  9999.00  9999.00  9999.00
 00050  1007.75    19.34    71.77     5.01    29.63    20.09     0.00  9999.00  9999.00  9999.00
