stn_id       p       t2      rh2      spd      dir      vis    rain6   rain24   tmax24   tmin24 
 00001   977.04    13.23    86.06     1.69    59.37    21.66  9999.00  9999.00  9999.00  9999.00
 00002  1000.34     3.21    51.85     2.10   224.53    23.85  9999.00  9999.00  9999.00  9999.00
 00003   905.75    -3.34    64.45     0.94   291.01    22.44  9999.00  9999.00  9999.00  9999.00
 00004   834.36    -5.51    39.14     2.18   188.98    22.21  9999.00  9999.00  9999.00  9999.00
 00005   869.29    -4.96    49.39     1.49   153.71    24.32  9999.00  9999.00  9999.00  9999.00
 00006   877.69    -4.50    48.03     4.29   197.62    25.05  9999.00  9999.00  9999.00  9999.00
 00007  1004.73    -6.22    76.60     6.45   326.26    24.71  9999.00  9999.00  9999.00  9999.00
 00008   982.38    -7.66    81.60     8.39   342.66    15.47  9999.00  9999.00  9999.00  9999.00
 00009   949.88   -16.87    65.66     1.44   213.56    38.72  9999.00  9999.00  9999.00  9999.00
 00010   946.79    -6.21    85.89     5.00   296.04     6.95  9999.00  9999.00  9999.00  9999.00
 00011   987.26    -7.53    73.24     8.28   350.10    11.61  9999.00  9999.00  9999.00  9999.00
 00012  1016.59     2.81    54.69     1.76    33.50    23.65  9999.00  9999.00  9999.00  9999.00
 00013  1020.72     6.33    65.28     1.90   279.49    19.90  9999.00  9999.00  9999.00  9999.00
 00014  1017.48     7.54    64.33     1.82   299.14    19.40  9999.00  9999.00  9999.00  9999.00
 00015  1001.61     2.99    51.04     1.14   179.76    20.45  9999.00  9999.00  9999.00  9999.00
 00016   959.46     4.58    71.69     0.94    99.73    20.80  9999.00  9999.00  9999.00  9999.00
 00017  1003.16     6.60    45.96     2.45   255.63    20.03  9999.00  9999.00  9999.00  9999.00
 00018  1019.56     6.69    67.58     2.05   305.56    19.48  9999.00  9999.00  9999.00  9999.00
 00019   941.82    10.60    78.11     1.30   324.05    24.82  9999.00  9999.00  9999.00  9999.00
 00020  1022.54     9.28    51.94     3.86   288.17    19.61  9999.00  9999.00  9999.00  9999.00
 00021   900.36    -2.32    73.85     1.30   101.64    32.41  9999.00  9999.00  9999.00  9999.00
 00022  1019.65     3.00    57.70     2.00    16.06    22.33  9999.00  9999.00  9999.00  9999.00
 00023   929.21    -5.56    70.78     1.18   134.78    27.18  9999.00  9999.00  9999.00  9999.00
 00024   956.06    -6.33    85.51     5.09   305.99    29.48  9999.00  9999.00  9999.00  9999.00
 00025   799.76    11.13    92.86     1.71   156.22    20.96  9999.00  9999.00  9999.00  9999.00
 00026  1019.16     9.09    65.47     2.33   104.77    19.43  9999.00  9999.00  9999.00  9999.00
 00027  1014.57     9.37    79.11     2.14   118.83    19.63  9999.00  9999.00  9999.00  9999.00
 00028   982.36    12.80    65.92     1.04   146.56    19.39  9999.00  9999.00  9999.00  9999.00
 00029  1012.57    19.02    60.66     2.77     9.10    22.27  9999.00  9999.00  9999.00  9999.00
 00030  1002.86    19.19    77.08     1.19   311.34    24.09  9999.00  9999.00  9999.00  9999.00
 00031   575.07    -3.32    22.78     1.50   233.80    32.26  9999.00  9999.00  9999.00  9999.00
 00032   984.97    17.03    78.07     1.56    65.15    18.62  9999.00  9999.00  9999.00  9999.00
 00033  1013.72    21.86    94.06     4.94    67.85    17.37  9999.00  9999.00  9999.00  9999.00
 00034  1013.12    27.96    84.18     7.66    52.97    22.58  9999.00  9999.00  9999.00  9999.00
 00035  1012.68    25.09    87.54     3.92    47.31    23.05  9999.00  9999.00  9999.00  9999.00
 00036   778.96     9.39    81.33     0.86    76.15    21.82  9999.00  9999.00  9999.00  9999.00
 00037   975.17    16.95    83.72     1.02    83.35    17.85  9999.00  9999.00  9999.00  9999.00
 00038  1001.33    20.46    87.07     1.93   104.80    21.20  9999.00  9999.00  9999.00  9999.00
 00039  1015.73    21.70    76.13     9.75    42.02    20.55  9999.00  9999.00  9999.00  9999.00
 00040  1012.30    22.67    82.00     7.96    50.73    22.10  9999.00  9999.00  9999.00  9999.00
 00041   978.61     7.55    60.64     0.31   230.42    18.46  9999.00  9999.00  9999.00  9999.00
 00042  1021.29     7.72    55.12     2.08   284.87    19.53  9999.00  9999.00  9999.00  9999.00
 00043  1012.55     8.97    74.37     2.25    60.62    19.76  9999.00  9999.00  9999.00  9999.00
 00044   993.25    10.45    79.80     0.72   275.04    18.95  9999.00  9999.00  9999.00  9999.00
 00045  1012.30    22.67    82.00     7.96    50.73    22.10  9999.00  9999.00  9999.00  9999.00
 00046   948.39    12.14    82.17     1.71    49.50    19.61  9999.00  9999.00  9999.00  9999.00
 00047  1010.14    14.99    64.72     2.70    49.76    19.29  9999.00  9999.00  9999.00  9999.00
 00048   608.31    -5.44    58.87     1.41   114.29    34.62  9999.00  9999.00  9999.00  9999.00
 00049   579.07    -6.37    91.97     0.62    35.63    28.41  9999.00  9999.00  9999.00  9999.00
 00050  1008.34    19.73    76.70     5.12    35.41    20.08  9999.00  9999.00  9999.00  9999.00
