stn_id       p       t2      rh2      spd      dir      vis    rain6   rain24   tmax24   tmin24 
 00001   971.54    19.50    92.01     1.55   142.24    22.21     4.27     5.16    25.49    18.66
 00002   999.43    14.03    93.39     1.45   294.71    22.96     0.02     7.77    21.88    10.84
 00003   907.20     8.30    92.54     2.41   282.97    15.49     0.00    11.09    16.69     6.37
 00004   839.04     2.31    93.58     0.63   141.80     0.43     0.00    10.51    13.98     0.41
 00005   875.19     1.77    75.84     2.25   179.45    24.82     0.00     1.10    13.90    -0.38
 00006   884.72     3.18    50.18     4.55   244.56    25.98     0.00     0.00    16.46     0.94
 00007  1005.58    11.21    90.52     3.88   316.33     2.17     4.37     4.37    18.99     9.00
 00008   987.60     9.68    90.12     3.96   325.71     2.54     3.14     3.14    16.11     7.17
 00009   937.68    -0.68    91.21     2.98   276.19    32.89     0.34     3.09     7.63    -1.58
 00010   968.13     6.75    68.97     0.79   195.67    27.28     0.00     0.00    13.49     1.68
 00011   993.28     8.68    81.11     3.23   292.73    27.18     0.81     0.81    14.28     5.62
 00012  1014.30    13.36    80.46     2.71   324.73    23.13     0.12     6.77    20.68     9.62
 00013  1016.71    17.84    77.07     3.14   138.85    22.02     0.00     0.00    25.36    14.81
 00014  1014.87    15.16    89.93     1.19   155.52     9.62     0.00     0.00    24.67    11.37
 00015   998.34    18.51    66.39     3.19   225.71    20.09     0.27     0.52    25.80    15.50
 00016   960.07    11.91    90.20     0.63   264.69    21.39     0.00     5.44    19.60    10.65
 00017   999.51    18.42    81.35     2.26   248.00    20.91     0.00     0.37    24.38    13.88
 00018  1014.75    17.31    77.09     2.34   145.77    21.52     0.00     0.00    26.01    14.11
 00019   937.03    16.61    92.01     1.61    70.72     4.15     5.32     5.97    20.73    16.49
 00020  1021.46    18.04    81.24     2.24   150.31    21.44     0.00     0.00    23.69    12.44
 00021   896.22     2.18    60.22     2.94   154.12    26.18     0.00     0.00    10.41     1.81
 00022  1016.57    14.75    75.34     4.32   337.45    21.45     0.98     4.30    22.97    11.33
 00023   919.41     1.75    66.45     2.14   125.01    21.68     0.00     0.00    12.96    -1.29
 00024   950.93     1.21    82.12     4.28   119.82    24.10     0.00     0.00     8.99    -1.41
 00025   798.59    12.82    96.64     1.14   240.80     0.16     0.04     0.46    21.00    10.89
 00026  1014.30    18.23    80.39     1.23    95.42    22.34     0.00     0.00    26.05    14.02
 00027  1009.01    18.62    82.98     2.20   140.74    22.20     0.00     0.00    26.92    15.44
 00028   977.76    16.14    90.23     0.68   154.73    19.48     0.00     0.00    25.75    13.62
 00029  1011.20    21.49    82.17     2.70    37.68    22.86     1.53     7.02    27.34    19.40
 00030   999.05    22.94    78.78     2.59    37.20    28.11     0.03     0.05    28.73    20.97
 00031   573.86    -6.50    81.21     1.82   215.94    26.99     0.00     0.63     5.99    -6.45
 00032   984.98    18.25    80.88     1.57    51.24    21.40     0.00     0.00    22.44    14.54
 00033  1010.09    20.99    98.41     5.49   102.75     0.55     6.51    10.07    23.02    20.53
 00034  1012.14    27.67    84.99     7.90   150.86    13.63     6.30    20.35    28.00    26.49
 00035  1009.29    24.87    96.29     3.44   112.12     0.66     9.54    19.92    27.77    24.43
 00036   777.51    10.53    91.98     1.24   189.93    24.17     0.00     0.18    19.15     9.42
 00037   975.27    18.21    82.39     1.04    75.80    21.32     0.00     0.00    23.01    13.96
 00038  1002.08    20.43    75.91     0.91   147.05    24.00     0.00     0.00    26.51    18.32
 00039  1015.68    22.13    76.69     8.05    21.06    23.37     0.00     0.00    24.75    21.52
 00040  1012.82    22.37    72.18     6.78    36.15    24.77     0.00     0.02    25.30    20.92
 00041   975.69    15.44    82.89     1.29   136.11    21.40     0.00     0.00    22.59    10.75
 00042  1016.49    17.44    77.59     2.08   130.55    22.05     0.00     0.00    25.56    13.86
 00043  1007.75    17.99    87.73     0.40   121.52    22.83     0.00     0.00    26.34    14.87
 00044   990.60    15.16    81.30     1.63    90.78    21.91     0.00     0.00    24.25    10.98
 00045  1012.82    22.37    72.18     6.78    36.15    24.77     0.00     0.02    25.30    20.92
 00046   947.84    16.84    83.29     1.26    91.20    21.76     0.01     0.01    24.76    14.25
 00047  1010.22    17.58    91.59     2.30   338.59    12.99     0.01     0.02    22.68    15.21
 00048   605.46    -3.76    90.72     0.81   187.43    30.05     0.89     2.56     8.13    -3.69
 00049   578.23    -7.37    97.01     0.52    96.94     2.59     0.08     1.55     2.37    -7.33
 00050  1008.18    21.38    71.54     4.71    14.99    22.82     0.00     0.00    26.03    19.39
