stn_id       p       t2      rh2      spd      dir      vis    rain6   rain24   tmax24   tmin24 
 00001   966.78    27.78    70.50     1.19   173.14    25.34     0.20  9999.00  9999.00  9999.00
 00002   990.93    26.79    51.07     0.90   109.61    25.02     0.00  9999.00  9999.00  9999.00
 00003   900.38    23.19    58.39     1.31   285.67    24.43     0.13  9999.00  9999.00  9999.00
 00004   833.54    19.30    59.50     2.09   317.08    21.04     0.87  9999.00  9999.00  9999.00
 00005   868.50    23.14    31.98     3.68    45.42    27.14     0.31  9999.00  9999.00  9999.00
 00006   880.32    23.36    21.05     5.17    39.46    28.10     0.01  9999.00  9999.00  9999.00
 00007   993.59    21.04    79.16     5.86    30.44    25.03     0.48  9999.00  9999.00  9999.00
 00008   979.80    18.99    79.13     4.74    74.38    13.23     0.39  9999.00  9999.00  9999.00
 00009   950.54    22.95    29.30     2.15    62.51    37.29     0.00  9999.00  9999.00  9999.00
 00010   964.79    12.07    98.98     4.69   112.66     1.31    10.47  9999.00  9999.00  9999.00
 00011   991.91    17.61    90.36     7.67    65.55     1.30     5.10  9999.00  9999.00  9999.00
 00012  1005.51    27.52    39.07     3.00   255.59    23.85     0.00  9999.00  9999.00  9999.00
 00013  1004.71    25.21    67.19     3.27    15.72    23.70     0.18  9999.00  9999.00  9999.00
 00014  1001.22    22.97    78.90     3.61   222.76    19.47     0.51  9999.00  9999.00  9999.00
 00015   990.34    26.30    50.31     3.45   356.34    20.26     0.00  9999.00  9999.00  9999.00
 00016   951.65    27.21    50.45     0.67   181.13    25.21     0.09  9999.00  9999.00  9999.00
 00017   992.92    28.07    49.60     1.49    29.37    23.44     0.00  9999.00  9999.00  9999.00
 00018  1003.81    26.05    63.06     3.14    21.15    23.67     0.23  9999.00  9999.00  9999.00
 00019   933.73    22.10    81.89     1.44   238.13     9.84     2.79  9999.00  9999.00  9999.00
 00020  1006.82    22.79    76.38     3.97   352.57    21.84     0.23  9999.00  9999.00  9999.00
 00021   889.70    21.12    48.28     3.09   344.24    27.40     0.02  9999.00  9999.00  9999.00
 00022  1008.08    27.39    40.35     3.40   347.23    21.41     0.00  9999.00  9999.00  9999.00
 00023   916.98    20.22    49.51     1.98   273.80    23.33     0.05  9999.00  9999.00  9999.00
 00024   941.42    17.80    71.91     6.01   303.12     5.34     0.98  9999.00  9999.00  9999.00
 00025   793.33    18.99    71.26     2.35    98.43    24.65     0.22  9999.00  9999.00  9999.00
 00026  1002.59    25.11    72.19     5.44    14.95    25.72     0.21  9999.00  9999.00  9999.00
 00027   999.42    25.67    66.54     4.26    13.39    25.96     0.08  9999.00  9999.00  9999.00
 00028   970.25    25.41    60.62     4.47    32.65    25.24     0.17  9999.00  9999.00  9999.00
 00029   997.40    28.57    70.72     4.30    23.40    27.37     0.03  9999.00  9999.00  9999.00
 00030   988.71    26.47    66.24     4.54    24.29    29.77     0.16  9999.00  9999.00  9999.00
 00031   574.84    12.42    45.12     0.79   168.96    24.32     0.00  9999.00  9999.00  9999.00
 00032   968.81    26.52    83.63     2.05   111.06     7.01     1.42  9999.00  9999.00  9999.00
 00033   999.63    23.68    98.70     1.32   154.74     2.91     8.24  9999.00  9999.00  9999.00
 00034  1002.80    27.88    83.43     5.84   238.90    21.65     0.65  9999.00  9999.00  9999.00
 00035   998.60    27.94    88.24     1.55     9.74     9.35     3.11  9999.00  9999.00  9999.00
 00036   775.39    15.36    78.27     0.42   133.91    13.85     1.01  9999.00  9999.00  9999.00
 00037   959.31    26.89    83.51     1.86   120.50     6.12     2.61  9999.00  9999.00  9999.00
 00038   985.15    28.44    82.95     0.72   151.98    11.21     7.42  9999.00  9999.00  9999.00
 00039   999.02    26.52    90.87     4.02    86.41    23.31     1.47  9999.00  9999.00  9999.00
 00040   996.22    27.90    87.39     2.45   155.90     8.18    23.15  9999.00  9999.00  9999.00
 00041   964.05    22.73    73.35     3.66    24.56    24.22     0.28  9999.00  9999.00  9999.00
 00042  1004.59    25.62    68.41     2.83    18.36    24.28     0.46  9999.00  9999.00  9999.00
 00043   996.01    25.28    71.59     4.73    20.27    26.27     0.37  9999.00  9999.00  9999.00
 00044   977.27    22.30    90.68     2.29    22.32     2.72     3.24  9999.00  9999.00  9999.00
 00045   996.22    27.90    87.39     2.45   155.90     8.18    23.15  9999.00  9999.00  9999.00
 00046   934.78    22.67    84.92     2.47   346.40    25.25     0.13  9999.00  9999.00  9999.00
 00047   993.77    24.29    91.85     5.06    77.99     6.38     1.68  9999.00  9999.00  9999.00
 00048   604.99    14.49    53.44     1.02   196.17    29.06     0.32  9999.00  9999.00  9999.00
 00049   578.32     9.09    67.98     2.44   202.27    19.56     0.76  9999.00  9999.00  9999.00
 00050   991.63    27.74    87.51     3.11    94.70     5.93     2.03  9999.00  9999.00  9999.00
