stn_id       p       t2      rh2      spd      dir      vis    rain6   rain24   tmax24   tmin24 
 00001   982.67    11.51    78.41     0.50   146.75    19.68  9999.00  9999.00  9999.00  9999.00
 00002  1013.46     2.34    37.09     2.37   325.56    26.07  9999.00  9999.00  9999.00  9999.00
 00003   912.93     3.06    28.58     2.39    67.57    25.08  9999.00  9999.00  9999.00  9999.00
 00004   840.01     2.71    26.21     1.58   185.66    25.90  9999.00  9999.00  9999.00  9999.00
 00005   876.72    -0.02    36.24     0.99    90.73    30.90  9999.00  9999.00  9999.00  9999.00
 00006   888.15    -3.39    50.89     2.81   199.07    34.88  9999.00  9999.00  9999.00  9999.00
 00007  1021.66    -3.07    38.13     2.74   345.78    37.51  9999.00  9999.00  9999.00  9999.00
 00008  1003.47    -7.21    59.01     1.88   302.38    42.47  9999.00  9999.00  9999.00  9999.00
 00009   947.96   -16.62    68.37     2.56   208.66    53.17  9999.00  9999.00  9999.00  9999.00
 00010   974.40    -6.83    59.16     5.94   289.82    41.42  9999.00  9999.00  9999.00  9999.00
 00011  1010.27   -15.97    86.37     1.85   287.86    46.20  9999.00  9999.00  9999.00  9999.00
 00012  1030.00     3.86    35.82     0.76    78.68    29.57  9999.00  9999.00  9999.00  9999.00
 00013  1021.93    13.97    61.22     2.93    54.98    21.32  9999.00  9999.00  9999.00  9999.00
 00014  1017.84    15.34    65.79     2.17     8.82    21.59  9999.00  9999.00  9999.00  9999.00
 00015  1010.40     8.24    58.35     4.96    83.79    22.82  9999.00  9999.00  9999.00  9999.00
 00016   965.53     5.74    67.31     1.80   144.38    20.87  9999.00  9999.00  9999.00  9999.00
 00017  1011.34     8.81    28.18     4.76    21.21    20.99  9999.00  9999.00  9999.00  9999.00
 00018  1020.43    14.05    60.99     2.16    86.33    20.51  9999.00  9999.00  9999.00  9999.00
 00019   945.60     8.70    84.08     1.21   260.49    21.46  9999.00  9999.00  9999.00  9999.00
 00020  1023.21    15.60    63.20     4.27   326.30    21.37  9999.00  9999.00  9999.00  9999.00
 00021   889.71   -10.43    79.42     1.04   169.03    25.20  9999.00  9999.00  9999.00  9999.00
 00022  1032.39     5.21    30.08     2.84    69.26    26.99  9999.00  9999.00  9999.00  9999.00
 00023   918.89    -0.92    84.36     1.76   217.97     9.14  9999.00  9999.00  9999.00  9999.00
 00024   944.31   -10.31    96.20     3.73   128.95    17.15  9999.00  9999.00  9999.00  9999.00
 00025   800.34    10.53    71.74     1.91   248.00    19.04  9999.00  9999.00  9999.00  9999.00
 00026  1018.90    15.73    74.37     1.96   155.33    19.75  9999.00  9999.00  9999.00  9999.00
 00027  1014.56    15.50    75.11     1.31   295.77    18.96  9999.00  9999.00  9999.00  9999.00
 00028   983.49    13.02    78.01     0.37   232.51    17.74  9999.00  9999.00  9999.00  9999.00
 00029  1015.43    15.34    88.62     2.92   331.25    19.29  9999.00  9999.00  9999.00  9999.00
 00030  1005.08    18.18    71.99     1.94    12.36    22.06  9999.00  9999.00  9999.00  9999.00
 00031   574.08    -7.30    12.90     1.12   227.36    37.28  9999.00  9999.00  9999.00  9999.00
 00032   985.12    15.07    89.57     2.39   289.38    18.70  9999.00  9999.00  9999.00  9999.00
 00033  1016.24    19.38    95.33     5.43    11.83     2.07  9999.00  9999.00  9999.00  9999.00
 00034  1016.18    27.09    75.91     4.22    68.18    25.04  9999.00  9999.00  9999.00  9999.00
 00035  1014.91    24.57    87.54     2.41    19.99    14.43  9999.00  9999.00  9999.00  9999.00
 00036   780.74     6.39    75.57     0.51   324.29    17.60  9999.00  9999.00  9999.00  9999.00
 00037   975.45    14.73    91.08     1.95   294.42    15.37  9999.00  9999.00  9999.00  9999.00
 00038  1003.77    15.99    84.66     1.43   322.58    19.89  9999.00  9999.00  9999.00  9999.00
 00039  1017.20    19.04    72.11     4.54   335.52    20.46  9999.00  9999.00  9999.00  9999.00
 00040  1014.83    18.60    70.60     4.77    17.03    13.71  9999.00  9999.00  9999.00  9999.00
 00041   978.72    14.74    56.04     1.10    75.06    19.79  9999.00  9999.00  9999.00  9999.00
 00042  1021.65    14.42    65.16     1.62    66.89    20.97  9999.00  9999.00  9999.00  9999.00
 00043  1012.21    14.92    80.67     1.34   161.23    19.93  9999.00  9999.00  9999.00  9999.00
 00044   993.84    12.48    74.37     0.41    76.45    19.32  9999.00  9999.00  9999.00  9999.00
 00045  1014.83    18.60    70.60     4.77    17.03    13.71  9999.00  9999.00  9999.00  9999.00
 00046   949.70    11.16    95.48     0.80    80.55     5.47  9999.00  9999.00  9999.00  9999.00
 00047  1009.47    17.23    80.91     2.88   335.31    12.65  9999.00  9999.00  9999.00  9999.00
 00048   606.50    -5.51     9.79     0.44   174.86    39.18  9999.00  9999.00  9999.00  9999.00
 00049   577.25    -8.35    20.48     0.93    21.46    29.51  9999.00  9999.00  9999.00  9999.00
 00050  1009.30    17.48    74.49     2.80   315.57    20.01  9999.00  9999.00  9999.00  9999.00
