stn_id       p       t2      rh2      spd      dir      vis    rain6   rain24   tmax24   tmin24 
 00001   971.70    33.60    31.53     2.00   180.00    20.00     0.00  9999.00  9999.00  9999.00
 00002   993.80    20.50    32.83     5.00   160.00    18.00     0.00  9999.00  9999.00  9999.00
 00003   913.80    22.70    21.80     2.00   270.00    22.00     0.00  9999.00  9999.00  9999.00
 00004   847.00    23.60    14.87     8.00   250.00    30.00     0.00  9999.00  9999.00  9999.00
 00005  9999.00  9999.00  9999.00  9999.00  9999.00  9999.00  9999.00  9999.00  9999.00  9999.00
 00006   868.10    19.90    12.89     6.00   250.00    30.00     0.00  9999.00  9999.00  9999.00
 00007   998.80    14.90    25.91     3.00   340.00    30.00     0.00  9999.00  9999.00  9999.00
 00008   974.60    13.90    32.85     3.00   290.00     8.00     0.00  9999.00  9999.00  9999.00
 00009   949.20    13.00    16.06     6.00   180.00    30.00     0.00  9999.00  9999.00  9999.00
 00010   973.80     4.40    93.18     2.00   320.00    18.00     0.00  9999.00  9999.00  9999.00
 00011   990.20    11.10    47.82     6.00    70.00    23.00     0.00  9999.00  9999.00  9999.00
 00012  1000.50    20.80    14.84     3.00   220.00    30.00     0.00  9999.00  9999.00  9999.00
 00013  1002.40    27.10    34.65     1.00    40.00    13.00     0.00  9999.00  9999.00  9999.00
 00014  1000.60    30.60    33.75     2.00   110.00    15.00     0.00  9999.00  9999.00  9999.00
 00015   986.40    22.80    14.82     2.00   270.00    22.00     0.00  9999.00  9999.00  9999.00
 00016   950.80    26.90    38.73     4.00    20.00    18.00     0.00  9999.00  9999.00  9999.00
 00017   992.40    23.40    23.81     2.00   160.00    20.00     0.00  9999.00  9999.00  9999.00
 00018  1003.50    28.30    40.69     1.00   360.00    26.00     0.00  9999.00  9999.00  9999.00
 00019   935.00    30.20    36.62     2.00    70.00    19.00     0.00  9999.00  9999.00  9999.00
 00020  1007.00    24.40    39.65     4.00   360.00    14.00     0.00  9999.00  9999.00  9999.00
 00021   906.10    12.70    70.97     4.00    20.00    17.00     0.00  9999.00  9999.00  9999.00
 00022  1005.30    21.00    13.88     4.00   200.00    30.00     0.00  9999.00  9999.00  9999.00
 00023   928.70    14.80    47.82     8.00   270.00    30.00     0.00  9999.00  9999.00  9999.00
 00024   954.20    13.40    60.69     4.00   320.00    30.00     0.30  9999.00  9999.00  9999.00
 00025  9999.00  9999.00  9999.00  9999.00  9999.00  9999.00  9999.00  9999.00  9999.00  9999.00
 00026  1001.70    29.40    45.72     4.00   250.00    17.00     0.00  9999.00  9999.00  9999.00
 00027   992.40    30.50    33.72     4.00   160.00    25.00     0.00  9999.00  9999.00  9999.00
 00028   971.90    32.00    30.71     6.00   220.00    24.00     0.00  9999.00  9999.00  9999.00
 00029  1000.20    32.10    42.47     2.00   180.00    30.00     0.00  9999.00  9999.00  9999.00
 00030   990.50    30.30    49.56     1.00   180.00    18.00     0.00  9999.00  9999.00  9999.00
 00031   637.20    12.80     7.38     1.00   180.00    30.00     0.00  9999.00  9999.00  9999.00
 00032   997.50    31.70    43.73     2.00   140.00    18.00     0.00  9999.00  9999.00  9999.00
 00033  1001.30    29.90    64.65     4.00    20.00     9.00     0.00  9999.00  9999.00  9999.00
 00034  1007.70    29.10    74.68     2.00    40.00    18.00     0.00  9999.00  9999.00  9999.00
 00035  1006.40    30.20    63.53     1.00   110.00    11.00     0.00  9999.00  9999.00  9999.00
 00036   832.80    31.40    21.61     2.00   140.00    13.00     0.00  9999.00  9999.00  9999.00
 00037  1000.20    30.40    43.68     3.00   180.00    19.00     0.00  9999.00  9999.00  9999.00
 00038  1001.00    32.20    43.58     3.00   160.00    18.00     0.00  9999.00  9999.00  9999.00
 00039  1006.30    24.00    74.83     3.00   200.00     7.00     0.00  9999.00  9999.00  9999.00
 00040  1003.20    25.10    71.79     4.00   160.00    11.00     0.00  9999.00  9999.00  9999.00
 00041   813.60    18.20    43.90     2.00   270.00    19.00     0.00  9999.00  9999.00  9999.00
 00042  1001.50    28.60    37.69     2.00   320.00    16.00     0.00  9999.00  9999.00  9999.00
 00043   999.10    30.90    41.63     4.00   250.00    20.00     0.00  9999.00  9999.00  9999.00
 00044   993.70    30.00    31.65     2.00   250.00    30.00     0.00  9999.00  9999.00  9999.00
 00045  1003.20    25.10    71.79     4.00   160.00    11.00     0.00  9999.00  9999.00  9999.00
 00046   961.70    32.00    20.78     5.00   180.00    20.00     0.00  9999.00  9999.00  9999.00
 00047  1002.80    25.30    65.78     4.00   110.00     7.00     0.00  9999.00  9999.00  9999.00
 00048   653.50    16.90    19.80     5.00   270.00    17.00     0.00  9999.00  9999.00  9999.00
 00049   603.20     7.80    43.76     5.00   200.00    30.00     0.00  9999.00  9999.00  9999.00
 00050  1000.70    26.40    63.56     5.00   160.00     8.00     0.00  9999.00  9999.00  9999.00
