stn_id       p       t2      rh2      spd      dir      vis    rain6   rain24   tmax24   tmin24 
 00001   966.52    30.13    64.87     2.43   202.59    25.84  9999.00  9999.00  9999.00  9999.00
 00002   990.37    30.89    61.42     0.81    95.50    25.79  9999.00  9999.00  9999.00  9999.00
 00003   901.35    28.03    50.14     0.94    98.79    24.86  9999.00  9999.00  9999.00  9999.00
 00004   835.11    25.58    30.21     2.22   188.12    24.83  9999.00  9999.00  9999.00  9999.00
 00005   869.21    27.26    16.90     2.48   102.18    27.57  9999.00  9999.00  9999.00  9999.00
 00006   879.66    27.32    11.85     3.16   278.97    28.76  9999.00  9999.00  9999.00  9999.00
 00007  1000.77    27.94    69.46     1.61   137.75    25.19  9999.00  9999.00  9999.00  9999.00
 00008   986.70    27.01    43.90     1.26   123.31    27.39  9999.00  9999.00  9999.00  9999.00
 00009   934.20    16.81    50.75     5.51   244.08    40.08  9999.00  9999.00  9999.00  9999.00
 00010   965.92    24.61    69.17     2.84   321.26    29.36  9999.00  9999.00  9999.00  9999.00
 00011   993.19    27.07    44.74     2.82   234.65    30.05  9999.00  9999.00  9999.00  9999.00
 00012  1006.12    28.49    75.29     0.86    52.15    24.42  9999.00  9999.00  9999.00  9999.00
 00013  1005.50    28.24    71.82     3.71    98.40    23.68  9999.00  9999.00  9999.00  9999.00
 00014  1002.00    27.54    75.29     3.71    79.26    18.11  9999.00  9999.00  9999.00  9999.00
 00015   990.72    28.56    75.91     1.06   188.02    20.49  9999.00  9999.00  9999.00  9999.00
 00016   949.74    30.20    50.34     1.72   143.91    25.48  9999.00  9999.00  9999.00  9999.00
 00017   991.51    28.98    75.97     0.88    66.72    23.98  9999.00  9999.00  9999.00  9999.00
 00018  1003.70    29.71    66.64     4.11    94.48    24.02  9999.00  9999.00  9999.00  9999.00
 00019   932.18    28.01    65.23     0.38   168.84    27.21  9999.00  9999.00  9999.00  9999.00
 00020  1008.95    27.17    78.08     4.38    91.55    16.93  9999.00  9999.00  9999.00  9999.00
 00021   890.32    21.23    36.92     0.97   217.03    27.93  9999.00  9999.00  9999.00  9999.00
 00022  1008.55    30.09    70.82     1.77   102.94    21.82  9999.00  9999.00  9999.00  9999.00
 00023   917.32    20.78    34.54     4.36   273.23    23.43  9999.00  9999.00  9999.00  9999.00
 00024   940.71    20.96    33.60     5.03   301.38    25.76  9999.00  9999.00  9999.00  9999.00
 00025   796.06    20.53    80.97     1.04   107.29    23.05  9999.00  9999.00  9999.00  9999.00
 00026  1002.01    29.96    75.56     2.43    33.72    23.20  9999.00  9999.00  9999.00  9999.00
 00027   998.11    32.10    67.37     0.91   328.96    26.87  9999.00  9999.00  9999.00  9999.00
 00028   968.94    30.65    68.82     0.42   128.52    24.56  9999.00  9999.00  9999.00  9999.00
 00029  1001.94    26.59    91.67     0.79   248.12     5.02  9999.00  9999.00  9999.00  9999.00
 00030   990.79    27.68    80.87     0.82   223.70    28.53  9999.00  9999.00  9999.00  9999.00
 00031   577.82     9.22    69.32     0.80   220.13    23.28  9999.00  9999.00  9999.00  9999.00
 00032   972.60    23.49    94.74     1.29    93.04     1.71  9999.00  9999.00  9999.00  9999.00
 00033  1004.34    24.34    97.83     2.09   134.10     0.34  9999.00  9999.00  9999.00  9999.00
 00034  1007.44    27.96    86.26     1.34   212.88    32.87  9999.00  9999.00  9999.00  9999.00
 00035  1003.35    31.21    72.86     0.85   282.48    16.33  9999.00  9999.00  9999.00  9999.00
 00036   777.18    19.40    89.74     0.84   205.63    14.62  9999.00  9999.00  9999.00  9999.00
 00037   963.00    24.11    94.13     1.17   112.09     2.88  9999.00  9999.00  9999.00  9999.00
 00038   989.45    28.62    78.24     0.73   167.10    22.96  9999.00  9999.00  9999.00  9999.00
 00039  1003.32    24.89    92.71     5.14    57.65    24.09  9999.00  9999.00  9999.00  9999.00
 00040  1001.18    27.30    90.82     3.06   187.68    21.35  9999.00  9999.00  9999.00  9999.00
 00041   964.29    26.88    75.80     2.02    78.33    19.73  9999.00  9999.00  9999.00  9999.00
 00042  1004.91    28.52    73.81     4.08    90.33    18.39  9999.00  9999.00  9999.00  9999.00
 00043   995.74    29.79    81.19     1.47    31.62    27.12  9999.00  9999.00  9999.00  9999.00
 00044   977.93    26.99    78.45     1.10    46.09    25.07  9999.00  9999.00  9999.00  9999.00
 00045  1001.18    27.30    90.82     3.06   187.68    21.35  9999.00  9999.00  9999.00  9999.00
 00046   937.15    27.13    76.74     1.14   252.79    21.21  9999.00  9999.00  9999.00  9999.00
 00047   997.02    23.11    95.51     2.25   107.13     7.02  9999.00  9999.00  9999.00  9999.00
 00048   608.14    12.75    65.60     1.45   193.93    28.74  9999.00  9999.00  9999.00  9999.00
 00049   580.88     9.19    73.64     1.02   208.46    23.53  9999.00  9999.00  9999.00  9999.00
 00050   995.68    26.18    86.04     3.01    69.03    23.98  9999.00  9999.00  9999.00  9999.00
