stn_id       p       t2      rh2      spd      dir      vis    rain6   rain24   tmax24   tmin24 
 00001   963.00    32.51    56.55     2.06   285.17    25.80  9999.00  9999.00  9999.00  9999.00
 00002   986.11    32.50    48.40     0.71    47.65    25.72  9999.00  9999.00  9999.00  9999.00
 00003   897.85    30.34    26.02     2.38    90.10    24.73  9999.00  9999.00  9999.00  9999.00
 00004   833.47    24.53    31.57     2.51   328.41    24.82  9999.00  9999.00  9999.00  9999.00
 00005   866.22    28.65    18.27     2.75   258.35    27.55  9999.00  9999.00  9999.00  9999.00
 00006   876.22    28.10    11.90     7.43   304.58    28.74  9999.00  9999.00  9999.00  9999.00
 00007   996.13    27.59    75.57     3.26   255.08    24.98  9999.00  9999.00  9999.00  9999.00
 00008   980.51    25.36    81.61     3.48   253.18    11.42  9999.00  9999.00  9999.00  9999.00
 00009   933.47    18.83    43.95     4.90   231.47    40.32  9999.00  9999.00  9999.00  9999.00
 00010   960.36    26.66    81.22     1.87   111.53    26.70  9999.00  9999.00  9999.00  9999.00
 00011   986.39    23.33    93.09     3.96   279.90     1.07  9999.00  9999.00  9999.00  9999.00
 00012  1000.37    33.16    43.26     0.54   175.31    24.27  9999.00  9999.00  9999.00  9999.00
 00013  1001.81    28.30    75.50     2.27    88.45    23.46  9999.00  9999.00  9999.00  9999.00
 00014   998.41    28.56    74.76     3.20    81.78    24.64  9999.00  9999.00  9999.00  9999.00
 00015   986.61    28.58    76.89     0.38    57.07     9.26  9999.00  9999.00  9999.00  9999.00
 00016   948.04    31.12    44.56     3.05   245.08    25.45  9999.00  9999.00  9999.00  9999.00
 00017   987.79    29.76    74.45     0.99   170.24    20.12  9999.00  9999.00  9999.00  9999.00
 00018  1000.13    30.53    65.46     3.23    91.68    23.59  9999.00  9999.00  9999.00  9999.00
 00019   930.45    26.95    78.63     1.31   258.60    26.99  9999.00  9999.00  9999.00  9999.00
 00020  1005.42    26.26    82.84     3.72    91.98    20.82  9999.00  9999.00  9999.00  9999.00
 00021   888.55    25.50    28.15     4.26   307.31    27.92  9999.00  9999.00  9999.00  9999.00
 00022  1003.21    33.01    54.78     0.49   175.74    21.73  9999.00  9999.00  9999.00  9999.00
 00023   915.00    26.87    27.93     2.28   324.49    23.39  9999.00  9999.00  9999.00  9999.00
 00024   940.13    25.76    25.64     2.79   309.65    25.77  9999.00  9999.00  9999.00  9999.00
 00025   792.63    21.86    78.31     2.11   181.74    20.26  9999.00  9999.00  9999.00  9999.00
 00026   998.71    30.54    73.77     2.43    13.39    22.20  9999.00  9999.00  9999.00  9999.00
 00027   994.48    33.20    56.15     2.15    11.45    26.83  9999.00  9999.00  9999.00  9999.00
 00028   965.13    32.49    58.77     2.59    42.39    25.98  9999.00  9999.00  9999.00  9999.00
 00029   997.00    30.63    73.93     1.00   296.47    28.45  9999.00  9999.00  9999.00  9999.00
 00030   986.37    31.05    75.63     0.26   124.00    28.94  9999.00  9999.00  9999.00  9999.00
 00031   575.75    14.84    37.08     1.55   133.23    23.83  9999.00  9999.00  9999.00  9999.00
 00032   969.79    24.47    89.92     1.99   131.52    10.18  9999.00  9999.00  9999.00  9999.00
 00033  1000.33    22.96    96.61     3.93   134.85     0.33  9999.00  9999.00  9999.00  9999.00
 00034  1004.44    28.50    84.77     3.06   177.97    34.13  9999.00  9999.00  9999.00  9999.00
 00035   999.61    31.78    69.97     1.72   161.64    31.26  9999.00  9999.00  9999.00  9999.00
 00036   774.29    21.75    72.31     1.11   183.36    23.21  9999.00  9999.00  9999.00  9999.00
 00037   960.18    25.07    87.22     2.12   132.11     8.16  9999.00  9999.00  9999.00  9999.00
 00038   986.63    27.01    86.18     2.66   129.76    22.40  9999.00  9999.00  9999.00  9999.00
 00039  1000.49    25.47    91.95     3.57    93.93    17.37  9999.00  9999.00  9999.00  9999.00
 00040   997.84    26.61    91.63     3.19   163.58    12.10  9999.00  9999.00  9999.00  9999.00
 00041   961.44    26.97    75.60     1.96    48.67    13.35  9999.00  9999.00  9999.00  9999.00
 00042  1001.62    28.13    78.24     2.47    70.37    21.44  9999.00  9999.00  9999.00  9999.00
 00043   992.53    30.63    74.59     1.51    32.77    27.06  9999.00  9999.00  9999.00  9999.00
 00044   974.41    29.89    68.18     1.10    75.14    24.99  9999.00  9999.00  9999.00  9999.00
 00045   997.84    26.61    91.63     3.19   163.58    12.10  9999.00  9999.00  9999.00  9999.00
 00046   934.18    26.57    80.02     0.54    85.59    17.82  9999.00  9999.00  9999.00  9999.00
 00047   993.60    24.50    92.69     2.50    95.76     8.53  9999.00  9999.00  9999.00  9999.00
 00048   606.11    17.75    41.92     1.69   179.77    28.67  9999.00  9999.00  9999.00  9999.00
 00049   580.33     9.37    77.90     2.22   204.82    18.14  9999.00  9999.00  9999.00  9999.00
 00050   993.01    25.70    89.18     2.59   106.58    15.37  9999.00  9999.00  9999.00  9999.00
