stn_id       p       t2      rh2      spd      dir      vis    rain6   rain24   tmax24   tmin24 
 00001   958.14    24.86    97.40     0.87   270.01    17.42  9999.00  9999.00  9999.00  9999.00
 00002   984.72    21.86    84.10     2.88     8.54    24.30  9999.00  9999.00  9999.00  9999.00
 00003   894.13    20.99    89.72     2.51    29.10    22.15  9999.00  9999.00  9999.00  9999.00
 00004   828.67    14.50    95.05     1.23   135.53    24.95  9999.00  9999.00  9999.00  9999.00
 00005   861.75    18.20    73.67     1.33    59.24    26.93  9999.00  9999.00  9999.00  9999.00
 00006   871.37    18.86    62.20     3.63   169.15    27.36  9999.00  9999.00  9999.00  9999.00
 00007   993.18    18.70    73.55     3.48   345.03    24.83  9999.00  9999.00  9999.00  9999.00
 00008   977.99    16.46    92.19     5.24    18.91    18.23  9999.00  9999.00  9999.00  9999.00
 00009   943.86     9.98    85.44     1.66   179.47    38.30  9999.00  9999.00  9999.00  9999.00
 00010   956.10    15.32    98.09     1.76    95.49     9.54  9999.00  9999.00  9999.00  9999.00
 00011   986.86    16.42    77.56     4.21    37.55    28.63  9999.00  9999.00  9999.00  9999.00
 00012  1001.33    23.49    79.72     1.49    71.06    20.46  9999.00  9999.00  9999.00  9999.00
 00013   995.49    25.95    90.63     1.39   143.79    25.32  9999.00  9999.00  9999.00  9999.00
 00014   992.86    24.29    97.29     0.94   244.27    26.19  9999.00  9999.00  9999.00  9999.00
 00015   981.80    23.33    95.95     3.54    59.63     7.98  9999.00  9999.00  9999.00  9999.00
 00016   941.59    24.55    92.36     2.35    63.08    21.40  9999.00  9999.00  9999.00  9999.00
 00017   981.73    25.82    96.97     1.50   129.71    10.16  9999.00  9999.00  9999.00  9999.00
 00018   994.00    27.42    93.51     1.63   141.31    20.84  9999.00  9999.00  9999.00  9999.00
 00019   923.30    22.93    90.89     0.62   292.78    26.76  9999.00  9999.00  9999.00  9999.00
 00020   998.72    22.25    98.50     0.86   222.37     9.64  9999.00  9999.00  9999.00  9999.00
 00021   883.23    21.72    32.50     1.82   180.85    26.80  9999.00  9999.00  9999.00  9999.00
 00022  1003.70    22.54    70.00     2.59    76.33    22.69  9999.00  9999.00  9999.00  9999.00
 00023   909.00    18.41    48.24     1.47   189.95    22.30  9999.00  9999.00  9999.00  9999.00
 00024   931.32    22.03    42.53     4.10   291.29    24.47  9999.00  9999.00  9999.00  9999.00
 00025   788.48    16.99    98.77     1.18   223.73    11.85  9999.00  9999.00  9999.00  9999.00
 00026   994.30    27.83    90.34     2.62   202.42    27.79  9999.00  9999.00  9999.00  9999.00
 00027   990.37    27.54    86.35     2.49   180.81    27.76  9999.00  9999.00  9999.00  9999.00
 00028   960.88    25.58    87.15     2.02   187.36    26.49  9999.00  9999.00  9999.00  9999.00
 00029   996.04    25.68    85.35     2.32   202.49    29.18  9999.00  9999.00  9999.00  9999.00
 00030   982.90    25.01    94.03     1.76   154.69    28.72  9999.00  9999.00  9999.00  9999.00
 00031   573.39     4.72    94.98     1.17   211.65     1.31  9999.00  9999.00  9999.00  9999.00
 00032   965.03    25.07    91.65     1.27   273.31    21.90  9999.00  9999.00  9999.00  9999.00
 00033   998.81    23.78    85.78     4.59   204.19    31.89  9999.00  9999.00  9999.00  9999.00
 00034  1004.91    28.62    86.23     9.93   215.32    34.75  9999.00  9999.00  9999.00  9999.00
 00035   998.64    26.62    79.11     3.91   197.27    31.80  9999.00  9999.00  9999.00  9999.00
 00036   769.93    16.24    96.04     0.36    94.91     8.54  9999.00  9999.00  9999.00  9999.00
 00037   955.90    24.92    91.72     1.37   281.73    24.42  9999.00  9999.00  9999.00  9999.00
 00038   983.87    25.36    92.02     1.48   250.72    27.42  9999.00  9999.00  9999.00  9999.00
 00039   996.08    26.22    90.30     5.85   226.19    26.37  9999.00  9999.00  9999.00  9999.00
 00040   995.73    25.57    93.80     3.96   236.11    28.03  9999.00  9999.00  9999.00  9999.00
 00041   956.96    24.98    95.79     0.64   137.29    25.62  9999.00  9999.00  9999.00  9999.00
 00042   995.49    26.89    89.83     1.12   155.38    25.00  9999.00  9999.00  9999.00  9999.00
 00043   988.57    27.14    89.55     2.13   190.00    28.37  9999.00  9999.00  9999.00  9999.00
 00044   971.36    25.69    95.28     0.93   213.57    22.42  9999.00  9999.00  9999.00  9999.00
 00045   995.73    25.57    93.80     3.96   236.11    28.03  9999.00  9999.00  9999.00  9999.00
 00046   932.25    23.03    97.40     1.50   197.57    27.07  9999.00  9999.00  9999.00  9999.00
 00047   987.95    23.44    98.21     1.95   333.92     1.61  9999.00  9999.00  9999.00  9999.00
 00048   603.57     8.78    89.04     0.82   198.45    15.69  9999.00  9999.00  9999.00  9999.00
 00049   576.60     4.09    97.06     1.23   182.44     1.50  9999.00  9999.00  9999.00  9999.00
 00050   988.24    26.30    94.36     2.38   229.49    25.87  9999.00  9999.00  9999.00  9999.00
