stn_id       p       t2      rh2      spd      dir      vis    rain6   rain24   tmax24   tmin24 
 00001   970.93    13.25    76.18     1.50   324.76    17.40     0.16  9999.00  9999.00  9999.00
 00002  1005.69     0.36    94.86     4.10    11.43     5.36     9.03  9999.00  9999.00  9999.00
 00003   905.72     2.85    67.54     3.67    58.78    24.94     0.25  9999.00  9999.00  9999.00
 00004   834.20    -0.16    76.59     1.70    52.99    24.32     1.04  9999.00  9999.00  9999.00
 00005   873.09    -0.42    65.11     5.57    21.58    29.90     0.86  9999.00  9999.00  9999.00
 00006   889.12    -5.29    32.48     4.69    26.18    34.24     0.00  9999.00  9999.00  9999.00
 00007  1018.53    -0.80    45.76     5.92    14.88    32.07     0.00  9999.00  9999.00  9999.00
 00008  1003.43    -2.32    40.14     2.39   336.38    39.15     0.00  9999.00  9999.00  9999.00
 00009   954.22   -11.36    51.86     2.61   288.51    58.35     0.00  9999.00  9999.00  9999.00
 00010   977.30    -0.48    44.63     3.01   310.62    37.02     0.00  9999.00  9999.00  9999.00
 00011  1010.91    -5.21    61.65     2.55   266.05    46.60     0.00  9999.00  9999.00  9999.00
 00012  1023.64     2.16    69.40     3.72    18.02     9.22     2.51  9999.00  9999.00  9999.00
 00013  1008.43    13.98    88.76     5.13   279.30    13.01     0.44  9999.00  9999.00  9999.00
 00014  1004.09    16.06    91.78     2.94   224.31    12.96     7.03  9999.00  9999.00  9999.00
 00015   997.69     6.31    96.40     3.60    42.76     2.01     7.26  9999.00  9999.00  9999.00
 00016   959.10     8.69    63.39     1.77   249.96    18.45     0.00  9999.00  9999.00  9999.00
 00017  1001.77     9.90    60.77     4.31   166.26    19.00     0.00  9999.00  9999.00  9999.00
 00018  1009.77    10.43    92.78     5.74   296.11    14.82     0.69  9999.00  9999.00  9999.00
 00019   935.32    12.79    66.10     1.46   116.78    20.34     0.07  9999.00  9999.00  9999.00
 00020  1008.05    19.96    81.00     6.64   246.79    18.31    13.08  9999.00  9999.00  9999.00
 00021   902.93    -9.88    96.32     2.15   329.28    35.78     0.00  9999.00  9999.00  9999.00
 00022  1025.53     0.25    70.86     5.70    22.47     5.41     4.10  9999.00  9999.00  9999.00
 00023   934.74    -7.78    84.98     2.80   294.72    23.03     0.50  9999.00  9999.00  9999.00
 00024   959.91   -11.36    88.60     2.03   317.70    38.11     0.05  9999.00  9999.00  9999.00
 00025   791.57    19.22    27.42     6.79   248.20    19.76     0.00  9999.00  9999.00  9999.00
 00026  1008.14    13.29    96.11     2.62   241.50     6.63     4.02  9999.00  9999.00  9999.00
 00027  1005.87     9.74    96.23     4.36   346.73     4.21     3.02  9999.00  9999.00  9999.00
 00028   973.80     8.37    93.94     2.37   254.72     3.41     1.93  9999.00  9999.00  9999.00
 00029  1005.14    27.64    66.49     5.55   174.08    20.04     0.69  9999.00  9999.00  9999.00
 00030   990.38    30.58    63.55     5.89   193.62    21.49     0.51  9999.00  9999.00  9999.00
 00031   564.68     2.21    13.51     6.48   223.40    32.13     0.01  9999.00  9999.00  9999.00
 00032   976.26    23.20    78.09     3.11   224.90    16.48     0.06  9999.00  9999.00  9999.00
 00033  1006.36    25.11    78.93     5.99   167.07    22.03     0.00  9999.00  9999.00  9999.00
 00034  1011.40    28.19    77.77     4.38   143.54    23.80     0.00  9999.00  9999.00  9999.00
 00035  1006.67    30.64    62.48     6.77   184.43    21.97     0.00  9999.00  9999.00  9999.00
 00036   769.08    14.57    45.52     3.94   197.54    20.43     0.00  9999.00  9999.00  9999.00
 00037   966.78    22.86    80.77     2.56   228.27    17.04     0.07  9999.00  9999.00  9999.00
 00038   994.98    25.55    75.70     1.88   211.59    18.19     0.81  9999.00  9999.00  9999.00
 00039  1008.34    25.88    78.50     7.85   211.28    15.69     1.36  9999.00  9999.00  9999.00
 00040  1006.45    26.82    72.13     5.71   210.40    17.96     0.58  9999.00  9999.00  9999.00
 00041   967.46    15.19    89.70     1.69   271.88     9.16     9.37  9999.00  9999.00  9999.00
 00042  1009.88    12.95    90.85     5.26   280.49     7.30     1.18  9999.00  9999.00  9999.00
 00043  1001.24    14.43    96.14     1.15   327.83     9.27     1.14  9999.00  9999.00  9999.00
 00044   981.43    21.99    80.10     2.30   274.04    17.36     0.55  9999.00  9999.00  9999.00
 00045  1006.45    26.82    72.13     5.71   210.40    17.96     0.58  9999.00  9999.00  9999.00
 00046   940.72    24.11    61.87     3.96   203.74    18.04     0.02  9999.00  9999.00  9999.00
 00047   999.47    23.26    81.82     3.62   220.09    17.87     0.07  9999.00  9999.00  9999.00
 00048   595.30     3.31    23.51     2.00   164.21    34.75     0.00  9999.00  9999.00  9999.00
 00049   571.72    -4.00    53.63     3.44   202.23    28.32     0.06  9999.00  9999.00  9999.00
 00050  1000.43    26.43    69.90     5.87   217.04    17.99     0.60  9999.00  9999.00  9999.00
