stn_id       p       t2      rh2      spd      dir      vis    rain6   rain24   tmax24   tmin24 
 00001   981.63     8.93    85.61     2.94   323.52     8.37     2.78  9999.00  9999.00  9999.00
 00002  1014.46     1.44    66.66     1.51   140.05    26.81     0.00  9999.00  9999.00  9999.00
 00003   914.75     0.86    34.37     2.40    90.73    25.24     0.00  9999.00  9999.00  9999.00
 00004   842.61    -4.35    41.58     2.20    31.15    26.49     0.00  9999.00  9999.00  9999.00
 00005   881.92    -4.18    37.78     2.35   107.82    31.06     0.00  9999.00  9999.00  9999.00
 00006   894.04    -4.63    30.59     4.22   309.91    34.27     0.00  9999.00  9999.00  9999.00
 00007  1019.99    -0.44    26.88     4.98   349.34    31.92     0.00  9999.00  9999.00  9999.00
 00008  1001.87    -3.35    33.52     4.50   302.06    38.99     0.00  9999.00  9999.00  9999.00
 00009   952.72   -11.08    55.74     4.40   351.81    53.61     0.09  9999.00  9999.00  9999.00
 00010   973.66    -2.88    37.81     5.92   308.50    36.76     0.02  9999.00  9999.00  9999.00
 00011  1007.43    -5.97    60.62     3.96   273.26    46.53     0.00  9999.00  9999.00  9999.00
 00012  1030.06     5.80    19.26     4.16   327.86    27.83     0.00  9999.00  9999.00  9999.00
 00013  1019.56    11.54    75.34     6.60    25.63     7.53     1.24  9999.00  9999.00  9999.00
 00014  1012.64    13.42    91.25     4.56    15.52     5.11     3.65  9999.00  9999.00  9999.00
 00015  1011.73     5.11    44.67     5.71    15.43    20.96     0.00  9999.00  9999.00  9999.00
 00016   969.31     4.75    81.76     2.25   163.64     4.85     1.58  9999.00  9999.00  9999.00
 00017  1014.13     6.29    32.38     5.73    30.87    19.10     0.00  9999.00  9999.00  9999.00
 00018  1019.70     7.82    83.77     5.83    16.00     3.95     2.43  9999.00  9999.00  9999.00
 00019   945.79    11.53    55.52     1.32   103.96    20.19     0.06  9999.00  9999.00  9999.00
 00020  1018.78    13.86    83.04     6.42    16.90     6.35     2.18  9999.00  9999.00  9999.00
 00021   904.97    -6.33    67.86     0.54   332.41    44.92     0.00  9999.00  9999.00  9999.00
 00022  1033.24     4.10    23.89     4.47   348.69    25.18     0.00  9999.00  9999.00  9999.00
 00023   933.36    -9.18    74.94     1.45   104.03    40.67     0.00  9999.00  9999.00  9999.00
 00024   963.85    -9.81    93.38     4.98   117.27    32.17     0.33  9999.00  9999.00  9999.00
 00025   794.74    19.24    25.39     4.46   215.95    19.85     0.00  9999.00  9999.00  9999.00
 00026  1015.58     9.86    94.28     4.47   338.14     3.04     2.76  9999.00  9999.00  9999.00
 00027  1015.05     6.21    91.57     6.17   344.55    13.45     3.25  9999.00  9999.00  9999.00
 00028   984.09     6.38    84.45     5.03    30.13    15.49     0.35  9999.00  9999.00  9999.00
 00029  1006.07    27.17    76.93     1.66   307.01     9.20     1.27  9999.00  9999.00  9999.00
 00030   997.92    16.26    84.21     5.79   354.17    10.85     2.89  9999.00  9999.00  9999.00
 00031   568.71     0.82    14.65     3.49   261.09    32.09     0.00  9999.00  9999.00  9999.00
 00032   976.67    24.27    72.51     1.36    91.21    13.86     0.15  9999.00  9999.00  9999.00
 00033  1007.04    25.96    78.51     4.76   166.50    22.02     0.00  9999.00  9999.00  9999.00
 00034  1011.36    28.03    79.57     3.85   135.56    23.77     0.15  9999.00  9999.00  9999.00
 00035  1007.00    31.54    60.84     5.53   182.15    21.96     0.00  9999.00  9999.00  9999.00
 00036   776.37     5.57    67.22     1.99   139.70    14.52     0.15  9999.00  9999.00  9999.00
 00037   967.04    25.00    69.93     1.43   222.10    14.89     0.14  9999.00  9999.00  9999.00
 00038   994.55    26.95    69.53     0.91   248.72    19.09     0.08  9999.00  9999.00  9999.00
 00039  1007.91    26.48    75.40     3.86   227.51    18.70     0.01  9999.00  9999.00  9999.00
 00040  1006.12    27.69    69.01     3.45   214.61    19.48     0.05  9999.00  9999.00  9999.00
 00041   974.51     9.50    99.08     2.24    10.04     0.90     2.37  9999.00  9999.00  9999.00
 00042  1018.54    11.55    89.91     5.99    26.14     6.22     2.90  9999.00  9999.00  9999.00
 00043  1008.94    10.86    93.05     3.30   337.86    13.03     0.96  9999.00  9999.00  9999.00
 00044   987.50    12.84    91.14     2.12    30.85    11.24     7.90  9999.00  9999.00  9999.00
 00045  1006.12    27.69    69.01     3.45   214.61    19.48     0.05  9999.00  9999.00  9999.00
 00046   942.93    18.81    93.67     2.06   301.51     9.77     1.04  9999.00  9999.00  9999.00
 00047  1003.11    17.51    90.68     5.19   232.93     3.38     5.12  9999.00  9999.00  9999.00
 00048   600.11     0.70    17.49     1.37   174.20    34.69     0.12  9999.00  9999.00  9999.00
 00049   572.22    -1.02    34.27     2.31   212.34    28.50     0.00  9999.00  9999.00  9999.00
 00050  1000.01    27.64    65.38     3.29   249.39    18.26     0.00  9999.00  9999.00  9999.00
