stn_id       p       t2      rh2      spd      dir      vis    rain6   rain24   tmax24   tmin24 
 00001   976.75    18.91    60.96     1.26   194.36    21.26  9999.00  9999.00  9999.00  9999.00
 00002   995.94    18.79    27.99     3.95   156.14    20.45  9999.00  9999.00  9999.00  9999.00
 00003   902.50    14.27    35.52     5.21   210.59    18.67  9999.00  9999.00  9999.00  9999.00
 00004   832.71     7.63    50.39     3.97   219.52    17.19  9999.00  9999.00  9999.00  9999.00
 00005   867.34     3.11    66.27     1.78   178.68    17.23  9999.00  9999.00  9999.00  9999.00
 00006   875.68     5.97    43.64     7.50   227.85    17.30  9999.00  9999.00  9999.00  9999.00
 00007  1004.56    10.35    44.97     3.51   188.81    21.08  9999.00  9999.00  9999.00  9999.00
 00008   986.28     7.77    25.36     3.89   221.05    23.32  9999.00  9999.00  9999.00  9999.00
 00009   928.85     6.54    42.47     2.21   175.83    39.13  9999.00  9999.00  9999.00  9999.00
 00010   963.80     4.98    42.34     3.69   303.38    23.93  9999.00  9999.00  9999.00  9999.00
 00011   991.67     6.24    36.68     2.16   231.20    25.77  9999.00  9999.00  9999.00  9999.00
 00012  1010.85    19.17    16.63     6.03   213.49    19.28  9999.00  9999.00  9999.00  9999.00
 00013  1019.40    17.22    38.76     1.12   283.07    21.51  9999.00  9999.00  9999.00  9999.00
 00014  1016.39    16.92    46.87     0.57    48.21    21.90  9999.00  9999.00  9999.00  9999.00
 00015   999.40    17.51    32.06     3.63   222.56    19.09  9999.00  9999.00  9999.00  9999.00
 00016   954.68    20.45    43.92     2.77   184.96    18.92  9999.00  9999.00  9999.00  9999.00
 00017  1000.52    20.91    32.52     4.24   188.83    19.82  9999.00  9999.00  9999.00  9999.00
 00018  1017.94    18.06    37.95     1.72   209.64    21.19  9999.00  9999.00  9999.00  9999.00
 00019   939.97    18.18    45.97     1.44   207.11    23.33  9999.00  9999.00  9999.00  9999.00
 00020  1022.53    16.40    45.16     1.65   175.87    20.57  9999.00  9999.00  9999.00  9999.00
 00021   888.76    13.22    33.38     2.33    35.74    30.60  9999.00  9999.00  9999.00  9999.00
 00022  1015.12    18.64    20.12     5.38   229.12    18.92  9999.00  9999.00  9999.00  9999.00
 00023   916.63     9.36    70.40     3.46   270.00    10.01  9999.00  9999.00  9999.00  9999.00
 00024   940.43     6.36    79.83     6.78   290.55    15.93  9999.00  9999.00  9999.00  9999.00
 00025   794.67    25.10    21.44     5.76   228.61    23.79  9999.00  9999.00  9999.00  9999.00
 00026  1017.00    19.00    48.97     2.41    40.38    22.01  9999.00  9999.00  9999.00  9999.00
 00027  1012.53    20.92    46.37     0.60    81.61    21.50  9999.00  9999.00  9999.00  9999.00
 00028   980.92    18.37    55.91     0.71   167.67    20.33  9999.00  9999.00  9999.00  9999.00
 00029  1012.80    21.01    61.01     2.73    42.20    23.22  9999.00  9999.00  9999.00  9999.00
 00030  1001.87    20.09    64.14     2.77    38.02    26.20  9999.00  9999.00  9999.00  9999.00
 00031   572.51     7.48     7.81     5.33   249.60    26.93  9999.00  9999.00  9999.00  9999.00
 00032   984.93    15.64    65.41     3.37    76.96    19.92  9999.00  9999.00  9999.00  9999.00
 00033  1012.59    20.92    90.50    10.93    53.20    19.68  9999.00  9999.00  9999.00  9999.00
 00034  1012.32    27.35    78.92     7.58    63.34    25.59  9999.00  9999.00  9999.00  9999.00
 00035  1011.40    25.14    83.64     4.47    57.00    15.49  9999.00  9999.00  9999.00  9999.00
 00036   775.12    18.23    37.37     2.71   189.84    22.82  9999.00  9999.00  9999.00  9999.00
 00037   974.93    15.92    63.19     2.70    95.43    19.88  9999.00  9999.00  9999.00  9999.00
 00038  1002.09    18.82    62.76     1.49    74.32    22.20  9999.00  9999.00  9999.00  9999.00
 00039  1015.89    19.48    70.93    11.43    35.87    21.61  9999.00  9999.00  9999.00  9999.00
 00040  1013.25    20.50    61.66     6.25    40.10    22.73  9999.00  9999.00  9999.00  9999.00
 00041   977.15    16.18    42.28     1.10    36.91    21.03  9999.00  9999.00  9999.00  9999.00
 00042  1019.57    17.75    39.15     0.78   325.36    21.60  9999.00  9999.00  9999.00  9999.00
 00043  1010.25    19.29    51.32     2.41    45.36    22.39  9999.00  9999.00  9999.00  9999.00
 00044   991.25    17.49    50.99     2.63    39.47    21.19  9999.00  9999.00  9999.00  9999.00
 00045  1013.25    20.50    61.66     6.25    40.10    22.73  9999.00  9999.00  9999.00  9999.00
 00046   948.03    14.10    72.77     1.48    39.21    21.52  9999.00  9999.00  9999.00  9999.00
 00047  1010.33    17.45    52.79     3.86    84.02    20.75  9999.00  9999.00  9999.00  9999.00
 00048   603.11    10.36    12.36     4.34   245.17    30.31  9999.00  9999.00  9999.00  9999.00
 00049   577.80     0.25    67.65     2.51   209.81    25.91  9999.00  9999.00  9999.00  9999.00
 00050  1008.54    17.62    68.91     6.58    34.98    21.15  9999.00  9999.00  9999.00  9999.00
