stn_id       p       t2      rh2      spd      dir      vis    rain6   rain24   tmax24   tmin24 
 00001  9999.00    33.10  9999.00     1.00   360.00    19.00  9999.00  9999.00  9999.00  9999.00
 00002  9999.00    33.50  9999.00     1.00   220.00     7.00  9999.00  9999.00  9999.00  9999.00
 00003   911.10    27.30  9999.00     1.00    20.00    30.00  9999.00  9999.00  9999.00  9999.00
 00004   845.81    26.50  9999.00     2.00    40.00    30.00  9999.00  9999.00  9999.00  9999.00
 00005   882.36    25.90  9999.00     4.00   180.00    30.00  9999.00  9999.00  9999.00  9999.00
 00006  9999.00    30.80  9999.00     4.00   320.00    30.00  9999.00  9999.00  9999.00  9999.00
 00007  9999.00    30.60  9999.00     3.00   200.00    26.00  9999.00  9999.00  9999.00  9999.00
 00008  9999.00    26.60  9999.00     3.00   290.00    10.00  9999.00  9999.00  9999.00  9999.00
 00009   956.99    23.80  9999.00     3.00    70.00    30.00  9999.00  9999.00  9999.00  9999.00
 00010  9999.00    30.20  9999.00     1.00   250.00    20.00  9999.00  9999.00  9999.00  9999.00
 00011  9999.00    24.30  9999.00     2.00   270.00    30.00  9999.00  9999.00  9999.00  9999.00
 00012  9999.00    33.70  9999.00     2.00   200.00     7.00  9999.00  9999.00  9999.00  9999.00
 00013  1000.07    34.20  9999.00     0.00   180.00    27.00  9999.00  9999.00  9999.00  9999.00
 00014   995.10    34.10  9999.00     5.00   360.00    22.00  9999.00  9999.00  9999.00  9999.00
 00015  9999.00    34.60  9999.00     3.00   200.00    28.00  9999.00  9999.00  9999.00  9999.00
 00016  9999.00    35.40  9999.00     2.00   200.00    30.00  9999.00  9999.00  9999.00  9999.00
 00017  9999.00    35.80  9999.00     3.00   160.00    25.00  9999.00  9999.00  9999.00  9999.00
 00018   997.49    34.20  9999.00     2.00    40.00    30.00  9999.00  9999.00  9999.00  9999.00
 00019   933.86    29.30  9999.00     2.00   250.00    25.00  9999.00  9999.00  9999.00  9999.00
 00020  1000.43    30.70  9999.00     5.00    70.00    28.00  9999.00  9999.00  9999.00  9999.00
 00021   894.94    34.40  9999.00     3.00   360.00    30.00  9999.00  9999.00  9999.00  9999.00
 00022  9999.00    32.30  9999.00     1.00   320.00     6.00  9999.00  9999.00  9999.00  9999.00
 00023   920.31    33.60  9999.00     7.00   270.00    27.00  9999.00  9999.00  9999.00  9999.00
 00024   948.72    30.30  9999.00     2.00   360.00    30.00  9999.00  9999.00  9999.00  9999.00
 00025   806.30    25.80    57.60     1.00   270.00    30.00  9999.00  9999.00  9999.00  9999.00
 00026   994.37    37.00  9999.00     2.00   220.00    30.00  9999.00  9999.00  9999.00  9999.00
 00027   992.44    36.80  9999.00     0.00   180.00    23.00  9999.00  9999.00  9999.00  9999.00
 00028   970.05    30.80  9999.00     1.00   360.00    23.00  9999.00  9999.00  9999.00  9999.00
 00029   997.51    33.80  9999.00     5.00   160.00    30.00  9999.00  9999.00  9999.00  9999.00
 00030   986.80    29.10  9999.00     5.00    90.00    30.00  9999.00  9999.00  9999.00  9999.00
 00031   625.70    17.70    53.77     2.00    40.00    30.00  9999.00  9999.00  9999.00  9999.00
 00032  9999.00    36.10  9999.00     5.00   290.00    17.00  9999.00  9999.00  9999.00  9999.00
 00033  1002.01    31.50  9999.00     3.00   250.00    30.00  9999.00  9999.00  9999.00  9999.00
 00034  1006.20    31.10  9999.00     7.00   220.00    15.00  9999.00  9999.00  9999.00  9999.00
 00035  1001.20    32.10  9999.00     2.00   180.00    30.00  9999.00  9999.00  9999.00  9999.00
 00036   832.90    30.60    45.64     2.00   160.00    30.00  9999.00  9999.00  9999.00  9999.00
 00037  9999.00    35.10  9999.00     4.00   340.00    30.00  9999.00  9999.00  9999.00  9999.00
 00038  9999.00    37.40  9999.00     5.00   270.00    30.00  9999.00  9999.00  9999.00  9999.00
 00039  9999.00    29.50  9999.00     4.00   220.00     8.00  9999.00  9999.00  9999.00  9999.00
 00040   995.29    31.00  9999.00     7.00   250.00    24.00  9999.00  9999.00  9999.00  9999.00
 00041   812.80    21.60    79.81     3.00    70.00    27.00  9999.00  9999.00  9999.00  9999.00
 00042   998.90    33.80  9999.00     2.00   110.00    24.00  9999.00  9999.00  9999.00  9999.00
 00043   996.94    36.40  9999.00     1.00    70.00    21.00  9999.00  9999.00  9999.00  9999.00
 00044  9999.00    33.70  9999.00     2.00   110.00    23.00  9999.00  9999.00  9999.00  9999.00
 00045   995.29    31.00  9999.00     7.00   250.00    24.00  9999.00  9999.00  9999.00  9999.00
 00046   958.05    34.50  9999.00     5.00   290.00    29.00  9999.00  9999.00  9999.00  9999.00
 00047  9999.00    33.40  9999.00     2.00   320.00    19.00  9999.00  9999.00  9999.00  9999.00
 00048   652.80    20.20    49.83     2.00   270.00    30.00  9999.00  9999.00  9999.00  9999.00
 00049   603.00    11.00    79.94     7.00   250.00    30.00  9999.00  9999.00  9999.00  9999.00
 00050  9999.00    33.60  9999.00     6.00   200.00    17.00  9999.00  9999.00  9999.00  9999.00
