stn_id       p       t2      rh2      spd      dir      vis    rain6   rain24   tmax24   tmin24 
 00001   971.46    31.90  9999.00     1.00   290.00    27.00  9999.00  9999.00  9999.00  9999.00
 00002   995.57    27.80  9999.00     2.00   140.00    18.00  9999.00  9999.00  9999.00  9999.00
 00003   913.88    28.50  9999.00     3.00    90.00    30.00  9999.00  9999.00  9999.00  9999.00
 00004   847.47    26.70  9999.00     1.00   270.00    30.00  9999.00  9999.00  9999.00  9999.00
 00005   882.63    25.10  9999.00     2.00    90.00    30.00  9999.00  9999.00  9999.00  9999.00
 00006  9999.00    29.30  9999.00     0.00     0.00    30.00  9999.00  9999.00  9999.00  9999.00
 00007   998.37    22.80  9999.00     2.00    20.00    30.00  9999.00  9999.00  9999.00  9999.00
 00008   977.22    18.40  9999.00     2.00   360.00     7.00  9999.00  9999.00  9999.00  9999.00
 00009   959.10    23.30  9999.00     1.00   250.00    30.00  9999.00  9999.00  9999.00  9999.00
 00010   974.01    18.50  9999.00     5.00    90.00     4.80  9999.00  9999.00  9999.00  9999.00
 00011   989.53    22.90  9999.00     4.00    70.00    17.00  9999.00  9999.00  9999.00  9999.00
 00012  1001.37    26.00  9999.00     3.00   200.00    30.00  9999.00  9999.00  9999.00  9999.00
 00013  9999.00    34.80  9999.00     2.00   340.00    18.00  9999.00  9999.00  9999.00  9999.00
 00014  9999.00    34.10  9999.00     1.00   180.00    15.00  9999.00  9999.00  9999.00  9999.00
 00015   983.42    26.40  9999.00     2.00    70.00    23.00  9999.00  9999.00  9999.00  9999.00
 00016   952.05    29.40  9999.00     2.00    20.00    15.00  9999.00  9999.00  9999.00  9999.00
 00017   989.95    29.40  9999.00     4.00    90.00    13.00  9999.00  9999.00  9999.00  9999.00
 00018  9999.00    35.00  9999.00     3.00    40.00    22.00  9999.00  9999.00  9999.00  9999.00
 00019   933.48    29.60  9999.00     2.00   110.00    13.00  9999.00  9999.00  9999.00  9999.00
 00020  9999.00    33.80  9999.00     3.00    20.00    29.00  9999.00  9999.00  9999.00  9999.00
 00021   894.20    30.60  9999.00     2.00   220.00    30.00  9999.00  9999.00  9999.00  9999.00
 00022  1004.70    28.70  9999.00     3.00   180.00    30.00  9999.00  9999.00  9999.00  9999.00
 00023   918.25    30.10  9999.00     3.00    90.00    30.00  9999.00  9999.00  9999.00  9999.00
 00024   947.86    26.60  9999.00     1.00   340.00    30.00  9999.00  9999.00  9999.00  9999.00
 00025   807.10    23.50    68.79     1.00    40.00    16.00  9999.00  9999.00  9999.00  9999.00
 00026   994.37    35.10  9999.00     3.00   250.00    16.00  9999.00  9999.00  9999.00  9999.00
 00027   992.24    34.40  9999.00     3.00   200.00    23.00  9999.00  9999.00  9999.00  9999.00
 00028   969.66    32.70  9999.00     2.00   220.00    23.00  9999.00  9999.00  9999.00  9999.00
 00029   997.61    32.70  9999.00     4.00   200.00    30.00  9999.00  9999.00  9999.00  9999.00
 00030   985.31    27.40  9999.00     4.00   140.00    30.00  9999.00  9999.00  9999.00  9999.00
 00031   627.50    14.20    62.94     2.00   200.00    30.00  9999.00  9999.00  9999.00  9999.00
 00032  9999.00    35.40  9999.00     3.00   250.00    20.00  9999.00  9999.00  9999.00  9999.00
 00033  1000.81    32.20  9999.00     5.00   220.00    30.00  9999.00  9999.00  9999.00  9999.00
 00034  1005.30    32.00  9999.00     8.00   220.00    11.00  9999.00  9999.00  9999.00  9999.00
 00035  1000.30    33.50  9999.00     3.00   180.00    30.00  9999.00  9999.00  9999.00  9999.00
 00036   834.80    23.00    83.06     0.00   200.00    20.00  9999.00  9999.00  9999.00  9999.00
 00037  9999.00    35.50  9999.00     5.00   340.00    20.00  9999.00  9999.00  9999.00  9999.00
 00038   997.06    35.00  9999.00     4.00   270.00    27.00  9999.00  9999.00  9999.00  9999.00
 00039   997.87    30.10  9999.00     4.00   220.00    10.00  9999.00  9999.00  9999.00  9999.00
 00040   994.69    33.30  9999.00     5.00   250.00    23.00  9999.00  9999.00  9999.00  9999.00
 00041   812.20    21.80   100.00     4.00   340.00     0.90  9999.00  9999.00  9999.00  9999.00
 00042  9999.00    34.50  9999.00     2.00   250.00    23.00  9999.00  9999.00  9999.00  9999.00
 00043   996.84    34.40  9999.00     3.00   220.00    19.00  9999.00  9999.00  9999.00  9999.00
 00044  9999.00    35.30  9999.00     2.00   270.00    15.00  9999.00  9999.00  9999.00  9999.00
 00045   994.69    33.30  9999.00     5.00   250.00    23.00  9999.00  9999.00  9999.00  9999.00
 00046   958.44    32.70  9999.00     3.00   160.00    30.00  9999.00  9999.00  9999.00  9999.00
 00047  9999.00    34.00  9999.00     2.00   140.00     6.00  9999.00  9999.00  9999.00  9999.00
 00048   655.20    16.60    62.61     1.00    70.00    30.00  9999.00  9999.00  9999.00  9999.00
 00049   602.40    13.10    60.96     2.00   360.00    30.00  9999.00  9999.00  9999.00  9999.00
 00050   997.37    34.20  9999.00     2.00   160.00     6.00  9999.00  9999.00  9999.00  9999.00
