stn_id       p       t2      rh2      spd      dir      vis    rain6   rain24   tmax24   tmin24 
 00001   987.15    10.27    65.19     1.53    68.82    21.41  9999.00  9999.00  9999.00  9999.00
 00002  1011.52   -10.52    81.33     1.61   279.11    26.59  9999.00  9999.00  9999.00  9999.00
 00003   913.50   -13.80    76.98     0.62    93.82    24.89  9999.00  9999.00  9999.00  9999.00
 00004   838.95    -7.61    57.50     2.26   185.77    25.12  9999.00  9999.00  9999.00  9999.00
 00005   876.39   -15.25    87.93     1.09    78.47    28.58  9999.00  9999.00  9999.00  9999.00
 00006   882.11    -5.32    58.51     6.10   222.85    31.34  9999.00  9999.00  9999.00  9999.00
 00007  1018.48    -8.57    69.04     3.01   210.38    36.99  9999.00  9999.00  9999.00  9999.00
 00008   998.15    -9.72    61.74     5.07   219.96    41.91  9999.00  9999.00  9999.00  9999.00
 00009   943.73   -20.85    88.51     0.73    75.02    44.95  9999.00  9999.00  9999.00  9999.00
 00010   974.91    -8.73    57.57     3.47   284.20    41.55  9999.00  9999.00  9999.00  9999.00
 00011  1004.56   -15.53    90.34     6.33   183.67    45.87  9999.00  9999.00  9999.00  9999.00
 00012  1028.05    -9.85    68.91     0.33   295.34    28.74  9999.00  9999.00  9999.00  9999.00
 00013  1031.99     1.95    74.44     0.59   278.75    21.78  9999.00  9999.00  9999.00  9999.00
 00014  1028.61     4.79    58.53     0.98   282.31    21.61  9999.00  9999.00  9999.00  9999.00
 00015  1012.43    -3.82    69.12     1.64   169.60    23.18  9999.00  9999.00  9999.00  9999.00
 00016   969.78    -4.46    73.03     0.47   294.87    22.51  9999.00  9999.00  9999.00  9999.00
 00017  1014.74    -6.05    81.43     1.34   271.55    21.97  9999.00  9999.00  9999.00  9999.00
 00018  1030.39     4.83    52.21     1.59   182.61    21.04  9999.00  9999.00  9999.00  9999.00
 00019   950.22     5.20    67.22     1.14    59.42    25.41  9999.00  9999.00  9999.00  9999.00
 00020  1033.93     4.99    29.50     4.29   317.52    21.79  9999.00  9999.00  9999.00  9999.00
 00021   897.34    -7.81    48.16     2.38   164.06    38.33  9999.00  9999.00  9999.00  9999.00
 00022  1031.36    -6.62    61.87     1.88   239.26    26.67  9999.00  9999.00  9999.00  9999.00
 00023   923.35    -0.54    39.75     1.51   170.95    35.64  9999.00  9999.00  9999.00  9999.00
 00024   953.10   -14.50    87.06     5.65   121.93     8.45  9999.00  9999.00  9999.00  9999.00
 00025   801.85     6.57    81.41     2.61   225.57    19.00  9999.00  9999.00  9999.00  9999.00
 00026  1029.67     8.14    55.61     1.41    55.28    19.88  9999.00  9999.00  9999.00  9999.00
 00027  1024.83     8.37    64.07     0.84   141.16    19.47  9999.00  9999.00  9999.00  9999.00
 00028   991.28     6.38    70.27     0.81   356.07    18.54  9999.00  9999.00  9999.00  9999.00
 00029  1022.85    12.88    40.22     3.79    29.54    20.92  9999.00  9999.00  9999.00  9999.00
 00030  1012.16    11.94    46.01     2.43    19.18    22.11  9999.00  9999.00  9999.00  9999.00
 00031   575.34    -6.42    14.26     0.57   203.04    35.59  9999.00  9999.00  9999.00  9999.00
 00032   994.13    10.04    37.61     3.01    50.88    18.59  9999.00  9999.00  9999.00  9999.00
 00033  1023.27    16.43    70.10     7.72    54.99    23.19  9999.00  9999.00  9999.00  9999.00
 00034  1019.99    25.37    75.15    11.81    41.24    21.29  9999.00  9999.00  9999.00  9999.00
 00035  1021.71    19.40    62.54     6.07    31.81    23.28  9999.00  9999.00  9999.00  9999.00
 00036   780.17     4.69    84.39     1.21   174.31    16.77  9999.00  9999.00  9999.00  9999.00
 00037   983.85     9.96    41.35     1.89    53.16    18.52  9999.00  9999.00  9999.00  9999.00
 00038  1010.89    14.62    34.61     2.48    31.60    20.34  9999.00  9999.00  9999.00  9999.00
 00039  1025.24    15.19    60.75    12.57    33.83    20.09  9999.00  9999.00  9999.00  9999.00
 00040  1022.21    16.06    49.00     8.26    40.30    20.93  9999.00  9999.00  9999.00  9999.00
 00041   987.62     4.18    63.66     0.92    62.93    19.94  9999.00  9999.00  9999.00  9999.00
 00042  1032.13     4.44    59.24     0.33   131.52    21.29  9999.00  9999.00  9999.00  9999.00
 00043  1022.66     7.68    59.89     1.48    50.08    19.99  9999.00  9999.00  9999.00  9999.00
 00044  1002.89     6.57    52.85     1.11    65.45    19.74  9999.00  9999.00  9999.00  9999.00
 00045  1022.21    16.06    49.00     8.26    40.30    20.93  9999.00  9999.00  9999.00  9999.00
 00046   955.76     8.21    42.58     2.44    43.89    19.25  9999.00  9999.00  9999.00  9999.00
 00047  1021.07     8.92    47.30     3.17    45.37    20.12  9999.00  9999.00  9999.00  9999.00
 00048   608.68   -13.34    81.33     1.59   136.22    21.34  9999.00  9999.00  9999.00  9999.00
 00049   578.09   -11.08    72.72     2.20    20.71    10.06  9999.00  9999.00  9999.00  9999.00
 00050  1017.87    13.67    39.15     7.83    32.70    19.65  9999.00  9999.00  9999.00  9999.00
