stn_id       p       t2      rh2      spd      dir      vis    rain6   rain24   tmax24   tmin24 
 00001   995.40     9.30    62.78     1.00    90.00  9999.00     0.00  9999.00  9999.00  9999.00
 00002  1023.00    -0.50    50.84     4.00    70.00     8.00     0.00  9999.00  9999.00  9999.00
 00003   939.70    -2.80    14.24     5.00   340.00    30.00     0.00  9999.00  9999.00  9999.00
 00004   869.80   -13.20    29.81     9.00   290.00    22.00     0.00  9999.00  9999.00  9999.00
 00005   900.10   -18.00    31.87     6.00   340.00    30.00     0.00  9999.00  9999.00  9999.00
 00006   899.70   -25.20    58.59     9.00   290.00    25.00     0.00  9999.00  9999.00  9999.00
 00007  1030.80   -17.20    31.12     4.00    20.00    30.00     0.00  9999.00  9999.00  9999.00
 00008  1003.40   -21.60    40.16     5.00   250.00    10.00     0.00  9999.00  9999.00  9999.00
 00009   973.10   -23.70    50.43     3.00   290.00     9.00     0.00  9999.00  9999.00  9999.00
 00010   993.50   -16.90    30.89     7.00   320.00    29.00     0.00  9999.00  9999.00  9999.00
 00011  1018.50   -25.80    39.29     5.00   290.00    24.00     0.00  9999.00  9999.00  9999.00
 00012  1032.50    -4.40    14.83     3.00   340.00    30.00     0.00  9999.00  9999.00  9999.00
 00013  1020.60     5.60    93.25     3.00   360.00     6.00     0.60  9999.00  9999.00  9999.00
 00014  1017.00     6.70    95.93     2.00   360.00  9999.00     1.00  9999.00  9999.00  9999.00
 00015  1011.70    -2.40    58.03     8.00    70.00     6.00     0.00  9999.00  9999.00  9999.00
 00016   983.10     5.50    15.10     3.00    20.00    14.00     0.00  9999.00  9999.00  9999.00
 00017  1016.60     6.40    21.12     3.00    70.00     6.00     0.00  9999.00  9999.00  9999.00
 00018  1023.10     6.30    85.75     3.00   360.00    18.00     0.20  9999.00  9999.00  9999.00
 00019   955.10    11.70    40.87     2.00    70.00    10.00     0.00  9999.00  9999.00  9999.00
 00020  1021.60     7.80    81.81     3.00    40.00    15.00     0.90  9999.00  9999.00  9999.00
 00021   927.70   -12.90    36.88     3.00   360.00    30.00     0.00  9999.00  9999.00  9999.00
 00022  1036.30    -4.80    44.62     1.00    20.00     9.00     0.00  9999.00  9999.00  9999.00
 00023   945.00   -13.00    44.00     1.00   250.00    26.00     0.00  9999.00  9999.00  9999.00
 00024   987.50   -22.30    61.83     3.00   140.00    14.00     0.00  9999.00  9999.00  9999.00
 00025   808.10    19.50    21.76     3.00   180.00    30.00     0.00  9999.00  9999.00  9999.00
 00026  1017.10     7.50    77.83     3.00    20.00     7.00     0.00  9999.00  9999.00  9999.00
 00027  1010.10     5.30    93.89     5.00   340.00     1.80     0.30  9999.00  9999.00  9999.00
 00028   990.80     4.80    91.89     1.00    40.00     4.20     0.40  9999.00  9999.00  9999.00
 00029  1006.50    21.70    66.77     2.00   320.00    30.00     0.00  9999.00  9999.00  9999.00
 00030   999.70    11.90    81.77     3.00    40.00     8.00     0.00  9999.00  9999.00  9999.00
 00031   622.90     7.10     3.67     2.00   200.00    30.00     0.00  9999.00  9999.00  9999.00
 00032  1006.70    14.50    74.76     1.00   180.00    12.00     0.10  9999.00  9999.00  9999.00
 00033  1006.10    23.20    75.65     3.00    20.00    17.00     0.00  9999.00  9999.00  9999.00
 00034  1010.90    28.20    72.75     3.00    40.00    14.00     0.00  9999.00  9999.00  9999.00
 00035  1010.90    26.40    59.67     2.00    70.00    30.00     0.00  9999.00  9999.00  9999.00
 00036   835.10    15.10    24.79     2.00   250.00    19.00     0.00  9999.00  9999.00  9999.00
 00037  1009.80    14.20    82.06     1.00   140.00    12.00     0.20  9999.00  9999.00  9999.00
 00038  1008.70    17.00    85.68     2.00   290.00    13.00     0.10  9999.00  9999.00  9999.00
 00039  1013.00    15.50    75.93     4.00    70.00    10.00     0.00  9999.00  9999.00  9999.00
 00040  1008.70    17.80    80.91     5.00    40.00    12.00     0.00  9999.00  9999.00  9999.00
 00041   814.10    -2.20   100.00     1.00    70.00     0.00     1.00  9999.00  9999.00  9999.00
 00042  1018.90     5.80    95.90     3.00    20.00  9999.00     2.00  9999.00  9999.00  9999.00
 00043  1014.50     8.00    77.91     3.00    70.00     8.00     0.00  9999.00  9999.00  9999.00
 00044  1006.60     7.50    97.29     1.00   180.00     1.10     1.00  9999.00  9999.00  9999.00
 00045  1008.70    17.80    80.91     5.00    40.00    12.00     0.00  9999.00  9999.00  9999.00
 00046   969.10    13.90    77.74     3.00    40.00     8.00     0.00  9999.00  9999.00  9999.00
 00047  1013.70    10.50    94.76     1.00   220.00     1.70     1.00  9999.00  9999.00  9999.00
 00048   648.20    14.10     2.18     4.00   250.00    30.00     0.00  9999.00  9999.00  9999.00
 00049   597.20     3.70    19.69     4.00   220.00    30.00     0.00  9999.00  9999.00  9999.00
 00050  1007.80    16.00    69.70     7.00    90.00    20.00     0.00  9999.00  9999.00  9999.00
