stn_id       p       t2      rh2      spd      dir      vis    rain6   rain24   tmax24   tmin24 
 00001   977.71    12.40    90.56     1.22   119.58    21.29     0.01  9999.00  9999.00  9999.00
 00002  1005.82    -3.35    52.30     2.02   186.65    25.08     0.00  9999.00  9999.00  9999.00
 00003   906.87    -6.03    45.50     1.49   179.22    23.47     0.00  9999.00  9999.00  9999.00
 00004   833.22    -9.57    48.34     2.37   200.81    23.19     0.00  9999.00  9999.00  9999.00
 00005   869.12    -9.81    51.07     1.48   165.05    24.68     0.01  9999.00  9999.00  9999.00
 00006   878.88    -8.89    64.98     2.43   217.14    12.10     0.38  9999.00  9999.00  9999.00
 00007  1014.28   -11.45    48.93     2.12   331.25    30.12     0.00  9999.00  9999.00  9999.00
 00008   995.07   -21.11    91.50     2.47   253.49    34.22     0.00  9999.00  9999.00  9999.00
 00009   945.05   -24.69    83.49     2.19   307.73    45.35     0.01  9999.00  9999.00  9999.00
 00010   967.48   -12.35    60.00     5.36   287.92    32.27     0.01  9999.00  9999.00  9999.00
 00011  1000.30   -22.96    99.91     3.27   262.50    28.35     0.07  9999.00  9999.00  9999.00
 00012  1022.93    -4.56    43.41     1.04   204.33    25.52     0.00  9999.00  9999.00  9999.00
 00013  1023.05     6.21    86.22     2.69    33.48    20.09     0.00  9999.00  9999.00  9999.00
 00014  1019.51     7.39    85.39     1.36   299.64    19.37     0.00  9999.00  9999.00  9999.00
 00015  1007.05    -2.14    53.38     2.12   103.23    21.67     0.00  9999.00  9999.00  9999.00
 00016   960.45    -0.60    67.42     1.38   107.00    21.57     0.00  9999.00  9999.00  9999.00
 00017  1008.28     1.29    67.57     1.51    77.24    20.71     0.00  9999.00  9999.00  9999.00
 00018  1021.55     5.55    75.75     2.34    59.03    19.58     0.00  9999.00  9999.00  9999.00
 00019   940.58     8.25    85.27     1.09   320.00    24.56     0.00  9999.00  9999.00  9999.00
 00020  1024.96     8.50    80.07     3.70   309.61    20.01     0.00  9999.00  9999.00  9999.00
 00021   893.06    -2.76    53.93     1.03   142.92    35.44     0.02  9999.00  9999.00  9999.00
 00022  1026.41    -3.59    52.91     0.97   142.17    24.16     0.00  9999.00  9999.00  9999.00
 00023   918.27    -0.03    51.71     1.33   155.60    31.84     0.00  9999.00  9999.00  9999.00
 00024   948.02    -9.34    80.74     0.70   127.63    20.56     0.00  9999.00  9999.00  9999.00
 00025   799.90     9.68    88.67     0.93   163.80    19.08     0.01  9999.00  9999.00  9999.00
 00026  1019.82     7.02    97.33     0.90    32.06     0.51     0.00  9999.00  9999.00  9999.00
 00027  1014.89     6.98    97.99     0.91    43.49     0.93     0.00  9999.00  9999.00  9999.00
 00028   983.84     9.02    98.98     0.37    85.88     1.23     0.28  9999.00  9999.00  9999.00
 00029  1014.53    15.00    73.45     2.48    20.27    20.98     0.00  9999.00  9999.00  9999.00
 00030  1003.73    14.84    91.20     1.99   189.24    22.39     0.00  9999.00  9999.00  9999.00
 00031   573.54    -7.61    53.64     1.74   192.51    34.10     0.00  9999.00  9999.00  9999.00
 00032   986.98    13.97    84.60     1.41   257.39    17.91     0.00  9999.00  9999.00  9999.00
 00033  1015.09    20.61    85.06     5.51    38.41    18.52     0.36  9999.00  9999.00  9999.00
 00034  1014.52    26.62    73.25    11.32    34.75    27.23     0.14  9999.00  9999.00  9999.00
 00035  1014.08    23.06    73.48     5.00    39.96    23.89     0.00  9999.00  9999.00  9999.00
 00036   778.86     3.47    87.59     1.22   109.46    20.96     0.00  9999.00  9999.00  9999.00
 00037   977.13    13.02    86.39     0.90   151.38    17.81     0.00  9999.00  9999.00  9999.00
 00038  1003.82    14.82    78.48     1.37   344.23    20.08     0.00  9999.00  9999.00  9999.00
 00039  1017.61    20.62    77.92     9.68    27.71    19.74     0.01  9999.00  9999.00  9999.00
 00040  1014.60    19.82    68.92     7.27    29.81    20.89     0.00  9999.00  9999.00  9999.00
 00041   979.91     6.06    91.66     1.54    36.65     9.97     0.00  9999.00  9999.00  9999.00
 00042  1023.18     6.61    90.58     1.17    90.43    19.56     0.00  9999.00  9999.00  9999.00
 00043  1013.05     7.24    95.70     1.23    72.48     0.18     0.00  9999.00  9999.00  9999.00
 00044   994.36     7.80    91.57     1.60    74.34    18.46     0.00  9999.00  9999.00  9999.00
 00045  1014.60    19.82    68.92     7.27    29.81    20.89     0.00  9999.00  9999.00  9999.00
 00046   949.44     9.99    88.73     1.78    86.81    18.64     0.00  9999.00  9999.00  9999.00
 00047  1012.57    12.28    80.87     3.16   323.54    18.85     0.00  9999.00  9999.00  9999.00
 00048   605.58    -4.85    47.42     0.69   159.91    35.19     0.00  9999.00  9999.00  9999.00
 00049   578.36    -7.21    62.22     0.77   176.12    28.05     0.00  9999.00  9999.00  9999.00
 00050  1010.29    18.45    73.66     5.12    17.62    19.20     0.00  9999.00  9999.00  9999.00
