stn_id       p       t2      rh2      spd      dir      vis    rain6   rain24   tmax24   tmin24 
 00001   973.72    14.34    76.53     1.67    95.39    23.83     0.00     0.00    22.46    11.38
 00002   993.15    13.24    55.75     1.36   299.82    20.06     0.00     0.00    22.76     7.74
 00003   900.98     7.04    57.25     0.91    55.08    18.56     0.00     0.00    16.28     0.03
 00004   832.34     5.96    47.35     0.70   244.16    16.93     0.00     0.00     9.83    -1.44
 00005   867.73     4.69    62.34     1.29   111.29    16.74     0.00     0.13    14.60    -3.15
 00006   877.32     6.45    30.56     3.65   240.54    16.57     0.00     0.12    13.09    -1.43
 00007   996.78     8.24    57.22     1.55   292.26    19.51     0.00     7.58    13.43     0.81
 00008   977.20     7.44    82.26     8.20   310.15    11.67     1.19    20.74    10.70     5.54
 00009   942.61     6.33    51.82     0.69   301.20    36.58     0.00     0.12     8.00    -2.66
 00010   949.54     6.57    73.04     9.17   274.73    10.88     0.73    21.12     9.59     4.58
 00011   980.54     5.69    90.91     5.61   351.87     2.78    10.78    23.88    11.09     5.61
 00012  1008.27    12.17    46.15     1.82   107.35    18.62     0.00     0.00    23.73     7.06
 00013  1011.94    15.28    59.48     3.14   223.74    23.25     0.00     0.00    20.20     8.82
 00014  1009.79    15.32    70.89     1.61   234.54    24.12     0.00     1.05    16.68     6.93
 00015   991.02    15.25    46.83     2.23   242.76    19.12     0.00     0.00    20.49    10.06
 00016   954.32    12.49    69.00     1.62   200.41    20.30     0.00     0.00    20.99     5.75
 00017   993.98    17.08    43.65     3.34   277.44    20.91     0.00     0.00    22.82     8.61
 00018  1010.66    15.26    59.42     2.97   204.52    23.07     0.00     0.00    20.88     8.54
 00019   938.11    13.89    77.23     1.04    96.45    24.90     0.00     0.00    21.73    10.10
 00020  1014.83    15.93    59.50     2.46   269.27    21.82     0.00     0.74    19.00     9.02
 00021   881.69    11.49    43.56     3.26   163.61    28.00     0.03     0.03    22.67     8.48
 00022  1010.66    14.44    36.45     2.66    72.62    18.35     0.00     0.00    22.54     8.46
 00023   909.55    12.65    70.74     3.23   233.71    25.58     0.15     0.15    24.26     6.49
 00024   931.19     8.44    58.69     2.96   309.48    27.89     0.00     0.00    24.37     6.09
 00025   796.68    10.35    68.68     0.75   124.98    25.52     0.00     0.00    16.02     8.33
 00026  1012.66    14.55    70.04     0.61   250.38    24.82     0.00     0.00    17.33     6.68
 00027  1008.66    13.16    76.07     1.15   149.14    24.43     0.00     0.00    18.85     6.21
 00028   977.41    12.95    76.18     0.75   176.67    23.17     0.00     0.00    19.84     8.08
 00029  1008.35    18.17    61.53     3.65     8.98    25.68     0.00     7.74    25.58    16.33
 00030   998.87    17.49    72.27     1.44   185.40    29.21     0.00     4.24    22.47    14.53
 00031   570.83    -4.96    78.64     1.56   219.60    25.61     0.00     0.52     8.20    -5.26
 00032   979.95    11.77    89.32     1.91    77.35     7.93     6.77    19.59    25.21    11.73
 00033  1009.99    20.09    87.16     6.06    45.25    20.21     0.15     0.79    25.15    18.64
 00034  1010.60    27.57    83.06     3.51    35.58    29.62     0.04     0.72    28.43    27.43
 00035  1009.03    23.92    78.15     4.95    32.18    25.33     0.07     1.35    34.09    22.92
 00036   776.87    10.92    58.18     0.85   160.38    23.99     0.00     0.01    15.20     4.65
 00037   969.94    12.05    95.06     1.51    65.30     3.62     8.44    21.29    24.71    12.13
 00038   996.25    19.12    94.09     0.82    57.45    21.81     0.89     7.74    29.59    18.71
 00039  1010.49    18.45    83.48     9.92    29.40    15.09     1.74    12.31    27.06    18.39
 00040  1007.31    20.46    86.39     7.04    32.64    21.46     3.93     6.54    28.04    20.24
 00041   971.80    13.23    64.34     0.87   189.37    23.49     0.00     0.00    16.66     5.63
 00042  1012.77    15.48    61.61     2.47   211.07    23.67     0.00     0.00    19.69     8.06
 00043  1006.22    14.34    68.98     0.47   287.68    25.27     0.00     0.00    17.19     9.27
 00044   986.65    14.58    68.63     0.13   184.32    23.73     0.00     0.79    16.17     9.14
 00045  1007.31    20.46    86.39     7.04    32.64    21.46     3.93     6.54    28.04    20.24
 00046   942.99    12.70    90.06     1.42    40.37    20.69     0.52    27.29    18.55    11.14
 00047  1004.08    16.84    67.10     2.69   333.76    22.83     0.05     4.88    23.53    15.60
 00048   602.35    -4.54    95.22     0.93   174.73    15.89     3.79     8.44     7.67    -4.60
 00049   574.83    -4.34    97.64     1.15   163.33     8.11     4.18     7.43     2.52    -4.97
 00050  1003.12    16.25    82.59     5.22    22.93    20.89     2.09    15.49    29.17    15.62
