stn_id       p       t2      rh2      spd      dir      vis    rain6   rain24   tmax24   tmin24 
 00001   971.74    24.01    42.31     1.62   106.22    23.80     0.00  9999.00  9999.00  9999.00
 00002   992.02    22.22    29.58     1.49   158.40    20.03     0.00  9999.00  9999.00  9999.00
 00003   899.99    18.68    31.76     1.75   222.84    18.55     0.00  9999.00  9999.00  9999.00
 00004   832.37    12.38    36.50     3.90   308.70    16.95     0.00  9999.00  9999.00  9999.00
 00005   865.87    15.94    28.83     4.58   251.96    16.71     0.00  9999.00  9999.00  9999.00
 00006   875.31    16.34    19.09     6.21   304.34    16.56     0.00  9999.00  9999.00  9999.00
 00007   996.19    15.30    44.75     4.32   299.46    19.51     0.05  9999.00  9999.00  9999.00
 00008   978.89     9.41    68.34     7.55   321.33     9.50     0.94  9999.00  9999.00  9999.00
 00009   939.38    10.95    37.54     1.45   262.20    36.50     0.00  9999.00  9999.00  9999.00
 00010   952.27    10.20    57.60     8.24   283.24    20.76     0.22  9999.00  9999.00  9999.00
 00011   983.38     8.23    73.49     4.05    31.04     6.65     1.60  9999.00  9999.00  9999.00
 00012  1006.04    22.97    19.27     2.92   307.96    18.57     0.00  9999.00  9999.00  9999.00
 00013  1009.80    23.46    36.11     4.16   238.42    23.21     0.00  9999.00  9999.00  9999.00
 00014  1007.48    22.56    39.56     1.61   249.28    24.07     0.00  9999.00  9999.00  9999.00
 00015   991.82    22.73    25.11     3.28   354.78    19.11     0.00  9999.00  9999.00  9999.00
 00016   952.01    24.63    35.77     0.40   217.05    20.28     0.00  9999.00  9999.00  9999.00
 00017   993.07    27.41    21.28     2.74   317.38    20.89     0.00  9999.00  9999.00  9999.00
 00018  1008.55    24.40    33.01     3.68   223.63    23.03     0.00  9999.00  9999.00  9999.00
 00019   936.04    21.36    52.96     1.96   176.84    24.95     0.00  9999.00  9999.00  9999.00
 00020  1012.56    23.21    35.97     3.99   256.57    21.77     0.00  9999.00  9999.00  9999.00
 00021   882.16    19.33    36.02     3.42   300.04    28.01     0.70  9999.00  9999.00  9999.00
 00022  1009.86    21.94    19.71     3.91   332.78    18.32     0.00  9999.00  9999.00  9999.00
 00023   909.37    18.42    54.74     6.34   282.36    25.63     0.92  9999.00  9999.00  9999.00
 00024   930.61    18.78    40.24     8.84   296.50    27.89     0.05  9999.00  9999.00  9999.00
 00025   794.32    23.48    38.02     4.89   234.64    25.51     0.02  9999.00  9999.00  9999.00
 00026  1010.29    22.55    43.78     0.62   278.92    24.80     0.00  9999.00  9999.00  9999.00
 00027  1006.56    23.02    45.52     0.83   192.84    24.42     0.00  9999.00  9999.00  9999.00
 00028   975.29    23.14    47.35     0.63    59.44    23.17     0.00  9999.00  9999.00  9999.00
 00029  1006.48    25.82    55.38     2.36     4.70    25.72     0.00  9999.00  9999.00  9999.00
 00030   997.15    24.39    45.87     2.01    16.57    29.18     0.00  9999.00  9999.00  9999.00
 00031   570.25     5.95    24.81     4.00   227.51    25.35     0.10  9999.00  9999.00  9999.00
 00032   978.46    15.59    80.43     0.92    79.98    11.77     5.76  9999.00  9999.00  9999.00
 00033  1009.37    21.33    82.75     4.78   104.37    28.19     0.09  9999.00  9999.00  9999.00
 00034  1010.08    27.72    82.02     4.23    41.32    23.57     0.09  9999.00  9999.00  9999.00
 00035  1008.39    27.76    63.62     3.03    30.76    27.95     0.01  9999.00  9999.00  9999.00
 00036   775.07    17.13    46.08     1.82   193.67    23.97     0.12  9999.00  9999.00  9999.00
 00037   968.58    16.04    82.49     0.66   177.39    11.80     4.65  9999.00  9999.00  9999.00
 00038   995.17    22.30    75.97     1.31    19.89    23.49     0.48  9999.00  9999.00  9999.00
 00039  1009.38    20.19    73.35     8.57    36.98    23.96     0.22  9999.00  9999.00  9999.00
 00040  1006.37    23.25    73.92     5.63    49.30    25.14     0.15  9999.00  9999.00  9999.00
 00041   969.85    21.20    37.38     1.51   264.36    23.45     0.00  9999.00  9999.00  9999.00
 00042  1010.61    23.21    35.43     3.02   249.78    23.63     0.00  9999.00  9999.00  9999.00
 00043  1004.01    22.30    44.07     0.65   274.23    25.25     0.00  9999.00  9999.00  9999.00
 00044   984.70    21.58    44.67     0.88   288.01    23.71     0.00  9999.00  9999.00  9999.00
 00045  1006.37    23.25    73.92     5.63    49.30    25.14     0.15  9999.00  9999.00  9999.00
 00046   942.37    17.93    78.46     1.75    50.11    20.52     0.49  9999.00  9999.00  9999.00
 00047  1002.16    20.71    48.40     1.84   117.11    22.81     0.22  9999.00  9999.00  9999.00
 00048   601.99     3.58    65.81     0.61   163.63    27.49     0.34  9999.00  9999.00  9999.00
 00049   575.46     0.64    66.30     3.34   211.25    22.06     0.49  9999.00  9999.00  9999.00
 00050  1001.72    20.22    67.33     4.71    30.29    23.46     0.02  9999.00  9999.00  9999.00
