stn_id       p       t2      rh2      spd      dir      vis    rain6   rain24   tmax24   tmin24 
 00001   983.71     5.08    51.42     3.62   331.40    19.14  9999.00  9999.00  9999.00  9999.00
 00002  1015.51    -2.01    43.24     1.66    79.76    24.35  9999.00  9999.00  9999.00  9999.00
 00003   913.65    -5.40    40.81     4.72    17.49    23.20  9999.00  9999.00  9999.00  9999.00
 00004   840.23   -12.16    53.61     2.71    39.86    26.16  9999.00  9999.00  9999.00  9999.00
 00005   880.39   -13.85    34.50     3.43   104.17    31.50  9999.00  9999.00  9999.00  9999.00
 00006   893.22   -17.27    50.15     3.28   290.61    36.05  9999.00  9999.00  9999.00  9999.00
 00007  1021.96   -11.34    32.68     8.87    15.83    37.65  9999.00  9999.00  9999.00  9999.00
 00008  1007.98   -15.43    36.52     5.51    18.04    42.71  9999.00  9999.00  9999.00  9999.00
 00009   954.85   -26.90    76.30     2.34   221.17    53.47  9999.00  9999.00  9999.00  9999.00
 00010   976.91   -12.09    38.69     5.29   328.65    41.32  9999.00  9999.00  9999.00  9999.00
 00011  1016.92   -18.54    47.59     4.33    29.38    46.41  9999.00  9999.00  9999.00  9999.00
 00012  1032.92    -3.21    14.97     4.97   104.05    29.87  9999.00  9999.00  9999.00  9999.00
 00013  1017.29     8.41    91.92     5.37    41.74     5.69  9999.00  9999.00  9999.00  9999.00
 00014  1010.44    12.73    91.95     4.52   342.63     8.83  9999.00  9999.00  9999.00  9999.00
 00015  1011.25    -1.93    59.38     6.92    18.94    22.63  9999.00  9999.00  9999.00  9999.00
 00016   971.98     0.06    35.84     2.86   317.84    20.46  9999.00  9999.00  9999.00  9999.00
 00017  1014.29    -1.05    53.14     6.55    21.89    15.31  9999.00  9999.00  9999.00  9999.00
 00018  1018.01     7.12    82.82     5.78    12.49     8.64  9999.00  9999.00  9999.00  9999.00
 00019   947.21     3.36    50.07     1.48   221.52    22.14  9999.00  9999.00  9999.00  9999.00
 00020  1015.22    15.22    89.72     4.36   344.28    19.16  9999.00  9999.00  9999.00  9999.00
 00021   909.93   -18.65    29.94     1.77   172.32    43.04  9999.00  9999.00  9999.00  9999.00
 00022  1035.34    -3.83    13.92     5.78   163.09    27.09  9999.00  9999.00  9999.00  9999.00
 00023   940.02   -19.54    42.47     1.50   184.31    39.93  9999.00  9999.00  9999.00  9999.00
 00024   969.69   -28.72    90.94     3.28   121.66    18.81  9999.00  9999.00  9999.00  9999.00
 00025   794.04    11.64    52.04     2.81   207.42    18.92  9999.00  9999.00  9999.00  9999.00
 00026  1014.37    10.39    82.92     6.58   350.84    15.05  9999.00  9999.00  9999.00  9999.00
 00027  1013.93     8.99    65.45     7.52   316.72    18.75  9999.00  9999.00  9999.00  9999.00
 00028   982.92     6.52    78.51     4.65    30.16    12.37  9999.00  9999.00  9999.00  9999.00
 00029  1006.01    24.02    84.58     2.61   290.22    20.20  9999.00  9999.00  9999.00  9999.00
 00030   996.93    20.21    76.09     5.02   344.89    19.43  9999.00  9999.00  9999.00  9999.00
 00031   567.46    -8.30    30.39     1.93   236.99    37.65  9999.00  9999.00  9999.00  9999.00
 00032   976.62    19.92    96.12     0.88    73.59     6.27  9999.00  9999.00  9999.00  9999.00
 00033  1008.73    21.02    97.02     2.33   200.63     0.60  9999.00  9999.00  9999.00  9999.00
 00034  1011.01    27.25    78.33     2.65   275.67    24.81  9999.00  9999.00  9999.00  9999.00
 00035  1007.83    26.56    83.50     1.38   274.27    14.16  9999.00  9999.00  9999.00  9999.00
 00036   774.43     2.24    74.86     1.06    84.17    18.40  9999.00  9999.00  9999.00  9999.00
 00037   966.95    20.08    95.69     0.53   113.19     5.30  9999.00  9999.00  9999.00  9999.00
 00038   993.85    24.49    82.36     1.27   298.62    19.82  9999.00  9999.00  9999.00  9999.00
 00039  1007.40    23.77    87.90     2.22    20.81    18.28  9999.00  9999.00  9999.00  9999.00
 00040  1005.19    24.75    86.46     1.72   279.76    19.47  9999.00  9999.00  9999.00  9999.00
 00041   973.16     8.11    96.82     2.86   352.40     7.13  9999.00  9999.00  9999.00  9999.00
 00042  1016.93     9.57    93.03     5.21   356.95     7.97  9999.00  9999.00  9999.00  9999.00
 00043  1007.88    10.44    85.25     4.12    72.51     8.43  9999.00  9999.00  9999.00  9999.00
 00044   985.01    15.64    97.77     0.82    82.28     1.60  9999.00  9999.00  9999.00  9999.00
 00045  1005.19    24.75    86.46     1.72   279.76    19.47  9999.00  9999.00  9999.00  9999.00
 00046   941.34    19.07    91.45     1.02   311.69    10.47  9999.00  9999.00  9999.00  9999.00
 00047  1001.40    19.61    89.79     2.59   224.52    12.73  9999.00  9999.00  9999.00  9999.00
 00048   598.49    -5.22    51.33     1.42   162.52    39.54  9999.00  9999.00  9999.00  9999.00
 00049   571.03    -8.91    59.38     0.72   237.31    29.36  9999.00  9999.00  9999.00  9999.00
 00050   999.74    23.91    83.96     1.61    30.34    19.27  9999.00  9999.00  9999.00  9999.00
