stn_id       p       t2      rh2      spd      dir      vis    rain6   rain24   tmax24   tmin24 
 00001   976.93    19.60  9999.00     2.00   200.00     6.00  9999.00  9999.00  9999.00  9999.00
 00002   998.84    13.20  9999.00     1.00   360.00     4.00  9999.00  9999.00  9999.00  9999.00
 00003   921.86    10.10  9999.00     1.00   220.00    11.00  9999.00  9999.00  9999.00  9999.00
 00004   854.70     4.90  9999.00     2.00   220.00    17.00  9999.00  9999.00  9999.00  9999.00
 00005   888.49     5.00  9999.00     1.00   320.00    18.00  9999.00  9999.00  9999.00  9999.00
 00006   876.37     6.40  9999.00     2.00   180.00    14.00  9999.00  9999.00  9999.00  9999.00
 00007  1001.06    13.40  9999.00     4.00   200.00    16.00  9999.00  9999.00  9999.00  9999.00
 00008   978.10     6.10  9999.00     2.00    90.00     7.00  9999.00  9999.00  9999.00  9999.00
 00009   963.32    -8.40  9999.00     1.00   250.00    30.00  9999.00  9999.00  9999.00  9999.00
 00010   979.76    -2.40  9999.00     1.00   270.00     3.20  9999.00  9999.00  9999.00  9999.00
 00011   991.70    -2.50  9999.00     1.00    20.00     9.00  9999.00  9999.00  9999.00  9999.00
 00012  1003.96    11.40  9999.00     1.00    20.00     3.90  9999.00  9999.00  9999.00  9999.00
 00013  1013.26    14.10  9999.00     4.00   110.00    16.00  9999.00  9999.00  9999.00  9999.00
 00014  1011.33    12.90  9999.00     1.00   270.00     9.00  9999.00  9999.00  9999.00  9999.00
 00015   990.51    19.00  9999.00     7.00   180.00     8.00  9999.00  9999.00  9999.00  9999.00
 00016   958.48    15.30  9999.00     2.00    70.00     7.00  9999.00  9999.00  9999.00  9999.00
 00017   997.07    16.70  9999.00     3.00   140.00     6.00  9999.00  9999.00  9999.00  9999.00
 00018  1008.96    16.90  9999.00     2.00    90.00    19.00  9999.00  9999.00  9999.00  9999.00
 00019   938.87    17.00  9999.00     4.00    40.00     7.00  9999.00  9999.00  9999.00  9999.00
 00020  1016.82    12.50  9999.00     3.00   140.00     9.00  9999.00  9999.00  9999.00  9999.00
 00021   917.67     6.50  9999.00     1.00   140.00    30.00  9999.00  9999.00  9999.00  9999.00
 00022  1008.80    14.10  9999.00     2.00   160.00     6.00  9999.00  9999.00  9999.00  9999.00
 00023   943.45     0.30  9999.00     2.00   180.00    30.00  9999.00  9999.00  9999.00  9999.00
 00024   972.79    -0.70  9999.00     3.00   320.00    30.00  9999.00  9999.00  9999.00  9999.00
 00025   809.00    13.50    67.78     1.00   360.00    13.00  9999.00  9999.00  9999.00  9999.00
 00026  1004.62    22.90  9999.00     3.00   110.00    24.00  9999.00  9999.00  9999.00  9999.00
 00027  1001.28    19.90  9999.00     1.00   140.00     6.00  9999.00  9999.00  9999.00  9999.00
 00028   978.44    18.00  9999.00     1.00    90.00  9999.00  9999.00  9999.00  9999.00  9999.00
 00029  1008.17    22.50  9999.00     0.00    40.00    24.00  9999.00  9999.00  9999.00  9999.00
 00030   995.59    22.70  9999.00     1.00    70.00     9.00  9999.00  9999.00  9999.00  9999.00
 00031   620.50     6.00    17.07     3.00   270.00    30.00  9999.00  9999.00  9999.00  9999.00
 00032  1005.71    17.00  9999.00     2.00   290.00     8.00  9999.00  9999.00  9999.00  9999.00
 00033  1009.10    23.60  9999.00     3.00    90.00    12.00  9999.00  9999.00  9999.00  9999.00
 00034  1009.20    26.00  9999.00     2.00    70.00    10.00  9999.00  9999.00  9999.00  9999.00
 00035  1008.09    24.10  9999.00     1.00   110.00    12.00  9999.00  9999.00  9999.00  9999.00
 00036   833.70    18.30    31.72     2.00   360.00    18.00  9999.00  9999.00  9999.00  9999.00
 00037  1010.09    16.10  9999.00     1.00    90.00     8.00  9999.00  9999.00  9999.00  9999.00
 00038  1010.42    20.20  9999.00     1.00   250.00     4.40  9999.00  9999.00  9999.00  9999.00
 00039  1011.74    18.60  9999.00     3.00    40.00     8.00  9999.00  9999.00  9999.00  9999.00
 00040  1007.63    18.90  9999.00     5.00    90.00     9.00  9999.00  9999.00  9999.00  9999.00
 00041   816.10     9.50   100.00     7.00   180.00     0.00  9999.00  9999.00  9999.00  9999.00
 00042  1011.28    14.30  9999.00     5.00    90.00    11.00  9999.00  9999.00  9999.00  9999.00
 00043  1006.91    20.50  9999.00     0.00     0.00     6.00  9999.00  9999.00  9999.00  9999.00
 00044  1003.79    18.60  9999.00     3.00   360.00    13.00  9999.00  9999.00  9999.00  9999.00
 00045  1007.63    18.90  9999.00     5.00    90.00     9.00  9999.00  9999.00  9999.00  9999.00
 00046   970.22    19.00  9999.00     2.00   320.00     6.00  9999.00  9999.00  9999.00  9999.00
 00047  1012.83    14.10  9999.00     2.00   290.00     7.00  9999.00  9999.00  9999.00  9999.00
 00048   654.20     9.70    24.78     2.00   360.00    18.00  9999.00  9999.00  9999.00  9999.00
 00049   601.40    -0.30    80.67     2.00   200.00    16.00  9999.00  9999.00  9999.00  9999.00
 00050  1012.04    17.70  9999.00     2.00    20.00     9.00  9999.00  9999.00  9999.00  9999.00
