stn_id       p       t2      rh2      spd      dir      vis    rain6   rain24   tmax24   tmin24 
 00001   982.40    22.90    62.83     4.00   140.00    12.00     0.00     0.00    31.50    19.20
 00002  9999.00  9999.00  9999.00  9999.00  9999.00  9999.00  9999.00     0.00    23.40     9.90
 00003   926.70     7.50    39.93     2.00    40.00    17.00     0.00     0.00    19.50     3.70
 00004   858.10     2.90    42.01     1.00   250.00    14.00     0.00     0.00    11.00    -1.60
 00005   884.50     3.30    22.46     0.00   250.00    29.00     0.00     0.00     9.00    -2.10
 00006   881.00     6.30    15.25     5.00   220.00    20.00     0.00     0.00     6.30    -0.80
 00007  1007.60     9.30    28.92     5.00   220.00    21.00     0.00     0.00    10.50     5.90
 00008   978.80     3.40    16.70     8.00   290.00    10.00     0.00     0.00     9.10     0.60
 00009   947.20    -5.20    81.85     3.00   290.00     2.90     7.00     9.00     4.10    -5.60
 00010   974.30     5.90     9.64     7.00   290.00     9.00     0.00     0.00    16.50     2.50
 00011   987.20     3.60    37.84     5.00   290.00    30.00     0.00     0.10    11.10     0.10
 00012  1012.80    11.20    36.99     1.00   250.00  9999.00     0.00     0.00    17.90     7.10
 00013  1016.10    15.40    48.00     5.00   110.00     8.00     0.00     0.00    27.80    13.80
 00014  1015.10    18.50    53.00     3.00    40.00     4.60     0.00     0.10    25.10    17.50
 00015   998.20    15.90    30.84     2.00   180.00     4.30     0.00     0.00    20.80    11.80
 00016   963.90    12.80    64.91     1.00    40.00     7.00     0.00     0.00    23.10    11.00
 00017  1004.20    16.10    41.85     1.00    70.00     2.90     0.00     0.00    22.10    16.10
 00018  1016.40    17.10    43.95     4.00    90.00    12.00     0.00     0.00    27.70    13.40
 00019   943.30    18.30    92.07     1.00   160.00     8.00     3.00     3.00    28.40    17.70
 00020  1020.40    15.80    40.89     4.00    70.00     9.00     0.00     0.00    25.40    14.00
 00021   913.60     4.50    83.73     0.00   200.00    30.00     2.00     2.60    16.20     4.10
 00022  1016.80    13.20    33.88     4.00   180.00  9999.00     0.00     0.00    18.10     7.10
 00023   935.40     5.00    79.70    11.00   250.00    15.00     0.90     4.90    10.80     5.00
 00024   961.90     3.00    93.11     2.00   140.00     9.00     1.00     1.00     7.10     3.00
 00025  9999.00  9999.00  9999.00  9999.00  9999.00  9999.00  9999.00     0.00    26.30    13.20
 00026  1009.90    20.90    98.77     2.00    90.00     2.30     0.00     2.00    24.90    19.40
 00027  1000.90    19.90    77.11     2.00   320.00    11.00     0.00     0.10    26.90    19.10
 00028   981.20    18.40    98.12     1.00    70.00     3.90     0.00     0.30    22.50    17.10
 00029  1005.30    22.20    88.91     1.00   360.00    26.00     0.00     0.00    26.30    19.70
 00030   994.70    22.20    95.78     2.00    70.00     3.50     0.00     0.00    25.50    21.40
 00031   620.30     0.70    26.79     1.00    90.00    24.00     0.00     0.00    14.10     0.70
 00032  1005.80    19.90    82.74     2.00   220.00     6.00     0.00     0.00    30.70    19.80
 00033  1004.40    24.70    89.64     3.00    90.00    10.00     0.00     0.00    28.10    24.00
 00034  1010.90    27.10    81.03     2.00    70.00    11.00     0.00     0.00    29.50    25.40
 00035  1009.60    25.00    91.87     1.00    90.00    11.00     0.00     0.00    27.80    24.80
 00036   837.80    16.20    54.96     0.00     0.00    16.00     0.00     0.00    31.00    15.30
 00037  1009.20    19.70    88.16     2.00   110.00     3.30     3.00     3.00    30.30    19.70
 00038  1006.80    21.90    91.13     1.00   220.00     3.30     0.00     0.00    28.70    20.70
 00039  1012.10    19.30    96.91     4.00    40.00     1.40     0.00     0.00    21.80    18.90
 00040  1006.90    21.80    91.13     1.00   360.00     6.00     0.00     0.00    24.10    20.50
 00041   818.60     9.70   100.00     8.00    90.00     0.00     0.00     0.10    11.60     9.20
 00042  1013.60    17.70    46.97     5.00    90.00     7.00     0.00     0.00    28.90    15.50
 00043  1007.40    20.60   100.00     1.00    40.00     1.40     0.00     9.00    23.60    19.60
 00044  1001.60    20.40    87.66     1.00    40.00     8.00     0.10     0.60    21.30    18.30
 00045  1006.90    21.80    91.13     1.00   360.00     6.00     0.00     0.00    24.10    20.50
 00046   968.00    19.70    96.91     4.00   360.00     7.00     0.00     0.00    23.80    19.20
 00047  1012.40    18.80    98.13     1.00   360.00     1.20    10.00    11.00    24.00    18.20
 00048   656.20     1.70    55.99     2.00    90.00    13.00     0.00     0.00    13.50     1.70
 00049   602.10    -3.20    88.63     1.00   110.00    22.00     0.00     0.00     5.40    -3.20
 00050  1007.20    19.90    87.06     4.00    40.00  9999.00     0.00     0.00    25.20    19.00
