stn_id       p       t2      rh2      spd      dir      vis    rain6   rain24   tmax24   tmin24 
 00001   966.68    11.82    75.71     1.89    65.44    21.39  9999.00  9999.00  9999.00  9999.00
 00002  1006.09    -3.10    91.55     1.84   315.43    22.51  9999.00  9999.00  9999.00  9999.00
 00003   904.37    -5.03    84.84     2.73    43.22    22.32  9999.00  9999.00  9999.00  9999.00
 00004   830.30    -5.17    87.58     1.94   123.11    20.23  9999.00  9999.00  9999.00  9999.00
 00005   867.19    -2.35    90.96     1.47   112.18    22.38  9999.00  9999.00  9999.00  9999.00
 00006   878.09    -0.97    80.83     2.75   181.44    26.53  9999.00  9999.00  9999.00  9999.00
 00007  1021.58    -4.43    20.83     3.78    18.87    35.49  9999.00  9999.00  9999.00  9999.00
 00008  1009.17   -13.48    51.88     4.59    39.16    40.43  9999.00  9999.00  9999.00  9999.00
 00009   962.74   -27.44    90.54     2.12   255.97    51.43  9999.00  9999.00  9999.00  9999.00
 00010   984.36    -8.61    34.40     1.59    79.89    40.40  9999.00  9999.00  9999.00  9999.00
 00011  1020.49   -24.13    96.77     2.91    46.63    44.62  9999.00  9999.00  9999.00  9999.00
 00012  1023.91    -2.19    86.74     2.13    68.61    10.90  9999.00  9999.00  9999.00  9999.00
 00013  1016.87     9.72    86.63     0.97   128.40    20.30  9999.00  9999.00  9999.00  9999.00
 00014  1013.81    13.67    76.98     0.77   101.14    20.96  9999.00  9999.00  9999.00  9999.00
 00015  1003.13     2.19    95.98     2.13    28.11     3.82  9999.00  9999.00  9999.00  9999.00
 00016   954.85     0.93    83.31     3.20   157.16    22.84  9999.00  9999.00  9999.00  9999.00
 00017  1004.39    -1.75    95.37     3.17    34.65    14.59  9999.00  9999.00  9999.00  9999.00
 00018  1015.47     7.75    86.41     1.55   114.93     4.13  9999.00  9999.00  9999.00  9999.00
 00019   931.26     9.87    75.49     0.46    67.68    17.82  9999.00  9999.00  9999.00  9999.00
 00020  1020.29    14.55    81.67     1.21   261.44    21.49  9999.00  9999.00  9999.00  9999.00
 00021   909.88   -16.28    86.30     3.24   169.66    28.58  9999.00  9999.00  9999.00  9999.00
 00022  1025.96    -1.17    89.49     3.01    35.44    12.51  9999.00  9999.00  9999.00  9999.00
 00023   944.14   -22.08    79.02     2.25   279.13    34.27  9999.00  9999.00  9999.00  9999.00
 00024   969.73   -26.27    91.94     6.99   309.08    30.98  9999.00  9999.00  9999.00  9999.00
 00025   795.49    14.61    81.85     5.17   231.47    16.15  9999.00  9999.00  9999.00  9999.00
 00026  1014.40    12.31    81.76     1.49   201.60    19.30  9999.00  9999.00  9999.00  9999.00
 00027  1008.21    13.48    81.94     1.37   167.13    19.37  9999.00  9999.00  9999.00  9999.00
 00028   974.39    10.55    87.34     1.28    11.11    18.13  9999.00  9999.00  9999.00  9999.00
 00029  1011.60    22.85    73.32     0.75    35.88    20.82  9999.00  9999.00  9999.00  9999.00
 00030   999.06    24.10    73.76     2.81   160.00    22.10  9999.00  9999.00  9999.00  9999.00
 00031   565.47    -4.99     7.41     5.74   268.65    34.20  9999.00  9999.00  9999.00  9999.00
 00032   984.43    16.85    82.90     0.86    76.35    18.15  9999.00  9999.00  9999.00  9999.00
 00033  1012.05    21.96    95.50     5.17    88.88     0.69  9999.00  9999.00  9999.00  9999.00
 00034  1012.58    28.28    79.10     7.33    87.30    26.48  9999.00  9999.00  9999.00  9999.00
 00035  1011.18    26.55    83.87     3.70    76.42    12.02  9999.00  9999.00  9999.00  9999.00
 00036   772.12    12.10    57.41     3.98   187.70    20.93  9999.00  9999.00  9999.00  9999.00
 00037   974.62    16.72    85.64     0.57    74.93    18.08  9999.00  9999.00  9999.00  9999.00
 00038  1001.19    22.20    70.02     1.45    94.94    20.07  9999.00  9999.00  9999.00  9999.00
 00039  1015.54    20.91    77.74     8.37    36.66    19.73  9999.00  9999.00  9999.00  9999.00
 00040  1012.67    23.25    70.73     5.83    66.04    20.73  9999.00  9999.00  9999.00  9999.00
 00041   974.22     9.93    85.14     1.15   143.18    19.12  9999.00  9999.00  9999.00  9999.00
 00042  1016.89    10.03    80.71     0.62   285.43    20.86  9999.00  9999.00  9999.00  9999.00
 00043  1007.75    13.57    83.07     0.29   147.70    19.54  9999.00  9999.00  9999.00  9999.00
 00044   989.14    14.24    89.27     1.39    47.74    19.28  9999.00  9999.00  9999.00  9999.00
 00045  1012.67    23.25    70.73     5.83    66.04    20.73  9999.00  9999.00  9999.00  9999.00
 00046   946.81    19.91    75.94     0.30    98.12    18.91  9999.00  9999.00  9999.00  9999.00
 00047  1008.95    16.75    81.76     0.55   156.40    19.59  9999.00  9999.00  9999.00  9999.00
 00048   596.81    -5.86    54.32     1.61    91.36    35.19  9999.00  9999.00  9999.00  9999.00
 00049   570.18    -9.48    58.12     3.50   212.70    22.85  9999.00  9999.00  9999.00  9999.00
 00050  1007.96    19.54    76.18     4.00    33.61    19.28  9999.00  9999.00  9999.00  9999.00
