stn_id       p       t2      rh2      spd      dir      vis    rain6   rain24   tmax24   tmin24 
 00001   976.36     9.54    57.50     1.12    97.20    18.58  9999.00  9999.00  9999.00  9999.00
 00002  1002.75     0.79    26.56     2.60   120.05    27.10  9999.00  9999.00  9999.00  9999.00
 00003   905.10     0.18    25.42     2.21   193.94    25.02  9999.00  9999.00  9999.00  9999.00
 00004   833.05    -6.37    37.16     3.53   271.14    26.16  9999.00  9999.00  9999.00  9999.00
 00005   868.85    -7.25    47.70     5.41   255.31    30.02  9999.00  9999.00  9999.00  9999.00
 00006   879.01    -8.81    40.90     5.39   283.45    32.42  9999.00  9999.00  9999.00  9999.00
 00007  1018.00   -10.81    57.07     5.76    56.41    36.19  9999.00  9999.00  9999.00  9999.00
 00008  1003.29   -16.17    53.91     5.55    17.63    34.39  9999.00  9999.00  9999.00  9999.00
 00009   960.04   -37.49    91.61     2.26   278.82    54.76  9999.00  9999.00  9999.00  9999.00
 00010   973.26    -6.72    66.80     1.78    99.45    30.08  9999.00  9999.00  9999.00  9999.00
 00011  1013.52   -22.15    76.87     3.49    31.52    46.40  9999.00  9999.00  9999.00  9999.00
 00012  1019.30    -0.84    26.92     2.67   157.36    29.27  9999.00  9999.00  9999.00  9999.00
 00013  1017.30     9.05    72.44     2.56   340.85    20.46  9999.00  9999.00  9999.00  9999.00
 00014  1012.80    10.82    85.18     3.34   221.99    17.05  9999.00  9999.00  9999.00  9999.00
 00015  1002.25     2.42    63.35     2.20     5.86    22.13  9999.00  9999.00  9999.00  9999.00
 00016   959.78     4.18    37.24     1.49    40.05    19.67  9999.00  9999.00  9999.00  9999.00
 00017  1004.08     5.96    29.36     1.56    40.41    20.11  9999.00  9999.00  9999.00  9999.00
 00018  1016.32     8.58    72.41     1.68   351.43    19.70  9999.00  9999.00  9999.00  9999.00
 00019   938.59     8.68    51.52     0.88   199.64    22.06  9999.00  9999.00  9999.00  9999.00
 00020  1018.11     9.34    87.56     4.70   327.51    20.28  9999.00  9999.00  9999.00  9999.00
 00021   907.06   -14.22    91.74     1.56    37.53    42.33  9999.00  9999.00  9999.00  9999.00
 00022  1022.66     0.65    25.23     2.42    46.31    26.51  9999.00  9999.00  9999.00  9999.00
 00023   935.96   -15.81    50.91     1.58   134.10    40.42  9999.00  9999.00  9999.00  9999.00
 00024   965.68   -19.73    88.55     1.72   281.57    26.90  9999.00  9999.00  9999.00  9999.00
 00025   792.32    14.59    40.01     6.07   242.71    19.07  9999.00  9999.00  9999.00  9999.00
 00026  1015.35     7.87    92.77     3.69   287.06     7.82  9999.00  9999.00  9999.00  9999.00
 00027  1012.26     6.03    90.96     2.52   333.28    18.16  9999.00  9999.00  9999.00  9999.00
 00028   979.89     5.93    75.37     2.19    35.78    17.04  9999.00  9999.00  9999.00  9999.00
 00029  1007.53    23.69    71.53     1.38   138.63    20.78  9999.00  9999.00  9999.00  9999.00
 00030   996.77    20.29    71.90     2.63    20.32    21.84  9999.00  9999.00  9999.00  9999.00
 00031   567.04     0.69     3.76     5.58   238.92    36.49  9999.00  9999.00  9999.00  9999.00
 00032   979.07    18.11    81.38     0.77   165.64    18.84  9999.00  9999.00  9999.00  9999.00
 00033  1009.56    21.67    95.35     2.47   130.31     0.36  9999.00  9999.00  9999.00  9999.00
 00034  1011.02    27.76    73.57     5.21    63.11    19.95  9999.00  9999.00  9999.00  9999.00
 00035  1008.84    24.91    80.45     2.48    30.87    11.26  9999.00  9999.00  9999.00  9999.00
 00036   769.70     9.51    52.88     1.64    91.65    20.02  9999.00  9999.00  9999.00  9999.00
 00037   969.30    17.59    84.00     0.67   142.96    18.75  9999.00  9999.00  9999.00  9999.00
 00038   996.81    20.33    81.21     1.01   134.45    20.42  9999.00  9999.00  9999.00  9999.00
 00039  1011.01    21.02    74.74     2.13   139.98    20.20  9999.00  9999.00  9999.00  9999.00
 00040  1008.48    21.98    72.53     2.85    63.75    20.90  9999.00  9999.00  9999.00  9999.00
 00041   974.22     6.26    97.08     2.01   284.63     5.09  9999.00  9999.00  9999.00  9999.00
 00042  1017.80     7.25    94.00     0.92   238.54    17.88  9999.00  9999.00  9999.00  9999.00
 00043  1008.66     8.25    94.33     2.04    13.76     9.28  9999.00  9999.00  9999.00  9999.00
 00044   987.71    11.69    89.15     1.07   336.47    14.17  9999.00  9999.00  9999.00  9999.00
 00045  1008.48    21.98    72.53     2.85    63.75    20.90  9999.00  9999.00  9999.00  9999.00
 00046   942.90    18.25    76.76     1.17   262.04    19.39  9999.00  9999.00  9999.00  9999.00
 00047  1003.88    18.47    73.03     2.82    44.70    19.90  9999.00  9999.00  9999.00  9999.00
 00048   596.51     5.69     6.18     3.66   232.46    38.52  9999.00  9999.00  9999.00  9999.00
 00049   571.75    -3.44    48.41     2.50   209.79    29.64  9999.00  9999.00  9999.00  9999.00
 00050  1003.16    20.08    79.07     1.62   156.41    19.83  9999.00  9999.00  9999.00  9999.00
