stn_id       p       t2      rh2      spd      dir      vis    rain6   rain24   tmax24   tmin24 
 00001   974.58    29.10  9999.00     1.00    40.00  9999.00  9999.00  9999.00  9999.00  9999.00
 00002   999.44    26.00  9999.00     0.00   360.00     4.60  9999.00  9999.00  9999.00  9999.00
 00003   920.10    23.60  9999.00     1.00   270.00    14.00  9999.00  9999.00  9999.00  9999.00
 00004   852.35    22.70  9999.00     3.00   290.00    30.00  9999.00  9999.00  9999.00  9999.00
 00005   890.66    21.40  9999.00     3.00   360.00    30.00  9999.00  9999.00  9999.00  9999.00
 00006   883.43    16.20  9999.00     4.00    20.00    30.00  9999.00  9999.00  9999.00  9999.00
 00007  1000.86    26.80  9999.00     4.00   200.00    30.00  9999.00  9999.00  9999.00  9999.00
 00008   977.31    23.20  9999.00     5.00   220.00    10.00  9999.00  9999.00  9999.00  9999.00
 00009   960.05    12.90  9999.00     2.00   110.00    30.00  9999.00  9999.00  9999.00  9999.00
 00010   978.10    24.30  9999.00     2.00    70.00    11.00  9999.00  9999.00  9999.00  9999.00
 00011   985.49    25.60  9999.00     4.00   200.00    14.00  9999.00  9999.00  9999.00  9999.00
 00012  1004.66    27.20  9999.00     2.00   360.00     7.00  9999.00  9999.00  9999.00  9999.00
 00013  1007.06    29.40  9999.00     3.00   110.00    14.00  9999.00  9999.00  9999.00  9999.00
 00014  1002.47    32.00  9999.00     2.00   140.00    13.00  9999.00  9999.00  9999.00  9999.00
 00015   989.13    27.10  9999.00     3.00   220.00    13.00  9999.00  9999.00  9999.00  9999.00
 00016   961.55    23.20  9999.00     1.00   250.00     2.40  9999.00  9999.00  9999.00  9999.00
 00017   996.08    27.70  9999.00     2.00   270.00     6.00  9999.00  9999.00  9999.00  9999.00
 00018  1004.18    31.60  9999.00     3.00    40.00    17.00  9999.00  9999.00  9999.00  9999.00
 00019   939.43    20.40  9999.00     3.00    40.00    10.00  9999.00  9999.00  9999.00  9999.00
 00020  1007.22    30.90  9999.00     3.00    40.00    30.00  9999.00  9999.00  9999.00  9999.00
 00021   900.60    23.60  9999.00     2.00   270.00    30.00  9999.00  9999.00  9999.00  9999.00
 00022  1008.30    26.80  9999.00     2.00   320.00     7.00  9999.00  9999.00  9999.00  9999.00
 00023   922.64    26.00  9999.00     2.00    70.00    30.00  9999.00  9999.00  9999.00  9999.00
 00024   955.50    16.10  9999.00     1.00   320.00    30.00  9999.00  9999.00  9999.00  9999.00
 00025   810.20    23.20    66.58     1.00   200.00    29.00  9999.00  9999.00  9999.00  9999.00
 00026  1001.24    31.70  9999.00     1.00   220.00    24.00  9999.00  9999.00  9999.00  9999.00
 00027   998.50    31.20  9999.00     3.00   180.00    21.00  9999.00  9999.00  9999.00  9999.00
 00028   974.63    31.90  9999.00     2.00   250.00    17.00  9999.00  9999.00  9999.00  9999.00
 00029  1003.19    28.10  9999.00     3.00    90.00    30.00  9999.00  9999.00  9999.00  9999.00
 00030   989.46    25.30  9999.00     2.00   290.00  9999.00  9999.00  9999.00  9999.00  9999.00
 00031   627.80    15.90    43.82     1.00   250.00    30.00  9999.00  9999.00  9999.00  9999.00
 00032   999.26    30.10  9999.00     1.00   200.00    16.00  9999.00  9999.00  9999.00  9999.00
 00033  1004.51    28.20  9999.00     1.00   270.00    28.00  9999.00  9999.00  9999.00  9999.00
 00034  1006.20    31.50  9999.00     6.00   200.00    14.00  9999.00  9999.00  9999.00  9999.00
 00035  1003.49    30.90  9999.00     1.00   160.00    30.00  9999.00  9999.00  9999.00  9999.00
 00036   836.20    25.20    60.50     1.00   200.00    19.00  9999.00  9999.00  9999.00  9999.00
 00037  1003.53    29.40  9999.00     1.00   140.00    24.00  9999.00  9999.00  9999.00  9999.00
 00038  1005.93    29.90  9999.00     1.00   270.00    16.00  9999.00  9999.00  9999.00  9999.00
 00039  1006.55    29.00  9999.00     3.00    90.00    22.00  9999.00  9999.00  9999.00  9999.00
 00040  1003.15    29.10  9999.00     2.00   110.00    21.00  9999.00  9999.00  9999.00  9999.00
 00041   816.60    20.30    77.63     2.00    70.00    21.00  9999.00  9999.00  9999.00  9999.00
 00042  1005.49    30.50  9999.00     2.00    90.00    11.00  9999.00  9999.00  9999.00  9999.00
 00043  1003.32    31.50  9999.00     1.00   270.00    29.00  9999.00  9999.00  9999.00  9999.00
 00044   998.33    31.90  9999.00     1.00    40.00    17.00  9999.00  9999.00  9999.00  9999.00
 00045  1003.15    29.10  9999.00     2.00   110.00    21.00  9999.00  9999.00  9999.00  9999.00
 00046   965.77    29.00  9999.00     2.00   180.00    14.00  9999.00  9999.00  9999.00  9999.00
 00047  1004.26    30.90  9999.00     1.00   160.00    12.00  9999.00  9999.00  9999.00  9999.00
 00048   655.50    15.90    59.96     2.00    70.00    29.00  9999.00  9999.00  9999.00  9999.00
 00049   604.30     7.90    87.09     5.00   250.00     8.00  9999.00  9999.00  9999.00  9999.00
 00050  1006.65    29.90  9999.00     2.00    70.00    25.00  9999.00  9999.00  9999.00  9999.00
