stn_id       p       t2      rh2      spd      dir      vis    rain6   rain24   tmax24   tmin24 
 00001   985.71     6.91    90.73     0.48   340.75    14.89     0.02     0.32    10.03     6.12
 00002  1015.01   -14.11    89.70     1.82   275.07    26.75     0.00     0.00     2.31   -14.88
 00003   914.17    -8.03    86.81     0.37   288.82    25.11     0.00     0.13     1.61    -8.54
 00004   840.56   -14.43    61.00     1.99   176.09    26.45     0.01     0.02    -2.32   -15.18
 00005   877.85   -15.15    61.81     1.72    51.28    30.89    -0.00    -0.00    -3.04   -17.19
 00006   887.91   -11.28    44.68     3.84   220.33    33.96     0.00     0.00    -2.46   -15.61
 00007  1026.26   -12.21    48.68     4.50    33.05    31.74    -0.00    -0.00    -1.95   -13.76
 00008  1011.49   -16.00    72.53     1.03    68.65    38.99     0.00     0.00    -7.65   -18.32
 00009   957.22   -23.88    97.21     2.71   206.02    58.95     0.00     0.00   -13.78   -30.73
 00010   985.00   -15.91    60.57     2.09   277.30    36.79    -0.01     0.07    -6.93   -19.96
 00011  1019.77   -19.00    67.91     0.70   294.31    46.81    -0.00     0.00   -12.42   -22.74
 00012  1032.75    -5.23    48.85     1.26   108.66    27.75    -0.01    -0.01     4.56    -6.59
 00013  1029.30     2.27    83.85     2.66   333.43    18.49     0.01     0.01    10.30     0.43
 00014  1024.91     5.25    80.31     2.71   307.67    18.19     0.00     0.00     9.63     3.51
 00015  1013.87    -1.27    82.21     0.76   108.13    20.90     0.00     0.00     5.50    -3.00
 00016   969.29    -3.74    87.25     0.89   101.66    18.43     0.00     0.01     6.73    -4.67
 00017  1016.27    -2.40    86.38     0.96   300.84    19.07    -0.00    -0.00     6.27    -3.92
 00018  1028.85     0.72    83.37     2.15   336.89    18.03     0.00     0.00     7.72    -1.12
 00019   948.92     5.51    89.39     0.29   165.46    15.14     0.35     0.71    10.05     3.52
 00020  1029.30     6.08    79.98     4.84   315.55    18.29     0.00     0.05    12.27     4.60
 00021   898.90    -8.46    45.39     1.31   170.76    40.03     0.01     0.06    -7.62   -13.08
 00022  1035.08    -4.10    46.76     3.88    72.31    25.10    -0.00    -0.00     4.56    -4.94
 00023   926.19    -9.40    39.16     1.63   182.70    40.50     0.01     0.01    -5.99   -11.44
 00024   955.79   -13.13    96.93     4.63   113.52    10.98     0.09     0.15   -10.32   -14.80
 00025   798.50     6.26    88.77     1.64   113.71    15.04     0.06     0.09    15.14     4.45
 00026  1027.09     4.60    76.62     3.94    11.75    17.75    -0.00     0.11     7.05     3.57
 00027  1023.59     3.88    72.61     3.45   341.70    17.14    -0.00     0.08     4.70     3.35
 00028   991.15     2.56    76.34     2.67    15.21    16.33     0.00     0.01     7.60     1.71
 00029  1018.75    10.48    70.35     4.45    13.50    20.04     0.01     0.05    16.95    10.29
 00030  1008.76     9.58    71.26     3.70     8.27    21.57    -0.00    -0.00    17.05     9.48
 00031   571.10    -5.88    12.85     2.35   232.50    31.86    -0.01    -0.01     7.06    -7.07
 00032   988.87    11.20    87.80     1.57   342.63    17.18    -0.00     0.70    14.52     9.56
 00033  1017.83    17.96    88.92    10.94    48.06    20.56     0.77     2.53    19.45    17.24
 00034  1015.04    25.99    84.40    11.78    44.34    12.31     2.20     4.44    27.45    25.30
 00035  1016.70    19.55    83.68     6.77    33.18    21.46     0.10     0.31    21.76    19.45
 00036   778.07     0.45    88.67     1.54    37.18    19.67    -0.01    -0.00    12.22    -0.33
 00037   978.93    10.67    89.56     1.50   326.69    16.98     0.01     1.09    14.47     9.36
 00038  1005.89    14.66    77.42     1.59   350.16    19.07     0.01     0.23    19.29    14.09
 00039  1020.17    16.36    70.11    10.71    28.53    18.62    -0.00     0.78    18.78    16.05
 00040  1016.99    16.55    74.96     7.00    30.37    19.67     0.03     4.45    19.72    16.16
 00041   985.37     1.31    90.82     1.24   281.03    17.07     0.00     0.05     5.67    -1.08
 00042  1029.79     2.76    85.06     1.53   291.30    18.14    -0.01     0.00     8.21     1.51
 00043  1019.97     5.17    76.81     3.44    31.60    18.06    -0.01     0.17     7.11     4.73
 00044   999.62     4.17    87.80     1.29    49.86    17.45    -0.00     0.02     9.25     1.71
 00045  1016.99    16.55    74.96     7.00    30.37    19.67     0.03     4.45    19.72    16.16
 00046   952.52     6.37    89.57     3.07    30.88    17.98    -0.01     0.69     9.27     6.01
 00047  1015.74     8.93    77.44     6.57   326.23    14.50    -0.01    -0.00    13.77     7.80
 00048   601.11    -6.24    21.96     1.00   190.82    34.50    -0.00    -0.00     6.89    -9.95
 00049   573.86   -11.83    49.61     0.92    37.07    28.46     0.00     0.01     1.20   -12.15
 00050  1012.69    13.71    69.85     5.07    27.93    18.25     0.01     0.14    17.31    12.99
