stn_id       p       t2      rh2      spd      dir      vis    rain6   rain24   tmax24   tmin24 
 00001   988.36    19.20  9999.00     2.00   290.00    30.00  9999.00  9999.00  9999.00  9999.00
 00002  1006.58    24.60  9999.00     3.00   340.00    30.00  9999.00  9999.00  9999.00  9999.00
 00003   928.72    16.80  9999.00     4.00   290.00    30.00  9999.00  9999.00  9999.00  9999.00
 00004   862.73    13.40  9999.00     3.00   320.00    30.00  9999.00  9999.00  9999.00  9999.00
 00005   897.87    15.40  9999.00     3.00   220.00    30.00  9999.00  9999.00  9999.00  9999.00
 00006   888.53    16.30  9999.00     2.00    20.00    30.00  9999.00  9999.00  9999.00  9999.00
 00007  1005.54    22.10  9999.00     1.00   140.00    30.00  9999.00  9999.00  9999.00  9999.00
 00008   982.59    22.10  9999.00     2.00   270.00    18.00  9999.00  9999.00  9999.00  9999.00
 00009   958.90    19.60  9999.00     2.00   320.00    30.00  9999.00  9999.00  9999.00  9999.00
 00010   978.01    19.70  9999.00     4.00   290.00    24.00  9999.00  9999.00  9999.00  9999.00
 00011   992.59    21.60  9999.00     2.00    20.00    30.00  9999.00  9999.00  9999.00  9999.00
 00012  1010.04    26.80  9999.00     2.00   360.00    30.00  9999.00  9999.00  9999.00  9999.00
 00013  1013.86    17.60  9999.00     2.00    20.00     6.00  9999.00  9999.00  9999.00  9999.00
 00014  1007.85    15.10  9999.00     5.00   360.00  9999.00  9999.00  9999.00  9999.00  9999.00
 00015   995.43    23.30  9999.00     3.00   320.00    26.00  9999.00  9999.00  9999.00  9999.00
 00016   972.11    17.10  9999.00     3.00   220.00    28.00  9999.00  9999.00  9999.00  9999.00
 00017  1003.80    21.00  9999.00     3.00   290.00    28.00  9999.00  9999.00  9999.00  9999.00
 00018  1012.65    17.10  9999.00     2.00   340.00    14.00  9999.00  9999.00  9999.00  9999.00
 00019   950.21    16.30  9999.00     2.00   250.00    12.00  9999.00  9999.00  9999.00  9999.00
 00020  1012.02    13.50  9999.00     2.00    20.00     6.00  9999.00  9999.00  9999.00  9999.00
 00021   903.88    18.90  9999.00     1.00    90.00    28.00  9999.00  9999.00  9999.00  9999.00
 00022  1013.90    24.80  9999.00     3.00   340.00    30.00  9999.00  9999.00  9999.00  9999.00
 00023   932.53    14.60  9999.00     1.00   220.00    30.00  9999.00  9999.00  9999.00  9999.00
 00024   957.60    17.70  9999.00     4.00   270.00    30.00  9999.00  9999.00  9999.00  9999.00
 00025   810.80    24.90    33.76     3.00   220.00    30.00  9999.00  9999.00  9999.00  9999.00
 00026  1007.81    17.60  9999.00     3.00    20.00    10.00  9999.00  9999.00  9999.00  9999.00
 00027  1008.14    14.50  9999.00     6.00   340.00    30.00  9999.00  9999.00  9999.00  9999.00
 00028   986.24    13.60  9999.00     2.00    20.00     6.00  9999.00  9999.00  9999.00  9999.00
 00029  1003.09    31.90  9999.00     4.00   160.00    30.00  9999.00  9999.00  9999.00  9999.00
 00030   991.04    32.80  9999.00     2.00   220.00    15.00  9999.00  9999.00  9999.00  9999.00
 00031   631.80    10.60    26.85     2.00   360.00    30.00  9999.00  9999.00  9999.00  9999.00
 00032   995.89    28.70  9999.00     3.00   270.00    12.00  9999.00  9999.00  9999.00  9999.00
 00033  1005.51    33.50  9999.00     1.00   180.00    27.00  9999.00  9999.00  9999.00  9999.00
 00034  1008.70    32.30  9999.00     3.00   180.00    18.00  9999.00  9999.00  9999.00  9999.00
 00035  1005.19    32.30  9999.00     3.00   180.00    20.00  9999.00  9999.00  9999.00  9999.00
 00036   836.30    28.90    28.67     1.00   160.00    30.00  9999.00  9999.00  9999.00  9999.00
 00037   999.94    27.80  9999.00     4.00   320.00    15.00  9999.00  9999.00  9999.00  9999.00
 00038  1003.14    31.40  9999.00     1.00   220.00     8.00  9999.00  9999.00  9999.00  9999.00
 00039  1004.45    25.60  9999.00     5.00   220.00     6.00  9999.00  9999.00  9999.00  9999.00
 00040  1001.26    29.80  9999.00     5.00   200.00    15.00  9999.00  9999.00  9999.00  9999.00
 00041   813.60     7.20   100.00     6.00   360.00     0.00  9999.00  9999.00  9999.00  9999.00
 00042  1014.17    14.70  9999.00     2.00    20.00     6.00  9999.00  9999.00  9999.00  9999.00
 00043  1009.80    17.40  9999.00     5.00    40.00    11.00  9999.00  9999.00  9999.00  9999.00
 00044  1001.11    17.80  9999.00     5.00   220.00     6.00  9999.00  9999.00  9999.00  9999.00
 00045  1001.26    29.80  9999.00     5.00   200.00    15.00  9999.00  9999.00  9999.00  9999.00
 00046   965.00    24.90  9999.00     3.00   180.00    10.00  9999.00  9999.00  9999.00  9999.00
 00047   999.88    29.30  9999.00     2.00   270.00     8.00  9999.00  9999.00  9999.00  9999.00
 00048   658.90    10.80    50.90     1.00   180.00    19.00  9999.00  9999.00  9999.00  9999.00
 00049   603.60     8.30    36.89     5.00    40.00    30.00  9999.00  9999.00  9999.00  9999.00
 00050  1003.95    27.40  9999.00     5.00   220.00    10.00  9999.00  9999.00  9999.00  9999.00
