stn_id       p       t2      rh2      spd      dir      vis    rain6   rain24   tmax24   tmin24 
 00001   985.72    21.70  9999.00     2.00    40.00    21.00  9999.00  9999.00  9999.00  9999.00
 00002  1003.21    27.40  9999.00     1.00   250.00    30.00  9999.00  9999.00  9999.00  9999.00
 00003   924.27    23.30  9999.00     2.00   290.00    30.00  9999.00  9999.00  9999.00  9999.00
 00004   858.02    19.60  9999.00     4.00   340.00    30.00  9999.00  9999.00  9999.00  9999.00
 00005   893.27    20.40  9999.00     2.00   250.00    30.00  9999.00  9999.00  9999.00  9999.00
 00006   885.04    20.00  9999.00     3.00    20.00    30.00  9999.00  9999.00  9999.00  9999.00
 00007  1003.15    22.90  9999.00     3.00    20.00    30.00  9999.00  9999.00  9999.00  9999.00
 00008   980.54    21.50  9999.00     2.00   110.00    15.00  9999.00  9999.00  9999.00  9999.00
 00009   954.97    22.30  9999.00     2.00   270.00    30.00  9999.00  9999.00  9999.00  9999.00
 00010   977.13    19.70  9999.00     7.00   290.00    26.00  9999.00  9999.00  9999.00  9999.00
 00011   990.42    23.90  9999.00     4.00   270.00    30.00  9999.00  9999.00  9999.00  9999.00
 00012  1005.95    29.70  9999.00     1.00   160.00    30.00  9999.00  9999.00  9999.00  9999.00
 00013  1013.06    19.00  9999.00     1.00   320.00    11.00  9999.00  9999.00  9999.00  9999.00
 00014  1008.34    16.70  9999.00     3.00   340.00    10.00  9999.00  9999.00  9999.00  9999.00
 00015   993.36    25.80  9999.00     2.00   360.00    30.00  9999.00  9999.00  9999.00  9999.00
 00016   966.06    22.90  9999.00     2.00   320.00    30.00  9999.00  9999.00  9999.00  9999.00
 00017  1000.93    25.10  9999.00     1.00    70.00    30.00  9999.00  9999.00  9999.00  9999.00
 00018  1010.86    20.00  9999.00     3.00   290.00    16.00  9999.00  9999.00  9999.00  9999.00
 00019   946.90    19.30  9999.00     1.00   160.00    17.00  9999.00  9999.00  9999.00  9999.00
 00020  1011.32    20.00  9999.00     2.00   320.00    12.00  9999.00  9999.00  9999.00  9999.00
 00021   904.34    19.60  9999.00     2.00    20.00    30.00  9999.00  9999.00  9999.00  9999.00
 00022  1010.60    29.00  9999.00     2.00   290.00    30.00  9999.00  9999.00  9999.00  9999.00
 00023   931.97    19.00  9999.00     6.00   270.00    30.00  9999.00  9999.00  9999.00  9999.00
 00024   955.50    22.80  9999.00     5.00   320.00    30.00  9999.00  9999.00  9999.00  9999.00
 00025  9999.00  9999.00  9999.00  9999.00  9999.00  9999.00  9999.00  9999.00  9999.00  9999.00
 00026  1008.10    19.30  9999.00     3.00   340.00    19.00  9999.00  9999.00  9999.00  9999.00
 00027  1007.44    16.00  9999.00     3.00   340.00    12.00  9999.00  9999.00  9999.00  9999.00
 00028   985.26    15.40  9999.00     2.00    40.00    13.00  9999.00  9999.00  9999.00  9999.00
 00029  1000.20    31.50  9999.00     3.00   160.00    30.00  9999.00  9999.00  9999.00  9999.00
 00030   987.88    34.60  9999.00     2.00   140.00    14.00  9999.00  9999.00  9999.00  9999.00
 00031   628.20    15.80     8.45     2.00    90.00    30.00  9999.00  9999.00  9999.00  9999.00
 00032   995.10    29.50  9999.00     3.00   290.00    30.00  9999.00  9999.00  9999.00  9999.00
 00033  1002.51    35.10  9999.00     3.00    20.00    23.00  9999.00  9999.00  9999.00  9999.00
 00034  1006.30    31.80  9999.00     4.00   200.00    16.00  9999.00  9999.00  9999.00  9999.00
 00035  1002.40    31.60  9999.00     5.00   160.00    20.00  9999.00  9999.00  9999.00  9999.00
 00036   830.50    32.60    23.59     3.00    40.00    30.00  9999.00  9999.00  9999.00  9999.00
 00037   999.25    29.10  9999.00     4.00   270.00    22.00  9999.00  9999.00  9999.00  9999.00
 00038  1001.44    32.50  9999.00     2.00    40.00    22.00  9999.00  9999.00  9999.00  9999.00
 00039  1002.86    25.20  9999.00     6.00   220.00     2.10  9999.00  9999.00  9999.00  9999.00
 00040   999.17    28.20  9999.00     5.00   200.00    13.00  9999.00  9999.00  9999.00  9999.00
 00041   814.10     6.60   100.00     6.00    40.00     0.20  9999.00  9999.00  9999.00  9999.00
 00042  1012.68    17.40  9999.00     2.00   270.00     6.00  9999.00  9999.00  9999.00  9999.00
 00043  1010.50    17.90  9999.00     2.00    40.00    16.00  9999.00  9999.00  9999.00  9999.00
 00044  1003.29    16.10  9999.00     3.00   220.00     2.40  9999.00  9999.00  9999.00  9999.00
 00045   999.17    28.20  9999.00     5.00   200.00    13.00  9999.00  9999.00  9999.00  9999.00
 00046   964.91    22.70  9999.00     3.00    20.00    13.00  9999.00  9999.00  9999.00  9999.00
 00047  1003.36    23.20  9999.00     3.00   360.00    20.00  9999.00  9999.00  9999.00  9999.00
 00048   656.90    17.40    11.51     3.00   320.00    18.00  9999.00  9999.00  9999.00  9999.00
 00049   602.50    11.80    32.89     8.00   270.00    30.00  9999.00  9999.00  9999.00  9999.00
 00050  1002.76    27.40  9999.00     3.00   160.00     8.00  9999.00  9999.00  9999.00  9999.00
