stn_id       p       t2      rh2      spd      dir      vis    rain6   rain24   tmax24   tmin24 
 00001   963.77    25.19    86.06     1.51    63.66    25.89     0.00  9999.00  9999.00  9999.00
 00002   983.90    25.06    89.89     1.40   210.95    25.90     0.00  9999.00  9999.00  9999.00
 00003   896.81    21.05    82.83     1.63   241.05    24.91     0.00  9999.00  9999.00  9999.00
 00004   832.40    17.17    84.65     1.91   236.51    24.95     0.00  9999.00  9999.00  9999.00
 00005   866.23    16.98    56.95     2.53   103.76    27.65     0.00  9999.00  9999.00  9999.00
 00006   876.77    20.36    50.81     2.88   139.87    28.86     0.00  9999.00  9999.00  9999.00
 00007   994.18    22.86    96.28     2.68   211.65    24.97     0.02  9999.00  9999.00  9999.00
 00008   979.69    20.35    94.58     1.81    65.89    27.37     0.00  9999.00  9999.00  9999.00
 00009   942.79    15.78    99.79     0.46   238.49     3.09     0.05  9999.00  9999.00  9999.00
 00010   960.50    17.14    99.39     0.94    96.17    11.57     0.00  9999.00  9999.00  9999.00
 00011   987.61    20.22    94.94     1.82   102.21    30.18     0.00  9999.00  9999.00  9999.00
 00012   998.85    25.43    83.60     1.69   199.25    24.40     0.00  9999.00  9999.00  9999.00
 00013  1001.21    24.74    89.27     2.42   129.90    23.80     0.00  9999.00  9999.00  9999.00
 00014   998.65    22.28    99.40     0.67    58.79    15.03     0.00  9999.00  9999.00  9999.00
 00015   985.43    23.92    81.53     1.99   177.83    20.62     0.00  9999.00  9999.00  9999.00
 00016   946.69    22.37    79.43     1.25   132.58    25.56     0.00  9999.00  9999.00  9999.00
 00017   987.21    25.57    77.21     2.35   195.43    24.18     0.00  9999.00  9999.00  9999.00
 00018   999.56    24.86    95.99     1.48   144.74    14.25     0.02  9999.00  9999.00  9999.00
 00019   930.06    23.05    83.45     1.20   302.62    27.19     0.06  9999.00  9999.00  9999.00
 00020  1004.58    20.79    99.68     1.53   100.64     4.42     0.00  9999.00  9999.00  9999.00
 00021   893.88    10.12    81.90     1.78   149.21    28.10     0.00  9999.00  9999.00  9999.00
 00022  1001.94    25.20    78.69     2.41   209.56    21.81     0.00  9999.00  9999.00  9999.00
 00023   921.98    12.91    63.31     3.15   229.64    21.83     0.62  9999.00  9999.00  9999.00
 00024   944.94    14.37    51.15     1.13   158.15    25.82     0.00  9999.00  9999.00  9999.00
 00025   794.15    16.16    94.42     0.91    61.90    24.65     0.04  9999.00  9999.00  9999.00
 00026   999.75    25.86    96.45     1.04   226.04    26.65     0.34  9999.00  9999.00  9999.00
 00027   996.37    25.64    95.02     1.09   224.36    27.12     0.04  9999.00  9999.00  9999.00
 00028   967.32    24.75    94.12     1.17   197.06    25.91     0.14  9999.00  9999.00  9999.00
 00029  1000.61    25.97    95.77     1.61   190.50    28.76     0.00  9999.00  9999.00  9999.00
 00030   989.63    25.29    97.82     2.49   147.29    30.68     0.00  9999.00  9999.00  9999.00
 00031   575.93     6.82    79.61     1.69   195.56    23.23     0.01  9999.00  9999.00  9999.00
 00032   969.50    24.23    97.72     1.23   290.19     2.19     0.56  9999.00  9999.00  9999.00
 00033  1003.32    24.14    98.13     2.14   174.56     0.20     0.05  9999.00  9999.00  9999.00
 00034  1007.17    27.89    92.93     5.95   196.02    34.33     0.01  9999.00  9999.00  9999.00
 00035  1002.69    26.75    96.62     2.71   179.25    31.67     0.00  9999.00  9999.00  9999.00
 00036   775.38    17.05    92.38     0.81   129.90    19.63     1.93  9999.00  9999.00  9999.00
 00037   960.26    23.85    98.98     1.16   292.28     1.30     0.88  9999.00  9999.00  9999.00
 00038   987.74    25.13    96.32     0.95   260.40    26.69     0.00  9999.00  9999.00  9999.00
 00039  1000.54    25.81    94.75     4.53   223.17    24.04     0.06  9999.00  9999.00  9999.00
 00040   999.45    25.89    96.76     4.07   233.17    26.91     0.00  9999.00  9999.00  9999.00
 00041   961.57    23.54    94.16     0.74   210.71    24.00     0.01  9999.00  9999.00  9999.00
 00042  1001.04    25.24    93.30     1.28    82.99    24.54     0.00  9999.00  9999.00  9999.00
 00043   993.86    25.64    96.51     1.11   227.90    23.73     0.11  9999.00  9999.00  9999.00
 00044   975.73    23.91    97.96     0.77   235.02    18.51     0.10  9999.00  9999.00  9999.00
 00045   999.45    25.89    96.76     4.07   233.17    26.91     0.00  9999.00  9999.00  9999.00
 00046   935.95    22.96    94.99     1.23   196.42    18.38     0.18  9999.00  9999.00  9999.00
 00047   992.54    23.87    98.90     1.75    41.65     1.21     0.12  9999.00  9999.00  9999.00
 00048   606.00    11.63    57.79     1.34   177.83    28.54     0.01  9999.00  9999.00  9999.00
 00049   579.82     4.53    99.04     0.74    86.72     2.75     0.12  9999.00  9999.00  9999.00
 00050   992.73    25.90    97.21     1.94   229.65    24.90     0.01  9999.00  9999.00  9999.00
