stn_id       p       t2      rh2      spd      dir      vis    rain6   rain24   tmax24   tmin24 
 00001   965.60    30.42    73.82     2.23   252.46    23.89  9999.00  9999.00  9999.00  9999.00
 00002   987.50    29.87    71.42     1.35    28.05    25.87  9999.00  9999.00  9999.00  9999.00
 00003   898.27    28.86    54.12     1.45   115.13    24.89  9999.00  9999.00  9999.00  9999.00
 00004   832.79    26.66    46.42     1.50   261.37    24.89  9999.00  9999.00  9999.00  9999.00
 00005   865.99    25.57    42.25     0.71   199.58    27.66  9999.00  9999.00  9999.00  9999.00
 00006   875.13    29.27    30.15     3.22   243.52    28.86  9999.00  9999.00  9999.00  9999.00
 00007   996.10    29.85    65.24     0.34    58.14    25.04  9999.00  9999.00  9999.00  9999.00
 00008   981.49    29.38    59.67     1.18    30.04    27.42  9999.00  9999.00  9999.00  9999.00
 00009   939.76    24.60    60.56     2.77   164.46    41.01  9999.00  9999.00  9999.00  9999.00
 00010   960.53    26.23    62.61     2.64   332.17    29.17  9999.00  9999.00  9999.00  9999.00
 00011   988.12    28.35    66.47     0.55   327.57    30.24  9999.00  9999.00  9999.00  9999.00
 00012  1002.59    30.12    71.16     0.82   122.19    23.86  9999.00  9999.00  9999.00  9999.00
 00013  1001.55    26.40    78.88     2.45   100.29    23.38  9999.00  9999.00  9999.00  9999.00
 00014   997.36    24.84    83.83     3.77    75.40    23.77  9999.00  9999.00  9999.00  9999.00
 00015   987.09    31.15    55.95     1.43    10.50    20.54  9999.00  9999.00  9999.00  9999.00
 00016   948.30    30.76    47.60     3.95   244.30    25.53  9999.00  9999.00  9999.00  9999.00
 00017   988.44    31.24    62.84     2.50    94.09    24.12  9999.00  9999.00  9999.00  9999.00
 00018  1000.16    27.13    74.77     3.80    67.01    14.56  9999.00  9999.00  9999.00  9999.00
 00019   931.60    30.41    60.22     1.17   188.45    27.21  9999.00  9999.00  9999.00  9999.00
 00020  1004.73    24.40    83.29     3.80    96.86    18.95  9999.00  9999.00  9999.00  9999.00
 00021   892.82    18.23    44.53     1.61   327.21    28.09  9999.00  9999.00  9999.00  9999.00
 00022  1005.51    30.17    65.54     1.02    85.23    21.79  9999.00  9999.00  9999.00  9999.00
 00023   920.71    17.33    46.20     1.31   129.86    23.51  9999.00  9999.00  9999.00  9999.00
 00024   945.42    17.62    45.09     3.30   297.21    25.90  9999.00  9999.00  9999.00  9999.00
 00025   795.01    21.07    82.50     0.63   182.87    24.44  9999.00  9999.00  9999.00  9999.00
 00026   998.38    29.82    73.76     2.41   148.16    22.50  9999.00  9999.00  9999.00  9999.00
 00027   995.51    32.54    60.79     0.56    39.61    26.99  9999.00  9999.00  9999.00  9999.00
 00028   966.76    30.60    73.78     1.10   228.76    26.16  9999.00  9999.00  9999.00  9999.00
 00029   998.61    30.80    80.65     2.05   258.34    28.48  9999.00  9999.00  9999.00  9999.00
 00030   989.48    28.72    81.41     0.94   249.50    30.51  9999.00  9999.00  9999.00  9999.00
 00031   576.70     8.81    67.78     1.03   149.05    21.66  9999.00  9999.00  9999.00  9999.00
 00032   966.81    28.10    68.36     1.96   272.49    20.83  9999.00  9999.00  9999.00  9999.00
 00033  1003.13    24.07    98.02     1.31   195.03     1.25  9999.00  9999.00  9999.00  9999.00
 00034  1006.60    28.19    85.79     3.27   252.15    34.34  9999.00  9999.00  9999.00  9999.00
 00035  1002.32    30.69    76.90     1.77   284.95     6.02  9999.00  9999.00  9999.00  9999.00
 00036   776.54    21.27    72.56     0.81   342.18    24.36  9999.00  9999.00  9999.00  9999.00
 00037   957.45    28.92    65.61     2.17   290.06    23.44  9999.00  9999.00  9999.00  9999.00
 00038   985.33    30.02    70.68     2.87   283.11    24.44  9999.00  9999.00  9999.00  9999.00
 00039   998.18    26.64    90.60     1.83   176.77    14.98  9999.00  9999.00  9999.00  9999.00
 00040   996.80    29.77    77.76     3.86   274.47    22.65  9999.00  9999.00  9999.00  9999.00
 00041   960.42    24.74    86.56     1.75   108.03    23.49  9999.00  9999.00  9999.00  9999.00
 00042  1001.15    26.04    79.79     3.28    72.46    23.98  9999.00  9999.00  9999.00  9999.00
 00043   992.23    30.99    66.92     2.11   319.85    24.81  9999.00  9999.00  9999.00  9999.00
 00044   974.42    24.45    91.75     1.21   254.10    17.83  9999.00  9999.00  9999.00  9999.00
 00045   996.80    29.77    77.76     3.86   274.47    22.65  9999.00  9999.00  9999.00  9999.00
 00046   934.23    25.37    81.07     1.57   301.78    10.61  9999.00  9999.00  9999.00  9999.00
 00047   990.36    23.92    92.10     2.86   185.82    10.38  9999.00  9999.00  9999.00  9999.00
 00048   608.08    11.02    79.80     1.21   154.49    23.37  9999.00  9999.00  9999.00  9999.00
 00049   581.06     7.23    74.53     0.93   168.49    11.89  9999.00  9999.00  9999.00  9999.00
 00050   990.38    28.88    79.20     1.66   183.99    23.42  9999.00  9999.00  9999.00  9999.00
