stn_id       p       t2      rh2      spd      dir      vis    rain6   rain24   tmax24   tmin24 
 00001   962.83    28.82    79.65     1.18   172.22    24.18     0.63     0.96    32.60    25.01
 00002   985.92    28.34    79.33     1.74   145.70    25.84     0.00     0.93    32.30    24.47
 00003   896.74    26.90    54.38     1.75    95.91    24.81     0.00     0.00    32.26    18.77
 00004   832.31    21.12    74.79     1.15   123.95    24.91     0.58     0.60    27.89    13.82
 00005   865.21    24.44    53.98     1.31    98.65    27.65     0.02     0.03    29.44    17.33
 00006   874.35    27.86    30.62     5.43   287.71    28.82     0.01     0.01    32.57    19.07
 00007   996.29    26.27    80.62     2.19   203.42    25.07     0.01     0.17    31.06    20.77
 00008   981.65    25.50    80.58     1.02   125.34    27.45     0.08     0.13    30.35    20.07
 00009   935.46    20.54    71.51     3.32   156.10    40.75     0.03     0.21    26.44    13.83
 00010   961.88    22.19    84.70     1.41   180.49    29.24     0.00     0.19    27.81    16.86
 00011   988.36    23.55    90.13     1.82   190.33    30.19     1.51     2.18    29.46    20.08
 00012  1001.21    28.17    84.42     1.18   216.26    24.41     0.35     2.16    32.00    23.52
 00013  1002.20    24.19    85.10     3.00    96.69    23.64     0.48     4.70    27.76    22.44
 00014   998.76    22.08    92.83     3.65    78.20    24.57     1.42    33.94    26.79    22.08
 00015   986.26    27.54    70.00     1.88    46.93    20.52     0.00     0.00    32.64    22.41
 00016   945.88    28.03    58.64     2.13   178.04    25.49     0.00     0.00    33.32    22.79
 00017   987.51    28.83    68.83     1.67   113.48    24.07     0.09     0.26    33.26    25.48
 00018  1000.34    25.13    84.57     2.70    70.93    23.78     0.83     3.37    29.02    22.90
 00019   929.32    27.18    73.03     1.80   273.51    27.16     0.17     0.21    31.83    22.06
 00020  1005.27    21.94    89.91     3.02    59.33    21.02     0.02     1.15    25.42    21.85
 00021   893.14    19.50    42.09     2.10    22.41    28.09     0.00     0.00    21.21    11.79
 00022  1004.60    26.10    79.86     3.05   134.66    21.78     0.00     0.10    32.25    22.81
 00023   918.64    22.36    27.02     2.32    31.38    23.45     0.00     0.46    23.49    10.70
 00024   943.48    22.18    27.43     5.34   297.80    25.84     0.01     0.07    23.08    11.74
 00025   793.73    17.66    95.37     1.39   161.70     3.98    20.72    26.19    23.52    15.88
 00026   997.52    26.19    84.60     2.30   107.37    26.30     0.79     2.85    30.63    24.79
 00027   993.35    29.25    79.06     2.16    41.64    26.94     0.04     0.09    33.81    24.18
 00028   963.90    29.72    74.15     1.73    69.05    26.06     0.00     0.00    33.02    23.81
 00029   995.18    28.63    84.52     0.72   261.29    28.43     0.29    12.40    32.00    25.22
 00030   985.37    27.90    90.07     0.62   118.73    30.42     2.30    10.72    31.32    24.86
 00031   574.13    12.68    47.56     2.14   180.01    23.76     0.39     3.40    14.55     4.18
 00032   967.60    21.49    98.48     2.05   100.18     1.41     9.91    14.27    30.01    21.30
 00033   999.49    23.50   100.00     3.51   254.55     0.56     0.03     0.27    25.46    22.85
 00034  1003.98    28.47    85.83     2.74   200.57    34.24     0.00     0.01    28.73    27.60
 00035   999.04    28.25    86.66     0.53   135.02    31.40     0.73     1.94    31.55    25.49
 00036   774.13    20.12    78.62     1.01    15.34    24.23     3.27     5.25    23.69    15.24
 00037   958.01    22.27    97.30     1.62    85.22     7.12     4.67     8.97    30.28    22.05
 00038   982.57    27.43    85.47     1.05   148.89    26.45     0.10     0.38    33.06    24.53
 00039   997.92    24.02    95.21     2.29   165.22     9.88     9.66    12.79    27.98    24.00
 00040   994.25    27.10    89.51     3.73   224.81    27.08     0.13     2.82    30.65    25.81
 00041   960.74    22.30    84.90     1.59    79.79    22.90     1.78     8.41    26.10    21.61
 00042  1001.62    24.96    79.55     3.63    77.02    24.37     0.05     7.75    28.41    22.88
 00043   991.26    26.44    86.11     1.55    22.82    27.25     0.62     2.69    31.34    23.99
 00044   973.53    23.04    90.74     1.69    42.29    25.00     3.90    11.52    27.51    22.55
 00045   994.25    27.10    89.51     3.73   224.81    27.08     0.13     2.82    30.65    25.81
 00046   932.24    22.89    89.89     1.26    47.03    26.10     0.22     5.94    27.54    21.42
 00047   991.77    22.55    92.49     2.57    27.11    23.20     0.71    19.70    24.92    22.21
 00048   604.73    15.60    59.25     1.13   161.95    28.59     0.14     6.87    17.31     7.03
 00049   579.14     7.17    88.40     1.55   200.12    21.56     2.45     5.37    10.39     3.74
 00050   990.52    23.54    97.37     0.86   322.71     5.23     9.79    11.93    29.66    23.51
