stn_id       p       t2      rh2      spd      dir      vis    rain6   rain24   tmax24   tmin24 
 00001   981.80    22.70    96.98     1.00   270.00     3.60     0.00     0.00    33.70    21.70
 00002   999.60    24.30    65.59     2.00   340.00    25.00     0.00     0.00    29.90    21.20
 00003   925.00    18.80    85.85     1.00    20.00    13.00     0.00     0.00    29.20    15.10
 00004   859.60    14.40    88.87     0.00   200.00    30.00     0.00    32.50    25.70    10.40
 00005   884.70    18.40    67.85     2.00   110.00    30.00     0.00     1.60    24.40    12.70
 00006   882.80    19.10    59.95     5.00   250.00    30.00     0.00     0.00    27.10    14.50
 00007  1005.80    22.60    72.74     1.00   140.00    30.00     0.00     0.00    31.30    15.60
 00008   984.40    23.30    51.76     3.00   180.00    12.00     0.00     0.00    29.70    19.60
 00009   968.30     2.60    77.05     1.00   220.00    30.00     0.10     4.20    14.60    -2.70
 00010   985.40    15.70    98.72     1.00    20.00  9999.00     0.00     0.00    28.00    13.60
 00011   997.00    23.20    54.88     3.00   180.00    25.00     0.00     0.00    29.20    18.50
 00012  1006.20    22.30    90.03     1.00    20.00     3.70     0.40    35.60    28.50    20.40
 00013  1007.20    24.30    86.90     1.00   110.00     6.00     0.00     0.00    29.70    22.90
 00014  1005.10    26.00    77.01     2.00    20.00     7.00     0.00     0.00    31.00    24.20
 00015   991.40    26.00    74.67     2.00   180.00     4.20     0.00     0.00    30.90    24.00
 00016   962.50    20.60   100.00     1.00   360.00     8.00     0.00     0.00    31.30    19.00
 00017   998.10    25.00    73.59     2.00   220.00     7.00     0.00     0.00    30.10    20.00
 00018  1008.40    24.10    82.70     2.00    40.00     8.00     0.00     0.00    29.70    22.90
 00019   944.90    21.10    95.74     0.00   290.00     8.00     0.00     0.00    31.50    19.40
 00020  1010.10    26.70    80.00     3.00    40.00    26.00     0.00     0.00    29.80    25.30
 00021   907.50    18.30    52.93     1.00   180.00    22.00     0.00     0.00    25.60    18.20
 00022  1009.70    24.50    77.76     1.00   180.00     7.00     0.00     0.00    30.50    22.40
 00023   929.60    13.50    76.11     2.00   220.00    30.00     0.00     0.00    23.90    13.10
 00024   957.70    12.20    69.91     1.00   290.00    30.00     0.00     0.00    26.00    11.00
 00025   811.70    16.80    79.70     1.00   340.00    13.00     0.00     0.00    24.70    14.20
 00026  1002.80    27.40    68.70     2.00    70.00    15.00     0.00     0.00    29.30    25.10
 00027   996.10    20.90    95.15     2.00   340.00     2.00     3.00     3.00    26.70    20.90
 00028   977.70    21.20    98.16     0.00     0.00     6.00     0.70     0.70    31.50    21.00
 00029   995.50    26.10    93.61     3.00    40.00    30.00     0.10    14.10    27.50    24.70
 00030   986.00    21.20    98.16     2.00   340.00  9999.00    16.00    17.00    30.30    20.90
 00031   624.60     9.40    55.92     1.00   200.00    30.00     0.00     0.00    22.50     9.40
 00032   995.10    27.60    84.59     4.00   360.00    14.00     0.80     2.30    29.00    25.10
 00033   994.30    24.70    97.02     1.00   220.00     3.60    10.00    10.10    31.60    24.40
 00034  1001.00    30.30    79.95     7.00   250.00    15.00     0.00     7.00    31.70    28.70
 00035   999.40    26.10    88.12     1.00   250.00    28.00     0.00     0.70    32.70    24.60
 00036   841.90    15.00    75.83     1.00    20.00    22.00     0.00     0.50    28.30    14.00
 00037   998.30    26.60    91.96     0.00   340.00    17.00     0.80     1.80    30.00    25.00
 00038   995.80    27.20    89.81     1.00   290.00     9.00     0.00     0.30    30.20    25.50
 00039   999.30    27.80    85.64     7.00    20.00    10.00     0.00     0.00    29.80    27.30
 00040   995.90    28.50    79.73     2.00   340.00    30.00     0.00     8.00    28.50    25.30
 00041   816.70    16.50   100.00     7.00   140.00     0.00     0.00     0.00    19.80    14.30
 00042  1005.70    24.80    85.89     3.00    70.00  9999.00     0.00     0.00    29.60    23.70
 00043  1000.30    25.10    88.04     3.00    90.00    10.00     0.00     0.00    28.80    24.00
 00044   994.20    27.00    70.78     3.00    40.00    13.00     0.00     0.00    29.70    24.10
 00045   995.90    28.50    79.73     2.00   340.00    30.00     0.00     8.00    28.50    25.30
 00046   959.90    25.20    90.77     3.00    40.00    30.00     0.00     0.10    30.50    24.00
 00047  1002.80    27.00    88.72     2.00   360.00    18.00     3.00    15.90    28.50    24.70
 00048   657.90    10.80    63.96     2.00    90.00    30.00     0.00     0.00    24.30    10.80
 00049   606.00     4.40    88.00     2.00   270.00    30.00     0.00     0.00    17.20     4.40
 00050   995.00    27.40    84.06     8.00    40.00     8.00     0.20     0.30    29.20    26.50
