stn_id       p       t2      rh2      spd      dir      vis    rain6   rain24   tmax24   tmin24 
 00001  9999.00    29.90  9999.00     1.00    20.00    20.00  9999.00  9999.00  9999.00  9999.00
 00002  9999.00    31.60  9999.00     6.00   110.00    15.00  9999.00  9999.00  9999.00  9999.00
 00003  9999.00    30.50  9999.00     1.00   250.00    29.00  9999.00  9999.00  9999.00  9999.00
 00004  9999.00    28.40  9999.00     5.00   320.00    30.00  9999.00  9999.00  9999.00  9999.00
 00005   879.84    23.10  9999.00     3.00   360.00    27.00  9999.00  9999.00  9999.00  9999.00
 00006   870.65    21.40  9999.00     5.00   340.00    30.00  9999.00  9999.00  9999.00  9999.00
 00007  9999.00    28.70  9999.00     6.00   180.00    30.00  9999.00  9999.00  9999.00  9999.00
 00008  9999.00    15.90  9999.00     4.00   360.00    11.00  9999.00  9999.00  9999.00  9999.00
 00009   950.37     5.30  9999.00     4.00   270.00    30.00  9999.00  9999.00  9999.00  9999.00
 00010  9999.00    21.30  9999.00     2.00    40.00    19.00  9999.00  9999.00  9999.00  9999.00
 00011  9999.00    11.90  9999.00     3.00    90.00    30.00  9999.00  9999.00  9999.00  9999.00
 00012  9999.00    31.40  9999.00     2.00   270.00    13.00  9999.00  9999.00  9999.00  9999.00
 00013  1003.17    30.30  9999.00     1.00   180.00    27.00  9999.00  9999.00  9999.00  9999.00
 00014  1000.88    29.60  9999.00     3.00   180.00    20.00  9999.00  9999.00  9999.00  9999.00
 00015  9999.00    32.30  9999.00     4.00   180.00    25.00  9999.00  9999.00  9999.00  9999.00
 00016  9999.00    32.00  9999.00     2.00    70.00    30.00  9999.00  9999.00  9999.00  9999.00
 00017  9999.00    29.10  9999.00     4.00   180.00    12.00  9999.00  9999.00  9999.00  9999.00
 00018  1000.29    27.90  9999.00     5.00   180.00    30.00  9999.00  9999.00  9999.00  9999.00
 00019  9999.00    29.60  9999.00     2.00   200.00     9.00  9999.00  9999.00  9999.00  9999.00
 00020  1006.12    28.10  9999.00     6.00   180.00    14.00  9999.00  9999.00  9999.00  9999.00
 00021   904.16    19.60  9999.00     4.00    20.00    30.00  9999.00  9999.00  9999.00  9999.00
 00022  9999.00    32.20  9999.00     7.00   200.00    16.00  9999.00  9999.00  9999.00  9999.00
 00023   929.45    20.90  9999.00     2.00   360.00    30.00  9999.00  9999.00  9999.00  9999.00
 00024   958.27    19.20  9999.00     3.00   290.00    30.00  9999.00  9999.00  9999.00  9999.00
 00025   806.20    23.90    42.77     4.00   220.00    30.00  9999.00  9999.00  9999.00  9999.00
 00026   998.65    24.40  9999.00     3.00    90.00     8.00  9999.00  9999.00  9999.00  9999.00
 00027   992.74    27.80  9999.00     4.00   140.00    18.00  9999.00  9999.00  9999.00  9999.00
 00028  9999.00    29.60  9999.00     2.00   180.00    13.00  9999.00  9999.00  9999.00  9999.00
 00029  1002.39    26.50  9999.00     4.00   140.00    30.00  9999.00  9999.00  9999.00  9999.00
 00030   986.60    30.30  9999.00     6.00   140.00    20.00  9999.00  9999.00  9999.00  9999.00
 00031   619.70    18.90     4.88     5.00   340.00    30.00  9999.00  9999.00  9999.00  9999.00
 00032   998.87    26.10  9999.00     2.00   160.00    16.00  9999.00  9999.00  9999.00  9999.00
 00033  1002.81    32.10  9999.00     3.00    20.00    30.00  9999.00  9999.00  9999.00  9999.00
 00034  1007.10    32.00  9999.00     2.00   200.00    30.00  9999.00  9999.00  9999.00  9999.00
 00035  1002.70    30.50  9999.00     4.00   160.00    30.00  9999.00  9999.00  9999.00  9999.00
 00036   830.80    29.10    30.72     1.00   200.00    30.00  9999.00  9999.00  9999.00  9999.00
 00037  1002.93    26.40  9999.00     4.00   140.00    13.00  9999.00  9999.00  9999.00  9999.00
 00038  1004.44    27.10  9999.00     4.00   110.00    14.00  9999.00  9999.00  9999.00  9999.00
 00039  1006.55    24.50  9999.00     4.00   140.00    11.00  9999.00  9999.00  9999.00  9999.00
 00040  1002.35    25.20  9999.00     3.00   160.00    10.00  9999.00  9999.00  9999.00  9999.00
 00041   812.70    13.70    63.75     4.00   140.00    17.00  9999.00  9999.00  9999.00  9999.00
 00042  1002.19    29.20  9999.00     3.00   220.00    20.00  9999.00  9999.00  9999.00  9999.00
 00043  1000.23    23.80  9999.00     2.00    20.00     7.00  9999.00  9999.00  9999.00  9999.00
 00044   996.64    26.60  9999.00     1.00   110.00    11.00  9999.00  9999.00  9999.00  9999.00
 00045  1002.35    25.20  9999.00     3.00   160.00    10.00  9999.00  9999.00  9999.00  9999.00
 00046   963.36    27.20  9999.00     4.00   220.00    24.00  9999.00  9999.00  9999.00  9999.00
 00047  1006.05    23.90  9999.00     3.00    90.00    10.00  9999.00  9999.00  9999.00  9999.00
 00048   648.00    17.70    24.70     4.00    90.00    20.00  9999.00  9999.00  9999.00  9999.00
 00049   599.50     5.00    73.04     9.00   250.00    30.00  9999.00  9999.00  9999.00  9999.00
 00050  1006.45    25.40  9999.00     3.00   180.00    14.00  9999.00  9999.00  9999.00  9999.00
