stn_id       p       t2      rh2      spd      dir      vis    rain6   rain24   tmax24   tmin24 
 00001   966.84    27.59    63.88     2.53   238.59    26.27     0.00  9999.00  9999.00  9999.00
 00002   978.19    34.86    15.50     5.15   337.78    22.11     0.00  9999.00  9999.00  9999.00
 00003   891.69    29.96    17.67     6.93   305.57    21.25     0.00  9999.00  9999.00  9999.00
 00004   826.74    22.87    24.34     7.44   312.73    19.64     0.00  9999.00  9999.00  9999.00
 00005   861.16    23.82    23.49     6.84   340.20    19.22     0.00  9999.00  9999.00  9999.00
 00006   871.48    21.82    20.58     7.04   332.89    18.56     0.00  9999.00  9999.00  9999.00
 00007   988.77    20.22    53.65     0.89    77.32    20.92     0.98  9999.00  9999.00  9999.00
 00008   971.36    23.96    37.66     2.28   171.49    22.68     0.64  9999.00  9999.00  9999.00
 00009   940.50    17.58    63.61     3.70    51.35    36.67     0.85  9999.00  9999.00  9999.00
 00010   953.03    17.76    66.70     2.06    88.42    20.80     0.68  9999.00  9999.00  9999.00
 00011   979.95    23.61    36.18     1.48   118.91    24.70     0.08  9999.00  9999.00  9999.00
 00012   993.30    32.92    12.18     5.74   319.46    20.04     0.00  9999.00  9999.00  9999.00
 00013   998.05    32.25    50.62     2.67   238.61    25.88     0.00  9999.00  9999.00  9999.00
 00014   995.73    31.10    57.41     1.17   179.43    26.30     0.03  9999.00  9999.00  9999.00
 00015   979.64    33.38    15.80     2.18   289.62    20.91     0.00  9999.00  9999.00  9999.00
 00016   945.95    30.35    39.50     1.43   240.64    23.55     0.00  9999.00  9999.00  9999.00
 00017   983.34    33.84    23.96     1.98   279.73    23.92     0.00  9999.00  9999.00  9999.00
 00018   996.85    32.57    50.04     2.75   238.18    25.94     0.00  9999.00  9999.00  9999.00
 00019   931.37    29.78    38.28     4.88   214.56    26.91     0.00  9999.00  9999.00  9999.00
 00020  1001.83    28.78    67.79     2.60   195.10    19.04     1.47  9999.00  9999.00  9999.00
 00021   889.26    31.53    18.21     3.93   345.80    25.93     0.00  9999.00  9999.00  9999.00
 00022   995.88    33.43    12.41     7.07   317.12    19.69     0.00  9999.00  9999.00  9999.00
 00023   914.73    33.23    16.44     1.11   290.32    24.46     0.00  9999.00  9999.00  9999.00
 00024   937.44    34.60    15.06     4.04   304.85    26.11     0.00  9999.00  9999.00  9999.00
 00025   793.28    17.44    68.54     4.30    76.15    24.22     1.81  9999.00  9999.00  9999.00
 00026   997.38    30.97    62.72     0.32   132.14    27.46     0.00  9999.00  9999.00  9999.00
 00027   994.04    31.71    61.20     0.45   225.04    27.53     0.12  9999.00  9999.00  9999.00
 00028   965.88    27.72    73.70     0.81   304.70    26.32     0.05  9999.00  9999.00  9999.00
 00029   995.82    31.01    76.02     1.15   228.48    24.92     1.01  9999.00  9999.00  9999.00
 00030   986.59    27.54    84.30     1.64   195.78     7.84     8.76  9999.00  9999.00  9999.00
 00031   573.41    13.82    15.97     1.87   176.80    22.83     0.00  9999.00  9999.00  9999.00
 00032   968.42    23.19    93.58     3.08   100.23     0.79     6.92  9999.00  9999.00  9999.00
 00033  1000.25    24.99    94.35     3.31   221.72     2.55     0.13  9999.00  9999.00  9999.00
 00034  1004.13    28.56    84.29     3.78   227.26    32.37     0.03  9999.00  9999.00  9999.00
 00035   999.65    30.16    73.47     0.67    18.49    24.29     1.85  9999.00  9999.00  9999.00
 00036   776.49    15.29    61.18     1.83   226.77    24.30     0.10  9999.00  9999.00  9999.00
 00037   958.74    24.38    92.94     2.31   119.61     1.39    10.02  9999.00  9999.00  9999.00
 00038   984.28    31.80    60.95     1.40   246.51    25.52     0.13  9999.00  9999.00  9999.00
 00039   998.52    27.17    85.39     4.54   119.72    11.00     1.38  9999.00  9999.00  9999.00
 00040   996.25    29.04    78.08     5.16   201.32    19.45     0.27  9999.00  9999.00  9999.00
 00041   959.33    29.71    53.69     1.76   259.63    26.08     0.14  9999.00  9999.00  9999.00
 00042   998.41    32.07    53.87     2.47   264.62    26.30     0.03  9999.00  9999.00  9999.00
 00043   991.32    31.07    59.78     0.72    28.34    27.97     0.02  9999.00  9999.00  9999.00
 00044   973.38    29.70    57.93     0.66   348.55    25.58     0.01  9999.00  9999.00  9999.00
 00045   996.25    29.04    78.08     5.16   201.32    19.45     0.27  9999.00  9999.00  9999.00
 00046   933.10    25.73    84.15     1.11   272.39     7.40     3.17  9999.00  9999.00  9999.00
 00047   992.01    24.71    82.14     1.65   151.00    16.34     1.40  9999.00  9999.00  9999.00
 00048   604.34    15.98    28.01     1.77   195.72    26.40     0.01  9999.00  9999.00  9999.00
 00049   577.88     9.64    57.79     3.36   211.00    20.85     0.34  9999.00  9999.00  9999.00
 00050   991.15    26.74    87.40     3.52    78.98    10.00     7.51  9999.00  9999.00  9999.00
