stn_id       p       t2      rh2      spd      dir      vis    rain6   rain24   tmax24   tmin24 
 00001     0.00    12.41     0.00     1.61    52.66     0.00  9999.00  9999.00  9999.00  9999.00
 00002     0.00    -2.05     0.00     0.84   307.58     0.00  9999.00  9999.00  9999.00  9999.00
 00003     0.00    -1.32     0.00     0.86    98.81     0.00  9999.00  9999.00  9999.00  9999.00
 00004     0.00    -3.12     0.00     1.09   167.11     0.00  9999.00  9999.00  9999.00  9999.00
 00005     0.00    -2.14     0.00     0.80   188.60     0.00  9999.00  9999.00  9999.00  9999.00
 00006     0.00    -4.13     0.00     5.34   302.98     0.00  9999.00  9999.00  9999.00  9999.00
 00007     0.00    -2.89     0.00     1.64   308.17     0.00  9999.00  9999.00  9999.00  9999.00
 00008     0.00    -8.98     0.00     3.77    51.66     0.00  9999.00  9999.00  9999.00  9999.00
 00009     0.00   -27.30     0.00     2.13   250.49     0.00  9999.00  9999.00  9999.00  9999.00
 00010     0.00    -8.85     0.00     1.42    78.15     0.00  9999.00  9999.00  9999.00  9999.00
 00011     0.00   -18.94     0.00     3.62    61.43     0.00  9999.00  9999.00  9999.00  9999.00
 00012     0.00    -1.54     0.00     1.75    14.87     0.00  9999.00  9999.00  9999.00  9999.00
 00013     0.00    11.78     0.00     1.21   171.12     0.00  9999.00  9999.00  9999.00  9999.00
 00014     0.00    12.48     0.00     1.06   184.29     0.00  9999.00  9999.00  9999.00  9999.00
 00015     0.00     3.56     0.00     1.44     7.42     0.00  9999.00  9999.00  9999.00  9999.00
 00016     0.00     1.61     0.00     2.20   153.13     0.00  9999.00  9999.00  9999.00  9999.00
 00017     0.00     0.12     0.00     2.11    23.41     0.00  9999.00  9999.00  9999.00  9999.00
 00018     0.00    10.01     0.00     1.78   158.69     0.00  9999.00  9999.00  9999.00  9999.00
 00019     0.00    10.12     0.00     0.53   284.96     0.00  9999.00  9999.00  9999.00  9999.00
 00020     0.00    15.01     0.00     1.46   192.85     0.00  9999.00  9999.00  9999.00  9999.00
 00021     0.00   -17.58     0.00     3.28    54.71     0.00  9999.00  9999.00  9999.00  9999.00
 00022     0.00     0.46     0.00     1.67    21.01     0.00  9999.00  9999.00  9999.00  9999.00
 00023     0.00   -21.51     0.00     1.85   283.16     0.00  9999.00  9999.00  9999.00  9999.00
 00024     0.00   -26.58     0.00     5.74   308.15     0.00  9999.00  9999.00  9999.00  9999.00
 00025     0.00    15.27     0.00     4.01   229.42     0.00  9999.00  9999.00  9999.00  9999.00
 00026     0.00    11.93     0.00     0.72   141.05     0.00  9999.00  9999.00  9999.00  9999.00
 00027     0.00    11.71     0.00     1.45   137.23     0.00  9999.00  9999.00  9999.00  9999.00
 00028     0.00    10.10     0.00     1.85    20.08     0.00  9999.00  9999.00  9999.00  9999.00
 00029     0.00    23.83     0.00     1.25    81.13     0.00  9999.00  9999.00  9999.00  9999.00
 00030     0.00    23.30     0.00     2.03   146.45     0.00  9999.00  9999.00  9999.00  9999.00
 00031     0.00    -5.36     0.00     6.00   261.82     0.00  9999.00  9999.00  9999.00  9999.00
 00032     0.00    16.74     0.00     1.09    92.89     0.00  9999.00  9999.00  9999.00  9999.00
 00033     0.00    22.29     0.00     5.86    50.34     0.00  9999.00  9999.00  9999.00  9999.00
 00034     0.00    28.25     0.00     8.46    81.29     0.00  9999.00  9999.00  9999.00  9999.00
 00035     0.00    26.36     0.00     3.20    86.54     0.00  9999.00  9999.00  9999.00  9999.00
 00036     0.00    11.86     0.00     3.90   188.43     0.00  9999.00  9999.00  9999.00  9999.00
 00037     0.00    16.61     0.00     0.95   113.83     0.00  9999.00  9999.00  9999.00  9999.00
 00038     0.00    22.31     0.00     1.40    85.71     0.00  9999.00  9999.00  9999.00  9999.00
 00039     0.00    21.12     0.00     8.00    41.26     0.00  9999.00  9999.00  9999.00  9999.00
 00040     0.00    23.44     0.00     6.13    61.41     0.00  9999.00  9999.00  9999.00  9999.00
 00041     0.00     8.56     0.00     1.35   153.14     0.00  9999.00  9999.00  9999.00  9999.00
 00042     0.00    10.49     0.00     0.96   270.31     0.00  9999.00  9999.00  9999.00  9999.00
 00043     0.00    13.11     0.00     0.79    59.91     0.00  9999.00  9999.00  9999.00  9999.00
 00044     0.00    12.74     0.00     1.04    37.15     0.00  9999.00  9999.00  9999.00  9999.00
 00045     0.00    23.44     0.00     6.13    61.41     0.00  9999.00  9999.00  9999.00  9999.00
 00046     0.00    19.06     0.00     0.66   159.68     0.00  9999.00  9999.00  9999.00  9999.00
 00047     0.00    17.44     0.00     0.93   317.03     0.00  9999.00  9999.00  9999.00  9999.00
 00048     0.00    -4.82     0.00     1.73   264.15     0.00  9999.00  9999.00  9999.00  9999.00
 00049     0.00   -10.00     0.00     3.62   204.42     0.00  9999.00  9999.00  9999.00  9999.00
 00050     0.00    19.83     0.00     3.67    42.02     0.00  9999.00  9999.00  9999.00  9999.00
