stn_id       p       t2      rh2      spd      dir      vis    rain6   rain24   tmax24   tmin24 
 00001   969.46    12.12    76.46     1.78    91.29    17.03     0.17  9999.00  9999.00  9999.00
 00002  1005.78    -2.14    88.63     1.89   340.01    20.08     0.96  9999.00  9999.00  9999.00
 00003   904.43    -0.99    78.55     1.62   167.05    22.88     0.54  9999.00  9999.00  9999.00
 00004   831.21    -2.64    82.47     2.39   179.50    18.23     0.56  9999.00  9999.00  9999.00
 00005   867.71    -2.02    90.11     2.32   193.83    12.88     1.99  9999.00  9999.00  9999.00
 00006   877.04     1.07    73.02     4.64   240.90    19.71     1.71  9999.00  9999.00  9999.00
 00007  1019.36    -1.53    12.70     1.51    76.31    35.39     0.00  9999.00  9999.00  9999.00
 00008  1005.16    -8.01    23.08     3.77    62.06    40.32     0.00  9999.00  9999.00  9999.00
 00009   958.44   -23.19    76.46     1.17   245.58    51.27     0.00  9999.00  9999.00  9999.00
 00010   982.51    -6.03    17.53     1.24    72.41    40.29     0.00  9999.00  9999.00  9999.00
 00011  1017.32   -17.97    79.74     1.91    53.63    44.50     0.00  9999.00  9999.00  9999.00
 00012  1023.18    -1.17    68.97     1.39    25.81    15.29     0.81  9999.00  9999.00  9999.00
 00013  1017.92    13.38    71.24     3.01   140.00    21.45     0.04  9999.00  9999.00  9999.00
 00014  1015.31    13.17    70.25     1.67   192.73    20.69     0.00  9999.00  9999.00  9999.00
 00015  1004.26     5.08    87.59     1.10   321.94     3.87     1.36  9999.00  9999.00  9999.00
 00016   957.18     2.28    81.09     2.31   166.63    20.75     0.05  9999.00  9999.00  9999.00
 00017  1005.11     0.04    91.86     2.20    17.61    19.69     0.37  9999.00  9999.00  9999.00
 00018  1016.55    10.55    73.23     2.42   145.03    20.78     0.09  9999.00  9999.00  9999.00
 00019   933.42    10.34    72.53     0.78    67.64    24.95     0.03  9999.00  9999.00  9999.00
 00020  1021.37    17.87    66.53     2.31   211.69    21.50     0.00  9999.00  9999.00  9999.00
 00021   908.39   -17.12    86.49     3.09    58.91    29.74     0.27  9999.00  9999.00  9999.00
 00022  1025.78     1.67    78.62     1.45    45.28    15.02     0.57  9999.00  9999.00  9999.00
 00023   942.08   -21.97    76.63     2.07   275.59    34.14     0.00  9999.00  9999.00  9999.00
 00024   969.55   -26.53    91.56     5.96   308.46    28.01     0.02  9999.00  9999.00  9999.00
 00025   797.05    14.87    68.85     4.80   240.54    18.99     0.18  9999.00  9999.00  9999.00
 00026  1016.44    11.29    81.56     0.75   192.79    18.63     0.20  9999.00  9999.00  9999.00
 00027  1010.79    11.18    81.81     2.42   151.09    18.65     0.15  9999.00  9999.00  9999.00
 00028   977.17     9.98    87.67     1.28    33.01    10.54     0.82  9999.00  9999.00  9999.00
 00029  1012.39    23.96    66.70     1.52    61.06    20.83     0.01  9999.00  9999.00  9999.00
 00030  1000.86    21.86    74.32     0.84   165.06    22.10     0.00  9999.00  9999.00  9999.00
 00031   565.69    -5.98    11.92     5.36   250.98    34.21     0.03  9999.00  9999.00  9999.00
 00032   985.27    18.08    72.31     1.41    44.55    18.15     0.00  9999.00  9999.00  9999.00
 00033  1012.79    22.34    88.77     7.03    47.66    11.62     0.24  9999.00  9999.00  9999.00
 00034  1013.23    28.17    78.47     7.66    80.34    26.50     0.00  9999.00  9999.00  9999.00
 00035  1011.59    27.62    84.54     3.48    79.29     8.65     1.00  9999.00  9999.00  9999.00
 00036   774.21    12.59    57.47     4.26   199.10    20.97     0.00  9999.00  9999.00  9999.00
 00037   975.46    17.85    74.37     0.96    66.65    18.08     0.00  9999.00  9999.00  9999.00
 00038  1002.06    24.40    56.88     1.96    82.62    20.08     0.00  9999.00  9999.00  9999.00
 00039  1016.35    21.61    72.19     8.88    34.54    19.73     0.00  9999.00  9999.00  9999.00
 00040  1013.36    24.24    62.74     6.30    55.19    20.73     0.00  9999.00  9999.00  9999.00
 00041   975.77     8.48    84.86     1.81   161.03    11.76     1.08  9999.00  9999.00  9999.00
 00042  1018.06    11.12    71.93     1.04   166.04    17.49     0.06  9999.00  9999.00  9999.00
 00043  1009.66    12.42    80.27     0.20   185.14    18.19     0.09  9999.00  9999.00  9999.00
 00044   990.63    13.27    79.50     1.46    50.93    18.99     0.08  9999.00  9999.00  9999.00
 00045  1013.36    24.24    62.74     6.30    55.19    20.73     0.00  9999.00  9999.00  9999.00
 00046   947.92    19.48    74.65     1.26   183.80    18.92     0.03  9999.00  9999.00  9999.00
 00047  1010.20    17.22    73.52     1.37   298.36    19.59     0.00  9999.00  9999.00  9999.00
 00048   596.76    -4.71    35.53     2.38   242.73    32.91     0.20  9999.00  9999.00  9999.00
 00049   571.35    -9.25    40.51     3.94   204.68    26.97     0.01  9999.00  9999.00  9999.00
 00050  1008.67    21.74    64.71     5.18    34.24    19.28     0.00  9999.00  9999.00  9999.00
