stn_id       p       t2      rh2      spd      dir      vis    rain6   rain24   tmax24   tmin24 
 00001   966.93    27.47    58.65     0.51   229.86    26.52     0.00  9999.00  9999.00  9999.00
 00002   984.81    36.61    18.63     1.33   124.64    22.81     0.00  9999.00  9999.00  9999.00
 00003   897.19    31.19    20.90     1.56   228.70    21.99     0.00  9999.00  9999.00  9999.00
 00004   832.30    24.67    28.06     2.10   277.16    20.29     0.00  9999.00  9999.00  9999.00
 00005   864.94    29.54    14.14     2.67   208.81    19.65     0.00  9999.00  9999.00  9999.00
 00006   874.08    31.62    11.25     2.23   246.00    18.78     0.00  9999.00  9999.00  9999.00
 00007   995.53    26.94    45.94     1.65   211.82    21.42     0.00  9999.00  9999.00  9999.00
 00008   979.77    27.34    42.88     3.74   205.03    23.13     0.00  9999.00  9999.00  9999.00
 00009   939.77    18.99    35.78     2.82   327.21    37.12     0.00  9999.00  9999.00  9999.00
 00010   959.64    24.15    48.01     0.71    82.92    25.12     0.03  9999.00  9999.00  9999.00
 00011   985.96    29.05    36.38     4.17   216.29    24.93     0.08  9999.00  9999.00  9999.00
 00012   999.11    35.32    23.18     3.03   193.10    20.52     0.00  9999.00  9999.00  9999.00
 00013  1002.64    30.31    44.81     3.37   298.18    26.39     0.00  9999.00  9999.00  9999.00
 00014   999.69    29.51    50.03     0.61   233.40    26.62     0.00  9999.00  9999.00  9999.00
 00015   986.21    33.57    25.44     1.84   273.81    21.61     0.00  9999.00  9999.00  9999.00
 00016   947.60    31.02    37.37     1.29    38.64    24.10     0.00  9999.00  9999.00  9999.00
 00017   988.29    34.35    26.93     2.07   277.24    24.63     0.00  9999.00  9999.00  9999.00
 00018  1001.86    31.71    40.51     2.87   309.73    26.45     0.00  9999.00  9999.00  9999.00
 00019   930.88    29.48    41.32     2.49   186.97    27.24     0.00  9999.00  9999.00  9999.00
 00020  1005.27    28.36    54.54     1.74   164.06    19.37     0.16  9999.00  9999.00  9999.00
 00021   882.94    27.59    17.50     5.73   353.54    25.53     0.00  9999.00  9999.00  9999.00
 00022  1002.63    34.97    24.71     3.39   215.21    20.26     0.00  9999.00  9999.00  9999.00
 00023   911.07    26.14    24.90     1.95    10.07    24.19     0.00  9999.00  9999.00  9999.00
 00024   933.03    26.80    25.18    10.56   286.05    25.82     0.00  9999.00  9999.00  9999.00
 00025   793.22    18.57    69.83     4.76   116.96    21.83     0.10  9999.00  9999.00  9999.00
 00026  1002.15    29.45    54.50     1.58    14.82    27.73     0.00  9999.00  9999.00  9999.00
 00027   999.48    27.73    69.20     0.71    61.48    27.84     0.02  9999.00  9999.00  9999.00
 00028   969.25    28.36    60.07     3.04    50.15    26.59     0.00  9999.00  9999.00  9999.00
 00029   999.07    29.13    75.32     0.52   287.48    25.55     0.80  9999.00  9999.00  9999.00
 00030   988.95    30.44    65.35     1.35     4.07    31.94     0.17  9999.00  9999.00  9999.00
 00031   570.27    15.19    21.73     3.14   238.47    22.33     0.40  9999.00  9999.00  9999.00
 00032   970.97    23.88    85.54     1.71   104.62     7.05     0.95  9999.00  9999.00  9999.00
 00033  1003.08    23.88    98.40     3.29   260.27     1.17     1.56  9999.00  9999.00  9999.00
 00034  1006.58    29.18    85.86     6.26   256.33    32.92     0.00  9999.00  9999.00  9999.00
 00035  1002.49    28.63    83.16     2.02   295.28     9.99     6.45  9999.00  9999.00  9999.00
 00036   775.22    13.91    89.03     0.84   318.09     4.74     2.52  9999.00  9999.00  9999.00
 00037   961.46    24.38    86.35     1.22   121.82    10.72     1.03  9999.00  9999.00  9999.00
 00038   988.10    25.53    95.96     1.14   116.25     1.36     9.28  9999.00  9999.00  9999.00
 00039  1002.14    25.48    86.94     3.49   177.54     7.64     1.03  9999.00  9999.00  9999.00
 00040   999.15    26.10    91.43     2.48   173.43     5.85    21.07  9999.00  9999.00  9999.00
 00041   963.53    28.39    46.17     1.53   214.93    26.40     0.00  9999.00  9999.00  9999.00
 00042  1003.21    30.57    46.85     2.39   301.97    26.73     0.00  9999.00  9999.00  9999.00
 00043   996.14    27.25    69.67     2.14     6.06    28.17     0.02  9999.00  9999.00  9999.00
 00044   977.40    28.11    57.75     1.91    25.33    25.69     0.03  9999.00  9999.00  9999.00
 00045   999.15    26.10    91.43     2.48   173.43     5.85    21.07  9999.00  9999.00  9999.00
 00046   936.52    23.75    79.73     2.20     8.97    15.45     3.31  9999.00  9999.00  9999.00
 00047   994.62    24.12    81.67     1.14    68.28    22.08     1.01  9999.00  9999.00  9999.00
 00048   601.42    13.92    49.44     0.80   112.85    26.17     0.22  9999.00  9999.00  9999.00
 00049   575.80     7.19    79.67     2.85   186.81     3.74     1.33  9999.00  9999.00  9999.00
 00050   994.30    26.56    79.65     1.75   157.10    13.28     1.06  9999.00  9999.00  9999.00
