stn_id       p       t2      rh2      spd      dir      vis    rain6   rain24   tmax24   tmin24 
 00001   962.28    21.45    84.76     0.70    76.45    18.57     0.12  9999.00  9999.00  9999.00
 00002   986.09    32.30    28.21     4.97   164.08    23.12     0.00  9999.00  9999.00  9999.00
 00003   897.70    25.16    29.74     3.47   188.34    22.30     0.00  9999.00  9999.00  9999.00
 00004   831.35    19.01    32.06     2.47   151.58    20.52     0.00  9999.00  9999.00  9999.00
 00005   863.92    26.33    19.02     4.01   153.36    19.85     0.00  9999.00  9999.00  9999.00
 00006   873.49    28.93    15.94     4.30   174.48    18.92     0.00  9999.00  9999.00  9999.00
 00007   997.95    23.72    57.16     5.82   178.35    21.65     0.00  9999.00  9999.00  9999.00
 00008   980.85    25.02    60.20     3.41   203.94    23.31     0.00  9999.00  9999.00  9999.00
 00009   941.49    10.82    65.53     2.26   339.12    37.11     0.03  9999.00  9999.00  9999.00
 00010   961.51    21.24    73.67     1.62   229.25    25.39     0.00  9999.00  9999.00  9999.00
 00011   986.28    25.87    62.44     2.77   318.85    25.05     0.00  9999.00  9999.00  9999.00
 00012  1000.66    34.69    18.71     4.07   201.65    20.72     0.00  9999.00  9999.00  9999.00
 00013  1004.73    26.47    73.28     1.89   137.75    26.71     0.00  9999.00  9999.00  9999.00
 00014  1002.31    24.62    77.70     2.22    85.69    26.87     0.00  9999.00  9999.00  9999.00
 00015   987.89    31.73    32.37     2.67   167.29    21.91     0.00  9999.00  9999.00  9999.00
 00016   944.80    25.36    51.97     3.82   129.25    24.26     0.00  9999.00  9999.00  9999.00
 00017   988.88    27.93    49.01     2.39   149.84    24.95     0.00  9999.00  9999.00  9999.00
 00018  1003.40    26.13    67.81     2.10   175.71    26.72     0.00  9999.00  9999.00  9999.00
 00019   927.64    21.80    72.82     0.70   154.51    26.94     0.32  9999.00  9999.00  9999.00
 00020  1009.44    21.51    88.40     3.54   130.22    23.93     0.00  9999.00  9999.00  9999.00
 00021   883.26    22.35    32.84     2.37   201.77    25.49     0.01  9999.00  9999.00  9999.00
 00022  1004.00    34.34    22.58     3.43   220.33    20.47     0.00  9999.00  9999.00  9999.00
 00023   909.46    25.10    10.32     3.74   288.13    23.97     0.00  9999.00  9999.00  9999.00
 00024   932.48    25.79     8.43     6.36   303.13    25.61     0.00  9999.00  9999.00  9999.00
 00025   788.96    21.10    70.98     2.36   233.26    25.92     0.09  9999.00  9999.00  9999.00
 00026  1003.61    20.93    93.15     1.30   101.24     2.42     6.52  9999.00  9999.00  9999.00
 00027   996.45    22.49    87.68     3.88    96.73    21.92     2.03  9999.00  9999.00  9999.00
 00028   964.62    22.63    93.96     2.95    10.36    17.12     1.09  9999.00  9999.00  9999.00
 00029   999.31    26.08    92.57     2.76   145.45    19.52     8.56  9999.00  9999.00  9999.00
 00030   984.78    27.51    87.76     3.53   140.51    31.93     0.13  9999.00  9999.00  9999.00
 00031   568.37    14.48    23.46     4.67   229.61    22.13     0.07  9999.00  9999.00  9999.00
 00032   975.12    18.03    98.48     1.32    74.90     3.80     7.11  9999.00  9999.00  9999.00
 00033  1000.29    23.52    97.88     4.36   139.83     0.63     0.14  9999.00  9999.00  9999.00
 00034  1005.40    28.30    90.09     3.73   162.60    33.11     0.00  9999.00  9999.00  9999.00
 00035   999.91    28.42    87.09     2.84   148.51    30.95     3.99  9999.00  9999.00  9999.00
 00036   768.29    19.86    72.32     1.59   182.04    24.80     0.05  9999.00  9999.00  9999.00
 00037   965.38    18.23    99.13     1.24   100.68     3.93     8.10  9999.00  9999.00  9999.00
 00038   991.76    22.28    83.52     1.58    97.39    18.79     0.32  9999.00  9999.00  9999.00
 00039  1005.44    21.70    85.64     9.34    33.55    16.59     7.72  9999.00  9999.00  9999.00
 00040  1002.66    22.84    88.86     6.24    40.08    15.12     2.39  9999.00  9999.00  9999.00
 00041   964.86    23.43    73.99     1.17    63.47    26.59     0.04  9999.00  9999.00  9999.00
 00042  1004.80    25.91    71.37     1.92   140.05    26.99     0.00  9999.00  9999.00  9999.00
 00043   996.68    20.91    76.96     3.44    86.06    27.63     0.14  9999.00  9999.00  9999.00
 00044   979.29    20.69    88.64     0.59   284.36    20.46     3.35  9999.00  9999.00  9999.00
 00045  1002.66    22.84    88.86     6.24    40.08    15.12     2.39  9999.00  9999.00  9999.00
 00046   937.17    21.60    92.97     1.42   115.55    24.74     1.60  9999.00  9999.00  9999.00
 00047   998.46    21.51    89.42     3.83   182.02    22.14     0.09  9999.00  9999.00  9999.00
 00048   599.94    10.85    62.28     0.66   181.52    24.92     1.84  9999.00  9999.00  9999.00
 00049   574.88     1.40    98.43     1.56   183.03     4.60     5.21  9999.00  9999.00  9999.00
 00050   998.09    19.85    89.15     5.14    29.13    18.67    12.67  9999.00  9999.00  9999.00
