stn_id       p       t2      rh2      spd      dir      vis    rain6   rain24   tmax24   tmin24 
 00001   963.43    20.47    84.18     1.10    84.92    10.89     2.41  9999.00  9999.00  9999.00
 00002   982.38    32.72    22.65     3.00   195.29    22.91     0.00  9999.00  9999.00  9999.00
 00003   895.44    26.00    28.46     2.60   189.72    22.13     0.00  9999.00  9999.00  9999.00
 00004   830.40    18.62    46.51     2.39   145.26    20.41     0.00  9999.00  9999.00  9999.00
 00005   862.89    24.67    26.64     2.53   227.60    19.72     0.00  9999.00  9999.00  9999.00
 00006   871.60    27.37    15.70     3.30   188.02    18.79     0.00  9999.00  9999.00  9999.00
 00007   996.25    23.25    62.99     2.76   227.24    21.54     0.00  9999.00  9999.00  9999.00
 00008   980.24    22.74    65.00     3.36   199.24    23.24     0.00  9999.00  9999.00  9999.00
 00009   936.90    15.62    64.16     2.93   208.31    37.10     0.00  9999.00  9999.00  9999.00
 00010   961.41    19.39    84.47     0.92    62.34    25.34     0.16  9999.00  9999.00  9999.00
 00011   986.19    24.18    55.43     4.79   174.52    24.99     0.00  9999.00  9999.00  9999.00
 00012   997.42    31.35    29.76     2.71   141.80    20.58     0.00  9999.00  9999.00  9999.00
 00013  1003.28    25.93    73.41     1.95   184.20    26.60     0.00  9999.00  9999.00  9999.00
 00014  1001.26    24.72    73.61     2.17   123.83    26.76     0.00  9999.00  9999.00  9999.00
 00015   984.31    30.66    30.87     2.22   195.72    21.73     0.00  9999.00  9999.00  9999.00
 00016   943.77    26.11    61.32     1.92   149.12    24.19     0.03  9999.00  9999.00  9999.00
 00017   986.94    26.87    43.02     2.62   190.76    24.80     0.00  9999.00  9999.00  9999.00
 00018  1001.92    25.87    64.08     2.46   195.17    26.61     0.00  9999.00  9999.00  9999.00
 00019   928.74    20.17    80.62     2.21    78.22    24.74     0.74  9999.00  9999.00  9999.00
 00020  1007.78    20.50    85.22     2.73   116.31    23.79     0.00  9999.00  9999.00  9999.00
 00021   884.41    19.21    52.86     2.06   311.49    22.94     0.68  9999.00  9999.00  9999.00
 00022  1000.72    29.29    39.05     4.10   106.69    20.36     0.00  9999.00  9999.00  9999.00
 00023   909.90    23.94    15.05     3.82   284.33    24.08     0.00  9999.00  9999.00  9999.00
 00024   933.10    24.26    14.38     6.42   298.83    25.72     0.00  9999.00  9999.00  9999.00
 00025   790.46    18.78    87.28     1.43   198.81    25.95     2.38  9999.00  9999.00  9999.00
 00026  1001.42    25.80    71.95     2.07    51.55    27.79     0.00  9999.00  9999.00  9999.00
 00027   997.01    25.00    84.75     1.62    69.30    27.85     0.01  9999.00  9999.00  9999.00
 00028   966.85    23.61    86.27     0.70   323.15    26.63     0.00  9999.00  9999.00  9999.00
 00029   999.39    26.14    93.47     1.64   118.75    19.98     6.97  9999.00  9999.00  9999.00
 00030   987.29    26.67    91.78     1.97   103.42    21.35     5.01  9999.00  9999.00  9999.00
 00031   568.67    15.65    16.14     4.45   245.33    22.17     0.03  9999.00  9999.00  9999.00
 00032   973.67    21.39    94.73     0.76   108.00    12.90     0.00  9999.00  9999.00  9999.00
 00033  1001.67    24.07    97.34     2.24   165.26     0.25     0.26  9999.00  9999.00  9999.00
 00034  1005.72    28.75    88.43     2.29   227.90    33.03     0.00  9999.00  9999.00  9999.00
 00035  1001.02    27.52    90.68     0.90    68.54    30.55     4.95  9999.00  9999.00  9999.00
 00036   770.19    16.31    89.76     0.57   259.67    24.80     0.70  9999.00  9999.00  9999.00
 00037   964.13    21.52    90.87     0.76    97.34    19.45     0.01  9999.00  9999.00  9999.00
 00038   990.47    23.84    94.01     2.00    90.12    20.31     0.83  9999.00  9999.00  9999.00
 00039  1004.09    24.26    92.74     5.80    39.51    23.68     0.59  9999.00  9999.00  9999.00
 00040  1001.38    24.50    91.39     4.73    60.82    23.45     0.34  9999.00  9999.00  9999.00
 00041   964.08    24.19    66.93     1.80   133.49    26.51     0.00  9999.00  9999.00  9999.00
 00042  1003.58    25.59    73.15     2.31   105.56    26.90     0.00  9999.00  9999.00  9999.00
 00043   995.20    25.43    80.74     1.53    53.12    28.18     0.02  9999.00  9999.00  9999.00
 00044   977.85    23.73    66.28     2.56    56.52    25.72     0.00  9999.00  9999.00  9999.00
 00045  1001.38    24.50    91.39     4.73    60.82    23.45     0.34  9999.00  9999.00  9999.00
 00046   936.67    22.64    96.28     0.94    72.73     9.96     2.66  9999.00  9999.00  9999.00
 00047   997.13    22.65    93.43     0.74   190.68    13.25     0.00  9999.00  9999.00  9999.00
 00048   599.70    12.93    50.47     2.01    26.71    26.07     0.83  9999.00  9999.00  9999.00
 00049   575.16     1.75    90.17     1.63   173.72    19.91     7.81  9999.00  9999.00  9999.00
 00050   996.69    23.65    91.65     3.20    34.73    23.64     0.20  9999.00  9999.00  9999.00
