stn_id       p       t2      rh2      spd      dir      vis    rain6   rain24   tmax24   tmin24 
 00001   976.27    19.68    76.84     1.76   152.94    24.86  9999.00  9999.00  9999.00  9999.00
 00002   992.11    19.10    38.77     3.53   339.21    20.04  9999.00  9999.00  9999.00  9999.00
 00003   902.55     9.54    57.80     2.35   312.42    18.84  9999.00  9999.00  9999.00  9999.00
 00004   835.24     7.98    57.40     1.47   158.26    17.47  9999.00  9999.00  9999.00  9999.00
 00005   869.98     4.88    78.79     1.37    46.98    17.58  9999.00  9999.00  9999.00  9999.00
 00006   879.85     6.32    72.54     2.66   261.94    17.61  9999.00  9999.00  9999.00  9999.00
 00007  1001.59    16.16    62.56     5.68   200.88    19.57  9999.00  9999.00  9999.00  9999.00
 00008   983.42    14.60    71.86     7.92   203.43    21.67  9999.00  9999.00  9999.00  9999.00
 00009   942.89    -2.24    83.33     1.55   286.57    37.01  9999.00  9999.00  9999.00  9999.00
 00010   967.79     8.03    98.23     1.72   141.09    22.29  9999.00  9999.00  9999.00  9999.00
 00011   989.79    13.34    81.75     6.00   174.41     9.39  9999.00  9999.00  9999.00  9999.00
 00012  1006.18    15.29    84.92     1.84    48.40    18.81  9999.00  9999.00  9999.00  9999.00
 00013  1012.04    14.25    86.89     2.29   228.01    23.81  9999.00  9999.00  9999.00  9999.00
 00014  1009.17    16.59    83.51     0.61   257.67    24.92  9999.00  9999.00  9999.00  9999.00
 00015   989.46    20.54    59.02     6.37   188.09    18.92  9999.00  9999.00  9999.00  9999.00
 00016   954.56    13.99    67.67     2.21   185.78    21.15  9999.00  9999.00  9999.00  9999.00
 00017   993.56    19.66    44.03     2.84   238.04    21.40  9999.00  9999.00  9999.00  9999.00
 00018  1010.72    15.83    74.94     2.70   178.23    23.80  9999.00  9999.00  9999.00  9999.00
 00019   941.00    17.51    72.76     1.67   276.28    25.49  9999.00  9999.00  9999.00  9999.00
 00020  1014.54    14.74    84.83     1.94   143.22    22.24  9999.00  9999.00  9999.00  9999.00
 00021   888.09    19.21    24.72     3.56   312.67    27.35  9999.00  9999.00  9999.00  9999.00
 00022  1008.71    14.58    95.36     1.32   247.73    18.27  9999.00  9999.00  9999.00  9999.00
 00023   915.58    17.02    37.95     2.90   231.71    25.61  9999.00  9999.00  9999.00  9999.00
 00024   937.34    20.11    31.13     5.02   276.51    27.42  9999.00  9999.00  9999.00  9999.00
 00025   800.14    12.69    88.74     3.59   100.56    17.63  9999.00  9999.00  9999.00  9999.00
 00026  1012.29    16.32    89.72     1.89   193.49    26.45  9999.00  9999.00  9999.00  9999.00
 00027  1008.41    17.44    86.97     2.11   197.77    26.13  9999.00  9999.00  9999.00  9999.00
 00028   978.22    18.93    83.14     0.88   148.91    24.77  9999.00  9999.00  9999.00  9999.00
 00029  1010.34    21.05    97.09     0.94   313.08    27.01  9999.00  9999.00  9999.00  9999.00
 00030   999.81    20.92    88.57     2.45    77.43    10.46  9999.00  9999.00  9999.00  9999.00
 00031   576.23     1.69    10.95     1.74    82.50    25.29  9999.00  9999.00  9999.00  9999.00
 00032   980.07    19.17    92.25     0.79   325.39    12.20  9999.00  9999.00  9999.00  9999.00
 00033  1011.16    21.98    98.67     4.30   112.50     0.75  9999.00  9999.00  9999.00  9999.00
 00034  1013.20    28.30    79.78     5.80    98.18    30.21  9999.00  9999.00  9999.00  9999.00
 00035  1010.63    24.84    94.66     1.87   118.34     4.05  9999.00  9999.00  9999.00  9999.00
 00036   781.10    12.56    63.81     1.35    40.82    20.28  9999.00  9999.00  9999.00  9999.00
 00037   970.44    18.43    95.24     0.86   303.80    16.22  9999.00  9999.00  9999.00  9999.00
 00038   997.62    20.31    92.64     1.12   302.23    26.06  9999.00  9999.00  9999.00  9999.00
 00039  1011.29    22.93    84.22     2.78    57.22    25.16  9999.00  9999.00  9999.00  9999.00
 00040  1009.20    22.62    85.26     1.30   274.26    26.51  9999.00  9999.00  9999.00  9999.00
 00041   971.97    13.51    89.77     1.72   237.46    24.65  9999.00  9999.00  9999.00  9999.00
 00042  1012.50    14.48    89.81     1.87   207.49    24.47  9999.00  9999.00  9999.00  9999.00
 00043  1006.04    16.52    85.69     1.58   159.12    26.99  9999.00  9999.00  9999.00  9999.00
 00044   987.13    15.56    91.67     1.37   231.10    25.03  9999.00  9999.00  9999.00  9999.00
 00045  1009.20    22.62    85.26     1.30   274.26    26.51  9999.00  9999.00  9999.00  9999.00
 00046   945.28    16.51    93.31     0.92   323.94    25.21  9999.00  9999.00  9999.00  9999.00
 00047  1003.92    18.41    93.18     0.86   318.37    22.34  9999.00  9999.00  9999.00  9999.00
 00048   609.02     0.09    50.98     1.67   245.63    27.46  9999.00  9999.00  9999.00  9999.00
 00049   579.54    -3.15    85.01     0.58   208.23    22.85  9999.00  9999.00  9999.00  9999.00
 00050  1003.73    21.07    90.91     1.88    35.23    22.54  9999.00  9999.00  9999.00  9999.00
