stn_id       p       t2      rh2      spd      dir      vis    rain6   rain24   tmax24   tmin24 
 00001   965.75    29.67    54.79     1.15   301.75    25.57  9999.00  9999.00  9999.00  9999.00
 00002   988.67    28.62    60.81     1.85   147.63    24.27  9999.00  9999.00  9999.00  9999.00
 00003   898.88    23.55    64.57     2.50   190.15    24.28  9999.00  9999.00  9999.00  9999.00
 00004   831.12    21.09    55.97     4.31   176.80    24.39  9999.00  9999.00  9999.00  9999.00
 00005   865.10    17.88    81.94     3.06   110.69    26.31  9999.00  9999.00  9999.00  9999.00
 00006   874.24    22.77    45.19     2.07   243.34    27.76  9999.00  9999.00  9999.00  9999.00
 00007  1000.42    26.94    56.02     2.24   219.78    25.49  9999.00  9999.00  9999.00  9999.00
 00008   984.67    25.79    50.08     3.69   199.54    26.98  9999.00  9999.00  9999.00  9999.00
 00009   943.23     9.18    62.58     2.94   355.68    35.97  9999.00  9999.00  9999.00  9999.00
 00010   965.80    23.23    72.28     1.22   142.31    29.85  9999.00  9999.00  9999.00  9999.00
 00011   989.84    25.85    54.88     4.21   216.67    28.53  9999.00  9999.00  9999.00  9999.00
 00012  1005.39    26.40    69.21     1.73   166.51    23.77  9999.00  9999.00  9999.00  9999.00
 00013  1005.24    27.04    61.72     3.20    51.84    23.73  9999.00  9999.00  9999.00  9999.00
 00014  1000.21    25.76    78.02     3.03    17.30    24.54  9999.00  9999.00  9999.00  9999.00
 00015   990.62    27.62    69.04     2.18   160.05    20.24  9999.00  9999.00  9999.00  9999.00
 00016   947.60    30.40    47.89     1.75    53.43    25.04  9999.00  9999.00  9999.00  9999.00
 00017   991.89    28.03    55.99     2.31   157.66    23.24  9999.00  9999.00  9999.00  9999.00
 00018  1004.06    27.85    62.70     3.44    71.09    23.59  9999.00  9999.00  9999.00  9999.00
 00019   931.27    27.72    64.40     1.26   174.44    27.23  9999.00  9999.00  9999.00  9999.00
 00020  1006.61    23.20    78.89     5.14    29.80    21.31  9999.00  9999.00  9999.00  9999.00
 00021   886.78    26.81    27.39     5.04   301.08    27.10  9999.00  9999.00  9999.00  9999.00
 00022  1008.02    27.85    53.30     2.84   139.78    21.34  9999.00  9999.00  9999.00  9999.00
 00023   916.09    22.05    32.34     1.08    91.12    23.23  9999.00  9999.00  9999.00  9999.00
 00024   939.95    24.67    20.22     3.79   307.42    25.37  9999.00  9999.00  9999.00  9999.00
 00025   793.30    21.04    53.67     1.93    56.38    24.65  9999.00  9999.00  9999.00  9999.00
 00026  1000.40    27.82    74.59     4.81     7.55    25.45  9999.00  9999.00  9999.00  9999.00
 00027   997.13    26.92    71.78     4.53   346.62    25.62  9999.00  9999.00  9999.00  9999.00
 00028   967.88    26.76    58.87     3.88    24.06    24.94  9999.00  9999.00  9999.00  9999.00
 00029   993.74    25.17    95.36     6.15    81.64     0.74  9999.00  9999.00  9999.00  9999.00
 00030   985.75    30.14    62.70     3.77   311.13    29.49  9999.00  9999.00  9999.00  9999.00
 00031   575.03    15.19    25.76     1.86   101.23    24.48  9999.00  9999.00  9999.00  9999.00
 00032   968.84    25.15    87.10     1.61   123.46    19.73  9999.00  9999.00  9999.00  9999.00
 00033   997.36    22.72    95.67     7.39   266.91     9.72  9999.00  9999.00  9999.00  9999.00
 00034  1001.21    27.93    84.51     6.95   269.69    27.31  9999.00  9999.00  9999.00  9999.00
 00035   996.41    29.21    71.30     4.59   293.96    15.14  9999.00  9999.00  9999.00  9999.00
 00036   774.46    21.80    47.82     0.89   165.86    24.32  9999.00  9999.00  9999.00  9999.00
 00037   959.35    25.40    85.94     1.63    95.67    16.91  9999.00  9999.00  9999.00  9999.00
 00038   985.64    26.23    88.47     3.04    87.47     7.15  9999.00  9999.00  9999.00  9999.00
 00039   999.30    25.23    89.24     6.56    53.94    24.96  9999.00  9999.00  9999.00  9999.00
 00040   996.69    25.96    89.17     7.32    65.66    25.34  9999.00  9999.00  9999.00  9999.00
 00041   963.99    23.56    83.88     3.20    35.52    24.24  9999.00  9999.00  9999.00  9999.00
 00042  1004.62    27.34    67.28     2.93    50.71    24.29  9999.00  9999.00  9999.00  9999.00
 00043   993.85    27.55    75.69     3.66    26.07    25.97  9999.00  9999.00  9999.00  9999.00
 00044   976.16    26.01    80.06     4.21    55.40    24.61  9999.00  9999.00  9999.00  9999.00
 00045   996.69    25.96    89.17     7.32    65.66    25.34  9999.00  9999.00  9999.00  9999.00
 00046   933.65    24.79    89.09     1.18    73.65     7.85  9999.00  9999.00  9999.00  9999.00
 00047   992.46    25.48    83.32     3.03   164.05    22.74  9999.00  9999.00  9999.00  9999.00
 00048   606.10    16.44    29.33     0.83    91.60    29.20  9999.00  9999.00  9999.00  9999.00
 00049   578.67    11.81    43.72     1.12   171.16    24.16  9999.00  9999.00  9999.00  9999.00
 00050   991.80    25.95    85.09     4.60    57.94    24.62  9999.00  9999.00  9999.00  9999.00
