stn_id       p       t2      rh2      spd      dir      vis    rain6   rain24   tmax24   tmin24 
 00001   977.62    15.31    96.11     1.15   328.73    16.12  9999.00  9999.00  9999.00  9999.00
 00002   999.91    13.74    61.68     0.81   239.43    20.16  9999.00  9999.00  9999.00  9999.00
 00003   907.77     8.86    75.40     0.78   245.48    18.89  9999.00  9999.00  9999.00  9999.00
 00004   838.14     3.62    92.87     2.00   207.27    17.17  9999.00  9999.00  9999.00  9999.00
 00005   872.91     6.44    91.67     1.44   176.44    15.73  9999.00  9999.00  9999.00  9999.00
 00006   881.12    10.06    70.26     5.10   210.73    17.49  9999.00  9999.00  9999.00  9999.00
 00007  1011.86     6.09    67.80     2.70   108.12    19.71  9999.00  9999.00  9999.00  9999.00
 00008   996.30     4.10    74.15     2.48   154.70    21.82  9999.00  9999.00  9999.00  9999.00
 00009   944.33     5.39    67.07     3.38   184.28    36.99  9999.00  9999.00  9999.00  9999.00
 00010   975.55     1.88    94.60     1.38   248.39    22.56  9999.00  9999.00  9999.00  9999.00
 00011  1003.81     4.18    63.14     2.70   178.95    24.45  9999.00  9999.00  9999.00  9999.00
 00012  1014.50    16.70    45.78     1.43   199.31    18.85  9999.00  9999.00  9999.00  9999.00
 00013  1015.86    13.74    78.53     1.81    56.59    23.78  9999.00  9999.00  9999.00  9999.00
 00014  1011.68    13.75    93.01     1.05    14.98    24.85  9999.00  9999.00  9999.00  9999.00
 00015   999.96    15.79    67.13     1.29   152.24    19.09  9999.00  9999.00  9999.00  9999.00
 00016   961.73    10.17    95.13     1.12   180.86    17.36  9999.00  9999.00  9999.00  9999.00
 00017  1002.40    15.11    67.41     2.70   292.22    21.48  9999.00  9999.00  9999.00  9999.00
 00018  1014.13    15.33    75.97     2.56    56.97    23.75  9999.00  9999.00  9999.00  9999.00
 00019   942.49    14.66    86.20     0.55   339.05    25.15  9999.00  9999.00  9999.00  9999.00
 00020  1017.62    15.58    95.30     1.57    47.27    21.48  9999.00  9999.00  9999.00  9999.00
 00021   893.90     8.17    46.40     4.06   153.60    27.60  9999.00  9999.00  9999.00  9999.00
 00022  1018.18    16.94    47.67     2.17   205.06    18.36  9999.00  9999.00  9999.00  9999.00
 00023   918.94     7.34    52.05     2.01   185.01    25.70  9999.00  9999.00  9999.00  9999.00
 00024   945.79    10.51    63.37     2.42   102.23    27.69  9999.00  9999.00  9999.00  9999.00
 00025   796.27    15.37    90.04     1.83    93.97    25.36  9999.00  9999.00  9999.00  9999.00
 00026  1012.10    16.43    90.14     3.47   289.28    13.31  9999.00  9999.00  9999.00  9999.00
 00027  1009.44    16.14    93.28     4.06   333.09    25.08  9999.00  9999.00  9999.00  9999.00
 00028   979.08    14.15    89.26     2.66     8.60    16.79  9999.00  9999.00  9999.00  9999.00
 00029  1008.38    21.25    89.56     2.14   107.88    26.94  9999.00  9999.00  9999.00  9999.00
 00030   996.19    20.60    95.92     2.73    23.29     9.75  9999.00  9999.00  9999.00  9999.00
 00031   571.48    -5.90    67.30     1.98   218.40    25.23  9999.00  9999.00  9999.00  9999.00
 00032   980.67    15.62    93.77     1.25   257.01    22.10  9999.00  9999.00  9999.00  9999.00
 00033  1008.18    22.26    98.87     3.55   105.78     2.78  9999.00  9999.00  9999.00  9999.00
 00034  1010.10    27.39    87.77     3.85   116.48    21.72  9999.00  9999.00  9999.00  9999.00
 00035  1007.48    25.31    94.31     2.48   113.68    22.79  9999.00  9999.00  9999.00  9999.00
 00036   778.67    10.50    69.75     1.92     8.24    22.24  9999.00  9999.00  9999.00  9999.00
 00037   970.99    15.64    94.98     0.75   147.48    20.40  9999.00  9999.00  9999.00  9999.00
 00038   998.11    17.54    91.36     0.80   328.31    25.82  9999.00  9999.00  9999.00  9999.00
 00039  1011.45    21.20    81.28     7.64    22.42    25.08  9999.00  9999.00  9999.00  9999.00
 00040  1009.28    20.46    79.41     4.79    22.16    26.19  9999.00  9999.00  9999.00  9999.00
 00041   972.84    14.47    90.00     0.93    71.71    24.48  9999.00  9999.00  9999.00  9999.00
 00042  1015.18    14.83    79.28     2.53    65.45    24.39  9999.00  9999.00  9999.00  9999.00
 00043  1005.42    16.86    91.59     2.62    16.65    23.89  9999.00  9999.00  9999.00  9999.00
 00044   986.64    16.42    83.20     1.67    63.48    24.79  9999.00  9999.00  9999.00  9999.00
 00045  1009.28    20.46    79.41     4.79    22.16    26.19  9999.00  9999.00  9999.00  9999.00
 00046   943.72    18.79    97.38     0.66   143.46    21.10  9999.00  9999.00  9999.00  9999.00
 00047  1005.53    17.33    81.49     2.93   333.03    23.73  9999.00  9999.00  9999.00  9999.00
 00048   602.00     0.10    57.00     0.80   149.25    27.48  9999.00  9999.00  9999.00  9999.00
 00049   575.92    -7.21    97.86     1.41   180.46     2.73  9999.00  9999.00  9999.00  9999.00
 00050  1003.95    18.80    85.18     3.83    40.11    24.60  9999.00  9999.00  9999.00  9999.00
