stn_id       p       t2      rh2      spd      dir      vis    rain6   rain24   tmax24   tmin24 
 00001   971.16    20.61    90.17     0.84    57.87     5.33  9999.00  9999.00  9999.00  9999.00
 00002   996.06    16.82    85.33     0.93   233.01    23.32  9999.00  9999.00  9999.00  9999.00
 00003   905.40    12.45    78.57     1.14   281.76    22.64  9999.00  9999.00  9999.00  9999.00
 00004   838.74     9.36    80.24     0.95   138.53    22.84  9999.00  9999.00  9999.00  9999.00
 00005   874.77     7.22    57.02     2.17    35.80    25.51  9999.00  9999.00  9999.00  9999.00
 00006   886.06     5.96    53.88     2.96   309.53    26.50  9999.00  9999.00  9999.00  9999.00
 00007  1004.57    13.75    93.59     2.48   253.73    25.50  9999.00  9999.00  9999.00  9999.00
 00008   985.40    11.46    59.41     5.53   261.34    26.70  9999.00  9999.00  9999.00  9999.00
 00009   944.88     1.72    77.72     2.02   308.91    32.42  9999.00  9999.00  9999.00  9999.00
 00010   964.86     8.64    86.58     1.51   200.15    28.33  9999.00  9999.00  9999.00  9999.00
 00011   987.25    11.45    77.72     6.37   235.32    27.67  9999.00  9999.00  9999.00  9999.00
 00012  1011.85    16.52    76.87     2.91   330.76    23.16  9999.00  9999.00  9999.00  9999.00
 00013  1012.75    15.52    91.10     1.98    67.43    22.81  9999.00  9999.00  9999.00  9999.00
 00014  1008.83    19.20    80.65     1.19   223.09    23.81  9999.00  9999.00  9999.00  9999.00
 00015   997.08    15.88    71.68     2.04   181.45    20.01  9999.00  9999.00  9999.00  9999.00
 00016   957.05    15.20    91.02     0.72   229.44    22.70  9999.00  9999.00  9999.00  9999.00
 00017   998.55    16.67    91.48     1.98   190.08    21.65  9999.00  9999.00  9999.00  9999.00
 00018  1011.68    15.81    89.81     1.86    82.90    22.31  9999.00  9999.00  9999.00  9999.00
 00019   936.67    19.00    88.49     0.82    33.92    18.49  9999.00  9999.00  9999.00  9999.00
 00020  1014.99    17.42    92.54     2.50    41.42    22.25  9999.00  9999.00  9999.00  9999.00
 00021   892.74    10.54    77.22     0.96   166.66    26.09  9999.00  9999.00  9999.00  9999.00
 00022  1014.00    17.58    77.27     2.04   258.17    21.23  9999.00  9999.00  9999.00  9999.00
 00023   920.93    10.58    88.38     0.90   174.87    14.90  9999.00  9999.00  9999.00  9999.00
 00024   944.65    11.08    68.80     1.88   124.51    24.29  9999.00  9999.00  9999.00  9999.00
 00025   797.90    17.32    89.71     1.97   195.29    24.90  9999.00  9999.00  9999.00  9999.00
 00026  1009.78    20.23    80.36     3.29   103.69     9.43  9999.00  9999.00  9999.00  9999.00
 00027  1006.70    18.83    87.49     2.78   335.02    23.29  9999.00  9999.00  9999.00  9999.00
 00028   975.49    18.31    86.85     1.93   347.53    22.65  9999.00  9999.00  9999.00  9999.00
 00029  1006.58    25.13    90.65     1.52   254.71    25.78  9999.00  9999.00  9999.00  9999.00
 00030   996.48    25.28    93.05     2.41   159.21    28.68  9999.00  9999.00  9999.00  9999.00
 00031   576.28     4.56    73.09     1.72   206.56    26.08  9999.00  9999.00  9999.00  9999.00
 00032   977.72    18.35    94.26     1.01    53.56    22.26  9999.00  9999.00  9999.00  9999.00
 00033  1010.23    22.84    98.28     3.95   123.30     0.32  9999.00  9999.00  9999.00  9999.00
 00034  1011.63    27.88    87.01     4.68    81.17    18.95  9999.00  9999.00  9999.00  9999.00
 00035  1009.45    26.22    92.96     2.16   116.70    27.19  9999.00  9999.00  9999.00  9999.00
 00036   776.59    17.17    85.83     1.76   182.71    22.68  9999.00  9999.00  9999.00  9999.00
 00037   968.10    18.27    95.74     0.65    31.24    22.19  9999.00  9999.00  9999.00  9999.00
 00038   995.03    22.11    84.31     0.41   159.66    24.66  9999.00  9999.00  9999.00  9999.00
 00039  1008.64    23.04    77.41     6.79    28.79    24.07  9999.00  9999.00  9999.00  9999.00
 00040  1006.39    23.58    81.81     3.15    42.61    25.29  9999.00  9999.00  9999.00  9999.00
 00041   970.75    17.62    92.05     1.45    29.41    22.53  9999.00  9999.00  9999.00  9999.00
 00042  1012.61    17.49    82.65     1.50    64.47    23.00  9999.00  9999.00  9999.00  9999.00
 00043  1003.25    21.51    76.52     2.94    37.08    23.66  9999.00  9999.00  9999.00  9999.00
 00044   984.06    21.83    82.90     1.54    40.81     8.46  9999.00  9999.00  9999.00  9999.00
 00045  1006.39    23.58    81.81     3.15    42.61    25.29  9999.00  9999.00  9999.00  9999.00
 00046   942.13    21.27    94.79     1.30    32.89    23.80  9999.00  9999.00  9999.00  9999.00
 00047  1002.27    20.81    86.88     2.12   135.86    22.87  9999.00  9999.00  9999.00  9999.00
 00048   606.92     7.84    64.28     2.71   189.57    31.66  9999.00  9999.00  9999.00  9999.00
 00049   581.43     2.97    98.92     1.57   174.37     1.48  9999.00  9999.00  9999.00  9999.00
 00050  1001.04    21.86    74.98     3.45    20.33    23.56  9999.00  9999.00  9999.00  9999.00
