stn_id       p       t2      rh2      spd      dir      vis    rain6   rain24   tmax24   tmin24 
 00001   985.88     1.70    84.88     1.42    64.33    18.83     0.00  9999.00  9999.00  9999.00
 00002  1011.81    -7.20    27.52     2.65   256.19    27.34     0.00  9999.00  9999.00  9999.00
 00003   912.08   -13.46    49.10     0.90   299.28    25.16     0.00  9999.00  9999.00  9999.00
 00004   837.34   -17.73    53.27     2.03   245.43    26.24     0.00  9999.00  9999.00  9999.00
 00005   874.60   -18.78    46.61     0.69   234.00    31.96     0.00  9999.00  9999.00  9999.00
 00006   884.39   -18.61    58.01     4.46   242.09    36.38     0.00  9999.00  9999.00  9999.00
 00007  1017.38   -11.94    43.44     3.43   323.23    36.85     0.00  9999.00  9999.00  9999.00
 00008   996.69   -15.19    44.66     4.98   295.97    42.06     0.00  9999.00  9999.00  9999.00
 00009   950.16   -33.97    99.82     2.36   308.19    51.49     0.05  9999.00  9999.00  9999.00
 00010   967.76   -11.40    69.90     4.04   281.59    40.61     0.04  9999.00  9999.00  9999.00
 00011   999.50   -16.09    65.04     7.19   278.31    46.07     0.02  9999.00  9999.00  9999.00
 00012  1028.38    -8.60    23.09     2.13   319.20    29.65     0.00  9999.00  9999.00  9999.00
 00013  1028.05    -3.23    69.08     2.27   304.14    20.87     0.00  9999.00  9999.00  9999.00
 00014  1023.20    -1.12    59.80     2.56   310.14    21.21     0.00  9999.00  9999.00  9999.00
 00015  1012.04    -7.87    30.19     2.27    89.60    22.43     0.00  9999.00  9999.00  9999.00
 00016   968.15    -7.77    62.43     1.74    92.42    19.97     0.00  9999.00  9999.00  9999.00
 00017  1014.65    -3.50    48.49     1.94    61.97    20.42     0.00  9999.00  9999.00  9999.00
 00018  1027.37    -3.33    61.42     2.20   314.68    20.07     0.00  9999.00  9999.00  9999.00
 00019   948.30    -0.38    81.25     1.20   323.64    22.53     0.00  9999.00  9999.00  9999.00
 00020  1028.14    -0.93    63.59     4.04   304.02    20.86     0.00  9999.00  9999.00  9999.00
 00021   899.87   -12.50    46.96     1.33   162.09    43.35     0.00  9999.00  9999.00  9999.00
 00022  1031.49    -5.98    18.29     2.99   338.80    26.86     0.00  9999.00  9999.00  9999.00
 00023   929.43   -10.35    45.65     1.71   217.87    40.23     0.00  9999.00  9999.00  9999.00
 00024   957.87   -21.02    96.53     0.93   165.60    36.45     0.04  9999.00  9999.00  9999.00
 00025   797.25     6.81    98.85     2.72   164.59     4.25     0.18  9999.00  9999.00  9999.00
 00026  1025.43     0.36    70.02     2.56   354.44    19.53     0.00  9999.00  9999.00  9999.00
 00027  1021.38     0.28    72.77     2.43   125.59    18.61     0.00  9999.00  9999.00  9999.00
 00028   988.29     1.59    87.77     2.06    37.14    17.29     0.00  9999.00  9999.00  9999.00
 00029  1017.77     7.93    53.22     3.62     7.58    20.90     0.00  9999.00  9999.00  9999.00
 00030  1007.78     8.27    65.73     2.90   342.23    21.98     0.00  9999.00  9999.00  9999.00
 00031   568.81   -10.23    40.46     3.33   240.00    37.20     0.00  9999.00  9999.00  9999.00
 00032   988.24     5.42    91.92     1.75   318.21    19.13     0.00  9999.00  9999.00  9999.00
 00033  1017.75    15.77    88.69     6.58     1.44    22.00     0.01  9999.00  9999.00  9999.00
 00034  1014.50    26.09    84.75    11.49    42.65    11.19     0.90  9999.00  9999.00  9999.00
 00035  1016.20    19.56    73.53     4.28   196.32    22.57     0.00  9999.00  9999.00  9999.00
 00036   776.09    -2.23    95.68     1.39    74.19    10.25     0.02  9999.00  9999.00  9999.00
 00037   978.27     4.32    93.32     1.29   312.36    19.03     0.00  9999.00  9999.00  9999.00
 00038  1005.58     7.85    89.75     1.37   342.30    20.65     0.00  9999.00  9999.00  9999.00
 00039  1019.16    15.19    72.78     9.80    18.24    20.47     0.00  9999.00  9999.00  9999.00
 00040  1016.27    14.04    75.93     7.48    28.60    21.12     0.00  9999.00  9999.00  9999.00
 00041   984.51    -1.79    54.28     1.60   317.93    19.45     0.00  9999.00  9999.00  9999.00
 00042  1028.44    -3.28    75.02     2.12   284.56    20.57     0.00  9999.00  9999.00  9999.00
 00043  1018.23     0.58    79.39     1.98    15.45    19.75     0.00  9999.00  9999.00  9999.00
 00044   998.39    -0.61    84.89     1.25   268.49    19.64     0.00  9999.00  9999.00  9999.00
 00045  1016.27    14.04    75.93     7.48    28.60    21.12     0.00  9999.00  9999.00  9999.00
 00046   951.30     1.68    88.08     1.83    39.18    19.63     0.00  9999.00  9999.00  9999.00
 00047  1014.44     5.56    70.52     3.08   327.15    20.28     0.00  9999.00  9999.00  9999.00
 00048   597.75    -5.79    37.76     2.40   193.22    39.11     0.02  9999.00  9999.00  9999.00
 00049   571.47   -13.79    99.10     0.66   221.15    19.47     0.10  9999.00  9999.00  9999.00
 00050  1011.83    10.11    72.45     5.05   331.37    20.09     0.00  9999.00  9999.00  9999.00
