stn_id       p       t2      rh2      spd      dir      vis    rain6   rain24   tmax24   tmin24 
 00001   986.75     3.19    78.77     1.27    79.62    18.85  9999.00  9999.00  9999.00  9999.00
 00002  1011.77    -6.25    24.69     2.09   284.05    27.34  9999.00  9999.00  9999.00  9999.00
 00003   912.27   -11.27    43.41     1.44   288.16    25.16  9999.00  9999.00  9999.00  9999.00
 00004   837.69   -17.01    51.74     2.28   278.43    26.25  9999.00  9999.00  9999.00  9999.00
 00005   875.14   -18.20    45.56     1.85   312.83    31.97  9999.00  9999.00  9999.00  9999.00
 00006   885.34   -18.77    52.79     3.77   253.48    36.42  9999.00  9999.00  9999.00  9999.00
 00007  1015.11    -8.94    40.20     5.68   330.17    36.83  9999.00  9999.00  9999.00  9999.00
 00008   994.52   -12.46    44.16     6.38   303.88    42.03  9999.00  9999.00  9999.00  9999.00
 00009   950.04   -32.31    99.99     2.37   325.91    35.11  9999.00  9999.00  9999.00  9999.00
 00010   966.54    -9.20    72.21     3.81   293.11    40.55  9999.00  9999.00  9999.00  9999.00
 00011   997.30   -12.21    63.57     6.46   279.32    45.55  9999.00  9999.00  9999.00  9999.00
 00012  1027.96    -7.20    19.66     2.05   316.83    29.65  9999.00  9999.00  9999.00  9999.00
 00013  1026.64    -1.71    62.04     2.49   299.63    20.86  9999.00  9999.00  9999.00  9999.00
 00014  1022.40    -1.52    84.21     1.70   256.78    21.22  9999.00  9999.00  9999.00  9999.00
 00015  1011.13    -5.55    31.86     2.32    45.24    22.43  9999.00  9999.00  9999.00  9999.00
 00016   968.49    -6.26    56.92     1.08   147.54    19.99  9999.00  9999.00  9999.00  9999.00
 00017  1013.51     0.10    35.84     3.88   322.29    20.41  9999.00  9999.00  9999.00  9999.00
 00018  1025.95    -1.57    59.12     2.68   302.63    20.06  9999.00  9999.00  9999.00  9999.00
 00019   948.83     0.40    81.73     1.57   326.94    22.55  9999.00  9999.00  9999.00  9999.00
 00020  1027.81     0.88    53.66     3.85   290.93    20.86  9999.00  9999.00  9999.00  9999.00
 00021   899.77   -13.32    54.51     1.10   163.46    43.34  9999.00  9999.00  9999.00  9999.00
 00022  1030.86    -4.28    15.10     4.33   332.07    26.86  9999.00  9999.00  9999.00  9999.00
 00023   929.30    -9.74    45.59     1.36   226.91    40.22  9999.00  9999.00  9999.00  9999.00
 00024   957.98   -20.62    95.56     1.13   164.36    39.57  9999.00  9999.00  9999.00  9999.00
 00025   797.28     6.30    90.06     2.28   163.80    18.27  9999.00  9999.00  9999.00  9999.00
 00026  1025.54     1.60    65.95     2.09   343.42    19.54  9999.00  9999.00  9999.00  9999.00
 00027  1021.45     0.97    74.26     2.47    26.82    18.62  9999.00  9999.00  9999.00  9999.00
 00028   988.71     3.57    80.75     2.01    39.72    17.31  9999.00  9999.00  9999.00  9999.00
 00029  1018.03     9.88    58.85     4.35     5.39    20.93  9999.00  9999.00  9999.00  9999.00
 00030  1008.40     8.56    67.23     2.13   336.02    22.00  9999.00  9999.00  9999.00  9999.00
 00031   568.09    -7.90    37.55     2.89   234.41    37.20  9999.00  9999.00  9999.00  9999.00
 00032   988.97     6.46    90.19     1.73   297.62    19.16  9999.00  9999.00  9999.00  9999.00
 00033  1018.53    17.05    82.78     5.69   355.23    22.60  9999.00  9999.00  9999.00  9999.00
 00034  1015.34    26.60    78.12    12.77    34.20    23.26  9999.00  9999.00  9999.00  9999.00
 00035  1017.27    19.73    71.18     3.95    21.12    22.59  9999.00  9999.00  9999.00  9999.00
 00036   776.30    -0.18    89.62     1.33    48.14    19.01  9999.00  9999.00  9999.00  9999.00
 00037   978.99     5.45    92.20     1.28   326.33    19.06  9999.00  9999.00  9999.00  9999.00
 00038  1005.61    10.08    88.13     1.38   162.21    20.67  9999.00  9999.00  9999.00  9999.00
 00039  1020.05    15.98    72.23     9.84    27.92    20.50  9999.00  9999.00  9999.00  9999.00
 00040  1016.85    15.52    79.15     6.50    40.03    21.16  9999.00  9999.00  9999.00  9999.00
 00041   983.33    -0.83    48.37     1.84   334.55    19.44  9999.00  9999.00  9999.00  9999.00
 00042  1027.39    -1.82    67.39     2.31   282.10    20.57  9999.00  9999.00  9999.00  9999.00
 00043  1018.54     2.61    76.03     1.61    61.29    19.77  9999.00  9999.00  9999.00  9999.00
 00044   998.16     1.95    79.27     0.60   246.61    19.65  9999.00  9999.00  9999.00  9999.00
 00045  1016.85    15.52    79.15     6.50    40.03    21.16  9999.00  9999.00  9999.00  9999.00
 00046   952.10     2.99    84.60     2.09    23.63    19.65  9999.00  9999.00  9999.00  9999.00
 00047  1015.09     8.41    55.20     3.57   334.95    20.30  9999.00  9999.00  9999.00  9999.00
 00048   596.75    -1.76    18.29     1.79   195.35    39.09  9999.00  9999.00  9999.00  9999.00
 00049   571.35   -12.16    99.16     0.96   218.25    15.25  9999.00  9999.00  9999.00  9999.00
 00050  1012.67    11.13    74.66     4.73    11.29    20.12  9999.00  9999.00  9999.00  9999.00
