stn_id       p       t2      rh2      spd      dir      vis    rain6   rain24   tmax24   tmin24 
 00001   973.02    30.90  9999.00     4.00   180.00    20.00  9999.00  9999.00  9999.00  9999.00
 00002   995.97    34.40  9999.00     4.00   140.00    30.00  9999.00  9999.00  9999.00  9999.00
 00003   914.25    34.50  9999.00     2.00    40.00    30.00  9999.00  9999.00  9999.00  9999.00
 00004   848.86    28.60  9999.00     3.00   220.00    30.00  9999.00  9999.00  9999.00  9999.00
 00005   883.44    31.20  9999.00     3.00   200.00    30.00  9999.00  9999.00  9999.00  9999.00
 00006   872.34    33.30  9999.00     4.00   160.00    30.00  9999.00  9999.00  9999.00  9999.00
 00007  1003.55    23.50  9999.00     4.00   200.00    12.00  9999.00  9999.00  9999.00  9999.00
 00008   979.86    27.30  9999.00     1.00   110.00     9.00  9999.00  9999.00  9999.00  9999.00
 00009   953.53    27.00  9999.00     1.00   270.00     7.00  9999.00  9999.00  9999.00  9999.00
 00010   977.62    30.20  9999.00     2.00   200.00    30.00  9999.00  9999.00  9999.00  9999.00
 00011   990.12    27.60  9999.00     2.00   250.00    30.00  9999.00  9999.00  9999.00  9999.00
 00012  1002.16    33.50  9999.00     3.00   160.00    29.00  9999.00  9999.00  9999.00  9999.00
 00013  1006.46    28.10  9999.00     1.00   270.00    18.00  9999.00  9999.00  9999.00  9999.00
 00014  1001.57    32.70  9999.00     1.00   250.00    27.00  9999.00  9999.00  9999.00  9999.00
 00015   987.06    33.70  9999.00     2.00    90.00    30.00  9999.00  9999.00  9999.00  9999.00
 00016   952.62    34.00  9999.00     3.00    70.00    30.00  9999.00  9999.00  9999.00  9999.00
 00017   993.31    29.90  9999.00     1.00   220.00    30.00  9999.00  9999.00  9999.00  9999.00
 00018  1003.08    29.50  9999.00     2.00    70.00    30.00  9999.00  9999.00  9999.00  9999.00
 00019   933.67    32.60  9999.00     1.00   160.00    28.00  9999.00  9999.00  9999.00  9999.00
 00020  1007.22    33.10  9999.00     3.00   160.00    20.00  9999.00  9999.00  9999.00  9999.00
 00021   895.67    33.70  9999.00     4.00   360.00    30.00  9999.00  9999.00  9999.00  9999.00
 00022  1006.30    32.60  9999.00     3.00   180.00    24.00  9999.00  9999.00  9999.00  9999.00
 00023   920.21    35.10  9999.00     5.00    20.00    30.00  9999.00  9999.00  9999.00  9999.00
 00024   948.15    34.00  9999.00     3.00   290.00    30.00  9999.00  9999.00  9999.00  9999.00
 00025   808.10    26.50    54.53     3.00   250.00    30.00  9999.00  9999.00  9999.00  9999.00
 00026   999.84    33.20  9999.00     2.00   110.00    28.00  9999.00  9999.00  9999.00  9999.00
 00027   997.21    29.60  9999.00     5.00    20.00    11.00  9999.00  9999.00  9999.00  9999.00
 00028   972.39    30.70  9999.00     3.00    20.00    12.00  9999.00  9999.00  9999.00  9999.00
 00029   998.90    36.00  9999.00     1.00   140.00    30.00  9999.00  9999.00  9999.00  9999.00
 00030   988.18    35.60  9999.00     2.00   180.00    30.00  9999.00  9999.00  9999.00  9999.00
 00031   626.00    19.40    48.61     4.00   180.00    30.00  9999.00  9999.00  9999.00  9999.00
 00032   996.09    31.20  9999.00     4.00    90.00    30.00  9999.00  9999.00  9999.00  9999.00
 00033  1002.81    33.00  9999.00     3.00   360.00    30.00  9999.00  9999.00  9999.00  9999.00
 00034  1004.30    32.10  9999.00     2.00   340.00    30.00  9999.00  9999.00  9999.00  9999.00
 00035  1002.10    32.70  9999.00     2.00   110.00    30.00  9999.00  9999.00  9999.00  9999.00
 00036   833.80    29.70    47.50     3.00   220.00    30.00  9999.00  9999.00  9999.00  9999.00
 00037  1000.24    32.70  9999.00     3.00    40.00    30.00  9999.00  9999.00  9999.00  9999.00
 00038   999.55    35.60  9999.00     3.00    90.00    30.00  9999.00  9999.00  9999.00  9999.00
 00039  1001.86    30.60  9999.00     6.00    40.00    18.00  9999.00  9999.00  9999.00  9999.00
 00040   997.28    30.50  9999.00     9.00    70.00    30.00  9999.00  9999.00  9999.00  9999.00
 00041   816.20    18.70   100.00     5.00   110.00     0.20  9999.00  9999.00  9999.00  9999.00
 00042  1006.19    28.50  9999.00     4.00   360.00    30.00  9999.00  9999.00  9999.00  9999.00
 00043  1001.52    31.80  9999.00     3.00    90.00    29.00  9999.00  9999.00  9999.00  9999.00
 00044   996.24    32.40  9999.00     3.00   180.00    22.00  9999.00  9999.00  9999.00  9999.00
 00045   997.28    30.50  9999.00     9.00    70.00    30.00  9999.00  9999.00  9999.00  9999.00
 00046   962.49    28.60  9999.00     1.00    70.00    28.00  9999.00  9999.00  9999.00  9999.00
 00047  1003.76    31.00  9999.00     4.00    90.00    20.00  9999.00  9999.00  9999.00  9999.00
 00048   654.70    15.40    67.65     2.00   140.00    30.00  9999.00  9999.00  9999.00  9999.00
 00049   604.30     8.20    84.14     4.00   220.00    30.00  9999.00  9999.00  9999.00  9999.00
 00050  1002.26    32.20  9999.00     7.00    40.00    30.00  9999.00  9999.00  9999.00  9999.00
