stn_id       p       t2      rh2      spd      dir      vis    rain6   rain24   tmax24   tmin24 
 00001   974.87    27.10  9999.00     1.00   110.00    13.00  9999.00  9999.00  9999.00  9999.00
 00002   998.75    29.10  9999.00     1.00   290.00    21.00  9999.00  9999.00  9999.00  9999.00
 00003   917.50    26.50  9999.00     1.00    40.00    30.00  9999.00  9999.00  9999.00  9999.00
 00004   848.42    24.80  9999.00     4.00   220.00    30.00  9999.00  9999.00  9999.00  9999.00
 00005   884.44    25.50  9999.00     4.00    20.00    30.00  9999.00  9999.00  9999.00  9999.00
 00006   874.22    24.70  9999.00     1.00    20.00    30.00  9999.00  9999.00  9999.00  9999.00
 00007  1004.94    22.70  9999.00     0.00     0.00     3.80  9999.00  9999.00  9999.00  9999.00
 00008   981.91    22.90  9999.00     1.00   180.00     4.10  9999.00  9999.00  9999.00  9999.00
 00009   955.74    13.80  9999.00     2.00   340.00     0.40  9999.00  9999.00  9999.00  9999.00
 00010   980.84    22.90  9999.00     1.00   160.00    23.00  9999.00  9999.00  9999.00  9999.00
 00011   991.70    23.10  9999.00     1.00   250.00    14.00  9999.00  9999.00  9999.00  9999.00
 00012  1004.86    28.40  9999.00     1.00   110.00     7.00  9999.00  9999.00  9999.00  9999.00
 00013  1007.36    27.40  9999.00     2.00   110.00    13.00  9999.00  9999.00  9999.00  9999.00
 00014  1003.27    30.90  9999.00     3.00   160.00    30.00  9999.00  9999.00  9999.00  9999.00
 00015   989.13    27.10  9999.00     2.00   110.00    22.00  9999.00  9999.00  9999.00  9999.00
 00016   953.78    30.50  9999.00     4.00   160.00    30.00  9999.00  9999.00  9999.00  9999.00
 00017   995.29    27.20  9999.00     3.00   110.00    30.00  9999.00  9999.00  9999.00  9999.00
 00018  1004.48    26.70  9999.00     2.00    40.00    21.00  9999.00  9999.00  9999.00  9999.00
 00019   936.60    26.20  9999.00     2.00   250.00    30.00  9999.00  9999.00  9999.00  9999.00
 00020  1008.92    29.00  9999.00     4.00   160.00    28.00  9999.00  9999.00  9999.00  9999.00
 00021   896.49    29.30  9999.00     2.00   290.00    30.00  9999.00  9999.00  9999.00  9999.00
 00022  1008.70    27.40  9999.00     2.00   160.00     2.30  9999.00  9999.00  9999.00  9999.00
 00023   920.03    27.60  9999.00     3.00   200.00    26.00  9999.00  9999.00  9999.00  9999.00
 00024   948.63    21.70  9999.00     0.00   250.00    30.00  9999.00  9999.00  9999.00  9999.00
 00025   809.60    22.10    69.87     1.00   220.00    30.00  9999.00  9999.00  9999.00  9999.00
 00026  1001.64    28.60  9999.00     2.00   270.00    30.00  9999.00  9999.00  9999.00  9999.00
 00027   999.10    26.30  9999.00     3.00   110.00    21.00  9999.00  9999.00  9999.00  9999.00
 00028   974.54    25.60  9999.00     1.00    40.00     3.50  9999.00  9999.00  9999.00  9999.00
 00029  1000.70    27.50  9999.00     1.00   340.00    30.00  9999.00  9999.00  9999.00  9999.00
 00030   990.65    29.10  9999.00     4.00   180.00    22.00  9999.00  9999.00  9999.00  9999.00
 00031   628.00    13.30    62.74     6.00   290.00    27.00  9999.00  9999.00  9999.00  9999.00
 00032   998.17    29.40  9999.00     3.00   340.00    30.00  9999.00  9999.00  9999.00  9999.00
 00033  1005.11    28.70  9999.00     1.00   160.00    30.00  9999.00  9999.00  9999.00  9999.00
 00034  1006.30    29.20  9999.00     1.00   140.00    30.00  9999.00  9999.00  9999.00  9999.00
 00035  1004.39    28.50  9999.00     1.00   220.00    30.00  9999.00  9999.00  9999.00  9999.00
 00036   836.00    23.20    74.66     1.00   360.00    18.00  9999.00  9999.00  9999.00  9999.00
 00037  1002.63    28.60  9999.00     3.00   110.00    30.00  9999.00  9999.00  9999.00  9999.00
 00038  1001.94    29.30  9999.00     3.00   340.00    27.00  9999.00  9999.00  9999.00  9999.00
 00039  1002.76    29.20  9999.00     7.00    40.00    18.00  9999.00  9999.00  9999.00  9999.00
 00040   998.97    28.90  9999.00     1.00   320.00    12.00  9999.00  9999.00  9999.00  9999.00
 00041   817.80    17.80   100.00     3.00   160.00     0.00  9999.00  9999.00  9999.00  9999.00
 00042  1006.09    26.90  9999.00     1.00    70.00    20.00  9999.00  9999.00  9999.00  9999.00
 00043  1003.92    25.50  9999.00     1.00   180.00    30.00  9999.00  9999.00  9999.00  9999.00
 00044   998.63    28.40  9999.00     0.00   180.00    15.00  9999.00  9999.00  9999.00  9999.00
 00045   998.97    28.90  9999.00     1.00   320.00    12.00  9999.00  9999.00  9999.00  9999.00
 00046   964.33    24.90  9999.00     1.00   290.00     8.00  9999.00  9999.00  9999.00  9999.00
 00047  1005.75    29.00  9999.00     3.00   110.00    20.00  9999.00  9999.00  9999.00  9999.00
 00048   656.20    13.30    88.17     1.00   290.00    28.00  9999.00  9999.00  9999.00  9999.00
 00049   605.10     6.80    88.22     3.00   270.00    30.00  9999.00  9999.00  9999.00  9999.00
 00050  1003.46    29.20  9999.00     8.00    40.00    30.00  9999.00  9999.00  9999.00  9999.00
