stn_id       p       t2      rh2      spd      dir      vis    rain6   rain24   tmax24   tmin24 
 00001   994.90    17.10    68.98     1.00   270.00     7.00  9999.00  9999.00  9999.00  9999.00
 00002  1008.57    14.20    14.20     7.00   290.00    11.00  9999.00  9999.00  9999.00  9999.00
 00003   931.69     8.90    21.50     7.00   290.00    18.00  9999.00  9999.00  9999.00  9999.00
 00004   868.31    -1.50    42.16     6.00   320.00    26.00  9999.00  9999.00  9999.00  9999.00
 00005   903.46    -2.70    38.44     9.00   320.00    30.00  9999.00  9999.00  9999.00  9999.00
 00006   895.32    -8.00    72.21     7.00   320.00    10.00  9999.00  9999.00  9999.00  9999.00
 00007  1011.81    -4.20    75.88     2.00   320.00     9.00  9999.00  9999.00  9999.00  9999.00
 00008   987.87    -8.50    88.14     2.00   270.00     4.70  9999.00  9999.00  9999.00  9999.00
 00009   973.87   -26.30    68.29     1.00    40.00     7.00  9999.00  9999.00  9999.00  9999.00
 00010   982.20    -2.60    79.74     0.00   290.00     7.00  9999.00  9999.00  9999.00  9999.00
 00011   999.69   -12.60    63.51     1.00   320.00     4.40  9999.00  9999.00  9999.00  9999.00
 00012  1014.73     6.40    31.85     1.00    20.00    15.00  9999.00  9999.00  9999.00  9999.00
 00013  1020.85    13.40    60.70     3.00   270.00     4.40  9999.00  9999.00  9999.00  9999.00
 00014  1016.71    17.20    59.94     2.00   160.00     7.00  9999.00  9999.00  9999.00  9999.00
 00015   998.57    12.00    43.76     2.00   270.00     8.00  9999.00  9999.00  9999.00  9999.00
 00016   976.81    15.60    24.95     3.00   250.00    16.00  9999.00  9999.00  9999.00  9999.00
 00017  1008.64    16.60    23.93     3.00   320.00    14.00  9999.00  9999.00  9999.00  9999.00
 00018  1019.04    13.40    66.86     2.00   200.00     7.00  9999.00  9999.00  9999.00  9999.00
 00019   957.02    15.50    65.05     3.00    90.00    15.00  9999.00  9999.00  9999.00  9999.00
 00020  1020.01    14.90    55.82     4.00   270.00    15.00  9999.00  9999.00  9999.00  9999.00
 00021   921.69    -0.60    94.29     2.00    90.00     1.00  9999.00  9999.00  9999.00  9999.00
 00022  1018.60     4.70    40.96     3.00   340.00     7.00  9999.00  9999.00  9999.00  9999.00
 00023   940.27     0.30    87.64     1.00   270.00    19.00  9999.00  9999.00  9999.00  9999.00
 00024   975.66    -1.00    74.15     6.00   140.00    24.00  9999.00  9999.00  9999.00  9999.00
 00025   819.60    14.80    71.82     1.00   220.00     9.00  9999.00  9999.00  9999.00  9999.00
 00026  1018.45    13.80    71.67     2.00   250.00     6.00  9999.00  9999.00  9999.00  9999.00
 00027  1016.68    14.70    64.89     1.00   250.00  9999.00  9999.00  9999.00  9999.00  9999.00
 00028   995.02     9.50    94.72     1.00   200.00     4.70  9999.00  9999.00  9999.00  9999.00
 00029  1015.64    24.20    60.73     2.00   360.00    27.00  9999.00  9999.00  9999.00  9999.00
 00030  1006.65    23.80    55.75     3.00    70.00    15.00  9999.00  9999.00  9999.00  9999.00
 00031   633.70    -0.40    24.56     1.00   110.00    30.00  9999.00  9999.00  9999.00  9999.00
 00032  1009.97    21.30    61.68     1.00   320.00    12.00  9999.00  9999.00  9999.00  9999.00
 00033  1018.69    24.20    68.98     3.00    40.00     9.00  9999.00  9999.00  9999.00  9999.00
 00034  1016.00    27.80    64.64     4.00    40.00    18.00  9999.00  9999.00  9999.00  9999.00
 00035  1017.47    25.50    60.63     3.00    20.00    11.00  9999.00  9999.00  9999.00  9999.00
 00036   849.20    13.30    55.77     2.00   220.00    15.00  9999.00  9999.00  9999.00  9999.00
 00037  1014.27    20.90    62.81     3.00   220.00    14.00  9999.00  9999.00  9999.00  9999.00
 00038  1016.40    22.30    56.87     2.00   270.00    14.00  9999.00  9999.00  9999.00  9999.00
 00039  1017.13    21.50    60.92     2.00    70.00    12.00  9999.00  9999.00  9999.00  9999.00
 00040  1013.40    23.10    62.88     2.00    40.00    13.00  9999.00  9999.00  9999.00  9999.00
 00041   820.00     7.20    19.26     7.00   320.00    30.00  9999.00  9999.00  9999.00  9999.00
 00042  1020.47    14.60    51.99     4.00   270.00     9.00  9999.00  9999.00  9999.00  9999.00
 00043  1020.87    15.10    69.06     2.00    20.00     7.00  9999.00  9999.00  9999.00  9999.00
 00044  1014.51    17.70    51.72     4.00   250.00     8.00  9999.00  9999.00  9999.00  9999.00
 00045  1013.40    23.10    62.88     2.00    40.00    13.00  9999.00  9999.00  9999.00  9999.00
 00046   978.42    19.60    64.62     3.00    70.00    10.00  9999.00  9999.00  9999.00  9999.00
 00047  1015.62    20.90    58.82     1.00   180.00    10.00  9999.00  9999.00  9999.00  9999.00
 00048   663.70     1.30    22.12     2.00    70.00    19.00  9999.00  9999.00  9999.00  9999.00
 00049   607.60    -2.80    58.81     1.00   220.00    30.00  9999.00  9999.00  9999.00  9999.00
 00050  1016.93    23.30    55.63     3.00    70.00    19.00  9999.00  9999.00  9999.00  9999.00
