stn_id       p       t2      rh2      spd      dir      vis    rain6   rain24   tmax24   tmin24 
 00001   975.79    19.60    82.36     1.01   306.63    22.66     0.06  9999.00  9999.00  9999.00
 00002   994.54    26.02    37.51     1.24   236.30    23.14     0.00  9999.00  9999.00  9999.00
 00003   904.54    19.75    44.56     3.09   209.93    22.04     0.00  9999.00  9999.00  9999.00
 00004   836.62    14.65    37.10     4.30   273.83    22.05     0.00  9999.00  9999.00  9999.00
 00005   870.33    15.03    28.18     3.58   216.92    24.60     0.00  9999.00  9999.00  9999.00
 00006   878.73    18.24    19.77     6.31   265.86    25.60     0.00  9999.00  9999.00  9999.00
 00007  1003.75    18.93    70.79     4.59   203.34    24.89     0.60  9999.00  9999.00  9999.00
 00008   987.28    17.66    58.72     5.50   239.50    27.79     0.05  9999.00  9999.00  9999.00
 00009   941.16     6.46    38.81     1.94   235.10    34.65     0.00  9999.00  9999.00  9999.00
 00010   967.39    17.08    50.42     1.47   227.71    27.97     0.01  9999.00  9999.00  9999.00
 00011   993.00    16.34    56.58     5.09   247.94    29.65     0.00  9999.00  9999.00  9999.00
 00012  1009.92    21.25    50.12     0.80   180.68    23.23     0.00  9999.00  9999.00  9999.00
 00013  1014.21    24.03    57.75     1.63   266.81    21.26     0.00  9999.00  9999.00  9999.00
 00014  1010.93    25.25    60.47     1.46   290.57    21.43     0.00  9999.00  9999.00  9999.00
 00015   995.94    24.48    38.11     3.14   237.56    20.17     0.00  9999.00  9999.00  9999.00
 00016   957.99    19.64    71.61     0.91   265.98    21.23     0.00  9999.00  9999.00  9999.00
 00017   998.49    24.43    46.34     2.37   291.61    20.61     0.00  9999.00  9999.00  9999.00
 00018  1013.04    24.27    49.12     1.37   258.62    20.78     0.00  9999.00  9999.00  9999.00
 00019   939.84    19.95    66.98     1.35   130.83    25.97     0.07  9999.00  9999.00  9999.00
 00020  1016.73    24.48    59.28     2.20   217.64    20.76     0.24  9999.00  9999.00  9999.00
 00021   898.99     9.03    60.23     2.45   210.58    27.94     0.91  9999.00  9999.00  9999.00
 00022  1012.85    22.98    47.88     0.90   268.14    21.68     0.00  9999.00  9999.00  9999.00
 00023   927.11     6.99    64.11     1.52   107.29    23.20     0.01  9999.00  9999.00  9999.00
 00024   953.10     6.34    52.62     1.01   266.93    25.61     0.00  9999.00  9999.00  9999.00
 00025   799.12    19.30    61.16     3.79   218.86    23.25     0.14  9999.00  9999.00  9999.00
 00026  1012.80    24.19    69.52     0.61   268.63    21.24     0.00  9999.00  9999.00  9999.00
 00027  1008.65    24.53    59.79     1.29   197.40    21.23     0.00  9999.00  9999.00  9999.00
 00028   977.58    22.31    75.15     1.45   106.48     9.78     0.79  9999.00  9999.00  9999.00
 00029  1009.76    29.26    63.51     1.91    97.77    24.34     0.03  9999.00  9999.00  9999.00
 00030   998.70    28.33    68.42     2.62   108.68    26.00     0.32  9999.00  9999.00  9999.00
 00031   574.88     3.65    18.64     3.09   213.48    30.28     0.01  9999.00  9999.00  9999.00
 00032   981.25    25.30    60.82     1.60    57.89    12.62     0.00  9999.00  9999.00  9999.00
 00033  1011.05    21.19    97.19     7.31    99.00     1.06     2.66  9999.00  9999.00  9999.00
 00034  1012.42    27.27    86.17     3.62   106.66    20.65     1.04  9999.00  9999.00  9999.00
 00035  1010.16    26.59    85.82     5.57    86.51    17.05     7.97  9999.00  9999.00  9999.00
 00036   778.26    16.81    70.90     2.95   195.56    23.04     0.77  9999.00  9999.00  9999.00
 00037   971.58    25.96    58.34     0.98   116.63    18.07     0.00  9999.00  9999.00  9999.00
 00038   998.75    28.27    60.68     0.74    58.56    23.01     0.00  9999.00  9999.00  9999.00
 00039  1012.74    25.15    75.97     7.06    59.63    22.43     0.00  9999.00  9999.00  9999.00
 00040  1010.22    27.13    68.36     4.59    78.59    23.85     0.00  9999.00  9999.00  9999.00
 00041   973.45    23.54    55.10     1.35   281.82    20.33     0.00  9999.00  9999.00  9999.00
 00042  1014.45    24.42    55.24     1.67   273.05    21.14     0.00  9999.00  9999.00  9999.00
 00043  1006.08    25.76    68.40     0.61   303.97    21.73     0.00  9999.00  9999.00  9999.00
 00044   987.85    24.63    68.25     1.42   298.10    20.85     0.04  9999.00  9999.00  9999.00
 00045  1010.22    27.13    68.36     4.59    78.59    23.85     0.00  9999.00  9999.00  9999.00
 00046   945.53    25.29    63.17     0.89   295.24    21.69     0.02  9999.00  9999.00  9999.00
 00047  1005.85    23.59    72.80     2.47   116.94    21.03     0.00  9999.00  9999.00  9999.00
 00048   607.05     5.08    36.74     1.70   209.84    33.60     0.00  9999.00  9999.00  9999.00
 00049   579.69     2.53    27.57     3.32   209.04    28.47     0.00  9999.00  9999.00  9999.00
 00050  1004.72    28.03    58.49     3.95    53.66    21.85     0.00  9999.00  9999.00  9999.00
