stn_id       p       t2      rh2      spd      dir      vis    rain6   rain24   tmax24   tmin24 
 00001   973.51    29.10  9999.00     1.00   360.00     7.00  9999.00  9999.00  9999.00  9999.00
 00002   996.76    26.40  9999.00     2.00   160.00    26.00  9999.00  9999.00  9999.00  9999.00
 00003   918.33    17.90  9999.00     2.00    20.00    30.00  9999.00  9999.00  9999.00  9999.00
 00004   849.82    14.50  9999.00     1.00   360.00    30.00  9999.00  9999.00  9999.00  9999.00
 00005   886.24    18.60  9999.00     3.00   340.00    30.00  9999.00  9999.00  9999.00  9999.00
 00006   878.15    15.40  9999.00     2.00   360.00    30.00  9999.00  9999.00  9999.00  9999.00
 00007  1000.06    18.00  9999.00     0.00     0.00    30.00  9999.00  9999.00  9999.00  9999.00
 00008   977.41    17.00  9999.00     1.00   200.00     4.30  9999.00  9999.00  9999.00  9999.00
 00009   953.82    11.60  9999.00     1.00   200.00    30.00  9999.00  9999.00  9999.00  9999.00
 00010   974.59    22.00  9999.00     4.00   180.00     4.00  9999.00  9999.00  9999.00  9999.00
 00011   985.98    19.80  9999.00     2.00   200.00    18.00  9999.00  9999.00  9999.00  9999.00
 00012  1001.57    25.40  9999.00     2.00   250.00    30.00  9999.00  9999.00  9999.00  9999.00
 00013  1004.26    25.40  9999.00     1.00   360.00     3.50  9999.00  9999.00  9999.00  9999.00
 00014   999.58    24.60  9999.00     1.00   250.00    20.00  9999.00  9999.00  9999.00  9999.00
 00015   986.96    22.30  9999.00     1.00   110.00    30.00  9999.00  9999.00  9999.00  9999.00
 00016   955.89    26.90  9999.00     2.00   250.00    21.00  9999.00  9999.00  9999.00  9999.00
 00017   993.51    29.60  9999.00     3.00   360.00    17.00  9999.00  9999.00  9999.00  9999.00
 00018  1002.08    26.10  9999.00     0.00     0.00    12.00  9999.00  9999.00  9999.00  9999.00
 00019   935.46    26.40  9999.00     1.00   270.00  9999.00  9999.00  9999.00  9999.00  9999.00
 00020  1003.03    25.40  9999.00     1.00   270.00    21.00  9999.00  9999.00  9999.00  9999.00
 00021   899.77    25.30  9999.00     1.00    70.00     9.00  9999.00  9999.00  9999.00  9999.00
 00022  1006.70    20.90  9999.00     0.00     0.00    30.00  9999.00  9999.00  9999.00  9999.00
 00023   925.34    22.90  9999.00     2.00   200.00    30.00  9999.00  9999.00  9999.00  9999.00
 00024   951.87    25.30  9999.00     2.00   270.00    30.00  9999.00  9999.00  9999.00  9999.00
 00025   810.50    19.80    89.84     2.00    70.00    12.00  9999.00  9999.00  9999.00  9999.00
 00026   999.25    26.10  9999.00     1.00   360.00    18.00  9999.00  9999.00  9999.00  9999.00
 00027   997.21    25.80  9999.00     1.00   270.00    11.00  9999.00  9999.00  9999.00  9999.00
 00028   974.24    27.60  9999.00     1.00   160.00    20.00  9999.00  9999.00  9999.00  9999.00
 00029  1001.49    28.30  9999.00     1.00   160.00    30.00  9999.00  9999.00  9999.00  9999.00
 00030   989.86    28.90  9999.00     1.00   140.00    14.00  9999.00  9999.00  9999.00  9999.00
 00031   622.40    16.50    61.74     2.00   200.00    30.00  9999.00  9999.00  9999.00  9999.00
 00032   996.88    23.70  9999.00     2.00   270.00     2.70  9999.00  9999.00  9999.00  9999.00
 00033  1004.01    27.80  9999.00     1.00   160.00    22.00  9999.00  9999.00  9999.00  9999.00
 00034  1006.90    27.20  9999.00     2.00   340.00    22.00  9999.00  9999.00  9999.00  9999.00
 00035  1003.29    27.30  9999.00     1.00   290.00    27.00  9999.00  9999.00  9999.00  9999.00
 00036   839.60    17.60    89.69     0.00   340.00    20.00  9999.00  9999.00  9999.00  9999.00
 00037  1001.24    24.00  9999.00     2.00   290.00     3.80  9999.00  9999.00  9999.00  9999.00
 00038  1003.14    25.50  9999.00     1.00   290.00    13.00  9999.00  9999.00  9999.00  9999.00
 00039  1004.05    26.00  9999.00     2.00   140.00    14.00  9999.00  9999.00  9999.00  9999.00
 00040  1000.16    28.00  9999.00     3.00   200.00    19.00  9999.00  9999.00  9999.00  9999.00
 00041   813.80    15.70   100.00     3.00    70.00     0.10  9999.00  9999.00  9999.00  9999.00
 00042  1003.29    25.10  9999.00     2.00   220.00     3.90  9999.00  9999.00  9999.00  9999.00
 00043  1001.72    25.10  9999.00     2.00   180.00    30.00  9999.00  9999.00  9999.00  9999.00
 00044   996.24    24.80  9999.00     1.00   250.00    10.00  9999.00  9999.00  9999.00  9999.00
 00045  1000.16    28.00  9999.00     3.00   200.00    19.00  9999.00  9999.00  9999.00  9999.00
 00046   963.65    23.40  9999.00     1.00   250.00    14.00  9999.00  9999.00  9999.00  9999.00
 00047  1001.17    26.10  9999.00     3.00   220.00     4.80  9999.00  9999.00  9999.00  9999.00
 00048   653.80    17.40    59.89     1.00   250.00    27.00  9999.00  9999.00  9999.00  9999.00
 00049   604.70     7.60    93.98     2.00   250.00     3.60  9999.00  9999.00  9999.00  9999.00
 00050  1003.95    24.50  9999.00     1.00    40.00  9999.00  9999.00  9999.00  9999.00  9999.00
