stn_id       p       t2      rh2      spd      dir      vis    rain6   rain24   tmax24   tmin24 
 00001   978.14    14.79    73.93     2.29   114.14    21.41  9999.00  9999.00  9999.00  9999.00
 00002   992.29     4.00    65.16     1.31    63.57    24.78  9999.00  9999.00  9999.00  9999.00
 00003   899.86     5.86    32.07     3.77   264.46    23.25  9999.00  9999.00  9999.00  9999.00
 00004   829.96    -0.12    41.15     6.39   272.67    23.02  9999.00  9999.00  9999.00  9999.00
 00005   863.45     0.78    47.26     5.61   296.28    24.58  9999.00  9999.00  9999.00  9999.00
 00006   873.36    -4.18    82.06     8.13   305.25    13.12  9999.00  9999.00  9999.00  9999.00
 00007  1005.45    -4.31    61.17     2.64   333.33    29.48  9999.00  9999.00  9999.00  9999.00
 00008   989.76    -7.62    92.74     3.15    18.08    32.91  9999.00  9999.00  9999.00  9999.00
 00009   941.98   -17.16    60.12     2.23   326.06    44.87  9999.00  9999.00  9999.00  9999.00
 00010   965.87    -3.60    70.30     0.84    90.13    32.14  9999.00  9999.00  9999.00  9999.00
 00011   999.22   -19.75    96.19     2.86    50.26    37.45  9999.00  9999.00  9999.00  9999.00
 00012  1009.27     0.27    59.57     2.00   167.22    25.08  9999.00  9999.00  9999.00  9999.00
 00013  1015.70     9.79    72.25     2.14   246.05    19.84  9999.00  9999.00  9999.00  9999.00
 00014  1012.16    14.26    79.75     2.34    46.49    19.11  9999.00  9999.00  9999.00  9999.00
 00015   993.48     6.43    59.57     3.88   185.69    21.34  9999.00  9999.00  9999.00  9999.00
 00016   958.17    10.11    71.46     1.83   212.45    21.44  9999.00  9999.00  9999.00  9999.00
 00017   997.47    10.90    60.51     2.53   246.24    20.43  9999.00  9999.00  9999.00  9999.00
 00018  1014.39    10.06    72.74     2.12   203.22    19.36  9999.00  9999.00  9999.00  9999.00
 00019   940.73    15.63    62.22     1.00   150.27    25.20  9999.00  9999.00  9999.00  9999.00
 00020  1017.97    13.78    76.61     2.56   275.10    19.76  9999.00  9999.00  9999.00  9999.00
 00021   902.82     2.60    62.71     1.34    70.23    37.27  9999.00  9999.00  9999.00  9999.00
 00022  1012.25     2.71    68.55     1.92   216.87    23.76  9999.00  9999.00  9999.00  9999.00
 00023   928.72     3.94    73.32     1.78    89.74    31.92  9999.00  9999.00  9999.00  9999.00
 00024   958.39    -3.38    85.91     2.06   124.48    33.42  9999.00  9999.00  9999.00  9999.00
 00025   799.53    14.93    51.78     1.34   151.19    19.34  9999.00  9999.00  9999.00  9999.00
 00026  1015.75    14.26    78.63     1.03   104.82    18.73  9999.00  9999.00  9999.00  9999.00
 00027  1012.76    12.68    80.45     0.79   188.31    18.91  9999.00  9999.00  9999.00  9999.00
 00028   980.87    15.01    77.44     1.19   165.24    18.64  9999.00  9999.00  9999.00  9999.00
 00029  1011.01    21.97    62.63     2.41   334.16    20.97  9999.00  9999.00  9999.00  9999.00
 00030  1001.42    22.71    69.90     2.40    28.12    22.40  9999.00  9999.00  9999.00  9999.00
 00031   575.95     4.25     6.78     1.12   203.23    34.12  9999.00  9999.00  9999.00  9999.00
 00032   981.68    17.51    82.07     1.23    68.11    16.12  9999.00  9999.00  9999.00  9999.00
 00033  1013.37    20.87    76.66     6.46    51.22    23.74  9999.00  9999.00  9999.00  9999.00
 00034  1012.03    27.05    75.60    12.19    41.10    27.10  9999.00  9999.00  9999.00  9999.00
 00035  1012.16    24.05    73.18     4.80    33.02    23.90  9999.00  9999.00  9999.00  9999.00
 00036   780.21    12.54    57.06     0.98   186.15    20.99  9999.00  9999.00  9999.00  9999.00
 00037   971.89    17.61    81.18     0.91   181.72    17.20  9999.00  9999.00  9999.00  9999.00
 00038   998.36    22.18    57.62     1.45   349.91    20.00  9999.00  9999.00  9999.00  9999.00
 00039  1012.38    22.78    67.83     8.42    35.74    19.63  9999.00  9999.00  9999.00  9999.00
 00040  1009.61    24.75    53.99     3.62    59.77    20.82  9999.00  9999.00  9999.00  9999.00
 00041   974.28    11.52    83.32     1.49   272.12    18.09  9999.00  9999.00  9999.00  9999.00
 00042  1016.34    10.87    83.12     1.84   250.90    19.33  9999.00  9999.00  9999.00  9999.00
 00043  1009.26    14.23    82.72     1.23   288.94    18.95  9999.00  9999.00  9999.00  9999.00
 00044   989.49    14.49    82.42     2.01   281.90    18.31  9999.00  9999.00  9999.00  9999.00
 00045  1009.61    24.75    53.99     3.62    59.77    20.82  9999.00  9999.00  9999.00  9999.00
 00046   945.72    17.22    72.84     1.13     3.56    18.55  9999.00  9999.00  9999.00  9999.00
 00047  1006.28    17.96    83.26     0.79   107.27    18.71  9999.00  9999.00  9999.00  9999.00
 00048   609.80    -0.03    17.37     1.76    95.43    35.76  9999.00  9999.00  9999.00  9999.00
 00049   580.07     1.38    31.11     2.12   217.28    28.16  9999.00  9999.00  9999.00  9999.00
 00050  1004.83    22.04    61.48     4.40    28.51    19.09  9999.00  9999.00  9999.00  9999.00
