stn_id       p       t2      rh2      spd      dir      vis    rain6   rain24   tmax24   tmin24 
 00001   984.13    11.16    93.77     1.12   287.80    21.46  9999.00  9999.00  9999.00  9999.00
 00002  1003.23    -4.58    85.09     1.02   307.58    24.92  9999.00  9999.00  9999.00  9999.00
 00003   906.84    -4.38    82.43     2.13   231.35    23.35  9999.00  9999.00  9999.00  9999.00
 00004   835.69    -6.62    50.69     2.09   250.15    23.08  9999.00  9999.00  9999.00  9999.00
 00005   870.67    -6.65    43.17     1.18   266.61    25.09  9999.00  9999.00  9999.00  9999.00
 00006   880.49    -7.59    50.50     4.41   275.82    26.12  9999.00  9999.00  9999.00  9999.00
 00007  1011.29    -2.92    70.35     6.36   184.24     9.15  9999.00  9999.00  9999.00  9999.00
 00008   995.54    -8.31    76.65     3.00   144.79     7.55  9999.00  9999.00  9999.00  9999.00
 00009   947.38   -22.12    67.80     2.52   223.00    44.77  9999.00  9999.00  9999.00  9999.00
 00010   975.96   -11.49    38.72     1.03   130.87    32.55  9999.00  9999.00  9999.00  9999.00
 00011  1005.63   -16.70    89.22     2.09   150.63    29.22  9999.00  9999.00  9999.00  9999.00
 00012  1019.92    -5.11    75.61     1.51   263.05    25.17  9999.00  9999.00  9999.00  9999.00
 00013  1021.22     8.99    90.44     2.53   142.18    19.85  9999.00  9999.00  9999.00  9999.00
 00014  1018.07    10.17    92.72     1.71   161.69    19.12  9999.00  9999.00  9999.00  9999.00
 00015  1003.85     2.48    92.40     1.68   222.92    21.02  9999.00  9999.00  9999.00  9999.00
 00016   964.24     1.74    73.97     1.25   177.85    21.44  9999.00  9999.00  9999.00  9999.00
 00017  1006.12     1.09    72.98     2.74   237.79    20.47  9999.00  9999.00  9999.00  9999.00
 00018  1019.62     8.98    87.85     1.14   160.16    19.36  9999.00  9999.00  9999.00  9999.00
 00019   948.02     9.74    84.19     1.55   248.58    25.19  9999.00  9999.00  9999.00  9999.00
 00020  1024.29    10.34    86.02     2.49   137.10    19.78  9999.00  9999.00  9999.00  9999.00
 00021   900.73    -4.11    71.70     1.53   187.10    37.15  9999.00  9999.00  9999.00  9999.00
 00022  1022.89    -3.80    85.80     2.03   223.22    23.85  9999.00  9999.00  9999.00  9999.00
 00023   928.40     0.63    94.16     1.41   221.23    30.53  9999.00  9999.00  9999.00  9999.00
 00024   953.58    -5.01    86.23     1.16   152.85    33.06  9999.00  9999.00  9999.00  9999.00
 00025   800.91    10.21    83.59     1.56   209.62    19.40  9999.00  9999.00  9999.00  9999.00
 00026  1019.58    10.43    84.52     1.36   317.80    18.73  9999.00  9999.00  9999.00  9999.00
 00027  1018.42     8.20    76.07     4.54   330.27     6.47  9999.00  9999.00  9999.00  9999.00
 00028   986.49     8.23    76.83     2.68   350.60    13.76  9999.00  9999.00  9999.00  9999.00
 00029  1015.41    16.06    82.52     1.87    11.53    21.04  9999.00  9999.00  9999.00  9999.00
 00030  1004.74    18.89    83.46     3.35    59.07    22.46  9999.00  9999.00  9999.00  9999.00
 00031   576.95    -3.95     9.50     0.89   230.53    34.13  9999.00  9999.00  9999.00  9999.00
 00032   986.29    14.71    77.31     2.22   145.13    17.63  9999.00  9999.00  9999.00  9999.00
 00033  1015.69    21.02    89.45     8.34    71.92    17.05  9999.00  9999.00  9999.00  9999.00
 00034  1014.01    27.34    81.06    12.28    65.22    20.88  9999.00  9999.00  9999.00  9999.00
 00035  1014.64    23.01    89.90     5.72    57.36    13.86  9999.00  9999.00  9999.00  9999.00
 00036   781.49     6.42    79.20     1.23    87.66    20.91  9999.00  9999.00  9999.00  9999.00
 00037   976.53    14.27    80.68     1.34   267.14    17.74  9999.00  9999.00  9999.00  9999.00
 00038  1003.71    17.79    70.40     1.43   348.39    20.07  9999.00  9999.00  9999.00  9999.00
 00039  1016.95    19.53    76.04    10.13    11.37    19.43  9999.00  9999.00  9999.00  9999.00
 00040  1014.75    19.62    68.95     5.80    21.04    20.90  9999.00  9999.00  9999.00  9999.00
 00041   978.65     6.94    93.53     1.41   161.36    18.07  9999.00  9999.00  9999.00  9999.00
 00042  1021.00     9.08    91.41     1.87   122.32    19.32  9999.00  9999.00  9999.00  9999.00
 00043  1013.26    10.94    88.81     1.15    88.94    18.97  9999.00  9999.00  9999.00  9999.00
 00044   993.80     9.12    92.81     1.61    69.45    18.31  9999.00  9999.00  9999.00  9999.00
 00045  1014.75    19.62    68.95     5.80    21.04    20.90  9999.00  9999.00  9999.00  9999.00
 00046   949.96    13.05    86.90     1.08    80.85    18.60  9999.00  9999.00  9999.00  9999.00
 00047  1012.16    15.07    80.30     3.88   159.95    18.29  9999.00  9999.00  9999.00  9999.00
 00048   610.56    -8.21    72.54     1.64    28.32    35.77  9999.00  9999.00  9999.00  9999.00
 00049   580.26    -6.17    70.56     1.09    26.06    27.55  9999.00  9999.00  9999.00  9999.00
 00050  1009.57    17.71    70.91     5.54     7.45    19.00  9999.00  9999.00  9999.00  9999.00
