stn_id       p       t2      rh2      spd      dir      vis    rain6   rain24   tmax24   tmin24 
 00001   980.85     4.07    85.82     1.82    26.24    18.64     0.00  9999.00  9999.00  9999.00
 00002  1006.94    -4.72    42.51     2.79   283.75    27.18     0.00  9999.00  9999.00  9999.00
 00003   911.17    -6.25    37.02     2.40   274.43    25.14     0.00  9999.00  9999.00  9999.00
 00004   837.84   -13.02    68.69     5.52   294.76    23.07     0.04  9999.00  9999.00  9999.00
 00005   875.36   -15.81    75.16     3.66   334.40    30.37     0.01  9999.00  9999.00  9999.00
 00006   887.65   -18.71    81.33     6.43   319.13    27.15     0.61  9999.00  9999.00  9999.00
 00007  1021.11   -14.84    53.79     4.98     8.90    36.24     0.00  9999.00  9999.00  9999.00
 00008  1006.63   -22.73    68.98     3.97    22.65    41.87     0.00  9999.00  9999.00  9999.00
 00009   958.92   -32.80    95.51     2.69   313.28    44.84     0.14  9999.00  9999.00  9999.00
 00010   977.22   -19.37    76.47     1.92     3.45    40.30     0.00  9999.00  9999.00  9999.00
 00011  1015.83   -28.14    75.36     1.95   349.88    46.49     0.00  9999.00  9999.00  9999.00
 00012  1023.73    -4.53    39.18     2.93    74.33    29.31     0.00  9999.00  9999.00  9999.00
 00013  1020.37     3.72    78.95     2.27   326.90    20.45     0.00  9999.00  9999.00  9999.00
 00014  1015.63     6.59    87.26     2.60   310.51    15.46     0.33  9999.00  9999.00  9999.00
 00015  1006.47    -4.99    49.68     1.26   170.09    22.15     0.00  9999.00  9999.00  9999.00
 00016   968.41    -3.20    54.10     0.70   254.34    19.78     0.00  9999.00  9999.00  9999.00
 00017  1008.75    -3.21    76.72     1.95   291.51    20.17     0.00  9999.00  9999.00  9999.00
 00018  1019.93     0.01    91.46     1.93    22.56    19.71     0.00  9999.00  9999.00  9999.00
 00019   944.90     3.14    71.03     2.17    21.21    20.35     0.07  9999.00  9999.00  9999.00
 00020  1020.10     6.36    86.51     4.79   311.51    17.54     0.00  9999.00  9999.00  9999.00
 00021   909.85   -18.65    51.25     2.39   161.01    40.11     0.00  9999.00  9999.00  9999.00
 00022  1026.40    -4.38    64.66     2.93    72.63    26.57     0.00  9999.00  9999.00  9999.00
 00023   935.21   -21.11    33.01     2.72   145.42    40.40     0.00  9999.00  9999.00  9999.00
 00024   969.55   -24.18    82.25     5.22   110.67    34.85     0.01  9999.00  9999.00  9999.00
 00025   793.96     5.34    71.96     2.82   227.43    19.12     0.00  9999.00  9999.00  9999.00
 00026  1017.52     6.98    85.85     3.73   246.19    12.28     0.44  9999.00  9999.00  9999.00
 00027  1014.52     6.52    83.61     2.87   347.90    17.92     0.06  9999.00  9999.00  9999.00
 00028   982.22     5.46    70.75     2.18    10.14    17.08     0.03  9999.00  9999.00  9999.00
 00029  1009.68    16.51    87.11     3.17    14.75    20.74     0.04  9999.00  9999.00  9999.00
 00030  1000.09    13.63    79.02     2.27    36.43    19.96     0.06  9999.00  9999.00  9999.00
 00031   569.52    -8.17    32.43     2.34   213.93    36.51     0.00  9999.00  9999.00  9999.00
 00032   980.55    13.41    98.81     1.43   266.42     6.44     0.78  9999.00  9999.00  9999.00
 00033  1010.71    20.04    98.60     2.27   232.08     1.63     0.34  9999.00  9999.00  9999.00
 00034  1011.28    27.60    81.55     5.46    44.48    21.79     0.05  9999.00  9999.00  9999.00
 00035  1009.57    21.30    96.66     1.86    49.71    11.52     0.00  9999.00  9999.00  9999.00
 00036   771.99     0.62    79.02     1.46    95.87    10.53     0.00  9999.00  9999.00  9999.00
 00037   970.83    13.15    99.22     1.09   296.46     5.74     0.41  9999.00  9999.00  9999.00
 00038   997.96    17.35    98.45     0.97   333.48     7.45     0.56  9999.00  9999.00  9999.00
 00039  1011.54    19.94    84.21     4.82    80.65     9.86     1.44  9999.00  9999.00  9999.00
 00040  1008.85    20.13    91.07     4.83    18.37    14.09     0.37  9999.00  9999.00  9999.00
 00041   976.35     4.57    93.43     1.82    24.33    18.57     0.12  9999.00  9999.00  9999.00
 00042  1020.41     5.02    83.94     2.22   351.94    20.15     0.01  9999.00  9999.00  9999.00
 00043  1010.79     7.47    88.95     2.71    16.02     9.28     0.97  9999.00  9999.00  9999.00
 00044   989.99     8.40    97.93     0.60   323.36    14.20     0.42  9999.00  9999.00  9999.00
 00045  1008.85    20.13    91.07     4.83    18.37    14.09     0.37  9999.00  9999.00  9999.00
 00046   944.98    11.37    98.98     1.33    44.16     8.40     0.11  9999.00  9999.00  9999.00
 00047  1006.20    12.22    79.92     3.65   351.61    12.96     0.33  9999.00  9999.00  9999.00
 00048   599.61    -2.04    18.40     2.22   169.35    38.57     0.00  9999.00  9999.00  9999.00
 00049   573.89    -9.56    44.78     0.73   203.31    26.58     0.00  9999.00  9999.00  9999.00
 00050  1003.95    16.25    93.90     2.52   315.47    18.61     0.24  9999.00  9999.00  9999.00
