stn_id       p       t2      rh2      spd      dir      vis    rain6   rain24   tmax24   tmin24 
 00001   973.59    23.88    61.03     2.65   114.53    23.56  9999.00  9999.00  9999.00  9999.00
 00002   998.98    19.12    57.26     0.92   129.66    22.87  9999.00  9999.00  9999.00  9999.00
 00003   906.12    16.21    56.87     1.66   182.97    21.84  9999.00  9999.00  9999.00  9999.00
 00004   837.42    10.07    65.27     2.36   193.71     7.88  9999.00  9999.00  9999.00  9999.00
 00005   872.14    10.64    68.99     1.32   143.45    24.76  9999.00  9999.00  9999.00  9999.00
 00006   880.58    16.07    38.70     6.76   267.34    25.95  9999.00  9999.00  9999.00  9999.00
 00007  1008.77    16.71    53.98     5.38   195.17    25.31  9999.00  9999.00  9999.00  9999.00
 00008   992.34    14.08    34.64     4.96   190.49    27.01  9999.00  9999.00  9999.00  9999.00
 00009   938.06     5.60    51.81     1.64   180.02    32.82  9999.00  9999.00  9999.00  9999.00
 00010   971.28    11.28    35.75     3.56   287.30    27.25  9999.00  9999.00  9999.00  9999.00
 00011   999.45    11.43    38.14     4.32   201.35    28.52  9999.00  9999.00  9999.00  9999.00
 00012  1015.07    17.00    61.05     0.25   151.21    23.11  9999.00  9999.00  9999.00  9999.00
 00013  1018.98    23.30    60.92     2.57   139.15    22.19  9999.00  9999.00  9999.00  9999.00
 00014  1016.43    22.21    62.96     1.63   107.35    22.81  9999.00  9999.00  9999.00  9999.00
 00015  1000.67    22.89    53.75     3.88   205.02    20.14  9999.00  9999.00  9999.00  9999.00
 00016   956.93    19.11    71.76     1.47   265.91    21.39  9999.00  9999.00  9999.00  9999.00
 00017  1001.96    22.38    67.54     2.40   166.85    21.01  9999.00  9999.00  9999.00  9999.00
 00018  1017.13    24.00    55.69     3.18   144.91    21.69  9999.00  9999.00  9999.00  9999.00
 00019   938.64    19.49    81.50     1.82    66.80    26.37  9999.00  9999.00  9999.00  9999.00
 00020  1022.60    21.87    58.09     1.47    82.75    21.51  9999.00  9999.00  9999.00  9999.00
 00021   901.09     5.53    67.14     0.82   226.97    26.08  9999.00  9999.00  9999.00  9999.00
 00022  1017.94    19.48    45.64     1.12   211.97    21.41  9999.00  9999.00  9999.00  9999.00
 00023   925.93     4.09    68.15     2.17   109.30    21.61  9999.00  9999.00  9999.00  9999.00
 00024   954.99     3.22    74.94     0.82    86.43    23.99  9999.00  9999.00  9999.00  9999.00
 00025   799.99    17.31    72.39     3.06   247.66    24.63  9999.00  9999.00  9999.00  9999.00
 00026  1015.80    23.79    56.48     1.91    89.76    22.52  9999.00  9999.00  9999.00  9999.00
 00027  1011.05    24.27    53.95     2.35   110.06    22.34  9999.00  9999.00  9999.00  9999.00
 00028   979.72    22.61    66.15     0.92    38.98    21.67  9999.00  9999.00  9999.00  9999.00
 00029  1012.06    24.87    61.53     3.00    84.56    25.56  9999.00  9999.00  9999.00  9999.00
 00030  1000.20    26.58    58.14     4.03    45.43    28.33  9999.00  9999.00  9999.00  9999.00
 00031   575.38    -0.70    54.72     1.05   209.34    29.35  9999.00  9999.00  9999.00  9999.00
 00032   985.67    21.17    56.08     4.36    65.91    21.54  9999.00  9999.00  9999.00  9999.00
 00033  1010.47    21.19    95.65     7.08    63.82     0.15  9999.00  9999.00  9999.00  9999.00
 00034  1012.12    26.58    89.19     6.89   142.50     7.33  9999.00  9999.00  9999.00  9999.00
 00035  1009.46    25.80    93.20     4.88    92.37     5.02  9999.00  9999.00  9999.00  9999.00
 00036   779.03    15.28    76.56     3.11   199.33    24.05  9999.00  9999.00  9999.00  9999.00
 00037   975.82    21.59    53.79     3.64    74.26    21.46  9999.00  9999.00  9999.00  9999.00
 00038  1002.15    24.04    57.35     3.69    57.63    24.16  9999.00  9999.00  9999.00  9999.00
 00039  1016.19    23.68    63.25    11.08    40.50    23.52  9999.00  9999.00  9999.00  9999.00
 00040  1013.16    23.38    68.00     8.57    48.44    24.91  9999.00  9999.00  9999.00  9999.00
 00041   977.42    21.63    50.56     2.93   124.67    21.56  9999.00  9999.00  9999.00  9999.00
 00042  1018.73    24.00    53.37     2.47   121.55    22.22  9999.00  9999.00  9999.00  9999.00
 00043  1009.04    23.79    58.40     1.51    87.05    23.00  9999.00  9999.00  9999.00  9999.00
 00044   991.36    22.36    59.54     2.47    88.84    22.10  9999.00  9999.00  9999.00  9999.00
 00045  1013.16    23.38    68.00     8.57    48.44    24.91  9999.00  9999.00  9999.00  9999.00
 00046   948.03    22.47    51.13     2.32    83.98    22.98  9999.00  9999.00  9999.00  9999.00
 00047  1010.88    21.96    57.92     2.20    62.95    22.15  9999.00  9999.00  9999.00  9999.00
 00048   607.47     1.69    70.04     1.82   174.61    30.39  9999.00  9999.00  9999.00  9999.00
 00049   579.99    -0.41    61.29     2.20   196.53    28.44  9999.00  9999.00  9999.00  9999.00
 00050  1008.63    24.76    50.30     7.67    46.31    22.96  9999.00  9999.00  9999.00  9999.00
