stn_id       p       t2      rh2      spd      dir      vis    rain6   rain24   tmax24   tmin24 
 00001   972.88    20.82    80.17     1.74    79.54    23.64     0.01  9999.00  9999.00  9999.00
 00002  1000.66    15.38    62.01     1.94   166.51    22.86     0.00  9999.00  9999.00  9999.00
 00003   906.86    14.89    38.51     1.16   254.55    21.81     0.00  9999.00  9999.00  9999.00
 00004   838.35     6.39    65.71     2.22   171.48    21.94     0.00  9999.00  9999.00  9999.00
 00005   871.96    10.06    54.73     2.84   162.57    24.80     0.00  9999.00  9999.00  9999.00
 00006   880.89    10.83    37.91     4.67   193.42    25.96     0.00  9999.00  9999.00  9999.00
 00007  1010.39     5.75    69.42     1.61   158.18    25.28     0.00  9999.00  9999.00  9999.00
 00008   993.54     3.60    62.03     2.69   289.22    26.96     0.00  9999.00  9999.00  9999.00
 00009   946.80    -1.64    68.59     2.33   159.37    32.86     0.00  9999.00  9999.00  9999.00
 00010   969.01     5.03    48.44     4.53   290.20    27.14     0.00  9999.00  9999.00  9999.00
 00011   999.55     4.00    50.74     3.02   290.87    28.43     0.00  9999.00  9999.00  9999.00
 00012  1016.51    12.68    79.88     1.84   131.21    23.11     0.00  9999.00  9999.00  9999.00
 00013  1017.35    16.43    85.12     2.83   151.31    22.24     0.00  9999.00  9999.00  9999.00
 00014  1014.46    18.01    77.66     2.07    77.95    22.90     0.00  9999.00  9999.00  9999.00
 00015  1000.61    16.32    61.47     2.18   143.61    20.09     0.00  9999.00  9999.00  9999.00
 00016   956.53    16.23    78.02     1.82   107.01    21.40     0.00  9999.00  9999.00  9999.00
 00017  1002.33    15.26    87.17     2.69    91.93    21.04     0.00  9999.00  9999.00  9999.00
 00018  1015.91    17.53    83.35     2.29   159.62    21.75     0.00  9999.00  9999.00  9999.00
 00019   938.61    17.92    88.81     1.21    45.08    21.32     0.34  9999.00  9999.00  9999.00
 00020  1020.65    15.40    96.34     1.92    48.48    21.58     0.00  9999.00  9999.00  9999.00
 00021   898.88     4.77    75.74     2.57   340.39    12.54     0.37  9999.00  9999.00  9999.00
 00022  1019.72    13.67    61.45     2.50   152.80    21.41     0.00  9999.00  9999.00  9999.00
 00023   926.72     7.01    58.79     1.68   330.22    21.50     0.00  9999.00  9999.00  9999.00
 00024   952.40     5.67    75.16     2.42   298.43    23.82     0.12  9999.00  9999.00  9999.00
 00025   797.90    15.92    83.68     1.83   161.99    24.72     0.38  9999.00  9999.00  9999.00
 00026  1015.11    18.24    71.33     2.01    26.17    22.60     0.00  9999.00  9999.00  9999.00
 00027  1010.16    18.95    70.43     2.31    86.51    22.42     0.00  9999.00  9999.00  9999.00
 00028   978.23    20.82    69.47     1.46   115.95    21.72     0.00  9999.00  9999.00  9999.00
 00029  1009.96    23.65    75.94     2.15    69.28    25.69     0.00  9999.00  9999.00  9999.00
 00030   998.58    22.52    71.82     2.10    69.44    28.45     0.00  9999.00  9999.00  9999.00
 00031   573.07     1.54    18.97     2.89   220.29    29.17    -0.00  9999.00  9999.00  9999.00
 00032   984.01    16.24    79.92     1.93    43.14    21.63     0.00  9999.00  9999.00  9999.00
 00033  1009.60    22.59    90.25    10.62    58.41    17.78     1.01  9999.00  9999.00  9999.00
 00034  1008.82    27.24    87.02     7.41   139.35    20.81     5.83  9999.00  9999.00  9999.00
 00035  1008.38    24.70    88.28     6.88    49.84     9.32     3.20  9999.00  9999.00  9999.00
 00036   777.44    14.28    79.49     1.15   128.90    24.01     0.37  9999.00  9999.00  9999.00
 00037   974.29    15.97    79.84     1.67    66.02    21.55     0.00  9999.00  9999.00  9999.00
 00038  1000.53    21.09    58.64     2.18    90.05    24.22     0.00  9999.00  9999.00  9999.00
 00039  1014.57    22.72    74.61     9.33    36.67    23.62     0.00  9999.00  9999.00  9999.00
 00040  1011.22    23.08    69.88     7.79    50.87    25.02     0.00  9999.00  9999.00  9999.00
 00041   976.26    16.88    76.47     1.97    29.66    21.68     0.00  9999.00  9999.00  9999.00
 00042  1017.41    17.65    83.93     2.18   109.37    22.32     0.00  9999.00  9999.00  9999.00
 00043  1008.50    17.47    77.85     2.04    43.53    23.11     0.00  9999.00  9999.00  9999.00
 00044   990.33    17.20    65.36     2.15    67.59    22.17     0.00  9999.00  9999.00  9999.00
 00045  1011.22    23.08    69.88     7.79    50.87    25.02     0.00  9999.00  9999.00  9999.00
 00046   946.54    17.38    74.24     1.62    46.66    23.09     0.00  9999.00  9999.00  9999.00
 00047  1008.93    19.86    78.32     3.92    62.93    22.25     0.00  9999.00  9999.00  9999.00
 00048   604.64     4.88    48.21     2.02   147.08    33.06     0.23  9999.00  9999.00  9999.00
 00049   578.84    -1.45    90.53     1.73   199.39    23.48     0.09  9999.00  9999.00  9999.00
 00050  1007.30    20.31    73.90     4.89    28.29    23.06     0.00  9999.00  9999.00  9999.00
