stn_id       p       t2      rh2      spd      dir      vis    rain6   rain24   tmax24   tmin24 
 00001   968.24    24.78    69.57     2.32   134.06    25.54     0.00  9999.00  9999.00  9999.00
 00002   996.06    21.88    96.00     0.95   289.04    24.74     0.00  9999.00  9999.00  9999.00
 00003   905.93    17.35    95.65     1.57    34.56    22.01     0.00  9999.00  9999.00  9999.00
 00004   838.71    11.54    96.93     1.59   134.02    19.22     0.00  9999.00  9999.00  9999.00
 00005   872.76    16.48    69.10     1.58    94.42    26.97     0.00  9999.00  9999.00  9999.00
 00006   882.54    19.60    50.25     4.64   196.42    27.74     0.00  9999.00  9999.00  9999.00
 00007  1005.64    16.76    78.76     2.83    56.01    25.64    -0.00  9999.00  9999.00  9999.00
 00008   992.06    13.92    83.02     1.86   111.24    26.98     0.00  9999.00  9999.00  9999.00
 00009   946.35     5.98    92.65     2.47   199.38    35.18     0.00  9999.00  9999.00  9999.00
 00010   970.21    12.79    88.69     1.80   324.32    30.00     0.00  9999.00  9999.00  9999.00
 00011   999.11    13.55    84.90     1.64   185.92    28.31     0.01  9999.00  9999.00  9999.00
 00012  1011.24    22.25    90.60     1.61   170.95    23.63     0.00  9999.00  9999.00  9999.00
 00013  1009.38    22.36    97.96     2.62    69.03    23.67     0.00  9999.00  9999.00  9999.00
 00014  1005.53    21.60    97.75     1.42    66.63    24.91     0.06  9999.00  9999.00  9999.00
 00015   995.46    19.28    89.45     1.48    98.57    20.22    -0.00  9999.00  9999.00  9999.00
 00016   953.18    18.84    81.24     2.20    96.66    25.02     0.00  9999.00  9999.00  9999.00
 00017   997.03    21.91    93.69     1.45    55.90    23.20     0.00  9999.00  9999.00  9999.00
 00018  1008.00    23.21    95.77     2.44    53.81    23.44     0.01  9999.00  9999.00  9999.00
 00019   933.81    22.31    88.76     0.73   307.11    26.88     0.39  9999.00  9999.00  9999.00
 00020  1011.43    20.36    92.55     2.65    19.67    22.54     0.00  9999.00  9999.00  9999.00
 00021   893.51     8.61    77.35     1.47   127.81    27.08     0.14  9999.00  9999.00  9999.00
 00022  1014.32    21.01    84.48     1.74   174.27    21.36     0.00  9999.00  9999.00  9999.00
 00023   920.06    11.81    64.16     1.71   206.58    23.24     0.07  9999.00  9999.00  9999.00
 00024   943.73    14.23    55.25     2.67   289.42    25.40     0.00  9999.00  9999.00  9999.00
 00025   796.80    15.81    92.02     1.20    85.57    24.74     0.00  9999.00  9999.00  9999.00
 00026  1004.41    23.60    90.14     4.08    23.13    25.27    -0.00  9999.00  9999.00  9999.00
 00027  1000.96    23.34    95.38     2.24   343.98    25.48     0.11  9999.00  9999.00  9999.00
 00028   972.10    23.22    81.21     1.77   102.88    24.84     0.06  9999.00  9999.00  9999.00
 00029   999.53    25.27    80.91     2.05   347.81    26.75     0.00  9999.00  9999.00  9999.00
 00030   991.13    24.26    91.85     1.53   333.76    29.41     0.00  9999.00  9999.00  9999.00
 00031   576.89     4.33    70.19     2.12   196.15    24.72    -0.00  9999.00  9999.00  9999.00
 00032   972.70    20.88    99.03     2.16    46.69     0.41    15.20  9999.00  9999.00  9999.00
 00033  1003.56    23.38    97.96     2.72   239.39     0.20     0.10  9999.00  9999.00  9999.00
 00034  1006.56    27.85    86.72     2.87   264.48    30.79     0.06  9999.00  9999.00  9999.00
 00035  1002.79    25.74    95.90     1.17   242.80    28.82     0.10  9999.00  9999.00  9999.00
 00036   777.54    15.40    79.42     1.26   106.29    24.36     0.02  9999.00  9999.00  9999.00
 00037   963.17    21.24    99.23     1.53    66.05     0.59     9.15  9999.00  9999.00  9999.00
 00038   987.89    23.54    99.84     3.45    60.78     1.70     6.18  9999.00  9999.00  9999.00
 00039  1002.30    24.19    92.62     8.42    36.75    13.19     8.67  9999.00  9999.00  9999.00
 00040   998.39    25.17    93.80     4.50   140.30     2.48     8.91  9999.00  9999.00  9999.00
 00041   967.64    20.14    98.56     1.68    36.57    13.96     0.00  9999.00  9999.00  9999.00
 00042  1008.82    23.38    95.11     2.89    67.37    14.53     0.20  9999.00  9999.00  9999.00
 00043   997.58    23.66    90.56     3.87    33.53    24.92     0.10  9999.00  9999.00  9999.00
 00044   979.68    22.58    95.20     3.05    55.38    22.22     0.02  9999.00  9999.00  9999.00
 00045   998.39    25.17    93.80     4.50   140.30     2.48     8.91  9999.00  9999.00  9999.00
 00046   935.88    20.76    98.05     2.44    44.25    24.75     1.90  9999.00  9999.00  9999.00
 00047   998.03    22.15    97.61     2.39    32.53    12.91     0.13  9999.00  9999.00  9999.00
 00048   607.61     6.95    51.44     0.87   179.66    29.39     0.00  9999.00  9999.00  9999.00
 00049   581.43     3.02    98.56     1.01   191.90     0.82     0.26  9999.00  9999.00  9999.00
 00050   994.91    23.56    92.44     6.28    30.83    19.95     2.05  9999.00  9999.00  9999.00
