stn_id       p       t2      rh2      spd      dir      vis    rain6   rain24   tmax24   tmin24 
 00001   965.97    27.26    65.21     2.14    89.31    25.53     0.00     0.00    32.61    22.29
 00002   995.58    25.08    86.84     1.32   339.28    24.76     1.00     1.71    30.01    21.28
 00003   904.78    21.97    69.25     2.79    79.38    24.28     0.00     0.08    27.95    16.70
 00004   838.07    15.65    76.40     1.87   120.77    24.46     0.00     0.01    23.50    11.05
 00005   871.83    22.42    36.81     3.49   133.39    26.92     0.00     0.00    29.49    16.51
 00006   881.35    25.29    24.10     5.48   179.36    27.67     0.00     0.02    32.03    18.19
 00007  1005.89    20.85    74.37     3.07    23.17    25.67     0.00     0.01    26.08    18.17
 00008   992.33    16.48    73.19     1.95    43.83    27.00     0.00     0.10    22.78    15.44
 00009   947.03    11.45    58.42     1.36   172.22    35.23     0.00     0.00    18.10     4.90
 00010   968.93    17.97    77.65     2.41   302.21    29.98     0.02     0.47    25.09    16.49
 00011   999.42    14.56    81.60     2.70   312.48    28.35     0.00     0.07    20.48    11.42
 00012  1010.95    25.95    77.94     2.10   132.66    23.78     0.00     0.17    30.62    21.69
 00013  1008.97    24.94    89.12     2.48    52.71    23.77     0.60     0.98    28.69    22.87
 00014  1005.39    22.80    95.22     1.39    67.15    17.42     1.36     3.43    26.26    22.78
 00015   995.18    24.78    67.83     2.47    81.24    20.23     0.00     0.03    31.22    21.42
 00016   950.98    24.90    51.81     2.92   103.71    24.97     0.00     0.00    31.38    17.82
 00017   995.93    24.58    71.15     2.07    50.59    23.16     0.00     0.02    30.74    21.22
 00018  1007.74    24.70    89.20     1.90    60.87    23.20     0.98     1.34    29.09    22.40
 00019   932.09    24.72    81.06     1.29   327.62    25.73     0.14     0.26    28.56    20.71
 00020  1011.71    22.08    92.76     2.86    39.34    22.55     0.00     0.01    27.41    21.35
 00021   893.96    10.07    79.18     3.57   215.58     8.15     7.98    20.24    19.32     9.90
 00022  1014.20    24.52    75.76     2.36   143.51    21.39     0.00     0.00    30.52    21.19
 00023   919.73    17.31    40.21     2.74   283.46    23.27     0.20     2.91    18.20    10.56
 00024   942.43    20.42    31.62     3.66   294.34    25.37     0.00     1.04    21.65    14.00
 00025   794.96    19.00    77.26     1.71   127.17    24.52     0.07     0.17    22.29    12.78
 00026  1004.57    23.55    85.56     3.52    12.79    22.29     0.17     2.18    27.54    23.37
 00027  1000.53    26.51    84.74     1.14   121.43    25.15     0.81     1.15    29.78    21.27
 00028   970.90    25.27    71.48     2.56    25.69    24.83     0.00     0.00    28.74    20.15
 00029   999.01    27.33    80.89     2.07   345.76    26.81     0.73     0.79    31.31    24.99
 00030   990.04    27.47    79.82     1.63    47.91    29.42     0.00     0.00    31.31    22.69
 00031   574.60    10.98    39.31     1.47   148.93    24.62     0.05     0.15    13.19     0.65
 00032   973.64    21.56    98.99     3.66    49.11     5.08     6.11    53.77    24.85    21.26
 00033  1003.51    23.27    99.19     2.41   232.54     0.55     0.28     0.71    25.47    22.42
 00034  1006.19    28.34    83.73     2.47   246.99    31.49     0.00     0.08    28.61    27.72
 00035  1002.83    27.02    90.43     2.18   187.45    22.90     2.43     4.28    31.35    25.16
 00036   775.18    21.22    56.03     1.27   209.52    24.38     0.00     0.00    23.85    10.79
 00037   964.09    22.03    98.20     2.98    60.43     7.91     3.68    45.57    24.92    21.73
 00038   987.77    23.92    97.73     3.28    92.58    13.35    21.21    80.00    24.59    22.97
 00039  1002.62    24.52    96.39     7.80    70.37     1.77    10.27    39.95    25.99    24.48
 00040   997.90    25.18    93.21     5.19   126.83    11.41     2.64    49.19    26.14    24.57
 00041   967.68    22.32    93.83     1.18    54.89    24.22     0.46     1.16    25.66    21.67
 00042  1008.46    25.01    87.79     2.79    53.00    24.34     0.42     1.11    28.98    23.43
 00043   997.95    23.38    86.61     3.10    16.47    25.52     0.67     6.28    26.65    23.40
 00044   979.71    23.17    92.74     3.63    63.84    18.21    16.73    34.48    26.35    23.16
 00045   997.90    25.18    93.21     5.19   126.83    11.41     2.64    49.19    26.14    24.57
 00046   935.25    21.33    99.45     3.18    38.01     5.21    26.09    44.17    22.67    20.73
 00047   998.85    23.38    95.51     2.73    41.80    18.36     1.24     6.20    25.08    23.05
 00048   606.02    12.90    35.18     0.97   196.30    29.32     0.00     0.00    14.69     2.59
 00049   580.05     5.74    77.40     1.76   192.75    24.51     0.29     0.32    10.28    -1.95
 00050   995.34    23.44    98.19     6.95    43.47     6.10     4.12    35.07    27.68    23.44
