stn_id       p       t2      rh2      spd      dir      vis    rain6   rain24   tmax24   tmin24 
 00001   967.26    28.54    66.82     1.40   287.57    26.30  9999.00  9999.00  9999.00  9999.00
 00002   982.32    33.34    14.57     3.08   288.22    22.16  9999.00  9999.00  9999.00  9999.00
 00003   895.24    27.55    21.63     3.46   291.42    21.31  9999.00  9999.00  9999.00  9999.00
 00004   829.48    20.86    28.31     6.81   300.41    19.68  9999.00  9999.00  9999.00  9999.00
 00005   862.38    23.63    22.34     6.85   332.25    19.23  9999.00  9999.00  9999.00  9999.00
 00006   873.05    19.95    28.37     6.61   332.75    18.60  9999.00  9999.00  9999.00  9999.00
 00007   989.10    22.63    41.23     1.42   314.03    20.90  9999.00  9999.00  9999.00  9999.00
 00008   972.43    22.89    34.53     3.52   239.52    22.67  9999.00  9999.00  9999.00  9999.00
 00009   941.12    15.81    68.31     2.64    60.99    37.03  9999.00  9999.00  9999.00  9999.00
 00010   952.66    17.59    74.40     1.56    64.31    24.48  9999.00  9999.00  9999.00  9999.00
 00011   979.68    22.93    39.41     0.63    32.57    24.70  9999.00  9999.00  9999.00  9999.00
 00012   996.01    31.89    11.31     3.86   320.15    20.07  9999.00  9999.00  9999.00  9999.00
 00013  1000.39    30.16    64.71     2.67   231.44    25.95  9999.00  9999.00  9999.00  9999.00
 00014   998.41    29.41    62.51     1.28   186.49    26.36  9999.00  9999.00  9999.00  9999.00
 00015   982.56    31.93    13.47     4.60   341.95    20.94  9999.00  9999.00  9999.00  9999.00
 00016   948.08    27.38    60.24     1.03   279.35    23.62  9999.00  9999.00  9999.00  9999.00
 00017   985.82    31.85    31.50     2.22   141.00    23.99  9999.00  9999.00  9999.00  9999.00
 00018   999.24    30.63    61.87     2.72   228.29    22.33  9999.00  9999.00  9999.00  9999.00
 00019   932.52    27.82    59.18     1.22   171.46    27.01  9999.00  9999.00  9999.00  9999.00
 00020  1003.28    30.03    58.74     2.13   234.18    23.84  9999.00  9999.00  9999.00  9999.00
 00021   890.53    28.78    22.23     3.16   316.98    25.97  9999.00  9999.00  9999.00  9999.00
 00022   998.66    32.51    10.08     4.13   302.59    19.71  9999.00  9999.00  9999.00  9999.00
 00023   915.43    29.76    20.78     0.84   105.51    24.49  9999.00  9999.00  9999.00  9999.00
 00024   938.08    29.53    23.29     1.05   100.05    26.15  9999.00  9999.00  9999.00  9999.00
 00025   794.75    17.81    67.05     2.42    68.39    25.90  9999.00  9999.00  9999.00  9999.00
 00026  1001.08    28.24    78.25     0.24   160.23    27.57  9999.00  9999.00  9999.00  9999.00
 00027   997.17    29.77    67.66     0.37   184.40    27.60  9999.00  9999.00  9999.00  9999.00
 00028   967.72    28.29    75.75     1.06   258.76    26.37  9999.00  9999.00  9999.00  9999.00
 00029   999.94    29.02    81.35     1.41   186.61    22.93  9999.00  9999.00  9999.00  9999.00
 00030   988.98    28.09    79.59     2.02    52.33    13.42  9999.00  9999.00  9999.00  9999.00
 00031   574.88     7.39    31.82     1.01   175.88    22.91  9999.00  9999.00  9999.00  9999.00
 00032   970.51    25.54    89.45     1.58    88.76     3.65  9999.00  9999.00  9999.00  9999.00
 00033  1002.81    23.60    97.54     2.29   262.35     0.71  9999.00  9999.00  9999.00  9999.00
 00034  1005.85    28.15    85.68     3.57   238.40    32.37  9999.00  9999.00  9999.00  9999.00
 00035  1001.76    30.39    76.43     2.36   329.95    14.88  9999.00  9999.00  9999.00  9999.00
 00036   777.06    16.29    59.31     1.34   319.29    24.57  9999.00  9999.00  9999.00  9999.00
 00037   960.98    26.17    89.51     1.22   125.99     3.93  9999.00  9999.00  9999.00  9999.00
 00038   987.88    30.43    69.07     1.95   268.76    25.60  9999.00  9999.00  9999.00  9999.00
 00039  1000.77    28.47    80.03     3.97   200.70    19.85  9999.00  9999.00  9999.00  9999.00
 00040   999.50    29.66    74.54     3.52   226.36    22.93  9999.00  9999.00  9999.00  9999.00
 00041   961.99    27.59    66.55     1.74   200.50    26.17  9999.00  9999.00  9999.00  9999.00
 00042  1000.92    29.99    65.93     2.23   240.51    26.37  9999.00  9999.00  9999.00  9999.00
 00043   994.81    28.41    74.70     0.96    25.21    28.02  9999.00  9999.00  9999.00  9999.00
 00044   976.75    27.31    71.32     0.36   259.53    25.67  9999.00  9999.00  9999.00  9999.00
 00045   999.50    29.66    74.54     3.52   226.36    22.93  9999.00  9999.00  9999.00  9999.00
 00046   936.11    24.62    95.08     1.07   224.02    10.21  9999.00  9999.00  9999.00  9999.00
 00047   994.08    24.91    83.90     0.63    63.37     8.75  9999.00  9999.00  9999.00  9999.00
 00048   605.78    12.00    44.19     1.81   182.70    26.47  9999.00  9999.00  9999.00  9999.00
 00049   578.92     6.16    72.69     2.26   204.03    13.65  9999.00  9999.00  9999.00  9999.00
 00050   992.85    30.64    71.62     1.89   199.62    21.75  9999.00  9999.00  9999.00  9999.00
