stn_id       p       t2      rh2      spd      dir      vis    rain6   rain24   tmax24   tmin24 
 00001   961.36    26.17    83.14     1.01    93.73    26.74  9999.00  9999.00  9999.00  9999.00
 00002   980.87    27.77    38.72     3.45   198.84    24.91  9999.00  9999.00  9999.00  9999.00
 00003   893.53    20.81    45.48     1.58   274.90    23.84  9999.00  9999.00  9999.00  9999.00
 00004   829.04    15.66    58.25     1.48   214.65    22.29  9999.00  9999.00  9999.00  9999.00
 00005   861.20    17.85    39.49     3.01   229.17    21.99  9999.00  9999.00  9999.00  9999.00
 00006   869.62    21.04    22.28     4.69   273.92    21.05  9999.00  9999.00  9999.00  9999.00
 00007   989.29    21.75    89.48     2.11   124.18    22.98  9999.00  9999.00  9999.00  9999.00
 00008   974.58    19.33    92.29     1.82   176.21    24.09  9999.00  9999.00  9999.00  9999.00
 00009   932.82    10.98    99.93     1.84   169.17    35.34  9999.00  9999.00  9999.00  9999.00
 00010   954.73    18.26    99.82     2.23    94.77     3.87  9999.00  9999.00  9999.00  9999.00
 00011   980.90    19.69    92.77     2.81   181.31    25.47  9999.00  9999.00  9999.00  9999.00
 00012   994.64    25.81    39.02     3.10   212.21    22.59  9999.00  9999.00  9999.00  9999.00
 00013   997.38    27.31    90.23     2.20   158.77    23.66  9999.00  9999.00  9999.00  9999.00
 00014   995.22    28.00    82.04     2.47   184.68    28.18  9999.00  9999.00  9999.00  9999.00
 00015   982.12    23.02    78.39     1.96   141.47    23.21  9999.00  9999.00  9999.00  9999.00
 00016   943.68    23.08    84.96     1.34    98.14    25.30  9999.00  9999.00  9999.00  9999.00
 00017   983.85    24.48    75.82     2.26   277.78    25.90  9999.00  9999.00  9999.00  9999.00
 00018   995.36    26.70    88.55     3.20   172.63     9.42  9999.00  9999.00  9999.00  9999.00
 00019   927.49    23.47    78.22     1.07   297.76    27.78  9999.00  9999.00  9999.00  9999.00
 00020  1000.87    26.33    91.56     2.32   143.36    25.75  9999.00  9999.00  9999.00  9999.00
 00021   887.19    18.52    51.24     2.18   289.99    21.10  9999.00  9999.00  9999.00  9999.00
 00022   998.09    25.40    52.25     4.13   178.32    22.13  9999.00  9999.00  9999.00  9999.00
 00023   914.18    17.04    30.18     2.35   254.18    22.45  9999.00  9999.00  9999.00  9999.00
 00024   936.79    19.49    34.67     5.10   309.79    24.24  9999.00  9999.00  9999.00  9999.00
 00025   792.89    19.04    83.25     1.92   203.54    25.48  9999.00  9999.00  9999.00  9999.00
 00026   997.26    29.33    71.75     4.91   197.97    28.80  9999.00  9999.00  9999.00  9999.00
 00027   993.42    29.20    70.31     4.19   202.99    28.50  9999.00  9999.00  9999.00  9999.00
 00028   964.95    26.93    75.96     3.48   191.83    27.00  9999.00  9999.00  9999.00  9999.00
 00029  1000.89    26.54    89.17     2.70   168.06    28.95  9999.00  9999.00  9999.00  9999.00
 00030   989.79    25.79    90.71     3.65   166.16    32.10  9999.00  9999.00  9999.00  9999.00
 00031   574.53     8.96    60.37     1.68   194.33    22.28  9999.00  9999.00  9999.00  9999.00
 00032   971.21    23.21    96.55     1.38   212.61     1.40  9999.00  9999.00  9999.00  9999.00
 00033  1004.02    23.15    96.77     4.60   154.43     0.49  9999.00  9999.00  9999.00  9999.00
 00034  1008.19    27.79    87.28     5.11   149.99    33.62  9999.00  9999.00  9999.00  9999.00
 00035  1003.82    27.01    92.26     3.66   166.76    31.72  9999.00  9999.00  9999.00  9999.00
 00036   773.07    18.35    91.54     0.65    52.38    13.61  9999.00  9999.00  9999.00  9999.00
 00037   961.79    23.61    97.29     0.96   200.57     0.90  9999.00  9999.00  9999.00  9999.00
 00038   989.88    25.07    97.87     1.34   145.72    22.13  9999.00  9999.00  9999.00  9999.00
 00039  1003.22    25.20    96.10     4.86   206.02    25.38  9999.00  9999.00  9999.00  9999.00
 00040  1001.62    25.72    96.38     3.29   179.71    17.39  9999.00  9999.00  9999.00  9999.00
 00041   959.03    26.04    87.10     2.14   178.88    27.66  9999.00  9999.00  9999.00  9999.00
 00042   997.29    28.63    77.50     2.98   184.83    28.01  9999.00  9999.00  9999.00  9999.00
 00043   991.97    28.75    74.28     4.10   193.80    29.24  9999.00  9999.00  9999.00  9999.00
 00044   974.35    26.58    86.80     1.20   235.37    27.13  9999.00  9999.00  9999.00  9999.00
 00045  1001.62    25.72    96.38     3.29   179.71    17.39  9999.00  9999.00  9999.00  9999.00
 00046   936.50    23.24    90.80     2.14   191.32    26.91  9999.00  9999.00  9999.00  9999.00
 00047   993.16    24.71    93.32     3.73   195.62    23.84  9999.00  9999.00  9999.00  9999.00
 00048   604.68    12.53    56.85     1.66   175.79    26.34  9999.00  9999.00  9999.00  9999.00
 00049   579.72     4.63    98.29     2.04   194.41     1.99  9999.00  9999.00  9999.00  9999.00
 00050   995.37    24.93    96.75     3.65   205.26    23.46  9999.00  9999.00  9999.00  9999.00
