stn_id       p       t2      rh2      spd      dir      vis    rain6   rain24   tmax24   tmin24 
 00001   963.80    29.45    67.70     1.64    60.08    25.44    -0.00  9999.00  9999.00  9999.00
 00002   991.85    20.57    97.33     3.75   303.94     0.55    19.88  9999.00  9999.00  9999.00
 00003   900.51    18.60    88.35     2.27    62.07    23.50     0.23  9999.00  9999.00  9999.00
 00004   833.27    16.60    85.14     1.01   140.61    24.00     0.42  9999.00  9999.00  9999.00
 00005   866.90    19.13    49.12     2.38   237.30    26.65     0.00  9999.00  9999.00  9999.00
 00006   876.98    19.71    21.84     2.47    94.55    27.30     0.00  9999.00  9999.00  9999.00
 00007  1002.61    20.10    90.11     1.35    80.06    25.72     0.00  9999.00  9999.00  9999.00
 00008   988.44    17.51    82.39     2.03    55.86    26.85     0.00  9999.00  9999.00  9999.00
 00009   939.86    11.69    84.57     2.74   251.56    34.12     1.70  9999.00  9999.00  9999.00
 00010   967.47    18.68    97.95     0.88    65.57     6.09     1.43  9999.00  9999.00  9999.00
 00011   995.99    15.86    85.13     2.06    82.55    27.94     0.00  9999.00  9999.00  9999.00
 00012  1008.64    20.88    94.02     1.22    48.62    17.29     1.78  9999.00  9999.00  9999.00
 00013  1005.93    23.84    74.71     2.39   129.19    23.76     0.00  9999.00  9999.00  9999.00
 00014  1003.57    22.51    74.89     3.07    92.59    25.23     0.00  9999.00  9999.00  9999.00
 00015   990.87    24.50    79.22     1.43    74.55    20.08     0.23  9999.00  9999.00  9999.00
 00016   948.38    23.33    86.06     1.43   159.25    24.87     1.49  9999.00  9999.00  9999.00
 00017   990.26    26.41    71.32     2.40    95.75    21.82     0.53  9999.00  9999.00  9999.00
 00018  1004.01    25.64    70.50     3.06    99.44    23.39     0.00  9999.00  9999.00  9999.00
 00019   930.68    25.01    86.14     1.78    32.51    23.01     1.09  9999.00  9999.00  9999.00
 00020  1009.98    20.86    93.36     2.40    89.01    22.86     0.01  9999.00  9999.00  9999.00
 00021   889.61    20.67    37.38     2.99   190.17    26.80     0.00  9999.00  9999.00  9999.00
 00022  1011.14    20.98    92.48     1.53    82.94     7.04     4.36  9999.00  9999.00  9999.00
 00023   915.50    20.99    50.97     1.48   323.76    23.17     0.16  9999.00  9999.00  9999.00
 00024   940.36    19.76    34.32     2.85   300.94    25.24     0.00  9999.00  9999.00  9999.00
 00025   793.64    18.72    86.07     1.39   112.72    22.00     1.11  9999.00  9999.00  9999.00
 00026  1002.43    26.63    85.41     1.73    55.97    25.06     0.22  9999.00  9999.00  9999.00
 00027   998.08    27.36    88.39     0.99   113.56    25.17     0.55  9999.00  9999.00  9999.00
 00028   967.68    27.47    77.94     0.82   115.88    24.58     0.69  9999.00  9999.00  9999.00
 00029  1001.00    24.47    97.02     2.40   113.48     2.78     6.96  9999.00  9999.00  9999.00
 00030   988.16    26.43    83.77     1.51   113.51    28.99     0.10  9999.00  9999.00  9999.00
 00031   574.07    10.57    56.56     0.87   214.18    24.70     3.04  9999.00  9999.00  9999.00
 00032   974.75    19.73    92.45     1.06   111.14    22.71    -0.00  9999.00  9999.00  9999.00
 00033  1001.74    23.67    97.77     3.21   155.59     0.33     0.32  9999.00  9999.00  9999.00
 00034  1006.35    28.30    87.22     7.64   176.08    30.36     0.01  9999.00  9999.00  9999.00
 00035  1001.29    26.16    94.83     2.38   177.42    14.32    15.62  9999.00  9999.00  9999.00
 00036   774.67    18.42    83.64     1.19   125.88    21.42     3.19  9999.00  9999.00  9999.00
 00037   965.14    19.88    91.10     1.02    93.99    23.33     0.01  9999.00  9999.00  9999.00
 00038   991.78    23.71    89.18     1.33   123.25    25.63     0.09  9999.00  9999.00  9999.00
 00039  1005.23    23.48    91.28     6.05    41.18    23.74     0.01  9999.00  9999.00  9999.00
 00040  1002.80    24.47    89.13     3.98    58.26    25.62     0.43  9999.00  9999.00  9999.00
 00041   964.91    23.24    76.93     1.83    72.25    24.09     0.00  9999.00  9999.00  9999.00
 00042  1005.40    24.21    72.97     3.81    85.38    24.23     0.00  9999.00  9999.00  9999.00
 00043   996.11    28.21    79.30     0.81   129.34    25.53     0.29  9999.00  9999.00  9999.00
 00044   978.57    25.07    73.81     2.39    51.82    24.48     0.01  9999.00  9999.00  9999.00
 00045  1002.80    24.47    89.13     3.98    58.26    25.62     0.43  9999.00  9999.00  9999.00
 00046   937.79    22.97    77.77     1.49   190.58    25.03     0.00  9999.00  9999.00  9999.00
 00047   998.19    21.74    85.88     1.76   157.78    24.02     0.00  9999.00  9999.00  9999.00
 00048   605.02    12.19    63.31     1.30   172.18    28.96     0.82  9999.00  9999.00  9999.00
 00049   578.67     6.60    85.37     1.22   210.79    24.06     0.82  9999.00  9999.00  9999.00
 00050   997.77    22.47    86.90     3.32    41.18    24.48     0.00  9999.00  9999.00  9999.00
