stn_id       p       t2      rh2      spd      dir      vis    rain6   rain24   tmax24   tmin24 
 00001   993.20     5.50    95.22     0.00     0.00     1.80     0.00  9999.00  9999.00  9999.00
 00002  1008.00     2.10    34.25     2.00   360.00     9.00     0.00  9999.00  9999.00  9999.00
 00003   928.20    -5.50    43.33     1.00    20.00    15.00     0.00  9999.00  9999.00  9999.00
 00004   860.30    -3.20    29.68     3.00   200.00    30.00     0.00  9999.00  9999.00  9999.00
 00005   887.10    -7.10    43.85     4.00   320.00    30.00     0.00  9999.00  9999.00  9999.00
 00006   885.90    -5.80    37.51     5.00   250.00    21.00     0.00  9999.00  9999.00  9999.00
 00007  1015.70    -8.30    78.00     1.00   360.00     5.00     0.00  9999.00  9999.00  9999.00
 00008   991.30    -9.70    60.61     2.00   160.00     5.00     0.00  9999.00  9999.00  9999.00
 00009   960.50   -28.30    71.55     2.00   270.00    16.00     0.00  9999.00  9999.00  9999.00
 00010   990.60   -10.10    54.97     2.00   270.00     7.00     0.00  9999.00  9999.00  9999.00
 00011  1006.80   -21.00    81.40     1.00    20.00     1.00     0.00  9999.00  9999.00  9999.00
 00012  1015.50    -2.00    37.85     2.00    40.00    11.00     0.00  9999.00  9999.00  9999.00
 00013  1017.70     4.40    67.82     2.00   160.00  9999.00     0.00  9999.00  9999.00  9999.00
 00014  1017.90     5.90    83.91     1.00   270.00     7.00     0.00  9999.00  9999.00  9999.00
 00015   997.30    12.00    44.72     1.00   220.00     6.00     0.00  9999.00  9999.00  9999.00
 00016   969.40     1.70    68.76     2.00   180.00     6.00     0.00  9999.00  9999.00  9999.00
 00017  1004.30     1.10    75.66     1.00   220.00     3.80     0.00  9999.00  9999.00  9999.00
 00018  1018.10     9.60    62.85     3.00   180.00    13.00     0.00  9999.00  9999.00  9999.00
 00019   953.60     9.40    80.88     1.00    20.00     2.00     0.00  9999.00  9999.00  9999.00
 00020  1023.50     2.70    63.06     2.00   140.00     6.00     0.00  9999.00  9999.00  9999.00
 00021   913.30    -5.80    81.77     1.00    90.00     3.40     0.00  9999.00  9999.00  9999.00
 00022  1018.70    -2.30    58.05     2.00   340.00     7.00     0.00  9999.00  9999.00  9999.00
 00023   935.50    -1.20    97.09     0.00     0.00     0.00     0.00  9999.00  9999.00  9999.00
 00024   968.30    -6.90    65.71     3.00   140.00     6.00     0.00  9999.00  9999.00  9999.00
 00025   814.10     2.40    84.08     1.00   250.00    22.00     0.00  9999.00  9999.00  9999.00
 00026  1016.90     8.00    82.98     1.00   340.00     6.00     0.00  9999.00  9999.00  9999.00
 00027  1007.00     9.60    62.85     0.00     0.00    11.00     0.00  9999.00  9999.00  9999.00
 00028   986.70     5.90    86.93     1.00   200.00     8.00     0.00  9999.00  9999.00  9999.00
 00029  1011.80    14.70    80.50     1.00   340.00    29.00     0.00  9999.00  9999.00  9999.00
 00030  1001.50    15.60    62.91     2.00    40.00     6.00     0.30  9999.00  9999.00  9999.00
 00031   629.30    -7.50     9.53     2.00   220.00    30.00     0.00  9999.00  9999.00  9999.00
 00032  1014.60     9.00    61.82     2.00   320.00    11.00     0.00  9999.00  9999.00  9999.00
 00033  1010.90    19.10    88.11     2.00    70.00    11.00     0.00  9999.00  9999.00  9999.00
 00034  1013.50    24.50    85.86     4.00    70.00    13.00     0.00  9999.00  9999.00  9999.00
 00035  1015.40    19.00    95.68     2.00    20.00     4.20     0.20  9999.00  9999.00  9999.00
 00036   842.80     6.00    62.90     1.00   360.00     4.70     0.00  9999.00  9999.00  9999.00
 00037  1018.10     7.50    75.66     2.00   270.00    12.00     0.00  9999.00  9999.00  9999.00
 00038  1015.80    11.00    66.82     1.00   340.00    16.00     0.00  9999.00  9999.00  9999.00
 00039  1020.10    13.30    55.80     4.00    20.00     9.00     0.00  9999.00  9999.00  9999.00
 00040  1015.20    15.50    52.95     5.00    40.00    13.00     0.00  9999.00  9999.00  9999.00
 00041   819.90     7.10     2.08     4.00   200.00    30.00     0.00  9999.00  9999.00  9999.00
 00042  1017.00     4.30    77.89     2.00   140.00     9.00     0.00  9999.00  9999.00  9999.00
 00043  1014.00     5.30   100.00     1.00   200.00     3.10     0.00  9999.00  9999.00  9999.00
 00044  1009.00     5.90    69.14     0.00    70.00    13.00     0.00  9999.00  9999.00  9999.00
 00045  1015.20    15.50    52.95     5.00    40.00    13.00     0.00  9999.00  9999.00  9999.00
 00046   974.60     6.70    79.94     1.00    70.00    15.00     0.00  9999.00  9999.00  9999.00
 00047  1021.00     7.60    62.83     2.00   270.00  9999.00     0.00  9999.00  9999.00  9999.00
 00048   658.60    -5.90    16.44     3.00    90.00    28.00     0.00  9999.00  9999.00  9999.00
 00049   602.30   -14.50    58.39     2.00   220.00    30.00     0.00  9999.00  9999.00  9999.00
 00050  1015.20    11.80    53.86     5.00   360.00    16.00     0.00  9999.00  9999.00  9999.00
