stn_id       p       t2      rh2      spd      dir      vis    rain6   rain24   tmax24   tmin24 
 00001   996.70     8.50    92.12     1.00   340.00     8.00     0.10  9999.00  9999.00  9999.00
 00002  1021.10     2.90    71.10     0.00   250.00  9999.00     0.00  9999.00  9999.00  9999.00
 00003   938.70    -0.20    32.56     4.00   340.00    30.00     0.00  9999.00  9999.00  9999.00
 00004   869.50    -8.20    50.03     0.00     0.00    16.00     0.00  9999.00  9999.00  9999.00
 00005  9999.00  9999.00  9999.00  9999.00  9999.00  9999.00  9999.00  9999.00  9999.00  9999.00
 00006   898.10    -9.70    28.90     3.00   250.00    30.00     0.00  9999.00  9999.00  9999.00
 00007  1023.00    -7.00    36.08     0.00     0.00    15.00     0.00  9999.00  9999.00  9999.00
 00008   997.40    -8.80    43.92     2.00   250.00     9.00     0.00  9999.00  9999.00  9999.00
 00009   975.20   -11.40    28.86     6.00   340.00    30.00     0.00  9999.00  9999.00  9999.00
 00010   990.50    -5.90    40.35     9.00   290.00    11.00     0.00  9999.00  9999.00  9999.00
 00011  1011.00   -13.20    56.52     2.00   290.00    14.00     0.00  9999.00  9999.00  9999.00
 00012  1028.00     3.60    22.61     3.00   320.00    30.00     0.00  9999.00  9999.00  9999.00
 00013  1024.80     3.70    66.68     3.00   360.00    10.00     0.00  9999.00  9999.00  9999.00
 00014  1021.60     4.40    93.84     2.00   340.00     3.60     5.00  9999.00  9999.00  9999.00
 00015  1011.00     0.70    50.79     2.00    70.00    21.00     0.00  9999.00  9999.00  9999.00
 00016   981.80     3.50    89.22     3.00   250.00     8.00     3.00  9999.00  9999.00  9999.00
 00017  1019.40     4.50    53.87     1.00    90.00    12.00     0.00  9999.00  9999.00  9999.00
 00018  1027.70     4.10    62.93     3.00   360.00    18.00     0.00  9999.00  9999.00  9999.00
 00019   958.20     8.20    59.87     1.00   110.00    27.00     0.00  9999.00  9999.00  9999.00
 00020  1026.50     4.70    69.91     4.00   340.00    14.00     0.00  9999.00  9999.00  9999.00
 00021   917.40    -9.30    77.15     2.00   360.00     1.20     0.00  9999.00  9999.00  9999.00
 00022  1031.60     0.30    31.68     1.00   320.00    30.00     0.00  9999.00  9999.00  9999.00
 00023   939.30   -16.20    75.29     3.00   250.00    27.00     0.00  9999.00  9999.00  9999.00
 00024   973.80   -10.60    68.89     1.00   110.00    17.00     0.00  9999.00  9999.00  9999.00
 00025   809.10    17.20    26.91     3.00   180.00    30.00     0.00  9999.00  9999.00  9999.00
 00026  1020.80     5.80    80.96     5.00    20.00    26.00     0.00  9999.00  9999.00  9999.00
 00027  1014.10     4.20    84.91     7.00   340.00     9.00     0.10  9999.00  9999.00  9999.00
 00028   994.10     4.50    93.19     3.00    20.00    19.00     0.30  9999.00  9999.00  9999.00
 00029  1006.70    15.40    89.54     5.00   360.00    30.00     1.00  9999.00  9999.00  9999.00
 00030   998.40    14.40    67.99     7.00    40.00    22.00     0.00  9999.00  9999.00  9999.00
 00031   623.30     5.60     2.07     1.00   220.00    30.00     0.00  9999.00  9999.00  9999.00
 00032  1009.10    11.60    94.81     1.00   160.00     3.90     3.00  9999.00  9999.00  9999.00
 00033  1004.00    22.60    91.17     1.00   360.00    11.00     0.00  9999.00  9999.00  9999.00
 00034  1011.50    25.90    87.04     2.00   110.00    30.00     0.00  9999.00  9999.00  9999.00
 00035  1009.10    25.60    89.16     2.00   160.00    18.00     0.00  9999.00  9999.00  9999.00
 00036   835.20    12.00    39.76     3.00   360.00    21.00     0.00  9999.00  9999.00  9999.00
 00037  1012.10    12.00    86.91     6.00   160.00    22.00     0.00  9999.00  9999.00  9999.00
 00038  1006.80    19.00    88.67     8.00   110.00  9999.00     0.00  9999.00  9999.00  9999.00
 00039  1015.10    12.90    89.95    10.00    40.00  9999.00     0.20  9999.00  9999.00  9999.00
 00040  1006.80    20.00    96.92     2.00   220.00     4.00     0.00  9999.00  9999.00  9999.00
 00041   816.70    -3.10   100.00     5.00    40.00     0.60     0.40  9999.00  9999.00  9999.00
 00042  1023.30     3.80    89.88     1.00   360.00     4.30     1.00  9999.00  9999.00  9999.00
 00043  1018.00     6.50    99.31     5.00    70.00    20.00     0.30  9999.00  9999.00  9999.00
 00044  1009.80     7.50    97.29     1.00   110.00     2.70     3.00  9999.00  9999.00  9999.00
 00045  1006.80    20.00    96.92     2.00   220.00     4.00     0.00  9999.00  9999.00  9999.00
 00046   972.30     9.80    89.72     4.00    20.00    18.00     0.00  9999.00  9999.00  9999.00
 00047  1016.80    11.50    72.73     2.00   340.00    20.00     0.10  9999.00  9999.00  9999.00
 00048   652.70     5.50     2.06     1.00    20.00    29.00     0.00  9999.00  9999.00  9999.00
 00049   598.40    -0.10     4.27     2.00   320.00    30.00     0.00  9999.00  9999.00  9999.00
 00050  1009.90    12.00    86.91    10.00    40.00     9.00     0.00  9999.00  9999.00  9999.00
