stn_id       p       t2      rh2      spd      dir      vis    rain6   rain24   tmax24   tmin24 
 00001   974.82     6.66    94.43     1.05    84.14    17.83     0.00     0.13    14.90     6.16
 00002  1004.27    -4.72    84.07     1.32   267.62    26.69     0.00     0.52     5.07    -5.58
 00003   907.00    -7.89    86.24     1.34    59.29    25.10     0.00     0.03     6.09    -8.76
 00004   832.75   -13.50    76.39     3.11   143.30    26.26     0.00     0.49    -2.40   -14.83
 00005   869.55   -13.09    97.97     2.62    61.96     3.11     0.00     0.04     0.23   -13.32
 00006   878.18    -8.19    69.11     5.46   185.51    34.19     0.00     0.08     0.45    -8.77
 00007  1013.61    -3.00    55.79     1.72    88.35    32.38     0.00     0.25     3.29    -5.73
 00008   997.11    -3.89    71.64     0.77   234.75    38.90     0.11     0.47     0.08    -9.61
 00009   951.98   -24.92    98.97     0.64   121.17    50.75     0.03     0.11    -9.40   -25.53
 00010   974.06    -4.21    85.32     0.33   118.01    31.93     0.48     0.87    -0.68   -10.91
 00011  1005.12    -7.32    69.63     1.40    97.30    46.45     0.06     0.15    -1.36   -10.07
 00012  1020.90    -5.61    84.86     1.79   111.15    27.90     0.00     1.70     2.76    -6.71
 00013  1020.86     7.37    86.55     3.21   315.51    18.65     0.00     1.01    14.46     7.18
 00014  1016.85     9.19    82.87     3.45   288.06    17.47     0.03     1.67    18.68     8.81
 00015  1004.46    -0.40    98.19     1.28   102.10     0.84     0.00     5.07     2.68    -1.70
 00016   958.34    -1.66    91.64     1.51    80.05    18.55     0.00     0.01     8.58    -3.58
 00017  1007.43    -2.35    95.61     0.54   281.15     8.54     0.00     0.15     8.46    -3.55
 00018  1020.56     5.05    87.67     2.39   307.54    18.02     0.01     0.60    13.04     4.64
 00019   938.23     8.42    89.30     0.77    48.00    19.38     0.16     0.19    14.83     6.17
 00020  1020.42     9.92    88.50     5.34   298.78    18.64     0.02     2.26    20.12     9.36
 00021   884.10    -8.78    69.39     0.67   239.77    32.33     0.01     0.06    -1.01    -9.68
 00022  1023.76    -3.94    90.46     2.20   328.19    25.25     0.00     1.66     3.52    -5.15
 00023   914.21    -6.39    78.69     2.34   264.85    16.64     0.20     0.42    -2.10    -7.08
 00024   939.73    -9.78    99.16     3.17   290.96    42.00     0.14     0.61    -5.29    -9.71
 00025   795.88     6.14    55.16     1.75   243.31    19.75     0.00     0.00    16.91     5.09
 00026  1019.40     7.87    85.36     3.01   287.56    17.51     0.02     4.12    13.26     6.80
 00027  1015.57     7.12    89.18     2.37   353.44    15.75     0.10     0.17     8.67     6.82
 00028   981.86     6.66    96.66     1.63    28.58    16.41     0.00     0.09    10.27     6.24
 00029  1012.01    15.68    87.12     3.69     1.19    20.13     0.16     5.10    27.18    15.46
 00030  1001.63    11.55    92.22     1.49   328.65    21.42     0.00     1.81    23.43    11.17
 00031   569.11    -9.99    45.55     2.68   223.27    32.71     0.00     0.00     4.10   -11.81
 00032   981.78    15.97    96.00     2.21   320.87    11.63     1.59     5.84    24.77    15.73
 00033  1012.29    22.38    94.11     2.76    49.57     0.75     0.24     0.67    23.32    20.66
 00034  1013.88    27.19    84.32     3.64    54.38    22.33     0.13     0.17    28.17    27.09
 00035  1011.65    22.34    96.95     1.89   327.54     0.21     0.02     0.04    29.87    21.29
 00036   774.69     3.17    72.44     1.79   139.91    20.48     0.00     0.01    12.14     1.05
 00037   972.25    15.64    95.85     2.16   315.18    15.54     1.05     7.58    24.25    15.55
 00038   999.08    19.56    96.68     1.26   331.40    19.14     1.17     2.58    24.26    17.98
 00039  1012.84    21.31    93.67     2.31   201.48     6.45     7.55    10.85    25.18    20.05
 00040  1010.33    21.41    92.84     1.23    12.12    15.10     2.74     6.86    24.55    20.02
 00041   978.08     5.83    93.91     1.47   219.05    16.13     0.05     1.73    14.09     5.70
 00042  1021.45     7.25    84.92     2.75   293.47    17.38     0.07     0.72    14.25     6.99
 00043  1012.64     7.00    91.49     2.79    39.44    17.56     0.06     4.14    13.30     6.72
 00044   992.51     9.05    94.92     0.75   291.56    16.18     0.06     4.64    15.41     8.86
 00045  1010.33    21.41    92.84     1.23    12.12    15.10     2.74     6.86    24.55    20.02
 00046   947.26    10.15    97.10     2.35    24.49    17.00     0.68    17.10    19.84    10.04
 00047  1007.28    14.98    82.39     6.24   330.75    18.04     0.69     3.90    23.68    15.00
 00048   600.19    -7.90    27.40     0.96   166.83    35.28     0.00    -0.01     3.68   -11.67
 00049   573.19   -12.02    64.37     0.41   149.55    24.19     0.01     0.02    -3.60   -17.38
 00050  1005.16    19.18    96.13     1.87   321.58     4.53     4.37     5.66    25.81    17.53
