stn_id       p       t2      rh2      spd      dir      vis    rain6   rain24   tmax24   tmin24 
 00001   980.90    11.29    77.90     1.79   289.87    17.97  9999.00  9999.00  9999.00  9999.00
 00002  1005.30     1.12    74.39     0.76    83.05    23.87  9999.00  9999.00  9999.00  9999.00
 00003   906.35     0.63    67.49     2.79   211.92    25.05  9999.00  9999.00  9999.00  9999.00
 00004   833.61    -3.97    79.05     4.16   263.35    19.40  9999.00  9999.00  9999.00  9999.00
 00005   869.81    -2.63    71.68     2.30   315.17    30.45  9999.00  9999.00  9999.00  9999.00
 00006   880.65    -3.02    59.71     4.20   271.82    33.09  9999.00  9999.00  9999.00  9999.00
 00007  1017.18     0.81    24.10     1.66   160.17    32.60  9999.00  9999.00  9999.00  9999.00
 00008  1001.42    -1.52    36.59     3.57   184.92    39.49  9999.00  9999.00  9999.00  9999.00
 00009   951.11   -13.88    60.75     1.08   162.58    57.67  9999.00  9999.00  9999.00  9999.00
 00010   981.08    -3.62    40.00     0.76   127.43    37.57  9999.00  9999.00  9999.00  9999.00
 00011  1009.64    -3.47    49.80     4.72   185.93    46.54  9999.00  9999.00  9999.00  9999.00
 00012  1022.51    -0.57    70.32     1.21    13.75    11.03  9999.00  9999.00  9999.00  9999.00
 00013  1013.25    13.36    92.66     0.78   291.98    17.23  9999.00  9999.00  9999.00  9999.00
 00014  1009.43    15.34    89.47     2.04   268.26    15.38  9999.00  9999.00  9999.00  9999.00
 00015  1003.81     2.39    95.54     2.10   145.29     2.16  9999.00  9999.00  9999.00  9999.00
 00016   963.98     3.74    86.20     0.81   271.91     9.62  9999.00  9999.00  9999.00  9999.00
 00017  1006.83     2.38    93.37     2.48   314.05    14.95  9999.00  9999.00  9999.00  9999.00
 00018  1013.07    11.82    92.45     2.74   285.67    16.73  9999.00  9999.00  9999.00  9999.00
 00019   943.54    12.26    65.42     2.92   222.90    21.36  9999.00  9999.00  9999.00  9999.00
 00020  1014.25    18.58    87.22     6.25   105.31    13.60  9999.00  9999.00  9999.00  9999.00
 00021   880.52    -8.77    88.62     0.45   238.80    14.32  9999.00  9999.00  9999.00  9999.00
 00022  1024.97     0.65    74.42     1.82    16.44    10.38  9999.00  9999.00  9999.00  9999.00
 00023   908.25    -5.08    55.43     0.61   211.33    39.90  9999.00  9999.00  9999.00  9999.00
 00024   935.30    -7.81    91.47     2.48   285.11    36.16  9999.00  9999.00  9999.00  9999.00
 00025   797.77    12.89    38.95     2.96   254.92    19.76  9999.00  9999.00  9999.00  9999.00
 00026  1014.49    12.61    92.92     2.55   322.81     4.56  9999.00  9999.00  9999.00  9999.00
 00027  1014.26     7.57    92.83     5.31   332.13    17.18  9999.00  9999.00  9999.00  9999.00
 00028   983.29     8.54    91.46     3.13    16.32    16.42  9999.00  9999.00  9999.00  9999.00
 00029  1010.03    24.16    84.45     3.60   130.27    20.23  9999.00  9999.00  9999.00  9999.00
 00030   999.24    21.51    94.68     0.62    76.15     4.78  9999.00  9999.00  9999.00  9999.00
 00031   569.64    -5.13    14.98     2.01   249.62    32.88  9999.00  9999.00  9999.00  9999.00
 00032   980.40    21.90    75.64     1.41   274.97    17.48  9999.00  9999.00  9999.00  9999.00
 00033  1012.24    22.23    97.88     3.08   133.01     0.59  9999.00  9999.00  9999.00  9999.00
 00034  1014.31    27.89    75.53     2.81    67.44    23.83  9999.00  9999.00  9999.00  9999.00
 00035  1011.26    28.26    72.22     3.96   154.41    22.12  9999.00  9999.00  9999.00  9999.00
 00036   778.91     5.51    67.72     0.30    83.48    20.55  9999.00  9999.00  9999.00  9999.00
 00037   970.79    21.56    76.55     1.15   271.58    17.26  9999.00  9999.00  9999.00  9999.00
 00038   999.54    22.78    75.90     0.28   223.83    19.36  9999.00  9999.00  9999.00  9999.00
 00039  1012.77    23.06    76.46     0.69   166.43    18.99  9999.00  9999.00  9999.00  9999.00
 00040  1011.22    23.33    77.94     1.93   102.12    15.57  9999.00  9999.00  9999.00  9999.00
 00041   972.02    12.67    93.21     1.03   240.84    10.61  9999.00  9999.00  9999.00  9999.00
 00042  1013.64    13.44    90.09     3.89   261.76    16.01  9999.00  9999.00  9999.00  9999.00
 00043  1008.24    12.04    98.30     1.68   314.71     4.40  9999.00  9999.00  9999.00  9999.00
 00044   987.71    14.87    90.52     1.52   292.23     8.28  9999.00  9999.00  9999.00  9999.00
 00045  1011.22    23.33    77.94     1.93   102.12    15.57  9999.00  9999.00  9999.00  9999.00
 00046   945.27    18.81    94.32     1.96   199.62     9.68  9999.00  9999.00  9999.00  9999.00
 00047  1003.63    19.79    90.71     1.61   312.44     6.93  9999.00  9999.00  9999.00  9999.00
 00048   601.12    -6.10    10.20     0.81    45.32    35.45  9999.00  9999.00  9999.00  9999.00
 00049   573.34    -7.98    32.47     1.24   198.04    28.60  9999.00  9999.00  9999.00  9999.00
 00050  1004.69    24.16    72.40     1.39   219.52    18.59  9999.00  9999.00  9999.00  9999.00
