stn_id       p       t2      rh2      spd      dir      vis    rain6   rain24   tmax24   tmin24 
 00001   996.25     2.65    59.73     1.25   231.26    22.62  9999.00  9999.00  9999.00  9999.00
 00002  1019.55   -12.34    56.76     6.18   289.96    26.41  9999.00  9999.00  9999.00  9999.00
 00003   918.57   -18.99    69.50     2.94   227.07    24.86  9999.00  9999.00  9999.00  9999.00
 00004   841.58   -25.47    86.16     3.66   283.05    24.52  9999.00  9999.00  9999.00  9999.00
 00005   880.88   -27.18    84.74     2.22   260.95    26.69  9999.00  9999.00  9999.00  9999.00
 00006   891.26   -26.97    86.56     6.61   278.52    29.81  9999.00  9999.00  9999.00  9999.00
 00007  1018.20   -16.65    76.64     3.80   326.82    36.42  9999.00  9999.00  9999.00  9999.00
 00008   997.85   -18.30    80.46     3.86   320.60    40.45  9999.00  9999.00  9999.00  9999.00
 00009   951.09   -26.58    70.83     1.87   294.90    50.54  9999.00  9999.00  9999.00  9999.00
 00010   965.35   -16.03    68.77     5.20   300.28    35.85  9999.00  9999.00  9999.00  9999.00
 00011  1003.80   -20.31    83.98     5.18   333.18    43.88  9999.00  9999.00  9999.00  9999.00
 00012  1034.56   -13.00    56.69     4.46   303.22    28.37  9999.00  9999.00  9999.00  9999.00
 00013  1035.43    -3.60    37.58     6.44   316.44    21.97  9999.00  9999.00  9999.00  9999.00
 00014  1030.25    -0.91    36.60     5.59   320.82    21.51  9999.00  9999.00  9999.00  9999.00
 00015  1018.97   -14.11    71.48     2.44   281.71    23.46  9999.00  9999.00  9999.00  9999.00
 00016   979.74    -5.54    43.61     0.76   150.83    23.68  9999.00  9999.00  9999.00  9999.00
 00017  1024.12    -9.40    63.83     5.64   298.21    22.65  9999.00  9999.00  9999.00  9999.00
 00018  1036.05    -3.39    37.72     5.93   323.08    21.32  9999.00  9999.00  9999.00  9999.00
 00019   958.04     1.59    41.57     0.80   160.96    26.61  9999.00  9999.00  9999.00  9999.00
 00020  1033.98    -1.32    36.57     8.36   307.41    21.94  9999.00  9999.00  9999.00  9999.00
 00021   900.50   -23.14    78.48     2.63   167.89    38.52  9999.00  9999.00  9999.00  9999.00
 00022  1037.80   -13.51    64.69     4.75   295.83    26.58  9999.00  9999.00  9999.00  9999.00
 00023   926.35   -16.24    48.49     1.85   141.29    34.21  9999.00  9999.00  9999.00  9999.00
 00024   959.65   -24.11    71.78     3.09   121.82    30.85  9999.00  9999.00  9999.00  9999.00
 00025   801.05     2.54    87.30     3.24    89.22    12.11  9999.00  9999.00  9999.00  9999.00
 00026  1034.03     0.72    49.49     5.55   287.87    19.90  9999.00  9999.00  9999.00  9999.00
 00027  1032.09     0.75    35.97     6.13    13.29    19.77  9999.00  9999.00  9999.00  9999.00
 00028   998.64     1.24    41.61     5.00    34.02    19.07  9999.00  9999.00  9999.00  9999.00
 00029  1020.93     9.20    52.48     6.92    13.21    20.81  9999.00  9999.00  9999.00  9999.00
 00030  1013.33     8.10    41.64     6.76     3.64    18.84  9999.00  9999.00  9999.00  9999.00
 00031   574.05    -2.45     7.73     1.71   239.09    34.61  9999.00  9999.00  9999.00  9999.00
 00032   990.83     5.14    95.80     3.51   312.36     1.88  9999.00  9999.00  9999.00  9999.00
 00033  1020.58    13.70    80.95     7.49     2.37    19.56  9999.00  9999.00  9999.00  9999.00
 00034  1016.04    25.95    89.66    12.67    29.09     8.71  9999.00  9999.00  9999.00  9999.00
 00035  1018.62    17.53    79.26     7.65    18.54    15.72  9999.00  9999.00  9999.00  9999.00
 00036   781.04    -1.80    67.66     1.12    40.61    17.95  9999.00  9999.00  9999.00  9999.00
 00037   980.93     4.35    97.30     3.17   305.30     1.30  9999.00  9999.00  9999.00  9999.00
 00038  1007.63     8.78    81.07     3.16   335.47    18.14  9999.00  9999.00  9999.00  9999.00
 00039  1022.35    11.61    84.00     8.88   260.31     1.72  9999.00  9999.00  9999.00  9999.00
 00040  1018.24    11.98    76.34     7.40    50.65    18.76  9999.00  9999.00  9999.00  9999.00
 00041   990.07    -3.62    55.84     4.59   347.87    19.95  9999.00  9999.00  9999.00  9999.00
 00042  1036.31    -2.30    39.34     5.79   319.99    21.41  9999.00  9999.00  9999.00  9999.00
 00043  1026.65     1.00    51.64     5.20    14.57    19.97  9999.00  9999.00  9999.00  9999.00
 00044  1004.34     1.81    61.43     2.53    11.15    19.62  9999.00  9999.00  9999.00  9999.00
 00045  1018.24    11.98    76.34     7.40    50.65    18.76  9999.00  9999.00  9999.00  9999.00
 00046   955.62     1.36    80.18     3.71    19.42    18.21  9999.00  9999.00  9999.00  9999.00
 00047  1017.81     3.84    60.87     8.67   330.05    12.81  9999.00  9999.00  9999.00  9999.00
 00048   605.77   -10.11    39.12     0.90   186.89    36.46  9999.00  9999.00  9999.00  9999.00
 00049   576.52    -2.72    13.33     0.61    90.68    27.65  9999.00  9999.00  9999.00  9999.00
 00050  1014.63     9.12    80.02     4.10   352.27     3.14  9999.00  9999.00  9999.00  9999.00
