stn_id       p       t2      rh2      spd      dir      vis    rain6   rain24   tmax24   tmin24 
 00001   961.16    28.39    84.37     1.72    71.70    26.98  9999.00  9999.00  9999.00  9999.00
 00002   984.53    28.36    62.08     2.29   181.12    27.44  9999.00  9999.00  9999.00  9999.00
 00003   896.86    24.83    49.69     1.26    49.23    26.04  9999.00  9999.00  9999.00  9999.00
 00004   832.25    18.52    55.22     1.32   122.88    25.09  9999.00  9999.00  9999.00  9999.00
 00005   865.15    18.78    70.94     1.28   185.50    26.19  9999.00  9999.00  9999.00  9999.00
 00006   875.38    18.62    54.55     1.24   169.90    25.76  9999.00  9999.00  9999.00  9999.00
 00007   995.71    22.20    87.82     3.61   188.65    25.11  9999.00  9999.00  9999.00  9999.00
 00008   978.23    19.10    89.53     5.90   244.99    25.08  9999.00  9999.00  9999.00  9999.00
 00009   941.74    16.45    85.94     1.76   342.61    35.16  9999.00  9999.00  9999.00  9999.00
 00010   959.91    17.62    97.75     0.46    51.78     8.51  9999.00  9999.00  9999.00  9999.00
 00011   981.26    20.86    91.66     5.82   191.19    14.23  9999.00  9999.00  9999.00  9999.00
 00012   999.44    27.41    76.87     2.73   175.81    25.56  9999.00  9999.00  9999.00  9999.00
 00013  1003.02    26.58    89.78     1.63   181.32    26.86  9999.00  9999.00  9999.00  9999.00
 00014  1000.73    25.77    95.29     1.54   188.21    28.81  9999.00  9999.00  9999.00  9999.00
 00015   985.93    25.35    90.95     2.36   174.78    24.01  9999.00  9999.00  9999.00  9999.00
 00016   944.25    27.16    61.32     2.22   123.42    26.38  9999.00  9999.00  9999.00  9999.00
 00017   986.29    28.43    67.03     2.40   171.42    26.53  9999.00  9999.00  9999.00  9999.00
 00018  1001.47    25.95    91.81     2.98   168.69    20.43  9999.00  9999.00  9999.00  9999.00
 00019   928.54    24.96    87.69     1.48   300.44    17.00  9999.00  9999.00  9999.00  9999.00
 00020  1006.63    24.94    95.74     3.01   162.51    23.09  9999.00  9999.00  9999.00  9999.00
 00021   883.78    26.15    25.06     2.43    51.43    25.53  9999.00  9999.00  9999.00  9999.00
 00022  1002.77    26.48    84.62     2.76   173.94    24.15  9999.00  9999.00  9999.00  9999.00
 00023   910.29    26.94    21.68     2.25   261.16    21.15  9999.00  9999.00  9999.00  9999.00
 00024   932.94    26.71    15.26     3.83   304.40    23.12  9999.00  9999.00  9999.00  9999.00
 00025   794.63    18.09    90.96     1.65   182.74    25.00  9999.00  9999.00  9999.00  9999.00
 00026  1002.11    26.37    95.97     1.32   186.43    29.37  9999.00  9999.00  9999.00  9999.00
 00027   997.17    28.35    88.06     2.70   149.10    28.78  9999.00  9999.00  9999.00  9999.00
 00028   967.55    27.96    77.78     2.84   193.79    27.21  9999.00  9999.00  9999.00  9999.00
 00029  1002.96    26.89    85.16     3.04   167.85    30.16  9999.00  9999.00  9999.00  9999.00
 00030   992.12    26.34    86.67     2.66   169.91    31.87  9999.00  9999.00  9999.00  9999.00
 00031   575.85     8.00    84.82     0.79   213.87    15.27  9999.00  9999.00  9999.00  9999.00
 00032   973.65    23.79    95.33     0.85   133.17    14.85  9999.00  9999.00  9999.00  9999.00
 00033  1006.20    23.00    96.93     3.71   140.16     0.27  9999.00  9999.00  9999.00  9999.00
 00034  1008.97    27.66    82.49     3.61   174.97    28.76  9999.00  9999.00  9999.00  9999.00
 00035  1005.55    26.72    92.48     2.56   132.81    31.52  9999.00  9999.00  9999.00  9999.00
 00036   774.28    19.86    72.83     1.64   182.07    24.83  9999.00  9999.00  9999.00  9999.00
 00037   964.17    24.06    95.92     0.78   118.19    20.44  9999.00  9999.00  9999.00  9999.00
 00038   991.77    24.79    96.30     0.96   155.77    28.74  9999.00  9999.00  9999.00  9999.00
 00039  1005.18    25.48    94.31     3.97   208.36    27.80  9999.00  9999.00  9999.00  9999.00
 00040  1003.42    25.66    97.00     2.23   216.23    29.27  9999.00  9999.00  9999.00  9999.00
 00041   964.31    23.20    97.81     1.13   175.84    28.16  9999.00  9999.00  9999.00  9999.00
 00042  1003.33    26.51    90.27     1.52   174.31    27.48  9999.00  9999.00  9999.00  9999.00
 00043   995.92    27.47    90.12     1.04   156.38    29.96  9999.00  9999.00  9999.00  9999.00
 00044   978.52    25.25    96.51     0.93   104.22    28.12  9999.00  9999.00  9999.00  9999.00
 00045  1003.42    25.66    97.00     2.23   216.23    29.27  9999.00  9999.00  9999.00  9999.00
 00046   938.88    23.67    83.12     1.51   193.41    28.39  9999.00  9999.00  9999.00  9999.00
 00047   997.45    24.22    95.61     3.35   167.14    17.63  9999.00  9999.00  9999.00  9999.00
 00048   606.03    10.79    74.98     0.94   178.32    25.69  9999.00  9999.00  9999.00  9999.00
 00049   580.51     5.22    98.78     1.64   201.96     2.37  9999.00  9999.00  9999.00  9999.00
 00050   997.44    25.37    92.20     2.68   205.20    27.29  9999.00  9999.00  9999.00  9999.00
