stn_id       p       t2      rh2      spd      dir      vis    rain6   rain24   tmax24   tmin24 
 00001   963.46    25.13    54.86     2.68   126.77    21.47  9999.00  9999.00  9999.00  9999.00
 00002   982.66    23.01    50.65     2.56   220.34    20.21  9999.00  9999.00  9999.00  9999.00
 00003   894.85    18.63    27.64     4.75   282.12    18.45  9999.00  9999.00  9999.00  9999.00
 00004   827.37    10.14    33.51     8.78   282.79    16.89  9999.00  9999.00  9999.00  9999.00
 00005   860.11     8.10    33.39     8.84   282.60    16.74  9999.00  9999.00  9999.00  9999.00
 00006   865.99     9.66    17.07    10.24   287.49    16.64  9999.00  9999.00  9999.00  9999.00
 00007   989.79    19.03    63.59     6.77   186.33    20.52  9999.00  9999.00  9999.00  9999.00
 00008   972.39    13.48    76.29     7.73   217.17    22.53  9999.00  9999.00  9999.00  9999.00
 00009   923.17    -0.24    57.69     4.48    98.19    15.45  9999.00  9999.00  9999.00  9999.00
 00010   954.93    14.30    56.47     2.53   208.76    23.24  9999.00  9999.00  9999.00  9999.00
 00011   976.54    15.33    51.04     8.48   218.13    24.83  9999.00  9999.00  9999.00  9999.00
 00012   993.73    23.57    41.41     5.82   226.29    18.86  9999.00  9999.00  9999.00  9999.00
 00013  1005.37    24.38    57.11     3.43   200.62    21.67  9999.00  9999.00  9999.00  9999.00
 00014  1003.98    23.72    58.96     2.28   184.03    22.12  9999.00  9999.00  9999.00  9999.00
 00015   983.48    24.05    44.93     4.83   197.98    19.01  9999.00  9999.00  9999.00  9999.00
 00016   946.16    24.50    52.13     2.92   214.24    18.96  9999.00  9999.00  9999.00  9999.00
 00017   985.04    27.83    39.57     3.77   216.15    19.81  9999.00  9999.00  9999.00  9999.00
 00018  1003.42    23.80    56.48     5.02   190.51    21.33  9999.00  9999.00  9999.00  9999.00
 00019   928.92    22.41    56.15     1.10   194.82    23.48  9999.00  9999.00  9999.00  9999.00
 00020  1010.37    22.05    60.43     3.70   154.52    20.68  9999.00  9999.00  9999.00  9999.00
 00021   889.20    12.15    38.53     2.61   192.11    30.19  9999.00  9999.00  9999.00  9999.00
 00022   997.66    24.36    47.20     7.17   215.73    18.65  9999.00  9999.00  9999.00  9999.00
 00023   914.15    13.09    40.35     4.04   117.15    27.08  9999.00  9999.00  9999.00  9999.00
 00024   943.81     8.64    31.41     3.83   123.67    29.89  9999.00  9999.00  9999.00  9999.00
 00025   791.46    26.44    18.90     7.65   245.82    23.96  9999.00  9999.00  9999.00  9999.00
 00026  1005.34    22.40    69.28     3.44   203.99    21.15  9999.00  9999.00  9999.00  9999.00
 00027  1000.00    23.18    73.31     2.53   192.55    21.67  9999.00  9999.00  9999.00  9999.00
 00028   968.85    21.55    78.12     3.55   182.05    20.37  9999.00  9999.00  9999.00  9999.00
 00029  1004.94    25.62    74.62     1.67   159.04    23.46  9999.00  9999.00  9999.00  9999.00
 00030   992.91    22.65    89.12     0.91   211.57    26.29  9999.00  9999.00  9999.00  9999.00
 00031   570.44     5.19    10.95     4.40   254.51    26.65  9999.00  9999.00  9999.00  9999.00
 00032   976.29    21.62    68.87     2.15   113.24    20.12  9999.00  9999.00  9999.00  9999.00
 00033  1006.82    23.85    86.50     4.06   115.70    25.05  9999.00  9999.00  9999.00  9999.00
 00034  1010.02    27.51    74.76     5.81    83.01    27.31  9999.00  9999.00  9999.00  9999.00
 00035  1006.70    28.13    70.13     4.96   157.75    25.54  9999.00  9999.00  9999.00  9999.00
 00036   769.06    24.31    19.62     3.67   222.63    22.89  9999.00  9999.00  9999.00  9999.00
 00037   966.47    22.22    65.36     1.78   119.58    20.07  9999.00  9999.00  9999.00  9999.00
 00038   994.15    24.73    58.50     1.61   153.31    22.40  9999.00  9999.00  9999.00  9999.00
 00039  1008.37    22.66    66.40     4.18   153.27    21.81  9999.00  9999.00  9999.00  9999.00
 00040  1006.19    23.46    66.57     4.05   159.61    22.94  9999.00  9999.00  9999.00  9999.00
 00041   966.41    22.12    59.19     2.66   207.59    21.26  9999.00  9999.00  9999.00  9999.00
 00042  1005.83    24.69    61.61     1.96   199.48    21.79  9999.00  9999.00  9999.00  9999.00
 00043   999.45    20.98    78.10     2.15   193.40    10.12  9999.00  9999.00  9999.00  9999.00
 00044   981.14    22.74    69.96     0.62    52.43    21.41  9999.00  9999.00  9999.00  9999.00
 00045  1006.19    23.46    66.57     4.05   159.61    22.94  9999.00  9999.00  9999.00  9999.00
 00046   940.47    20.84    67.38     2.43   200.04    21.73  9999.00  9999.00  9999.00  9999.00
 00047  1001.15    20.77    75.32     2.45   107.57    20.95  9999.00  9999.00  9999.00  9999.00
 00048   601.95     3.93    44.02     2.26   218.62    21.42  9999.00  9999.00  9999.00  9999.00
 00049   575.37    -1.01    56.17     2.94   213.46    25.65  9999.00  9999.00  9999.00  9999.00
 00050  1000.48    22.37    67.70     3.27   155.01    21.35  9999.00  9999.00  9999.00  9999.00
