stn_id       p       t2      rh2      spd      dir      vis    rain6   rain24   tmax24   tmin24 
 00001   969.02    22.60    55.14     1.39   102.83    21.49  9999.00  9999.00  9999.00  9999.00
 00002   984.55    24.09    38.00     2.11   195.37    20.22  9999.00  9999.00  9999.00  9999.00
 00003   895.02    16.72    41.05     0.80   177.90    18.49  9999.00  9999.00  9999.00  9999.00
 00004   827.59    11.02    36.48     4.92   250.97    16.93  9999.00  9999.00  9999.00  9999.00
 00005   860.14     6.92    56.72     2.25   206.05    16.80  9999.00  9999.00  9999.00  9999.00
 00006   868.25     9.53    18.62     4.04   276.48    16.74  9999.00  9999.00  9999.00  9999.00
 00007   993.55    18.72    56.34    10.35   192.13    20.61  9999.00  9999.00  9999.00  9999.00
 00008   973.25    18.77    43.42    12.14   212.51    22.66  9999.00  9999.00  9999.00  9999.00
 00009   927.82    -1.04    42.62     4.62    97.27    37.72  9999.00  9999.00  9999.00  9999.00
 00010   958.33    17.50    36.10     3.40   211.95    23.34  9999.00  9999.00  9999.00  9999.00
 00011   978.15    18.17    44.33    10.39   204.80    24.95  9999.00  9999.00  9999.00  9999.00
 00012   998.93    20.31    36.06     3.17   215.83    18.94  9999.00  9999.00  9999.00  9999.00
 00013  1009.06    23.07    47.74     4.54   181.92    21.67  9999.00  9999.00  9999.00  9999.00
 00014  1007.92    22.14    56.21     3.31   192.14    22.13  9999.00  9999.00  9999.00  9999.00
 00015   987.88    22.14    44.86     6.08   191.85    19.06  9999.00  9999.00  9999.00  9999.00
 00016   946.76    20.81    54.70     0.36   241.71    18.95  9999.00  9999.00  9999.00  9999.00
 00017   989.00    23.37    46.62     3.67   182.29    19.85  9999.00  9999.00  9999.00  9999.00
 00018  1007.00    22.63    46.33     6.11   188.33    21.33  9999.00  9999.00  9999.00  9999.00
 00019   932.89    20.34    57.78     1.37   141.94    23.50  9999.00  9999.00  9999.00  9999.00
 00020  1013.69    22.42    52.27     3.60   191.58    20.68  9999.00  9999.00  9999.00  9999.00
 00021   892.88     6.91    60.59     0.95   252.39    30.34  9999.00  9999.00  9999.00  9999.00
 00022  1002.01    22.53    43.73     5.29   213.24    18.70  9999.00  9999.00  9999.00  9999.00
 00023   919.05     5.58    41.65     1.91    82.91    27.21  9999.00  9999.00  9999.00  9999.00
 00024   948.16     0.86    50.77     1.84   293.16    30.03  9999.00  9999.00  9999.00  9999.00
 00025   795.00    23.54    21.41     6.51   262.25    24.01  9999.00  9999.00  9999.00  9999.00
 00026  1009.12    22.40    61.27     3.78   177.35    22.21  9999.00  9999.00  9999.00  9999.00
 00027  1003.95    20.13    73.56     3.86   171.48    21.70  9999.00  9999.00  9999.00  9999.00
 00028   973.07    18.74    79.27     3.40   198.23    20.56  9999.00  9999.00  9999.00  9999.00
 00029  1010.88    21.17    76.38     1.72   134.50    23.36  9999.00  9999.00  9999.00  9999.00
 00030   998.35    19.65    92.98     1.66    71.45    14.71  9999.00  9999.00  9999.00  9999.00
 00031   573.46    -0.54    24.36     2.79   261.18    26.79  9999.00  9999.00  9999.00  9999.00
 00032   980.04    21.57    62.75     0.32   218.17    20.13  9999.00  9999.00  9999.00  9999.00
 00033  1011.79    21.91    94.19     5.04   125.22     5.08  9999.00  9999.00  9999.00  9999.00
 00034  1014.26    27.26    75.95     7.27    77.25    27.31  9999.00  9999.00  9999.00  9999.00
 00035  1011.26    27.59    71.41     5.21   142.14    24.90  9999.00  9999.00  9999.00  9999.00
 00036   774.98    16.40    49.70     0.85   242.89    23.04  9999.00  9999.00  9999.00  9999.00
 00037   970.25    21.34    60.70     0.42   177.97    20.08  9999.00  9999.00  9999.00  9999.00
 00038   999.41    22.35    52.96     0.76   245.14    22.41  9999.00  9999.00  9999.00  9999.00
 00039  1012.61    21.73    61.36     1.34    34.42    21.83  9999.00  9999.00  9999.00  9999.00
 00040  1011.17    22.60    56.34     1.08   102.29    22.96  9999.00  9999.00  9999.00  9999.00
 00041   969.60    21.04    53.31     3.20   175.59    21.25  9999.00  9999.00  9999.00  9999.00
 00042  1009.38    23.95    49.87     4.38   188.66    21.79  9999.00  9999.00  9999.00  9999.00
 00043  1002.93    22.83    61.99     4.41   190.90    22.59  9999.00  9999.00  9999.00  9999.00
 00044   985.32    20.62    60.80     1.89   140.13    21.41  9999.00  9999.00  9999.00  9999.00
 00045  1011.17    22.60    56.34     1.08   102.29    22.96  9999.00  9999.00  9999.00  9999.00
 00046   944.56    19.81    61.61     3.30   210.99    21.73  9999.00  9999.00  9999.00  9999.00
 00047  1004.69    20.70    64.95     1.12    86.51    20.96  9999.00  9999.00  9999.00  9999.00
 00048   603.80     3.20    43.40     1.31   219.52    30.00  9999.00  9999.00  9999.00  9999.00
 00049   576.70    -4.12    51.57     1.81   211.89    25.56  9999.00  9999.00  9999.00  9999.00
 00050  1004.44    22.87    58.75     0.49   164.69    21.37  9999.00  9999.00  9999.00  9999.00
