stn_id       p       t2      rh2      spd      dir      vis    rain6   rain24   tmax24   tmin24 
 00001   969.18    16.18    71.70     0.38   321.84    21.87     0.01  9999.00  9999.00  9999.00
 00002  1004.29     3.38    75.17     3.14   343.59    16.94     0.39  9999.00  9999.00  9999.00
 00003   903.84     7.45    37.96     4.61    74.81    24.14     0.00  9999.00  9999.00  9999.00
 00004   832.78     7.38    15.36     1.00    94.02    24.00     0.00  9999.00  9999.00  9999.00
 00005   870.16     1.71    19.50     1.27   178.45    26.47     0.00  9999.00  9999.00  9999.00
 00006   882.74    -4.14    49.10     3.09    71.65    28.36     0.00  9999.00  9999.00  9999.00
 00007  1018.51    -3.82    38.84     4.46   354.71    33.87     0.00  9999.00  9999.00  9999.00
 00008  1000.78   -10.87    45.33     4.95   292.34    38.52     0.00  9999.00  9999.00  9999.00
 00009   947.64   -25.69    69.64     4.99   303.85    47.68     0.08  9999.00  9999.00  9999.00
 00010   971.06    -5.18    31.66     6.67   293.08    38.33     0.00  9999.00  9999.00  9999.00
 00011  1006.26   -14.70    77.63     5.83   265.66    42.48     0.00  9999.00  9999.00  9999.00
 00012  1022.45     5.05    37.84     1.95   107.01    27.09     0.00  9999.00  9999.00  9999.00
 00013  1012.00    20.05    58.45     1.25   283.80    20.99     0.00  9999.00  9999.00  9999.00
 00014  1009.09    20.32    54.88     0.61   232.96    20.43     0.10  9999.00  9999.00  9999.00
 00015   999.84    11.83    53.39     6.46    63.41    22.54     0.00  9999.00  9999.00  9999.00
 00016   952.52    12.52    54.54     2.87    36.48    22.54     0.00  9999.00  9999.00  9999.00
 00017   998.76    12.45    52.34     6.34    44.30    21.60     0.00  9999.00  9999.00  9999.00
 00018  1009.92    21.20    50.03     1.58   149.38    20.37     0.00  9999.00  9999.00  9999.00
 00019   932.96    12.68    80.24     1.03   146.66    18.67     0.15  9999.00  9999.00  9999.00
 00020  1015.30    19.37    59.39     0.84   306.19    20.99     0.00  9999.00  9999.00  9999.00
 00021   894.61    -7.52    83.84     1.00   224.88    35.17     0.18  9999.00  9999.00  9999.00
 00022  1025.00     5.38    33.54     4.62    78.00    25.46     0.00  9999.00  9999.00  9999.00
 00023   925.51    -7.80    80.49     3.38   282.85    22.37     0.36  9999.00  9999.00  9999.00
 00024   952.12   -14.16    90.36     3.98   299.47    32.59     0.05  9999.00  9999.00  9999.00
 00025   794.36    16.36    61.23     6.02   266.70    19.02     0.03  9999.00  9999.00  9999.00
 00026  1009.47    18.09    68.78     1.91   143.33    19.25     1.14  9999.00  9999.00  9999.00
 00027  1003.63    17.30    81.37     2.57   128.20    13.59     0.11  9999.00  9999.00  9999.00
 00028   971.40    16.52    93.37     1.11    20.50     2.97     3.77  9999.00  9999.00  9999.00
 00029  1007.09    21.66    91.66     1.28    43.55     5.33     3.02  9999.00  9999.00  9999.00
 00030   993.86    26.48    68.82     3.06   202.87    22.07     0.08  9999.00  9999.00  9999.00
 00031   569.41     1.56    11.51     4.38   223.60    34.24     0.00  9999.00  9999.00  9999.00
 00032   978.57    22.73    67.50     1.49    82.35    18.00     0.00  9999.00  9999.00  9999.00
 00033  1008.78    22.02    94.20     1.60   166.77     0.11     0.03  9999.00  9999.00  9999.00
 00034  1010.61    27.63    79.90     1.61    32.17    26.26     0.08  9999.00  9999.00  9999.00
 00035  1007.63    28.79    64.28     1.18   103.03    14.67     0.02  9999.00  9999.00  9999.00
 00036   772.70    13.64    60.36     3.24   197.17    20.93     0.12  9999.00  9999.00  9999.00
 00037   968.88    22.61    63.28     1.05    89.45    17.92     0.00  9999.00  9999.00  9999.00
 00038   995.94    25.87    43.22     0.48   315.07    19.94     0.00  9999.00  9999.00  9999.00
 00039  1009.91    23.78    65.22     2.68    69.12    19.63     0.00  9999.00  9999.00  9999.00
 00040  1007.46    25.68    51.39     2.14    99.27    20.64     0.00  9999.00  9999.00  9999.00
 00041   970.58    18.51    66.79     1.15   140.05    19.10     0.44  9999.00  9999.00  9999.00
 00042  1011.99    20.89    53.21     0.71   162.18    20.42     0.11  9999.00  9999.00  9999.00
 00043  1002.86    17.57    78.82     0.67    65.31    19.39     0.76  9999.00  9999.00  9999.00
 00044   985.61    15.87    76.38     1.30    87.70    18.97     0.83  9999.00  9999.00  9999.00
 00045  1007.46    25.68    51.39     2.14    99.27    20.64     0.00  9999.00  9999.00  9999.00
 00046   942.59    20.75    66.30     2.23   235.25    18.73     0.00  9999.00  9999.00  9999.00
 00047  1003.62    19.84    81.90     1.92   154.33    19.32     0.86  9999.00  9999.00  9999.00
 00048   602.17    -5.60    63.01     0.95    92.15    35.31     0.09  9999.00  9999.00  9999.00
 00049   574.68    -3.26    64.15     2.67   206.56    27.07     0.08  9999.00  9999.00  9999.00
 00050  1002.05    24.87    54.14     1.52    96.00    19.14     0.00  9999.00  9999.00  9999.00
