stn_id       p       t2      rh2      spd      dir      vis    rain6   rain24   tmax24   tmin24 
 00001   968.63    14.34    84.39     1.23    56.79    21.81     0.00     0.04    16.26     8.16
 00002  1007.81     2.21    78.04     2.77   322.64    20.37     0.56     0.95     5.12     0.04
 00003   907.56    -0.41    87.47     3.00    55.80    24.24     0.00     0.00     7.60    -4.68
 00004   834.30    -5.21    54.72     2.38   130.93    24.06     0.00     0.00     7.47    -6.29
 00005   870.95    -4.04    28.85     1.97    28.05    26.51     0.00     0.00     1.76    -8.82
 00006   884.14    -9.17    59.92     3.45    65.49    28.43     0.00     0.01    -4.12   -10.46
 00007  1022.57    -8.44    38.21     3.79   303.45    34.04     0.00     0.00     1.16    -8.36
 00008  1003.96   -13.78    55.07     4.12   267.38    38.70     0.00     0.00    -6.30   -13.80
 00009   951.24   -27.23    86.85     4.09   301.05    49.07     0.02     0.23   -25.69   -31.41
 00010   975.69    -9.82    37.75     4.50   287.10    38.54     0.00     0.31     4.42    -9.73
 00011  1009.13   -20.18    86.29     4.72   259.22    42.64     0.00     0.00    -9.72   -20.09
 00012  1025.71    -1.13    56.77     2.01   115.18    27.19     0.00     0.00     7.40    -2.93
 00013  1013.91    12.13    88.53     2.28    78.00    21.04     0.00     0.01    20.05     7.88
 00014  1010.78    12.69    86.90     1.56   187.05    20.50     0.00     0.10    20.47     8.95
 00015  1003.79     5.17    74.38     4.83    67.76    22.41     0.00     0.00    12.06     4.03
 00016   952.98     5.26    84.47     1.72   114.58    22.57     0.00     0.00    12.67     2.27
 00017  1002.67     8.63    72.91     6.40    36.48    21.26     0.02     0.02    12.49     4.47
 00018  1011.97    13.24    84.37     2.30    94.46    20.42     0.00     0.00    21.21    10.60
 00019   933.11    11.50    87.10     0.92    33.51    22.56     0.22     0.45    12.81     7.91
 00020  1017.18    11.41    90.22     2.52    67.64    21.05     0.00     0.00    19.48     8.72
 00021   897.59    -8.83    95.00     1.50   211.15     9.20     0.47     1.18    -6.99   -10.40
 00022  1028.18     0.42    48.49     4.41    64.96    25.55     0.00     0.00     7.56    -0.45
 00023   928.48   -10.98    84.34     2.03   246.58    27.96     0.33     1.26    -7.53   -10.95
 00024   954.55   -16.08    94.22     3.37   302.52    33.11     0.04     0.16   -13.76   -20.65
 00025   793.84    11.57    78.68     3.23   233.88    19.01     0.00     0.24    16.65    10.67
 00026  1010.29    15.81    82.84     1.87    52.86    19.26     0.10     2.55    18.41    12.93
 00027  1003.95    15.87    88.21     2.94   108.28     4.35     1.36     2.46    17.50    14.50
 00028   971.67    15.19    97.80     1.10   106.18    13.41     1.36     8.51    16.63    14.05
 00029  1006.95    20.70    92.64     2.50    80.20    18.69     0.43     4.76    21.97    17.14
 00030   993.35    23.48    88.68     3.59   158.50    21.16     0.02     0.10    26.53    17.22
 00031   567.62    -6.33    16.62     3.39   214.59    34.18     0.00     0.00     2.82   -10.40
 00032   980.35    16.00    93.07     1.88    41.10    18.02     0.00     0.00    22.87    11.89
 00033  1008.78    19.58    96.94     4.14   120.46     0.24     0.05     0.08    22.46    19.11
 00034  1011.30    27.66    81.09     1.48    78.43    26.55     0.01     0.55    27.79    26.47
 00035  1008.16    24.05    93.70     1.66   115.93    23.58     0.01     0.02    28.98    19.60
 00036   771.47     8.39    82.95     2.27   179.61    20.91     0.01     0.19    13.99     7.28
 00037   970.63    15.93    93.06     1.42    62.69    17.95     0.00     0.01    22.61    11.38
 00038   997.30    18.76    74.73     1.42   103.25    19.98     0.00     0.00    25.90    10.60
 00039  1011.34    21.76    85.56     6.16    41.02    19.68     0.00     0.00    23.93    17.49
 00040  1008.57    22.25    70.85     3.33    74.18    20.68     0.00     0.00    25.74    16.29
 00041   972.42    13.71    86.89     1.28   118.83    19.15     0.83     1.31    18.52     7.73
 00042  1013.50    14.02    78.35     2.52    97.14    20.47     0.00     0.11    20.91     8.59
 00043  1003.40    15.76    89.78     1.40    42.59    15.40     0.02     1.45    17.63    13.43
 00044   986.05    13.99    89.14     1.81    67.88    19.01     1.35     2.44    16.30     8.68
 00045  1008.57    22.25    70.85     3.33    74.18    20.68     0.00     0.00    25.74    16.29
 00046   942.86    16.92    87.56     0.85   116.86    18.75     0.00     0.00    20.94     8.47
 00047  1005.17    17.82    94.57     0.60   328.66    13.20     1.60     2.48    19.89    13.52
 00048   599.57    -7.05    68.45     1.82    21.50    35.97     0.00     0.20    -2.38   -12.63
 00049   573.28    -7.22    94.63     1.71   198.67    20.07     0.08     0.20    -3.10   -15.04
 00050  1003.76    18.92    88.44     3.24    28.11    19.19     0.00     0.00    24.89    13.31
