stn_id       p       t2      rh2      spd      dir      vis    rain6   rain24   tmax24   tmin24 
 00001   971.20     8.74    99.68     0.67    92.91     3.54  9999.00  9999.00  9999.00  9999.00
 00002   999.02     1.24    63.94     2.75   318.61    25.61  9999.00  9999.00  9999.00  9999.00
 00003   903.17    -3.96    71.53     1.79   277.65    24.10  9999.00  9999.00  9999.00  9999.00
 00004   832.78    -5.00    43.09     1.23   128.56    23.98  9999.00  9999.00  9999.00  9999.00
 00005   868.72    -7.99    46.61     1.30   180.05    26.40  9999.00  9999.00  9999.00  9999.00
 00006   880.79    -9.71    79.15     1.26   145.35    28.26  9999.00  9999.00  9999.00  9999.00
 00007  1013.35    -7.26    52.65     3.90    20.38    33.63  9999.00  9999.00  9999.00  9999.00
 00008   995.60   -11.72    62.64     3.63   300.29    38.26  9999.00  9999.00  9999.00  9999.00
 00009   944.27   -31.05    98.00     3.45   284.20    40.53  9999.00  9999.00  9999.00  9999.00
 00010   966.21    -7.26    68.84     5.65   293.17    38.09  9999.00  9999.00  9999.00  9999.00
 00011  1000.29   -16.46    83.91     6.20   285.36    42.17  9999.00  9999.00  9999.00  9999.00
 00012  1016.59    -0.48    59.15     2.53    34.74    26.93  9999.00  9999.00  9999.00  9999.00
 00013  1011.61     8.77    86.63     2.15   208.52    20.93  9999.00  9999.00  9999.00  9999.00
 00014  1009.05     9.97    82.04     2.01   219.29    20.38  9999.00  9999.00  9999.00  9999.00
 00015   995.27     4.32    91.35     2.43    81.37    22.45  9999.00  9999.00  9999.00  9999.00
 00016   954.20     4.62    89.80     0.38   268.10    21.65  9999.00  9999.00  9999.00  9999.00
 00017   995.37     5.56    93.22     2.80   324.62    21.52  9999.00  9999.00  9999.00  9999.00
 00018  1009.41    11.08    83.34     2.04   147.93    20.32  9999.00  9999.00  9999.00  9999.00
 00019   934.77     8.55    98.98     0.74   245.55     4.49  9999.00  9999.00  9999.00  9999.00
 00020  1014.95     9.52    92.32     2.43   231.80    20.94  9999.00  9999.00  9999.00  9999.00
 00021   890.55    -9.06    94.25     1.15    57.89    26.97  9999.00  9999.00  9999.00  9999.00
 00022  1018.87     1.78    71.62     5.21    78.14    25.33  9999.00  9999.00  9999.00  9999.00
 00023   921.02    -8.69    80.47     0.90   270.32    22.87  9999.00  9999.00  9999.00  9999.00
 00024   948.83   -17.60    91.37     3.13   303.05    32.07  9999.00  9999.00  9999.00  9999.00
 00025   795.44    10.94    98.97     3.47   257.95     0.84  9999.00  9999.00  9999.00  9999.00
 00026  1010.32    13.19    88.04     1.48    93.32    19.25  9999.00  9999.00  9999.00  9999.00
 00027  1004.43    15.23    75.21     2.36   162.42    19.16  9999.00  9999.00  9999.00  9999.00
 00028   972.52    14.29    88.13     0.99   115.37    17.46  9999.00  9999.00  9999.00  9999.00
 00029  1007.77    18.89    80.65     1.57    42.80     5.24  9999.00  9999.00  9999.00  9999.00
 00030   995.56    17.94    96.44     1.54   259.46    22.09  9999.00  9999.00  9999.00  9999.00
 00031   570.96    -9.04    56.16     2.03   206.34    34.27  9999.00  9999.00  9999.00  9999.00
 00032   979.60    12.84    95.32     1.78   302.61    17.66  9999.00  9999.00  9999.00  9999.00
 00033  1009.99    20.94    93.14     3.24   185.21    16.47  9999.00  9999.00  9999.00  9999.00
 00034  1011.86    26.65    83.99     3.64    11.44    25.45  9999.00  9999.00  9999.00  9999.00
 00035  1009.25    20.70    91.47     1.04   226.00    23.41  9999.00  9999.00  9999.00  9999.00
 00036   774.74     7.86    97.86     1.06   198.05     7.26  9999.00  9999.00  9999.00  9999.00
 00037   969.99    12.74    95.66     1.22   305.52    17.59  9999.00  9999.00  9999.00  9999.00
 00038   998.15    11.12    83.96     1.03   304.87    19.95  9999.00  9999.00  9999.00  9999.00
 00039  1011.21    17.89    86.16     3.59   328.00    19.63  9999.00  9999.00  9999.00  9999.00
 00040  1009.22    16.44    73.91     2.80    43.26    20.65  9999.00  9999.00  9999.00  9999.00
 00041   971.04     8.67    83.69     1.39   166.61    19.04  9999.00  9999.00  9999.00  9999.00
 00042  1012.07     8.71    84.79     1.57   197.13    20.37  9999.00  9999.00  9999.00  9999.00
 00043  1003.64    13.71    87.92     1.24   107.46    19.38  9999.00  9999.00  9999.00  9999.00
 00044   986.18    10.26    85.28     1.11    82.43    18.94  9999.00  9999.00  9999.00  9999.00
 00045  1009.22    16.44    73.91     2.80    43.26    20.65  9999.00  9999.00  9999.00  9999.00
 00046   943.55     9.29    77.82     1.33   138.20    18.69  9999.00  9999.00  9999.00  9999.00
 00047  1003.92    14.32    92.96     2.62   320.36    19.28  9999.00  9999.00  9999.00  9999.00
 00048   603.43   -11.24    96.97     1.28    67.77     5.57  9999.00  9999.00  9999.00  9999.00
 00049   575.30   -14.30    95.44     0.51   159.03     7.92  9999.00  9999.00  9999.00  9999.00
 00050  1003.38    13.50    91.78     2.88   318.97    19.14  9999.00  9999.00  9999.00  9999.00
