stn_id       p       t2      rh2      spd      dir      vis    rain6   rain24   tmax24   tmin24 
 00001   969.27    14.25    84.63     1.68   269.97    16.51     0.54  9999.00  9999.00  9999.00
 00002  1011.05    -0.71    82.73     3.62   315.98     5.22     3.35  9999.00  9999.00  9999.00
 00003   909.12    -0.77    76.16     4.39    55.07     5.46     4.61  9999.00  9999.00  9999.00
 00004   835.37    -2.32    78.38     3.17   137.33     5.02     2.93  9999.00  9999.00  9999.00
 00005   871.82     1.19    58.87     2.85   150.10    21.57     0.03  9999.00  9999.00  9999.00
 00006   883.66    -4.68    45.38     3.60    44.64    28.55     0.00  9999.00  9999.00  9999.00
 00007  1026.76    -8.05    18.30     4.21     4.65    34.39     0.00  9999.00  9999.00  9999.00
 00008  1009.49   -13.27    37.30     3.36   292.59    39.13     0.00  9999.00  9999.00  9999.00
 00009   956.85   -23.82    67.49     3.72   288.65    48.80     0.01  9999.00  9999.00  9999.00
 00010   980.13    -8.39    22.04     5.74   290.49    38.95     0.00  9999.00  9999.00  9999.00
 00011  1015.45   -18.04    77.51     6.45   254.08    43.11     0.00  9999.00  9999.00  9999.00
 00012  1029.54    -0.83    38.25     1.83   106.59    23.41     0.41  9999.00  9999.00  9999.00
 00013  1012.66    16.29    91.90     5.50    70.80     9.51     2.04  9999.00  9999.00  9999.00
 00014  1008.65    18.62    88.59     0.78    96.52    17.26     0.55  9999.00  9999.00  9999.00
 00015  1005.90     3.40    85.45     6.46    69.01     3.07     1.76  9999.00  9999.00  9999.00
 00016   957.94     5.26    93.76     1.81   114.04     4.33     0.50  9999.00  9999.00  9999.00
 00017  1004.29     2.98    94.68     6.38    33.35     1.53    12.10  9999.00  9999.00  9999.00
 00018  1010.73    15.86    90.71     4.77    73.18     4.07     3.51  9999.00  9999.00  9999.00
 00019   933.27    14.95    69.07     0.84    79.73    25.87     0.00  9999.00  9999.00  9999.00
 00020  1015.81    18.64    90.95     3.62    72.20    17.55     1.99  9999.00  9999.00  9999.00
 00021   897.17    -8.50    83.19     0.82   201.26    34.32     0.26  9999.00  9999.00  9999.00
 00022  1031.36    -0.84    40.01     5.68    51.84    18.73     0.55  9999.00  9999.00  9999.00
 00023   926.60    -9.56    74.29     0.42   155.82    31.16     0.16  9999.00  9999.00  9999.00
 00024   955.48   -16.90    93.26     0.80    71.98    31.52     0.05  9999.00  9999.00  9999.00
 00025   792.74    16.14    46.90     6.07   255.17    18.94     0.00  9999.00  9999.00  9999.00
 00026  1007.93    17.22    87.87     1.90    23.58    14.76     1.57  9999.00  9999.00  9999.00
 00027  1002.73    17.25    91.40     1.97   116.67     4.26     2.07  9999.00  9999.00  9999.00
 00028   970.60    15.04    94.95     3.14    19.00    11.70     5.82  9999.00  9999.00  9999.00
 00029  1005.22    23.69    94.29     3.36   123.38     5.91     2.87  9999.00  9999.00  9999.00
 00030   992.30    27.46    73.08     4.62   175.36    22.06     0.61  9999.00  9999.00  9999.00
 00031   571.82    -3.43     8.11     2.92   292.97    34.35     0.00  9999.00  9999.00  9999.00
 00032   978.42    20.78    87.72     1.53    51.73    10.64     0.26  9999.00  9999.00  9999.00
 00033  1006.66    21.91    97.57     2.94   123.11     0.44     0.00  9999.00  9999.00  9999.00
 00034  1009.73    27.51    84.55     2.89   137.78    19.65     0.62  9999.00  9999.00  9999.00
 00035  1006.11    29.74    66.35     4.51   172.91    23.52     0.02  9999.00  9999.00  9999.00
 00036   771.44    13.20    60.97     3.33   204.50    20.91     0.16  9999.00  9999.00  9999.00
 00037   968.85    20.80    88.83     0.90    64.42    10.73     0.26  9999.00  9999.00  9999.00
 00038   995.20    27.04    46.02     0.74   122.43    19.94     0.00  9999.00  9999.00  9999.00
 00039  1008.77    25.31    76.21     4.77    45.36    19.65     0.00  9999.00  9999.00  9999.00
 00040  1006.75    26.30    56.91     3.36    94.92    20.64     0.00  9999.00  9999.00  9999.00
 00041   969.57    16.18    83.61     1.29   121.81    19.16     1.45  9999.00  9999.00  9999.00
 00042  1011.77    16.69    87.61     3.44    73.19    16.12     2.48  9999.00  9999.00  9999.00
 00043  1001.03    20.67    81.21     1.06    41.80    19.03     0.28  9999.00  9999.00  9999.00
 00044   983.36    20.75    74.84     2.14    79.78    18.78     0.03  9999.00  9999.00  9999.00
 00045  1006.75    26.30    56.91     3.36    94.92    20.64     0.00  9999.00  9999.00  9999.00
 00046   941.37    23.52    67.44     1.71   167.99    18.65     0.03  9999.00  9999.00  9999.00
 00047  1003.31    21.31    82.95     2.22    56.48    19.39     0.16  9999.00  9999.00  9999.00
 00048   603.18    -4.89    53.88     1.09   106.83    36.06     0.38  9999.00  9999.00  9999.00
 00049   572.99    -2.43    26.99     1.79   286.14    27.65     0.00  9999.00  9999.00  9999.00
 00050  1001.05    26.43    67.74     3.38    41.13    19.18     0.00  9999.00  9999.00  9999.00
