stn_id       p       t2      rh2      spd      dir      vis    rain6   rain24   tmax24   tmin24 
 00001   976.13    16.72    96.49     1.11   302.65     2.69     2.98  9999.00  9999.00  9999.00
 00002  1001.34    11.33    81.11     1.30   249.75    23.23     0.00  9999.00  9999.00  9999.00
 00003   907.91     5.76    92.62     1.62   188.92    22.44     0.00  9999.00  9999.00  9999.00
 00004   838.49     4.66    96.71     1.64   235.65     7.45     0.04  9999.00  9999.00  9999.00
 00005   873.17     8.88    86.49     1.72   196.96     8.63     0.68  9999.00  9999.00  9999.00
 00006   882.51     8.06    72.38     4.36   223.41    26.34     0.01  9999.00  9999.00  9999.00
 00007  1012.67     8.01    83.31     2.05    95.25    25.55     0.00  9999.00  9999.00  9999.00
 00008   998.70     5.42    84.04     2.02   108.99    27.00     0.00  9999.00  9999.00  9999.00
 00009   951.90     0.27    81.60     2.42   200.59    32.93     0.00  9999.00  9999.00  9999.00
 00010   976.43     2.32    87.35     1.37   270.12    28.23     0.00  9999.00  9999.00  9999.00
 00011  1006.41     3.53    85.49     1.59    91.93    28.22     0.00  9999.00  9999.00  9999.00
 00012  1017.57    15.87    48.39     2.22   192.51    23.16     0.00  9999.00  9999.00  9999.00
 00013  1017.30    15.72    77.88     3.39    56.33    22.69     0.00  9999.00  9999.00  9999.00
 00014  1012.69    16.03    92.25     2.58    36.31     2.51     3.21  9999.00  9999.00  9999.00
 00015  1003.23    14.03    73.54     1.35   218.18    20.10     0.00  9999.00  9999.00  9999.00
 00016   961.82    10.66    94.57     0.70   230.03    16.00     0.00  9999.00  9999.00  9999.00
 00017  1005.12    11.32    95.49     1.19   231.60    21.54     0.00  9999.00  9999.00  9999.00
 00018  1016.60    15.86    73.59     3.63    41.96    22.19     0.01  9999.00  9999.00  9999.00
 00019   941.07    16.25    91.46     0.63   176.91    25.95     0.24  9999.00  9999.00  9999.00
 00020  1019.21    17.58    77.95     3.60    34.91    20.70     0.35  9999.00  9999.00  9999.00
 00021   890.18     8.49    64.89     2.01   154.08    25.95     0.00  9999.00  9999.00  9999.00
 00022  1020.94    16.18    51.22     1.79   293.35    21.31     0.00  9999.00  9999.00  9999.00
 00023   915.88     9.64    69.08     1.55   196.74    21.85     0.00  9999.00  9999.00  9999.00
 00024   943.18     6.78    70.99     2.29    99.27    24.10     0.00  9999.00  9999.00  9999.00
 00025   797.26    12.85    93.34     3.78    89.98    24.74     3.57  9999.00  9999.00  9999.00
 00026  1012.45    17.03    80.81     4.30    18.19    22.41     1.03  9999.00  9999.00  9999.00
 00027  1010.22    16.94    64.98     4.81   342.40    23.06     0.00  9999.00  9999.00  9999.00
 00028   980.44    14.34    58.68     4.36    19.44    22.40     0.08  9999.00  9999.00  9999.00
 00029  1005.01    23.06    62.17     4.21    43.74    24.97     0.01  9999.00  9999.00  9999.00
 00030   995.72    24.05    74.92     3.56    39.43    28.52     0.70  9999.00  9999.00  9999.00
 00031   574.57     1.20    57.09     2.60   213.36    27.81     0.00  9999.00  9999.00  9999.00
 00032   977.55    18.36    73.62     2.70    43.47    21.51     0.01  9999.00  9999.00  9999.00
 00033  1007.59    22.91    95.34     1.51   229.36     2.35     0.32  9999.00  9999.00  9999.00
 00034  1009.48    26.99    86.61     2.66   343.06    26.23     0.48  9999.00  9999.00  9999.00
 00035  1006.77    24.40    91.86     0.88   319.54    18.75     0.01  9999.00  9999.00  9999.00
 00036   778.58    10.94    94.21     1.05   144.97     8.58     3.27  9999.00  9999.00  9999.00
 00037   967.95    18.33    75.67     1.57    11.74    21.95     0.00  9999.00  9999.00  9999.00
 00038   993.06    19.91    97.76     1.27   153.33     5.65     3.58  9999.00  9999.00  9999.00
 00039  1007.51    21.33    79.05    11.06    25.19    19.41     2.88  9999.00  9999.00  9999.00
 00040  1003.57    21.54    81.91     9.46    34.51    13.40     1.98  9999.00  9999.00  9999.00
 00041   973.57    15.00    83.71     2.39    46.80    21.92     0.52  9999.00  9999.00  9999.00
 00042  1016.61    16.46    75.06     3.98    57.21    22.84     0.04  9999.00  9999.00  9999.00
 00043  1005.71    16.93    77.08     3.63    16.32    23.63     0.04  9999.00  9999.00  9999.00
 00044   986.22    15.72    89.35     3.36    48.06    20.97     0.56  9999.00  9999.00  9999.00
 00045  1003.57    21.54    81.91     9.46    34.51    13.40     1.98  9999.00  9999.00  9999.00
 00046   941.23    18.20    83.70     2.35    43.04    23.15     0.02  9999.00  9999.00  9999.00
 00047  1003.64    18.66    78.91     5.34   166.75    17.36     0.62  9999.00  9999.00  9999.00
 00048   605.66     5.12    64.52     1.15   184.23    31.97     0.02  9999.00  9999.00  9999.00
 00049   579.12    -2.18    94.20     0.82   100.36    16.97     0.00  9999.00  9999.00  9999.00
 00050  1000.21    20.43    73.72     6.24    19.50    22.32     0.87  9999.00  9999.00  9999.00
