stn_id       p       t2      rh2      spd      dir      vis    rain6   rain24   tmax24   tmin24 
 00001   977.92    16.84    86.09     0.95    82.83    20.61     0.12     0.69    18.46    16.03
 00002  1000.16    12.80    82.08     1.07   255.99    23.18     0.20     0.20    20.00     9.25
 00003   908.24     8.35    85.26     1.11    94.81    22.39     0.00     0.08    16.12     5.03
 00004   839.47     5.26    96.61     1.82   326.05     1.11     1.12     1.81    10.67     4.57
 00005   875.62     2.92    77.38     1.73   346.99    25.30     0.00     5.16    13.45     0.24
 00006   885.16     3.91    71.55     4.76   274.71    26.34     0.00     6.23    11.46     2.13
 00007  1012.50    14.75    72.89     4.50   164.58    25.55     0.00     0.00    19.42    11.37
 00008   997.02    13.29    61.84     3.55   179.95    26.98     0.00     0.00    16.22     8.37
 00009   950.87     2.09    85.24     1.55   211.26    32.93     0.00     0.00    12.40    -2.19
 00010   978.90     8.04    77.30     0.61   129.88    28.17     0.00     0.00    14.28     2.77
 00011  1005.06     9.54    66.54     2.45   147.28    28.25     0.00     0.00    14.38     5.07
 00012  1016.24    13.61    83.78     1.27   257.92    15.38     1.50     1.55    20.51    12.20
 00013  1019.38    14.95    81.76     2.32    38.73    22.66     0.00     5.81    17.76    12.07
 00014  1014.53    15.70    93.53     3.35     9.15    13.38     1.08     4.24    17.61    14.88
 00015  1002.26    14.95    66.70     3.62   179.48    20.09     0.00     0.00    19.35    11.50
 00016   962.03    10.82    91.85     1.18   202.56    18.86     0.00     0.00    18.25     8.11
 00017  1003.97    13.57    78.69     1.93   216.40    21.46     0.00     0.02    19.24     9.54
 00018  1018.31    14.95    81.00     2.36    64.75    22.17     0.00     2.80    17.23    12.75
 00019   942.13    16.41    89.94     1.44    44.09     7.91     1.55     3.42    19.39    15.80
 00020  1020.14    16.72    88.69     5.03    23.21    11.28     4.32     9.34    19.70    15.90
 00021   894.52     8.15    62.49     1.46   147.84    25.99     0.00     0.00    19.81     7.49
 00022  1019.44    15.33    56.65     3.35   207.79    21.31     0.01     0.01    20.95    13.37
 00023   922.14     8.94    89.45     1.39   146.79    21.67     1.09     2.42    16.19     8.17
 00024   946.59     8.85    90.14     2.53   290.42    24.08     0.07     0.78    17.92     5.20
 00025   798.27    12.25    95.53     1.83   101.02     8.72     0.33     4.79    14.75    12.17
 00026  1015.69    16.08    84.93     4.11   143.94    15.86     0.24     1.00    18.39    15.99
 00027  1012.84    15.29    81.16     3.34   348.31    23.01     0.02     0.61    16.57    13.84
 00028   982.21    12.51    86.78     1.61    10.71    22.38     0.00     0.17    14.73    10.68
 00029  1008.77    19.88    73.56     4.44     9.92    25.68     0.62     1.68    23.23    19.31
 00030  1000.69    18.27    67.96     3.09   329.21    28.51     0.00     0.00    24.85    17.44
 00031   575.03    -2.90    87.89     1.86   219.44    15.12     0.01     0.01    12.19    -2.91
 00032   981.03    18.59    88.77     1.12   145.86    12.86     0.90     1.45    20.27    18.18
 00033  1010.82    20.40    82.69     4.99   348.20    28.53     0.02     0.21    23.90    20.40
 00034  1011.68    27.08    78.63     6.69   334.44    31.13     0.12     0.33    27.97    26.80
 00035  1009.44    23.89    82.52     3.69   341.02    28.48     0.00     0.37    28.28    22.27
 00036   779.06    11.35    95.85     0.46   126.93    19.28     2.40     5.98    13.09    10.66
 00037   971.36    18.62    90.57     0.68   189.42    14.84     0.53     1.20    20.43    18.19
 00038   997.59    21.25    91.92     1.01    52.53    23.28     0.03     4.57    23.89    20.48
 00039  1011.78    22.03    80.60     8.83    33.93    18.05     0.81     2.19    23.37    21.28
 00040  1008.40    22.51    78.60     7.53    42.54    20.98     0.07     3.56    24.48    21.93
 00041   976.12    13.72    94.98     1.80    34.93     7.08     3.25     6.99    15.46    13.06
 00042  1019.15    15.06    86.64     2.65    49.58    22.81     0.32     7.66    18.04    14.42
 00043  1009.09    16.28    86.68     3.16    15.09    18.71     0.57     2.03    17.93    16.16
 00044   989.35    15.60    90.72     3.13    37.37     8.34     0.32     1.69    15.81    15.41
 00045  1008.40    22.51    78.60     7.53    42.54    20.98     0.07     3.56    24.48    21.93
 00046   945.18    16.31    96.15     2.15     7.64    14.22     1.37     4.98    20.99    16.21
 00047  1005.71    18.35    92.05     4.16   328.66     4.64     6.98    10.69    19.67    17.87
 00048   606.11     1.87    82.71     1.06   174.23    30.69     0.01     0.74    12.84     1.76
 00049   578.53     0.54    97.88     0.80   149.97     4.93     0.96     3.36     5.78    -1.32
 00050  1004.29    21.11    79.74     4.59    28.11    11.57     1.73     2.10    23.82    20.51
