stn_id       p       t2      rh2      spd      dir      vis    rain6   rain24   tmax24   tmin24 
 00001   989.16    12.80    60.32     0.44   249.94    20.08     0.00  9999.00  9999.00  9999.00
 00002  1001.43     9.79    16.03     6.13   296.99    26.84     0.00  9999.00  9999.00  9999.00
 00003   907.74     3.95    18.11     4.97   290.73    24.93     0.00  9999.00  9999.00  9999.00
 00004   835.94    -3.92    31.67     6.68   283.58    25.66     0.00  9999.00  9999.00  9999.00
 00005   871.58    -1.95    26.06     5.11   249.20    30.30     0.00  9999.00  9999.00  9999.00
 00006   880.25    -4.31    30.13     8.43   273.34    33.97     0.00  9999.00  9999.00  9999.00
 00007  1003.93     3.18    53.19     3.32   269.49    36.05     0.09  9999.00  9999.00  9999.00
 00008   988.52    -1.45    78.69     1.61    50.79    26.14     0.18  9999.00  9999.00  9999.00
 00009   944.07   -17.48    77.52     0.88   216.94    52.98     0.00  9999.00  9999.00  9999.00
 00010   967.76    -0.79    64.69     0.81   166.55    40.99     0.00  9999.00  9999.00  9999.00
 00011   999.92   -15.01    98.43     2.56    39.71     5.00     0.01  9999.00  9999.00  9999.00
 00012  1015.30     7.27    19.37     5.73   313.71    29.12     0.00  9999.00  9999.00  9999.00
 00013  1020.36    14.25    49.27     6.57   251.00    21.35     0.00  9999.00  9999.00  9999.00
 00014  1018.07    14.31    57.24     3.47   251.95    21.56     0.00  9999.00  9999.00  9999.00
 00015  1001.40     9.33    15.05     5.92   297.24    22.70     0.00  9999.00  9999.00  9999.00
 00016   966.15    11.87    13.80     2.19   252.67    21.13     0.00  9999.00  9999.00  9999.00
 00017  1007.40    12.30    20.75     5.64   282.63    21.09     0.00  9999.00  9999.00  9999.00
 00018  1020.22    15.58    43.65     6.57   276.50    20.57     0.00  9999.00  9999.00  9999.00
 00019   950.74    12.12    69.61     1.94   188.16    23.85     0.00  9999.00  9999.00  9999.00
 00020  1022.54    13.43    51.91     6.00   266.83    21.39     0.00  9999.00  9999.00  9999.00
 00021   889.29    -4.49    69.43     4.54   174.07    38.02     0.00  9999.00  9999.00  9999.00
 00022  1018.36     7.59    18.02     5.98   299.26    26.67     0.00  9999.00  9999.00  9999.00
 00023   914.46    -1.50    52.77     1.28   194.38    37.70     0.00  9999.00  9999.00  9999.00
 00024   942.98    -6.82    80.61     8.09   114.46    38.66     0.02  9999.00  9999.00  9999.00
 00025   803.67    10.83    49.46     3.64    62.78    19.06     0.05  9999.00  9999.00  9999.00
 00026  1023.05    15.76    53.21     1.86   319.83    19.79     0.00  9999.00  9999.00  9999.00
 00027  1020.25    15.60    54.58     2.78   339.31    19.09     0.00  9999.00  9999.00  9999.00
 00028   989.49    13.57    65.35     1.97   357.53    17.95     0.00  9999.00  9999.00  9999.00
 00029  1017.23    19.90    53.62     5.63    16.57    20.98     0.00  9999.00  9999.00  9999.00
 00030  1008.77    19.23    47.75     5.51     7.17    22.09     0.00  9999.00  9999.00  9999.00
 00031   575.62    -8.52     7.58     1.60    35.58    36.99     0.00  9999.00  9999.00  9999.00
 00032   986.40    18.31    59.46     3.01   289.03    19.00     0.00  9999.00  9999.00  9999.00
 00033  1018.46    19.77    72.82     8.81    40.27    22.87     0.01  9999.00  9999.00  9999.00
 00034  1014.39    25.63    82.87    15.83    33.25     1.22    34.41  9999.00  9999.00  9999.00
 00035  1017.09    22.42    65.99     7.69    27.69    22.91     0.06  9999.00  9999.00  9999.00
 00036   785.18     5.15    60.77     0.44   331.21    20.53     0.02  9999.00  9999.00  9999.00
 00037   976.69    18.15    60.18     2.85   319.56    18.92     0.00  9999.00  9999.00  9999.00
 00038  1003.89    22.00    46.13     3.51   355.72    20.59     0.00  9999.00  9999.00  9999.00
 00039  1017.65    22.41    47.34     7.21    27.56    20.36     0.00  9999.00  9999.00  9999.00
 00040  1015.07    23.24    43.07     6.16    11.30    21.08     0.00  9999.00  9999.00  9999.00
 00041   980.36    13.32    56.38     3.04   272.45    19.81     0.00  9999.00  9999.00  9999.00
 00042  1021.95    14.63    50.31     5.08   257.25    20.99     0.00  9999.00  9999.00  9999.00
 00043  1016.53    15.30    56.97     0.94   316.76    19.96     0.00  9999.00  9999.00  9999.00
 00044   995.87    14.08    65.22     2.05   263.96    19.83     0.00  9999.00  9999.00  9999.00
 00045  1015.07    23.24    43.07     6.16    11.30    21.08     0.00  9999.00  9999.00  9999.00
 00046   951.72    14.96    61.13     2.91    43.34    19.59     0.00  9999.00  9999.00  9999.00
 00047  1011.58    17.28    58.98     4.38   326.70    20.35     0.00  9999.00  9999.00  9999.00
 00048   608.08    -5.05     6.38     1.28    84.83    38.89     0.00  9999.00  9999.00  9999.00
 00049   577.59    -6.83    20.72     0.52   267.95    29.28     0.00  9999.00  9999.00  9999.00
 00050  1009.89    22.50    40.13     5.02    15.84    19.97     0.00  9999.00  9999.00  9999.00
