stn_id       p       t2      rh2      spd      dir      vis    rain6   rain24   tmax24   tmin24 
 00001   974.22    12.23    97.92     1.34   298.75    22.03  9999.00  9999.00  9999.00  9999.00
 00002  1011.55    -3.75    92.71     1.75   332.99     7.46  9999.00  9999.00  9999.00  9999.00
 00003   910.05    -5.43    86.39     1.23    66.73    14.37  9999.00  9999.00  9999.00  9999.00
 00004   835.85    -5.94    88.39     1.73   175.51    17.32  9999.00  9999.00  9999.00  9999.00
 00005   872.11    -3.17    92.12     1.53   161.60    12.22  9999.00  9999.00  9999.00  9999.00
 00006   881.27    -1.48    84.42     4.13   211.47    19.52  9999.00  9999.00  9999.00  9999.00
 00007  1023.39    -9.27    20.18     6.30    27.94    34.55  9999.00  9999.00  9999.00  9999.00
 00008  1011.53   -15.36    41.44     2.45    54.01    39.43  9999.00  9999.00  9999.00  9999.00
 00009   962.15   -34.86    96.58     1.92   229.05    50.45  9999.00  9999.00  9999.00  9999.00
 00010   985.12   -13.23    31.44     2.53   320.04    39.32  9999.00  9999.00  9999.00  9999.00
 00011  1020.45   -28.38    98.20     2.88   239.79    43.50  9999.00  9999.00  9999.00  9999.00
 00012  1028.06    -2.08    55.61     1.67   326.31    26.77  9999.00  9999.00  9999.00  9999.00
 00013  1009.90    11.77    92.57     3.89   158.29    17.12  9999.00  9999.00  9999.00  9999.00
 00014  1005.63    14.34    98.91     1.22   310.51     3.32  9999.00  9999.00  9999.00  9999.00
 00015  1005.20     0.87    97.29     5.66   141.82     5.35  9999.00  9999.00  9999.00  9999.00
 00016   964.41     1.10    96.74     1.17   273.00    11.44  9999.00  9999.00  9999.00  9999.00
 00017  1008.98    -0.97    92.53     4.82    10.79     2.33  9999.00  9999.00  9999.00  9999.00
 00018  1009.81    10.33    93.32     4.51    19.14    15.08  9999.00  9999.00  9999.00  9999.00
 00019   939.43    10.92    88.78     1.06   182.01    19.31  9999.00  9999.00  9999.00  9999.00
 00020  1010.94    14.20    97.09     1.44   316.91    11.92  9999.00  9999.00  9999.00  9999.00
 00021   890.01   -11.80    91.85     1.09    50.46    15.01  9999.00  9999.00  9999.00  9999.00
 00022  1030.66    -1.96    25.18     3.04    18.36    25.74  9999.00  9999.00  9999.00  9999.00
 00023   918.61   -13.25    70.77     0.85   133.56    32.30  9999.00  9999.00  9999.00  9999.00
 00024   949.74   -19.68    91.81     3.26   100.31    33.78  9999.00  9999.00  9999.00  9999.00
 00025   794.64     7.30    89.49     2.19   257.45    18.99  9999.00  9999.00  9999.00  9999.00
 00026  1006.73    14.88    96.41     1.72    15.07    18.60  9999.00  9999.00  9999.00  9999.00
 00027  1008.15     8.34    95.99     5.89   336.95    10.42  9999.00  9999.00  9999.00  9999.00
 00028   975.68     9.36    94.80     3.70    20.21    11.52  9999.00  9999.00  9999.00  9999.00
 00029  1006.84    22.13    94.99     1.31    96.58    18.24  9999.00  9999.00  9999.00  9999.00
 00030   994.64    21.70    98.74     1.49   139.88    21.88  9999.00  9999.00  9999.00  9999.00
 00031   570.45   -10.29    51.40     2.30   227.91    32.05  9999.00  9999.00  9999.00  9999.00
 00032   977.42    13.42    95.48     1.29   298.05     3.48  9999.00  9999.00  9999.00  9999.00
 00033  1008.42    20.81    96.39     5.47   157.64     0.29  9999.00  9999.00  9999.00  9999.00
 00034  1011.23    26.88    81.09     1.65    85.10    26.56  9999.00  9999.00  9999.00  9999.00
 00035  1008.08    22.77    96.52     1.22   225.14     7.33  9999.00  9999.00  9999.00  9999.00
 00036   774.03     4.61    92.57     1.22   103.50    16.86  9999.00  9999.00  9999.00  9999.00
 00037   967.80    13.12    97.19     0.95   301.62     1.90  9999.00  9999.00  9999.00  9999.00
 00038   996.19    17.62    92.09     0.70   269.60    19.97  9999.00  9999.00  9999.00  9999.00
 00039  1009.39    19.83    89.13     1.63   239.83    19.63  9999.00  9999.00  9999.00  9999.00
 00040  1007.56    21.09    89.46     2.69    48.94    15.55  9999.00  9999.00  9999.00  9999.00
 00041   967.38    13.05    98.91     1.67   139.76     0.52  9999.00  9999.00  9999.00  9999.00
 00042  1009.84    12.51    95.38     2.54    25.36    13.71  9999.00  9999.00  9999.00  9999.00
 00043  1000.43    15.56    98.92     0.74   307.90     8.35  9999.00  9999.00  9999.00  9999.00
 00044   981.98    14.80    97.34     1.01   107.22    18.91  9999.00  9999.00  9999.00  9999.00
 00045  1007.56    21.09    89.46     2.69    48.94    15.55  9999.00  9999.00  9999.00  9999.00
 00046   942.16    15.42    93.10     1.50   175.07    18.71  9999.00  9999.00  9999.00  9999.00
 00047  1000.72    15.47    96.88     1.70   290.24    18.78  9999.00  9999.00  9999.00  9999.00
 00048   602.28   -14.76    88.20     2.47   132.30    19.87  9999.00  9999.00  9999.00  9999.00
 00049   573.23   -10.45    86.57     0.39   123.39    24.59  9999.00  9999.00  9999.00  9999.00
 00050  1001.52    15.03    93.90     1.05   310.18    19.14  9999.00  9999.00  9999.00  9999.00
