stn_id       p       t2      rh2      spd      dir      vis    rain6   rain24   tmax24   tmin24 
 00001   980.48     7.90    98.10     0.81   101.81     3.50     0.01  9999.00  9999.00  9999.00
 00002  1001.47    -0.73    83.29     1.43   280.39    24.59     0.00  9999.00  9999.00  9999.00
 00003   907.10    -2.41    66.47     0.83   279.55    23.01     0.00  9999.00  9999.00  9999.00
 00004   836.14    -0.76    18.44     2.39   188.09    22.69     0.00  9999.00  9999.00  9999.00
 00005   871.18    -4.73    65.04     1.27    87.67    24.58     0.00  9999.00  9999.00  9999.00
 00006   877.93     0.90    28.90     5.93   222.72    25.26     0.00  9999.00  9999.00  9999.00
 00007  1010.64     0.75    62.48     4.63   163.36    27.91     0.00  9999.00  9999.00  9999.00
 00008   992.74    -6.08    90.25     5.25   202.30    31.85     0.00  9999.00  9999.00  9999.00
 00009   929.43    -3.87    73.23     4.11   220.52    42.65     0.11  9999.00  9999.00  9999.00
 00010   970.81    -3.99    64.61     2.84   279.27    31.82     0.00  9999.00  9999.00  9999.00
 00011   998.74   -11.50    94.58     6.04   188.77    35.41     0.00  9999.00  9999.00  9999.00
 00012  1017.86    -1.07    84.28     0.25   289.25    24.44     0.00  9999.00  9999.00  9999.00
 00013  1020.95     6.51    94.89     1.56   178.03     4.47     0.00  9999.00  9999.00  9999.00
 00014  1018.14     6.46    86.49     1.72   232.47    18.57     0.00  9999.00  9999.00  9999.00
 00015  1002.87     5.75    71.48     3.09   170.96    20.99     0.00  9999.00  9999.00  9999.00
 00016   961.11     1.99    97.99     1.82   161.93     2.70     0.00  9999.00  9999.00  9999.00
 00017  1004.53     3.99    87.25     0.81   271.85    20.01     0.00  9999.00  9999.00  9999.00
 00018  1019.45     6.16    93.65     1.72   142.43     0.21     0.00  9999.00  9999.00  9999.00
 00019   943.63    10.08    91.66     0.42    94.71    17.21     0.42  9999.00  9999.00  9999.00
 00020  1024.01     8.13    84.79     1.51   313.84    19.27     0.00  9999.00  9999.00  9999.00
 00021   898.27    -2.61    88.63     1.61   248.61    36.60     0.00  9999.00  9999.00  9999.00
 00022  1021.12     2.11    78.58     2.66   196.99    23.24     0.00  9999.00  9999.00  9999.00
 00023   927.87     1.03    94.21     1.90   274.97    14.95     0.77  9999.00  9999.00  9999.00
 00024   951.79    -0.24    94.75     4.18   298.10    27.93     0.22  9999.00  9999.00  9999.00
 00025   800.13     6.06    90.33     0.70   189.71    19.49     0.00  9999.00  9999.00  9999.00
 00026  1019.03     7.57    91.43     1.60    67.90    14.13     0.00  9999.00  9999.00  9999.00
 00027  1014.06     7.73    92.98     2.00   125.43    18.53     0.00  9999.00  9999.00  9999.00
 00028   982.45     6.20    92.45     0.92   177.71    11.94     0.00  9999.00  9999.00  9999.00
 00029  1015.46    12.84    82.86     1.99    15.98    21.08     0.00  9999.00  9999.00  9999.00
 00030  1004.70    12.08    90.73     1.60   321.30    22.51     0.00  9999.00  9999.00  9999.00
 00031   576.77    -5.23    28.46     1.97   234.76    33.98     0.00  9999.00  9999.00  9999.00
 00032   986.59    10.55    74.27     1.82   337.57    17.71     0.00  9999.00  9999.00  9999.00
 00033  1016.65    18.58    80.25     5.99    12.67    23.94     0.00  9999.00  9999.00  9999.00
 00034  1015.52    26.49    66.60    10.13    34.58    27.70     0.34  9999.00  9999.00  9999.00
 00035  1015.50    21.66    78.35     3.61    15.59    24.12     0.11  9999.00  9999.00  9999.00
 00036   780.96     2.00    98.76     0.90   101.54     0.22     0.01  9999.00  9999.00  9999.00
 00037   976.68     9.84    79.05     1.20   342.98    17.62     0.00  9999.00  9999.00  9999.00
 00038  1004.23    12.40    75.31     1.19   311.91    20.06     0.00  9999.00  9999.00  9999.00
 00039  1017.44    17.96    63.91     9.01    10.11    19.65     0.00  9999.00  9999.00  9999.00
 00040  1015.33    16.78    61.18     5.35    55.73    20.94     0.00  9999.00  9999.00  9999.00
 00041   978.72     5.33    89.19     0.82   103.59    17.12     0.00  9999.00  9999.00  9999.00
 00042  1021.20     6.09    88.50     1.05   179.75    18.86     0.00  9999.00  9999.00  9999.00
 00043  1012.22     8.01    87.62     1.68    92.48    18.73     0.00  9999.00  9999.00  9999.00
 00044   993.61     5.81    84.32     1.21    81.79    18.00     0.00  9999.00  9999.00  9999.00
 00045  1015.33    16.78    61.18     5.35    55.73    20.94     0.00  9999.00  9999.00  9999.00
 00046   949.24     9.56    81.25     1.31    85.57    18.47     0.00  9999.00  9999.00  9999.00
 00047  1012.20    10.38    77.91     2.93   318.57    18.45     0.00  9999.00  9999.00  9999.00
 00048   609.91   -12.60    75.89     1.39   192.16    24.10     0.02  9999.00  9999.00  9999.00
 00049   579.81   -10.92    82.18     1.35    29.52     8.24     0.00  9999.00  9999.00  9999.00
 00050  1010.03    15.31    54.24     5.31   329.59    19.07     0.00  9999.00  9999.00  9999.00
