stn_id       p       t2      rh2      spd      dir      vis    rain6   rain24   tmax24   tmin24 
 00001   982.45    11.28    83.00     2.00    34.78    21.07  9999.00  9999.00  9999.00  9999.00
 00002   997.22     4.35    63.45     2.06   302.22    24.44  9999.00  9999.00  9999.00  9999.00
 00003   905.22    -1.07    43.60     2.56   284.84    22.88  9999.00  9999.00  9999.00  9999.00
 00004   836.16    -4.10    43.65     3.37   238.76    22.60  9999.00  9999.00  9999.00  9999.00
 00005   871.51    -2.11    35.93     1.34   173.68    24.44  9999.00  9999.00  9999.00  9999.00
 00006   881.58    -1.09    38.81     4.76   278.92    25.13  9999.00  9999.00  9999.00  9999.00
 00007  1005.36    -2.20    62.67     4.79   166.23    27.43  9999.00  9999.00  9999.00  9999.00
 00008   986.93    -8.17    78.54     6.61   204.16    31.30  9999.00  9999.00  9999.00  9999.00
 00009   940.13    -9.82    80.53     2.08   273.46    42.48  9999.00  9999.00  9999.00  9999.00
 00010   962.78    -6.00    69.83     5.30   281.29    31.23  9999.00  9999.00  9999.00  9999.00
 00011   993.07   -11.25    86.68     7.60   203.75    34.86  9999.00  9999.00  9999.00  9999.00
 00012  1013.72     0.45    71.07     1.37   106.62    24.19  9999.00  9999.00  9999.00  9999.00
 00013  1021.37     5.59    65.09     2.41   179.82    19.23  9999.00  9999.00  9999.00  9999.00
 00014  1019.19     8.13    56.68     1.85   149.76    18.43  9999.00  9999.00  9999.00  9999.00
 00015   999.02     7.14    47.27     5.76   190.12    20.81  9999.00  9999.00  9999.00  9999.00
 00016   961.66     6.33    77.92     1.41   237.87    20.81  9999.00  9999.00  9999.00  9999.00
 00017  1001.15     9.35    67.92     2.75   224.00    19.85  9999.00  9999.00  9999.00  9999.00
 00018  1019.47     7.92    61.51     2.79   178.71    18.81  9999.00  9999.00  9999.00  9999.00
 00019   946.50    10.97    85.89     0.98   217.87    24.69  9999.00  9999.00  9999.00  9999.00
 00020  1025.30     6.89    55.05     1.54   229.30    19.13  9999.00  9999.00  9999.00  9999.00
 00021   891.05    -1.55    71.80     2.87   158.25    35.10  9999.00  9999.00  9999.00  9999.00
 00022  1016.74     3.47    62.20     2.73   195.63    23.00  9999.00  9999.00  9999.00  9999.00
 00023   913.90     2.49    67.88     2.34   141.65    30.71  9999.00  9999.00  9999.00  9999.00
 00024   942.23    -0.27    65.37     5.54   112.26    32.72  9999.00  9999.00  9999.00  9999.00
 00025   800.42     7.21    85.18     1.24    89.46    19.51  9999.00  9999.00  9999.00  9999.00
 00026  1020.88    10.70    69.74     2.13    80.13    18.43  9999.00  9999.00  9999.00  9999.00
 00027  1016.02    13.89    71.64     1.39   101.69    18.71  9999.00  9999.00  9999.00  9999.00
 00028   984.90    12.36    82.71     0.85   314.06    18.60  9999.00  9999.00  9999.00  9999.00
 00029  1015.83    14.63    68.63     2.17    48.98    21.08  9999.00  9999.00  9999.00  9999.00
 00030  1005.29    17.31    58.88     2.13    83.07    22.53  9999.00  9999.00  9999.00  9999.00
 00031   575.00     0.90     8.90     1.06    30.03    33.86  9999.00  9999.00  9999.00  9999.00
 00032   988.14    10.59    58.47     1.86   223.08    17.69  9999.00  9999.00  9999.00  9999.00
 00033  1019.01    19.65    65.93     4.45    48.83    24.00  9999.00  9999.00  9999.00  9999.00
 00034  1017.78    25.52    74.05    11.62    33.72    19.97  9999.00  9999.00  9999.00  9999.00
 00035  1017.98    20.70    69.70     3.14    21.12    24.18  9999.00  9999.00  9999.00  9999.00
 00036   781.54     6.45    93.30     1.43    39.38    11.10  9999.00  9999.00  9999.00  9999.00
 00037   978.12    10.35    58.02     1.44   127.50    17.59  9999.00  9999.00  9999.00  9999.00
 00038  1005.15    13.40    51.69     2.31   106.03    20.04  9999.00  9999.00  9999.00  9999.00
 00039  1019.74    17.78    54.73     8.82    39.51    19.66  9999.00  9999.00  9999.00  9999.00
 00040  1016.48    17.80    53.62     5.79    64.79    20.96  9999.00  9999.00  9999.00  9999.00
 00041   979.65     9.07    46.46     1.51   170.84    17.53  9999.00  9999.00  9999.00  9999.00
 00042  1021.70     5.74    68.68     2.62   157.86    18.73  9999.00  9999.00  9999.00  9999.00
 00043  1014.17    10.48    79.24     2.38    94.50    18.70  9999.00  9999.00  9999.00  9999.00
 00044   994.87    10.21    57.81     1.39   140.88    17.92  9999.00  9999.00  9999.00  9999.00
 00045  1016.48    17.80    53.62     5.79    64.79    20.96  9999.00  9999.00  9999.00  9999.00
 00046   950.39     6.76    81.43     2.56    59.01    18.44  9999.00  9999.00  9999.00  9999.00
 00047  1013.55    10.14    62.94     2.85   333.23    18.37  9999.00  9999.00  9999.00  9999.00
 00048   606.81     0.12    49.31     1.82   132.18    35.36  9999.00  9999.00  9999.00  9999.00
 00049   578.47    -3.47    94.01     1.01   216.46    27.47  9999.00  9999.00  9999.00  9999.00
 00050  1012.25    13.86    53.38     4.22    27.60    19.08  9999.00  9999.00  9999.00  9999.00
