stn_id       p       t2      rh2      spd      dir      vis    rain6   rain24   tmax24   tmin24 
 00001   982.74     7.34    97.06     1.22   187.82    20.38  9999.00  9999.00  9999.00  9999.00
 00002   998.18     1.27    46.51     2.58   292.23    24.45  9999.00  9999.00  9999.00  9999.00
 00003   906.51    -4.74    55.40     0.84   298.73    22.93  9999.00  9999.00  9999.00  9999.00
 00004   836.92    -4.78    46.38     1.74   241.81    22.64  9999.00  9999.00  9999.00  9999.00
 00005   872.92    -5.53    44.96     1.30   113.73    24.50  9999.00  9999.00  9999.00  9999.00
 00006   882.22    -2.94    43.50     3.76   259.90    25.19  9999.00  9999.00  9999.00  9999.00
 00007  1004.93    -4.11    80.76     2.05   267.08    27.52  9999.00  9999.00  9999.00  9999.00
 00008   984.33    -7.44    85.07     6.53   295.90    31.36  9999.00  9999.00  9999.00  9999.00
 00009   940.20   -13.66    93.30     2.75   265.85    42.59  9999.00  9999.00  9999.00  9999.00
 00010   961.21    -8.32    64.86     1.70   232.77    31.28  9999.00  9999.00  9999.00  9999.00
 00011   989.08   -11.06    91.77     3.68   268.46    34.12  9999.00  9999.00  9999.00  9999.00
 00012  1014.77    -2.51    66.51     2.56   107.50    24.24  9999.00  9999.00  9999.00  9999.00
 00013  1019.00     4.37    63.14     2.77   212.96    19.22  9999.00  9999.00  9999.00  9999.00
 00014  1017.16     2.10    81.65     2.01   215.09    18.43  9999.00  9999.00  9999.00  9999.00
 00015   997.98     3.01    87.99     2.23   190.62    20.84  9999.00  9999.00  9999.00  9999.00
 00016   961.26     0.17    94.18     1.62   189.78    20.82  9999.00  9999.00  9999.00  9999.00
 00017  1000.55     7.29    57.13     3.64   279.97    19.85  9999.00  9999.00  9999.00  9999.00
 00018  1017.17     4.91    79.13     2.59   192.03    18.81  9999.00  9999.00  9999.00  9999.00
 00019   945.26     7.36    95.30     0.95   277.89    21.77  9999.00  9999.00  9999.00  9999.00
 00020  1022.83     3.35    65.35     2.25   211.68    19.12  9999.00  9999.00  9999.00  9999.00
 00021   889.60    -1.90    64.36     3.45   157.64    33.85  9999.00  9999.00  9999.00  9999.00
 00022  1016.87     0.52    59.82     3.04   159.50    23.03  9999.00  9999.00  9999.00  9999.00
 00023   917.78     5.66    58.80     2.75   255.30    29.35  9999.00  9999.00  9999.00  9999.00
 00024   941.79    -1.59    77.92     6.20   116.09    32.73  9999.00  9999.00  9999.00  9999.00
 00025   801.24     6.22    93.90     0.44   215.55    19.36  9999.00  9999.00  9999.00  9999.00
 00026  1019.39     6.53    90.28     2.34   243.76    18.43  9999.00  9999.00  9999.00  9999.00
 00027  1014.40    10.47    81.33     2.10   136.84    18.70  9999.00  9999.00  9999.00  9999.00
 00028   983.64     9.80    94.55     1.34   165.98    18.58  9999.00  9999.00  9999.00  9999.00
 00029  1016.41    12.35    73.21     2.01    14.13    21.08  9999.00  9999.00  9999.00  9999.00
 00030  1005.95    13.07    78.91     1.85   187.77    22.53  9999.00  9999.00  9999.00  9999.00
 00031   576.39    -6.27    14.85     1.06   229.74    33.92  9999.00  9999.00  9999.00  9999.00
 00032   986.57     5.02    82.89     1.76   316.18    17.68  9999.00  9999.00  9999.00  9999.00
 00033  1017.08    19.83    71.90     5.57    28.72    23.97  9999.00  9999.00  9999.00  9999.00
 00034  1015.84    26.19    62.90    11.09    42.56    27.75  9999.00  9999.00  9999.00  9999.00
 00035  1015.97    20.22    68.74     3.92    32.25    24.12  9999.00  9999.00  9999.00  9999.00
 00036   781.65     2.74    99.42     0.73    84.10     0.37  9999.00  9999.00  9999.00  9999.00
 00037   976.65     3.95    87.47     1.29   315.73    17.58  9999.00  9999.00  9999.00  9999.00
 00038  1004.81     7.30    81.35     1.36   316.54    20.04  9999.00  9999.00  9999.00  9999.00
 00039  1018.13    15.56    63.90     7.12   123.67    19.64  9999.00  9999.00  9999.00  9999.00
 00040  1015.95    13.60    59.05     5.15    49.50    20.94  9999.00  9999.00  9999.00  9999.00
 00041   977.87     2.38    72.76     1.45   193.33    17.53  9999.00  9999.00  9999.00  9999.00
 00042  1019.60     4.11    65.95     2.43   198.92    18.72  9999.00  9999.00  9999.00  9999.00
 00043  1012.99     8.29    86.11     0.75   205.06    18.70  9999.00  9999.00  9999.00  9999.00
 00044   993.86     5.02    80.23     0.39   162.57    17.93  9999.00  9999.00  9999.00  9999.00
 00045  1015.95    13.60    59.05     5.15    49.50    20.94  9999.00  9999.00  9999.00  9999.00
 00046   950.02     3.13    86.88     0.79    93.40    18.43  9999.00  9999.00  9999.00  9999.00
 00047  1012.09     5.71    80.58     2.71   319.29    18.37  9999.00  9999.00  9999.00  9999.00
 00048   609.00    -8.82    81.94     1.33   173.67    35.45  9999.00  9999.00  9999.00  9999.00
 00049   579.50   -10.24    95.32     1.67    25.75     4.50  9999.00  9999.00  9999.00  9999.00
 00050  1010.54    10.26    65.19     3.68   315.22    19.06  9999.00  9999.00  9999.00  9999.00
