stn_id       p       t2      rh2      spd      dir      vis    rain6   rain24   tmax24   tmin24 
 00001   980.68     9.96    91.64     0.72    60.20    20.88     0.00  9999.00  9999.00  9999.00
 00002  1002.38    -0.26    92.48     1.06   273.10    24.60     0.00  9999.00  9999.00  9999.00
 00003   907.56     0.60    52.08     0.73   101.80    23.01     0.00  9999.00  9999.00  9999.00
 00004   836.89    -2.23    38.84     2.44   187.45    22.70     0.00  9999.00  9999.00  9999.00
 00005   872.08    -2.08    47.32     1.50   119.83    24.57     0.00  9999.00  9999.00  9999.00
 00006   879.53     0.65    35.52     6.13   216.85    25.26     0.00  9999.00  9999.00  9999.00
 00007  1011.99    -4.02    86.18     2.65   184.19    27.87     0.00  9999.00  9999.00  9999.00
 00008   993.27    -7.39    92.15     5.41   233.81    31.79     0.00  9999.00  9999.00  9999.00
 00009   935.49    -6.39    78.68     3.70   195.28    42.73     0.00  9999.00  9999.00  9999.00
 00010   968.68    -5.86    76.65     4.87   280.82    31.71     0.00  9999.00  9999.00  9999.00
 00011   998.42   -11.82    93.71     4.09   207.77    35.35     0.00  9999.00  9999.00  9999.00
 00012  1018.36     0.65    78.86     0.94   187.30    24.42     0.00  9999.00  9999.00  9999.00
 00013  1019.81     6.18    94.17     1.57   272.47    19.34     0.00  9999.00  9999.00  9999.00
 00014  1016.81     4.31    92.75     1.78   234.02    18.53     0.00  9999.00  9999.00  9999.00
 00015  1002.90     1.62    84.08     1.74   153.19    20.97     0.00  9999.00  9999.00  9999.00
 00016   960.70     2.62    94.22     0.95   140.47    18.86     0.00  9999.00  9999.00  9999.00
 00017  1004.95     6.96    72.13     0.46   286.34    20.00     0.00  9999.00  9999.00  9999.00
 00018  1018.35     7.44    94.48     1.22   189.65    18.92     0.00  9999.00  9999.00  9999.00
 00019   944.04    10.50    92.20     0.44   126.72    21.11     0.07  9999.00  9999.00  9999.00
 00020  1022.65     4.95    88.21     2.58   255.44    19.22     0.00  9999.00  9999.00  9999.00
 00021   896.90     1.03    73.84     1.01   136.85    36.66     0.00  9999.00  9999.00  9999.00
 00022  1021.67     0.54    85.56     2.51   208.47    23.22     0.00  9999.00  9999.00  9999.00
 00023   926.40     2.52    92.29     0.65   271.26    12.14     0.35  9999.00  9999.00  9999.00
 00024   950.42    -3.50    97.85     0.96   176.60    13.92     0.00  9999.00  9999.00  9999.00
 00025   800.22     7.61    83.20     1.20   258.69    19.50     0.00  9999.00  9999.00  9999.00
 00026  1018.04     7.68    87.56     1.15   309.82    18.46     0.00  9999.00  9999.00  9999.00
 00027  1013.25     7.53    93.55     2.15   150.91    18.71     0.00  9999.00  9999.00  9999.00
 00028   981.78     9.27    79.70     0.91   159.17    18.55     0.00  9999.00  9999.00  9999.00
 00029  1014.26    11.79    87.36     1.69     5.13    21.05     0.00  9999.00  9999.00  9999.00
 00030  1003.92    12.74    88.77     1.26   302.58    22.51     0.00  9999.00  9999.00  9999.00
 00031   577.70    -1.74    21.37     2.27   224.20    34.01     0.00  9999.00  9999.00  9999.00
 00032   985.29     6.52    90.09     1.46   319.70    17.69     0.00  9999.00  9999.00  9999.00
 00033  1016.09    20.98    74.88     3.85    21.36    23.94     0.00  9999.00  9999.00  9999.00
 00034  1015.07    25.83    77.14    10.24    43.92    21.12     0.48  9999.00  9999.00  9999.00
 00035  1014.82    21.42    74.80     3.47   193.90    24.10     0.00  9999.00  9999.00  9999.00
 00036   781.04     3.13    97.16     0.91    91.66     9.49     0.00  9999.00  9999.00  9999.00
 00037   975.40     5.87    91.58     1.05   323.11    17.59     0.00  9999.00  9999.00  9999.00
 00038  1003.14     9.82    86.14     0.94   309.91    20.04     0.00  9999.00  9999.00  9999.00
 00039  1016.67    17.07    67.16     6.89    16.25    19.64     0.00  9999.00  9999.00  9999.00
 00040  1014.43    15.92    73.28     4.31    64.36    20.94     0.00  9999.00  9999.00  9999.00
 00041   977.85     5.57    83.35     0.85    96.28    17.62     0.00  9999.00  9999.00  9999.00
 00042  1019.93     4.36    93.64     1.86   187.23    18.82     0.00  9999.00  9999.00  9999.00
 00043  1011.34     9.62    77.49     0.28   307.40    18.71     0.00  9999.00  9999.00  9999.00
 00044   992.55     5.14    85.56     1.51    85.62    17.97     0.00  9999.00  9999.00  9999.00
 00045  1014.43    15.92    73.28     4.31    64.36    20.94     0.00  9999.00  9999.00  9999.00
 00046   948.32     6.21    87.46     1.17    81.53    18.44     0.00  9999.00  9999.00  9999.00
 00047  1010.73     8.42    84.72     2.62   319.19    18.41     0.00  9999.00  9999.00  9999.00
 00048   610.24    -9.65    90.10     1.63    24.53    20.71     0.01  9999.00  9999.00  9999.00
 00049   581.16    -8.38    95.45     0.73   111.95     8.37     0.00  9999.00  9999.00  9999.00
 00050  1009.06    11.56    68.98     3.42   323.28    19.06     0.00  9999.00  9999.00  9999.00
