stn_id       p       t2      rh2      spd      dir      vis    rain6   rain24   tmax24   tmin24 
 00001   978.63    12.30    86.87     1.20    57.60    21.13  9999.00  9999.00  9999.00  9999.00
 00002   995.97     1.56    88.91     1.66   279.09    24.54  9999.00  9999.00  9999.00  9999.00
 00003   903.75     0.20    72.06     1.77   258.03    23.00  9999.00  9999.00  9999.00  9999.00
 00004   834.39    -1.69    79.95     2.66   213.44    22.74  9999.00  9999.00  9999.00  9999.00
 00005   868.90    -1.65    69.46     1.26    88.43    24.60  9999.00  9999.00  9999.00  9999.00
 00006   877.70     0.28    32.51     4.65   236.43    25.34  9999.00  9999.00  9999.00  9999.00
 00007  1005.83     7.07    82.76     7.03   192.16    27.97  9999.00  9999.00  9999.00  9999.00
 00008   986.56     4.22    89.28     8.41   215.18    31.76  9999.00  9999.00  9999.00  9999.00
 00009   935.76    -2.83    64.84     4.92   285.77    43.00  9999.00  9999.00  9999.00  9999.00
 00010   968.89    -5.16    71.74     2.05   209.34    31.95  9999.00  9999.00  9999.00  9999.00
 00011   991.41     2.17    90.78     8.70   221.41    35.34  9999.00  9999.00  9999.00  9999.00
 00012  1012.69     1.09    90.76     1.67   353.80    24.44  9999.00  9999.00  9999.00  9999.00
 00013  1018.60     8.20    89.40     2.55   137.08    19.40  9999.00  9999.00  9999.00  9999.00
 00014  1016.15     8.33    85.38     1.45   183.10    18.62  9999.00  9999.00  9999.00  9999.00
 00015   998.30     9.14    82.20     5.01   187.28    21.00  9999.00  9999.00  9999.00  9999.00
 00016   959.22     4.39    94.41     1.19   175.31    20.95  9999.00  9999.00  9999.00  9999.00
 00017  1000.53     8.53    94.91     2.26   211.30    20.03  9999.00  9999.00  9999.00  9999.00
 00018  1016.67     8.89    87.44     2.49   137.79    18.96  9999.00  9999.00  9999.00  9999.00
 00019   942.59    11.07    89.74     0.55    86.10    12.76  9999.00  9999.00  9999.00  9999.00
 00020  1022.44     8.00    84.51     2.82   164.00    19.31  9999.00  9999.00  9999.00  9999.00
 00021   902.61    -3.00    87.61     1.75   156.51    36.86  9999.00  9999.00  9999.00  9999.00
 00022  1015.66     4.71    87.72     2.59   189.77    23.23  9999.00  9999.00  9999.00  9999.00
 00023   930.57    -2.38    87.83     1.32   166.00    31.30  9999.00  9999.00  9999.00  9999.00
 00024   957.35    -6.88    82.90     3.04   288.23    33.15  9999.00  9999.00  9999.00  9999.00
 00025   798.84     9.25    86.94     1.55   228.04    19.47  9999.00  9999.00  9999.00  9999.00
 00026  1016.81    11.01    73.20     0.89   136.54    18.48  9999.00  9999.00  9999.00  9999.00
 00027  1011.93     9.87    89.11     2.28   140.58    18.73  9999.00  9999.00  9999.00  9999.00
 00028   980.27    11.57    84.90     0.65   153.40    18.56  9999.00  9999.00  9999.00  9999.00
 00029  1014.08    13.15    87.60     1.77    13.72    21.06  9999.00  9999.00  9999.00  9999.00
 00030  1003.15    14.42    83.61     1.84    99.97    22.49  9999.00  9999.00  9999.00  9999.00
 00031   576.20    -2.23    29.48     3.14   218.04    33.98  9999.00  9999.00  9999.00  9999.00
 00032   985.47    10.08    89.21     1.81   331.00    17.72  9999.00  9999.00  9999.00  9999.00
 00033  1015.81    21.53    71.28     2.93    47.89    23.93  9999.00  9999.00  9999.00  9999.00
 00034  1015.61    25.65    80.96     8.25    50.65     5.81  9999.00  9999.00  9999.00  9999.00
 00035  1014.68    20.42    81.61     2.55   183.23    24.09  9999.00  9999.00  9999.00  9999.00
 00036   779.41     8.00    76.76     1.43   126.32    20.94  9999.00  9999.00  9999.00  9999.00
 00037   975.70     8.77    91.50     1.33   334.65    17.62  9999.00  9999.00  9999.00  9999.00
 00038  1003.02    12.66    77.70     1.31   347.30    20.04  9999.00  9999.00  9999.00  9999.00
 00039  1016.15    19.02    71.79     7.96    76.95    19.65  9999.00  9999.00  9999.00  9999.00
 00040  1014.11    18.40    70.85     5.47    30.46    20.95  9999.00  9999.00  9999.00  9999.00
 00041   976.73     6.14    80.17     1.73   137.79    17.67  9999.00  9999.00  9999.00  9999.00
 00042  1018.43     7.20    90.71     2.21   123.55    18.88  9999.00  9999.00  9999.00  9999.00
 00043  1010.25    10.62    81.33     1.32    92.03    18.74  9999.00  9999.00  9999.00  9999.00
 00044   991.65     8.15    82.79     1.74    80.10    18.01  9999.00  9999.00  9999.00  9999.00
 00045  1014.11    18.40    70.85     5.47    30.46    20.95  9999.00  9999.00  9999.00  9999.00
 00046   948.27     7.22    90.31     1.32    98.67    18.47  9999.00  9999.00  9999.00  9999.00
 00047  1010.92    12.38    79.41     3.15   328.44    18.46  9999.00  9999.00  9999.00  9999.00
 00048   608.29    -6.50    73.48     1.55   137.62    23.00  9999.00  9999.00  9999.00  9999.00
 00049   580.17    -4.29    96.50     0.45   190.67     0.68  9999.00  9999.00  9999.00  9999.00
 00050  1008.72    15.37    73.98     4.54   328.28    19.08  9999.00  9999.00  9999.00  9999.00
