stn_id       p       t2      rh2      spd      dir      vis    rain6   rain24   tmax24   tmin24 
 00001   971.12    22.19    71.89     1.64   162.99    25.04  9999.00  9999.00  9999.00  9999.00
 00002   994.47    25.53    51.97     3.36   158.98    23.77  9999.00  9999.00  9999.00  9999.00
 00003   903.86    21.78    38.35     3.00   200.33    23.43  9999.00  9999.00  9999.00  9999.00
 00004   836.33    16.70    51.06     3.73   243.77    23.67  9999.00  9999.00  9999.00  9999.00
 00005   869.79    19.94    36.28     5.98   231.04    26.10  9999.00  9999.00  9999.00  9999.00
 00006   880.42    15.52    67.58     5.41   264.81    15.99  9999.00  9999.00  9999.00  9999.00
 00007  1003.78    21.02    54.15     3.04   201.78    25.75  9999.00  9999.00  9999.00  9999.00
 00008   985.99    20.07    48.91     4.98   220.60    26.62  9999.00  9999.00  9999.00  9999.00
 00009   943.99     8.24    54.02     2.79   335.04    32.68  9999.00  9999.00  9999.00  9999.00
 00010   966.62    14.21    63.41     1.60   286.52    29.65  9999.00  9999.00  9999.00  9999.00
 00011   990.83    18.50    56.41     4.06   218.75    27.39  9999.00  9999.00  9999.00  9999.00
 00012  1008.96    25.52    53.08     3.87   209.55    23.22  9999.00  9999.00  9999.00  9999.00
 00013  1012.55    20.22    72.60     2.00    17.69    23.45  9999.00  9999.00  9999.00  9999.00
 00014  1008.84    21.23    76.26     2.67   229.48    24.53  9999.00  9999.00  9999.00  9999.00
 00015   996.77    24.25    49.00     1.39   230.91    19.97  9999.00  9999.00  9999.00  9999.00
 00016   955.08    22.69    52.89     2.59   102.86    24.05  9999.00  9999.00  9999.00  9999.00
 00017   998.59    23.38    53.53     2.32   183.51    22.29  9999.00  9999.00  9999.00  9999.00
 00018  1011.41    19.94    69.08     2.10    30.46    22.93  9999.00  9999.00  9999.00  9999.00
 00019   935.76    21.87    65.93     1.31   225.30    27.04  9999.00  9999.00  9999.00  9999.00
 00020  1014.49    21.01    74.59     3.64    10.68    23.00  9999.00  9999.00  9999.00  9999.00
 00021   893.46    11.94    70.90     2.22   235.39    10.02  9999.00  9999.00  9999.00  9999.00
 00022  1012.85    25.88    47.45     3.71   213.14    21.10  9999.00  9999.00  9999.00  9999.00
 00023   919.51    16.88    50.57     4.10   284.61    22.21  9999.00  9999.00  9999.00  9999.00
 00024   942.70    19.03    41.01     2.15   274.36    24.86  9999.00  9999.00  9999.00  9999.00
 00025   794.72    19.59    84.86     2.31   214.72     7.97  9999.00  9999.00  9999.00  9999.00
 00026  1007.66    23.56    85.97     4.00   245.89    22.54  9999.00  9999.00  9999.00  9999.00
 00027  1004.79    21.10    86.85     3.86   318.78    23.82  9999.00  9999.00  9999.00  9999.00
 00028   974.12    19.14    88.10     4.06    11.93    17.17  9999.00  9999.00  9999.00  9999.00
 00029  1002.56    31.89    63.19     0.49   314.80    25.94  9999.00  9999.00  9999.00  9999.00
 00030   992.21    28.78    78.94     2.17   151.74    28.64  9999.00  9999.00  9999.00  9999.00
 00031   573.97    13.30    38.03     3.23   216.97    24.76  9999.00  9999.00  9999.00  9999.00
 00032   976.37    24.25    89.01     2.39    85.78    10.43  9999.00  9999.00  9999.00  9999.00
 00033  1005.47    22.26    98.46     5.09    90.29    17.80  9999.00  9999.00  9999.00  9999.00
 00034  1007.63    28.40    83.42     3.12    66.78    29.91  9999.00  9999.00  9999.00  9999.00
 00035  1004.67    29.52    75.37     2.83   103.72    25.20  9999.00  9999.00  9999.00  9999.00
 00036   775.68    17.24    74.97     0.84   166.02    16.51  9999.00  9999.00  9999.00  9999.00
 00037   966.71    25.14    87.01     2.03   104.13     8.90  9999.00  9999.00  9999.00  9999.00
 00038   992.78    27.57    85.25     1.22    17.88    21.53  9999.00  9999.00  9999.00  9999.00
 00039  1006.73    25.50    90.85     4.61    58.62    23.44  9999.00  9999.00  9999.00  9999.00
 00040  1003.47    28.41    81.68     1.75   129.25    25.66  9999.00  9999.00  9999.00  9999.00
 00041   970.26    19.28    85.66     2.88    37.98    15.14  9999.00  9999.00  9999.00  9999.00
 00042  1012.41    20.71    74.31     2.25    36.74    19.31  9999.00  9999.00  9999.00  9999.00
 00043  1001.14    24.57    89.47     2.70    30.57    22.33  9999.00  9999.00  9999.00  9999.00
 00044   982.94    24.32    83.68     3.66    48.42    20.62  9999.00  9999.00  9999.00  9999.00
 00045  1003.47    28.41    81.68     1.75   129.25    25.66  9999.00  9999.00  9999.00  9999.00
 00046   940.59    25.01    89.49     0.51    61.06    24.51  9999.00  9999.00  9999.00  9999.00
 00047  1001.28    23.01    88.51     5.42    75.80    19.86  9999.00  9999.00  9999.00  9999.00
 00048   605.85    11.29    58.46     3.54   184.22    22.96  9999.00  9999.00  9999.00  9999.00
 00049   579.76     5.41    82.74     2.67   206.74     6.76  9999.00  9999.00  9999.00  9999.00
 00050   999.23    27.05    81.17     3.79    67.91    20.01  9999.00  9999.00  9999.00  9999.00
