stn_id       p       t2      rh2      spd      dir      vis    rain6   rain24   tmax24   tmin24 
 00001   963.03    24.11    98.26     1.11   135.65     8.09  9999.00  9999.00  9999.00  9999.00
 00002   987.00    22.75    90.85     1.25   239.54    27.41  9999.00  9999.00  9999.00  9999.00
 00003   899.33    20.04    68.41     1.25    66.73    26.02  9999.00  9999.00  9999.00  9999.00
 00004   833.75    15.56    73.61     1.28   149.36    25.11  9999.00  9999.00  9999.00  9999.00
 00005   866.88    15.86    80.35     1.41    37.50    26.30  9999.00  9999.00  9999.00  9999.00
 00006   876.41    17.32    69.36     3.19   209.02    25.98  9999.00  9999.00  9999.00  9999.00
 00007   999.34    22.16    95.52     2.45   160.50    25.14  9999.00  9999.00  9999.00  9999.00
 00008   983.96    20.65    97.30     2.60   218.10    25.99  9999.00  9999.00  9999.00  9999.00
 00009   940.16    13.00    91.55     1.67   180.84    35.36  9999.00  9999.00  9999.00  9999.00
 00010   964.51    19.35    92.95     1.68   246.43    26.68  9999.00  9999.00  9999.00  9999.00
 00011   990.51    18.82    91.50     2.65   219.38    27.25  9999.00  9999.00  9999.00  9999.00
 00012  1003.13    23.28    92.22     1.58    36.89    25.52  9999.00  9999.00  9999.00  9999.00
 00013  1003.55    24.99    89.88     2.44   119.49    27.65  9999.00  9999.00  9999.00  9999.00
 00014  1001.29    24.79    92.27     1.63   168.47    28.53  9999.00  9999.00  9999.00  9999.00
 00015   988.38    24.81    90.67     1.20   133.28    23.82  9999.00  9999.00  9999.00  9999.00
 00016   946.05    21.87    87.92     1.63   114.78    26.37  9999.00  9999.00  9999.00  9999.00
 00017   988.96    24.97    93.94     1.44   320.84    26.47  9999.00  9999.00  9999.00  9999.00
 00018  1002.06    25.55    91.63     1.69   118.41    22.48  9999.00  9999.00  9999.00  9999.00
 00019   927.80    22.68    82.81     0.90   275.25    28.02  9999.00  9999.00  9999.00  9999.00
 00020  1008.13    23.78    94.48     4.93   157.39    10.64  9999.00  9999.00  9999.00  9999.00
 00021   884.18    20.09    44.75     2.32   153.03    25.69  9999.00  9999.00  9999.00  9999.00
 00022  1005.45    23.23    87.10     3.14   135.35    24.00  9999.00  9999.00  9999.00  9999.00
 00023   910.74    20.35    27.00     1.23   179.71    21.25  9999.00  9999.00  9999.00  9999.00
 00024   933.97    20.08    35.81     3.56   291.07    23.28  9999.00  9999.00  9999.00  9999.00
 00025   793.57    16.63    88.29     1.73   194.49    25.01  9999.00  9999.00  9999.00  9999.00
 00026  1001.62    25.40    97.36     1.19   116.72    29.03  9999.00  9999.00  9999.00  9999.00
 00027   996.69    26.26    92.42     1.63   168.24    28.80  9999.00  9999.00  9999.00  9999.00
 00028   966.65    25.57    89.19     1.45   166.19    27.13  9999.00  9999.00  9999.00  9999.00
 00029  1001.25    24.71    87.73     1.23   339.37    30.00  9999.00  9999.00  9999.00  9999.00
 00030   990.57    24.82    87.95     1.78   177.26    31.75  9999.00  9999.00  9999.00  9999.00
 00031   574.88     5.07    91.38     1.51   210.73    10.28  9999.00  9999.00  9999.00  9999.00
 00032   973.19    21.86    96.58     1.74   247.06     1.36  9999.00  9999.00  9999.00  9999.00
 00033  1004.03    23.88    97.37     2.56   190.59     0.13  9999.00  9999.00  9999.00  9999.00
 00034  1006.39    27.07    87.33     1.62   199.08    34.44  9999.00  9999.00  9999.00  9999.00
 00035  1003.36    25.08    97.62     1.38   220.67    14.53  9999.00  9999.00  9999.00  9999.00
 00036   774.25    16.35    96.56     0.85   173.88    13.84  9999.00  9999.00  9999.00  9999.00
 00037   963.83    22.23    97.89     1.27    98.15     1.23  9999.00  9999.00  9999.00  9999.00
 00038   989.61    24.93    97.54     0.99   105.93    24.86  9999.00  9999.00  9999.00  9999.00
 00039  1002.90    25.40    86.21     5.02     4.84    27.50  9999.00  9999.00  9999.00  9999.00
 00040  1000.50    25.85    92.66     2.62    31.06    28.90  9999.00  9999.00  9999.00  9999.00
 00041   964.32    23.72    95.82     0.94   168.73    27.83  9999.00  9999.00  9999.00  9999.00
 00042  1003.34    25.20    91.69     1.67   124.41    28.11  9999.00  9999.00  9999.00  9999.00
 00043   995.45    25.21    96.51     0.74   123.17    29.78  9999.00  9999.00  9999.00  9999.00
 00044   978.37    24.33    97.43     0.79    94.16    27.93  9999.00  9999.00  9999.00  9999.00
 00045  1000.50    25.85    92.66     2.62    31.06    28.90  9999.00  9999.00  9999.00  9999.00
 00046   937.33    22.37    99.54     0.37   317.11     1.62  9999.00  9999.00  9999.00  9999.00
 00047   997.83    23.32    98.72     1.87   343.81     0.89  9999.00  9999.00  9999.00  9999.00
 00048   605.09     7.96    92.70     0.93   192.96    14.22  9999.00  9999.00  9999.00  9999.00
 00049   578.90     3.44    96.41     1.43   170.57     5.61  9999.00  9999.00  9999.00  9999.00
 00050   995.48    24.71    87.15     3.48   328.22    26.99  9999.00  9999.00  9999.00  9999.00
