stn_id       p       t2      rh2      spd      dir      vis    rain6   rain24   tmax24   tmin24 
 00001   961.63    24.62    94.16     2.51    70.10     2.91    13.19  9999.00  9999.00  9999.00
 00002   988.43    28.18    73.47     0.67   298.95    27.30     0.00  9999.00  9999.00  9999.00
 00003   899.32    25.23    67.75     0.81   193.84    25.96     0.01  9999.00  9999.00  9999.00
 00004   833.19    18.59    86.36     2.02   164.51    17.28     2.49  9999.00  9999.00  9999.00
 00005   866.08    21.26    75.07     2.55   180.02    26.47     0.00  9999.00  9999.00  9999.00
 00006   874.36    23.76    60.51     4.23   241.84    26.23     0.00  9999.00  9999.00  9999.00
 00007  1001.36    24.52    78.59     6.67   198.71    20.44     0.03  9999.00  9999.00  9999.00
 00008   984.63    24.31    77.26     8.70   210.31    26.11     0.03  9999.00  9999.00  9999.00
 00009   939.55    21.37    78.74     0.49    34.90    34.58     0.00  9999.00  9999.00  9999.00
 00010   966.32    25.32    75.34     1.26   248.10    26.98     0.00  9999.00  9999.00  9999.00
 00011   989.94    24.82    83.96     6.74   205.65    26.78     0.23  9999.00  9999.00  9999.00
 00012  1004.48    24.61    91.55     2.35   103.20    24.90     2.76  9999.00  9999.00  9999.00
 00013  1005.01    26.03    82.34     6.05   123.10    26.92     0.00  9999.00  9999.00  9999.00
 00014  1001.86    26.28    83.62     4.68   102.86    27.91     0.10  9999.00  9999.00  9999.00
 00015   989.72    27.53    79.07     3.42   173.49    23.49     0.00  9999.00  9999.00  9999.00
 00016   947.46    26.08    76.15     1.78    81.58    26.33     0.00  9999.00  9999.00  9999.00
 00017   990.26    25.86    91.67     1.69    97.51    24.45     1.03  9999.00  9999.00  9999.00
 00018  1002.49    26.95    80.15     4.29   108.67    22.20     0.00  9999.00  9999.00  9999.00
 00019   928.69    24.01    89.39     0.38   131.45    17.57     3.00  9999.00  9999.00  9999.00
 00020  1009.26    25.17    90.83     5.46   119.70    24.89     0.00  9999.00  9999.00  9999.00
 00021   881.89    23.75    24.36     2.86   151.25    25.79     0.00  9999.00  9999.00  9999.00
 00022  1006.84    28.79    77.27     2.64   246.65    23.85     0.38  9999.00  9999.00  9999.00
 00023   907.74    22.48    23.81     0.75   204.62    21.37     0.00  9999.00  9999.00  9999.00
 00024   932.21    23.13    29.67     2.50   297.34    23.45     0.00  9999.00  9999.00  9999.00
 00025   790.96    17.41    96.33     1.18   247.50     5.11     1.86  9999.00  9999.00  9999.00
 00026   999.38    27.27    77.90     3.45    51.53    28.94     0.00  9999.00  9999.00  9999.00
 00027   995.00    27.74    90.09     2.40   346.73    28.63     0.00  9999.00  9999.00  9999.00
 00028   965.03    26.47    89.35     2.10    36.90    27.02     0.00  9999.00  9999.00  9999.00
 00029   994.03    29.90    78.02     2.91   344.80    29.78     0.00  9999.00  9999.00  9999.00
 00030   985.80    26.41    91.64     0.91   143.82    31.60     0.00  9999.00  9999.00  9999.00
 00031   575.70     2.70    94.74     1.29   270.58     7.15     7.08  9999.00  9999.00  9999.00
 00032   966.76    23.31    97.88     4.97    48.73     1.59     2.37  9999.00  9999.00  9999.00
 00033   999.48    23.03    99.61     3.51   264.88     1.50     0.11  9999.00  9999.00  9999.00
 00034  1002.74    27.72    85.63     5.58   268.54    34.99     0.00  9999.00  9999.00  9999.00
 00035   998.84    25.87    93.97     2.41   309.45    14.08     0.00  9999.00  9999.00  9999.00
 00036   772.86    16.42    90.68     1.20   136.31    22.85     1.04  9999.00  9999.00  9999.00
 00037   957.37    23.81    96.06     3.72    52.54     6.22     1.20  9999.00  9999.00  9999.00
 00038   981.00    28.53    75.71     2.59    48.78    28.04     0.02  9999.00  9999.00  9999.00
 00039   994.12    25.87    87.88    14.46    32.87    22.29     0.05  9999.00  9999.00  9999.00
 00040   991.65    27.92    78.75     8.63    41.96    28.29     0.17  9999.00  9999.00  9999.00
 00041   963.48    24.85    82.33     2.65   110.82    27.54     0.00  9999.00  9999.00  9999.00
 00042  1004.19    26.57    80.91     5.44   112.48    27.63     0.00  9999.00  9999.00  9999.00
 00043   992.70    27.23    75.94     3.28    48.67    29.44     0.00  9999.00  9999.00  9999.00
 00044   975.48    25.70    83.33     4.90    57.02    27.55     0.00  9999.00  9999.00  9999.00
 00045   991.65    27.92    78.75     8.63    41.96    28.29     0.17  9999.00  9999.00  9999.00
 00046   931.19    23.97    84.05     4.41    42.53    27.13     0.02  9999.00  9999.00  9999.00
 00047   994.60    23.29    98.35     5.33    66.10     1.00    10.79  9999.00  9999.00  9999.00
 00048   605.90     6.02    89.64     0.88    47.73     4.16     8.47  9999.00  9999.00  9999.00
 00049   578.40     4.25    99.44     1.20   182.23     0.89     0.90  9999.00  9999.00  9999.00
 00050   987.43    26.18    85.68    10.75    34.14    19.63     0.04  9999.00  9999.00  9999.00
