stn_id       p       t2      rh2      spd      dir      vis    rain6   rain24   tmax24   tmin24 
 00001   972.53    19.73    95.07     1.27   205.68    13.05     3.20  9999.00  9999.00  9999.00
 00002   995.80    16.43    98.20     1.17   286.51    18.92     0.00  9999.00  9999.00  9999.00
 00003   905.23    10.03    82.40     0.81   291.29    23.02     0.00  9999.00  9999.00  9999.00
 00004   837.81     7.68    59.83     1.62   200.96    23.19     0.00  9999.00  9999.00  9999.00
 00005   872.38     5.37    51.34     1.85   111.19    25.77     0.00  9999.00  9999.00  9999.00
 00006   882.96     4.71    37.12     2.36   216.68    26.61     0.00  9999.00  9999.00  9999.00
 00007  1002.17    12.05    75.33     2.42   308.66    21.84     0.00  9999.00  9999.00  9999.00
 00008   984.78    10.27    52.67     3.08   242.79    26.62     0.00  9999.00  9999.00  9999.00
 00009   938.86     5.07    93.82     4.11   317.77    18.35     0.31  9999.00  9999.00  9999.00
 00010   963.16     9.90    99.56     1.30   271.88     9.01     0.74  9999.00  9999.00  9999.00
 00011   989.85     8.78    63.73     3.41   229.71    27.56     0.00  9999.00  9999.00  9999.00
 00012  1011.46    12.91    67.59     2.15    52.91    23.17     0.00  9999.00  9999.00  9999.00
 00013  1010.03    23.01    87.89     1.91    36.23    15.05     0.24  9999.00  9999.00  9999.00
 00014  1006.32    23.07    89.46     0.80    28.80    21.70     0.08  9999.00  9999.00  9999.00
 00015   995.88    15.14    95.46     1.12   159.69    20.01     0.00  9999.00  9999.00  9999.00
 00016   957.39    13.75    96.46     0.60   141.16    12.18     0.00  9999.00  9999.00  9999.00
 00017   997.58    16.03    92.30     1.91   271.36    21.94     0.00  9999.00  9999.00  9999.00
 00018  1009.00    22.98    90.82     1.15   213.82    18.91     0.10  9999.00  9999.00  9999.00
 00019   937.01    18.06    87.14     1.05   274.50    26.97     0.03  9999.00  9999.00  9999.00
 00020  1012.70    21.66    89.36     1.69   167.69    22.60     0.01  9999.00  9999.00  9999.00
 00021   894.57     7.06    80.80     1.45   159.91    26.28     0.00  9999.00  9999.00  9999.00
 00022  1013.96    14.92    91.79     2.00   315.53    21.19     0.00  9999.00  9999.00  9999.00
 00023   920.68     6.12    83.32     1.45   171.38    22.46     0.00  9999.00  9999.00  9999.00
 00024   948.20     2.16    84.17     2.06    90.04    24.63     0.00  9999.00  9999.00  9999.00
 00025   797.32    15.97    91.76     2.43   124.85    23.75     0.14  9999.00  9999.00  9999.00
 00026  1007.70    24.06    90.10     2.31   143.62    23.81     0.00  9999.00  9999.00  9999.00
 00027  1004.16    23.62    93.77     2.14   342.49    19.08     0.07  9999.00  9999.00  9999.00
 00028   973.73    22.59    91.49     0.56   145.02    23.18     0.00  9999.00  9999.00  9999.00
 00029  1005.52    24.42    96.15     1.35   178.80     7.79     1.54  9999.00  9999.00  9999.00
 00030   994.31    24.43    92.78     0.96   112.83    28.68     0.01  9999.00  9999.00  9999.00
 00031   575.33     2.21    60.22     2.47   211.43    26.62     0.00  9999.00  9999.00  9999.00
 00032   977.20    20.94    94.51     1.43   255.33    21.50     0.05  9999.00  9999.00  9999.00
 00033  1006.43    22.02    98.29     4.51    97.25     2.09     0.43  9999.00  9999.00  9999.00
 00034  1007.54    26.98    87.68     5.80    84.78    16.44     2.63  9999.00  9999.00  9999.00
 00035  1005.58    25.24    95.10     2.90    73.98    14.65     1.01  9999.00  9999.00  9999.00
 00036   777.87    15.00    88.79     0.37   261.01    13.48     1.07  9999.00  9999.00  9999.00
 00037   967.71    21.36    94.43     1.00    95.40    22.56     0.03  9999.00  9999.00  9999.00
 00038   993.64    22.06    95.78     0.81   294.21    24.92     0.00  9999.00  9999.00  9999.00
 00039  1006.99    23.65    89.59     8.18    30.00    24.29     0.00  9999.00  9999.00  9999.00
 00040  1004.96    23.98    87.08     3.70    72.09    25.39     0.00  9999.00  9999.00  9999.00
 00041   969.45    22.79    95.79     1.22    16.83    17.54     1.03  9999.00  9999.00  9999.00
 00042  1009.77    23.37    93.46     1.98    38.52    23.36     0.17  9999.00  9999.00  9999.00
 00043  1001.31    24.39    90.02     1.91    35.03    24.26     0.02  9999.00  9999.00  9999.00
 00044   982.84    23.35    98.84     0.38   232.31    15.88     0.04  9999.00  9999.00  9999.00
 00045  1004.96    23.98    87.08     3.70    72.09    25.39     0.00  9999.00  9999.00  9999.00
 00046   941.09    20.41    97.64     0.94    87.93    24.13     0.00  9999.00  9999.00  9999.00
 00047  1001.71    21.06    97.71     2.24   315.87     1.79     0.00  9999.00  9999.00  9999.00
 00048   606.18     6.11    66.45     1.54   181.91    30.99     0.00  9999.00  9999.00  9999.00
 00049   580.25     1.79    98.95     0.82   158.09     1.94     0.08  9999.00  9999.00  9999.00
 00050   999.65    22.81    88.28     4.60    21.18    23.89     0.00  9999.00  9999.00  9999.00
