stn_id       p       t2      rh2      spd      dir      vis    rain6   rain24   tmax24   tmin24 
 00001   993.80    22.50    69.99     3.00   160.00    20.00     0.00  9999.00  9999.00  9999.00
 00002  1013.20    23.20    33.82     3.00    90.00    22.00     0.00  9999.00  9999.00  9999.00
 00003   933.90    20.00    29.78     2.00   180.00    28.00     0.00  9999.00  9999.00  9999.00
 00004   866.40    16.60    24.83     2.00   290.00    30.00     0.00  9999.00  9999.00  9999.00
 00005   892.60    16.40    29.85     4.00   220.00    26.00     0.00  9999.00  9999.00  9999.00
 00006   893.20    15.40    30.91     4.00   320.00    30.00     0.00  9999.00  9999.00  9999.00
 00007  1018.00    19.80    46.89     2.00   360.00    30.00     0.00  9999.00  9999.00  9999.00
 00008   995.50    19.90    22.90     3.00    20.00    14.00     0.00  9999.00  9999.00  9999.00
 00009   969.60    16.40    28.78     1.00   140.00    30.00     0.00  9999.00  9999.00  9999.00
 00010   990.00    20.40    25.89     2.00   360.00    11.00     0.00  9999.00  9999.00  9999.00
 00011  1009.90    18.20    25.86     2.00   360.00    30.00     0.00  9999.00  9999.00  9999.00
 00012  1020.40    22.70    32.76     2.00   360.00    30.00     0.00  9999.00  9999.00  9999.00
 00013  1018.80    21.70    63.81     0.00   270.00     6.00     0.00  9999.00  9999.00  9999.00
 00014  1016.60    24.60    44.78     4.00    20.00    11.00     0.00  9999.00  9999.00  9999.00
 00015  1004.40    21.90    39.78     1.00   340.00    25.00     0.00  9999.00  9999.00  9999.00
 00016  9999.00  9999.00  9999.00  9999.00  9999.00  9999.00  9999.00  9999.00  9999.00  9999.00
 00017  1011.10    23.70    32.81     3.00    40.00    18.00     0.00  9999.00  9999.00  9999.00
 00018  1020.60    22.00    61.83     1.00   160.00    12.00     0.00  9999.00  9999.00  9999.00
 00019   955.00    19.80    64.66     1.00    90.00    13.00     0.00  9999.00  9999.00  9999.00
 00020  1021.60    22.40    56.89     3.00    20.00    29.00     0.00  9999.00  9999.00  9999.00
 00021   913.90    19.30    40.70     3.00   360.00    26.00     0.00  9999.00  9999.00  9999.00
 00022  1024.20    23.60    31.89     3.00   110.00    22.00     0.00  9999.00  9999.00  9999.00
 00023   934.50    20.90    31.79     2.00   360.00    30.00     0.00  9999.00  9999.00  9999.00
 00024   966.90    19.20    52.81     3.00   140.00    30.00     0.00  9999.00  9999.00  9999.00
 00025   817.10    16.40    74.05     2.00   200.00    12.00     0.00  9999.00  9999.00  9999.00
 00026  1015.30    23.30    57.85     2.00    40.00    14.00     0.00  9999.00  9999.00  9999.00
 00027  1008.30    20.40    87.11     2.00   320.00     6.00     0.10  9999.00  9999.00  9999.00
 00028   989.30    18.80    86.97     3.00   360.00    10.00     0.50  9999.00  9999.00  9999.00
 00029  1007.60    25.00    75.45     5.00   360.00    30.00     0.00  9999.00  9999.00  9999.00
 00030  1000.10    19.70    96.92     2.00   340.00     3.00     3.00  9999.00  9999.00  9999.00
 00031   626.20    18.10     6.70     2.00   360.00    30.00     0.00  9999.00  9999.00  9999.00
 00032  1007.80    22.90    70.97     3.00   340.00    23.00     0.00  9999.00  9999.00  9999.00
 00033  1006.10    25.00    89.12     3.00   340.00    27.00     0.00  9999.00  9999.00  9999.00
 00034  1009.80    32.50    66.73     3.00    40.00    30.00     0.00  9999.00  9999.00  9999.00
 00035  1009.90    29.70    72.55     2.00   340.00    30.00     0.00  9999.00  9999.00  9999.00
 00036   845.50    18.90    64.87     1.00   140.00    30.00     0.10  9999.00  9999.00  9999.00
 00037  1010.90    23.50    68.85     1.00   160.00    21.00     0.00  9999.00  9999.00  9999.00
 00038  1008.90    25.60    77.92     0.00     0.00    14.00     0.10  9999.00  9999.00  9999.00
 00039  1013.60    24.70    69.95     6.00    40.00    24.00     0.00  9999.00  9999.00  9999.00
 00040  1009.00    26.10    71.96     9.00    40.00    23.00     0.00  9999.00  9999.00  9999.00
 00041   822.40    12.50    71.90     2.00    90.00    12.00     0.00  9999.00  9999.00  9999.00
 00042  1017.40    22.80    61.61     2.00    90.00    11.00     0.00  9999.00  9999.00  9999.00
 00043  1013.00    21.30    75.85     2.00    40.00    11.00     0.00  9999.00  9999.00  9999.00
 00044  1006.90    19.70    69.03     2.00    40.00    10.00     0.70  9999.00  9999.00  9999.00
 00045  1009.00    26.10    71.96     9.00    40.00    23.00     0.00  9999.00  9999.00  9999.00
 00046   970.90    20.20    98.14     2.00    20.00     6.00     0.10  9999.00  9999.00  9999.00
 00047  1015.20    22.40    62.73     4.00   360.00    15.00     0.00  9999.00  9999.00  9999.00
 00048   654.10    20.10    15.79     3.00   270.00    30.00     0.00  9999.00  9999.00  9999.00
 00049   605.30     9.10    62.67     7.00   250.00    30.00     0.00  9999.00  9999.00  9999.00
 00050  1008.50    23.60    71.99     6.00    40.00    24.00     0.00  9999.00  9999.00  9999.00
