stn_id       p       t2      rh2      spd      dir      vis    rain6   rain24   tmax24   tmin24 
 00001   996.46     8.30    94.03     0.00     0.00     0.80  9999.00  9999.00  9999.00  9999.00
 00002  1009.96    -3.40    92.05     2.00   140.00     0.60  9999.00  9999.00  9999.00  9999.00
 00003   933.45    -8.80    93.89     1.00    20.00     1.00  9999.00  9999.00  9999.00  9999.00
 00004   864.30    -9.30    63.20     3.00   220.00     6.00  9999.00  9999.00  9999.00  9999.00
 00005   901.93    -7.50    71.35     3.00   320.00     3.50  9999.00  9999.00  9999.00  9999.00
 00006   887.81    -6.00    73.19     4.00   200.00    12.00  9999.00  9999.00  9999.00  9999.00
 00007  1015.99    -6.10    87.01     1.00    40.00    14.00  9999.00  9999.00  9999.00  9999.00
 00008   993.54    -2.30    56.69     2.00   200.00     7.00  9999.00  9999.00  9999.00  9999.00
 00009   979.05   -32.60    68.36     2.00   180.00     8.00  9999.00  9999.00  9999.00  9999.00
 00010   992.93    -9.50    70.97     0.00     0.00     6.00  9999.00  9999.00  9999.00  9999.00
 00011  1005.51    -8.70    74.25     3.00    40.00     2.70  9999.00  9999.00  9999.00  9999.00
 00012  1015.92    -1.80    81.70     1.00   160.00     1.00  9999.00  9999.00  9999.00  9999.00
 00013  1020.55     5.30   100.00     2.00   140.00     0.60  9999.00  9999.00  9999.00  9999.00
 00014  1017.90     8.60    94.69     1.00   140.00     0.70  9999.00  9999.00  9999.00  9999.00
 00015  1000.15     2.40    89.13     1.00   320.00     1.30  9999.00  9999.00  9999.00  9999.00
 00016   970.96     0.90    63.10     2.00   290.00     4.80  9999.00  9999.00  9999.00  9999.00
 00017  1006.57     1.30    93.69     1.00   220.00     1.00  9999.00  9999.00  9999.00  9999.00
 00018  1018.34     5.90    86.93     0.00     0.00     1.80  9999.00  9999.00  9999.00  9999.00
 00019   956.16     4.90    93.21     1.00   290.00     1.80  9999.00  9999.00  9999.00  9999.00
 00020  1022.21     8.00    95.97     1.00   140.00     1.80  9999.00  9999.00  9999.00  9999.00
 00021   920.60    -8.10    91.73     1.00    70.00     0.10  9999.00  9999.00  9999.00  9999.00
 00022  1020.30    -2.40    92.80     2.00   180.00     0.70  9999.00  9999.00  9999.00  9999.00
 00023   943.07     1.70    87.14     4.00   270.00    19.00  9999.00  9999.00  9999.00  9999.00
 00024   969.26    -5.40    71.03     5.00   110.00    29.00  9999.00  9999.00  9999.00  9999.00
 00025   815.40    10.20    75.04     1.00   250.00    20.00  9999.00  9999.00  9999.00  9999.00
 00026  1015.57    10.70    76.72     1.00    20.00     2.90  9999.00  9999.00  9999.00  9999.00
 00027  1015.99     7.60    87.70     5.00   320.00     1.70  9999.00  9999.00  9999.00  9999.00
 00028   994.04     7.20    90.77     0.00     0.00     1.90  9999.00  9999.00  9999.00  9999.00
 00029  1015.83    17.80    82.50     1.00   320.00    24.00  9999.00  9999.00  9999.00  9999.00
 00030  1005.07    20.40    64.79     4.00   160.00     9.00  9999.00  9999.00  9999.00  9999.00
 00031   628.00    -2.80     7.40     3.00   180.00    30.00  9999.00  9999.00  9999.00  9999.00
 00032  1012.95    12.50    75.96     2.00   290.00     7.00  9999.00  9999.00  9999.00  9999.00
 00033  1017.79    20.80    88.81     2.00    90.00    13.00  9999.00  9999.00  9999.00  9999.00
 00034  1016.00    24.40    87.99     4.00    70.00    26.00  9999.00  9999.00  9999.00  9999.00
 00035  1016.57    22.30    91.72     1.00    70.00    12.00  9999.00  9999.00  9999.00  9999.00
 00036   844.30    11.60    57.75     1.00   360.00    19.00  9999.00  9999.00  9999.00  9999.00
 00037  1017.36    11.70    85.14     2.00    90.00     7.00  9999.00  9999.00  9999.00  9999.00
 00038  1018.40    14.50    83.75     2.00    90.00     6.00  9999.00  9999.00  9999.00  9999.00
 00039  1019.72    14.00    71.71     3.00    20.00    10.00  9999.00  9999.00  9999.00  9999.00
 00040  1015.19    15.80    79.06     5.00    70.00    12.00  9999.00  9999.00  9999.00  9999.00
 00041   819.20     6.00    90.04     7.00   200.00    18.00  9999.00  9999.00  9999.00  9999.00
 00042  1019.17     4.70    95.87     1.00   110.00     0.80  9999.00  9999.00  9999.00  9999.00
 00043  1017.98     8.80    89.03     0.00   110.00     2.90  9999.00  9999.00  9999.00  9999.00
 00044  1013.12     9.80    80.94     1.00    70.00     3.50  9999.00  9999.00  9999.00  9999.00
 00045  1015.19    15.80    79.06     5.00    70.00    12.00  9999.00  9999.00  9999.00  9999.00
 00046   978.62    11.60    82.85     1.00    70.00    11.00  9999.00  9999.00  9999.00  9999.00
 00047  1019.60    10.00    94.10     1.00   270.00     1.90  9999.00  9999.00  9999.00  9999.00
 00048   657.90    -1.40    12.57     2.00   110.00    20.00  9999.00  9999.00  9999.00  9999.00
 00049   603.10    -7.80    74.33     2.00   320.00    30.00  9999.00  9999.00  9999.00  9999.00
 00050  1019.72    13.10    61.91     3.00    70.00    14.00  9999.00  9999.00  9999.00  9999.00
