stn_id       p       t2      rh2      spd      dir      vis    rain6   rain24   tmax24   tmin24 
 00001   991.38     9.70    74.98     1.00   180.00     9.00  9999.00  9999.00  9999.00  9999.00
 00002  1012.34     1.30    83.96     2.00   340.00     2.20  9999.00  9999.00  9999.00  9999.00
 00003   932.43    -3.90   100.00     1.00   110.00     2.10  9999.00  9999.00  9999.00  9999.00
 00004   863.43    -7.10    65.54     1.00   160.00    30.00  9999.00  9999.00  9999.00  9999.00
 00005  9999.00  9999.00  9999.00  9999.00  9999.00  9999.00  9999.00  9999.00  9999.00  9999.00
 00006   890.22    -7.90    47.09     5.00   250.00    30.00  9999.00  9999.00  9999.00  9999.00
 00007  1017.48    -1.20    64.06     1.00   200.00    16.00  9999.00  9999.00  9999.00  9999.00
 00008   993.15    -4.10    69.64     5.00   250.00     6.00  9999.00  9999.00  9999.00  9999.00
 00009   969.84   -21.00    76.70     0.00   180.00     6.00  9999.00  9999.00  9999.00  9999.00
 00010   993.91   -13.20    72.33     1.00   270.00     8.00  9999.00  9999.00  9999.00  9999.00
 00011  1000.19    -6.70    67.67     4.00   250.00     6.00  9999.00  9999.00  9999.00  9999.00
 00012  1019.01    -3.00    82.79     1.00    40.00     3.00  9999.00  9999.00  9999.00  9999.00
 00013  1023.75     6.20    73.84     3.00   140.00     6.00  9999.00  9999.00  9999.00  9999.00
 00014  1019.90     7.00    76.66     0.00     0.00  9999.00  9999.00  9999.00  9999.00  9999.00
 00015  1003.40     5.50    52.94     3.00   160.00     8.00  9999.00  9999.00  9999.00  9999.00
 00016   969.23     0.80    89.64     1.00   360.00     1.60  9999.00  9999.00  9999.00  9999.00
 00017  1008.74     1.60    84.00     1.00   160.00     4.70  9999.00  9999.00  9999.00  9999.00
 00018  1021.03     6.60    67.80     1.00    20.00    14.00  9999.00  9999.00  9999.00  9999.00
 00019   952.48     7.30    95.29     1.00   160.00     1.80  9999.00  9999.00  9999.00  9999.00
 00020  1024.81     6.40    77.66     2.00   140.00    13.00  9999.00  9999.00  9999.00  9999.00
 00021   922.24    -8.40    72.53     0.00   110.00     2.20  9999.00  9999.00  9999.00  9999.00
 00022  1022.59    -1.20    84.92     1.00   180.00     2.60  9999.00  9999.00  9999.00  9999.00
 00023   946.34   -10.70    56.09     3.00   180.00    30.00  9999.00  9999.00  9999.00  9999.00
 00024   977.09   -15.00    82.97     1.00   340.00    13.00  9999.00  9999.00  9999.00  9999.00
 00025   813.50    10.50   100.00     2.00   220.00     6.00  9999.00  9999.00  9999.00  9999.00
 00026  1017.86     9.80    63.80     1.00    90.00    11.00  9999.00  9999.00  9999.00  9999.00
 00027  1015.49     7.10    81.71     0.00     0.00  9999.00  9999.00  9999.00  9999.00  9999.00
 00028   992.38     6.50    81.06     1.00   360.00     8.00  9999.00  9999.00  9999.00  9999.00
 00029  1017.43    13.60    84.77     2.00   360.00    30.00  9999.00  9999.00  9999.00  9999.00
 00030  1005.96    11.80    82.88     3.00    70.00  9999.00  9999.00  9999.00  9999.00  9999.00
 00031   627.60    -3.70     7.28     2.00   180.00    30.00  9999.00  9999.00  9999.00  9999.00
 00032  1015.13     7.70    77.87     1.00   220.00    18.00  9999.00  9999.00  9999.00  9999.00
 00033  1018.39    18.00    89.16     2.00    40.00    13.00  9999.00  9999.00  9999.00  9999.00
 00034  1015.50    23.60    73.84     4.00    70.00    15.00  9999.00  9999.00  9999.00  9999.00
 00035  1017.27    15.00    98.07     0.00     0.00  9999.00  9999.00  9999.00  9999.00  9999.00
 00036   840.00    10.60    42.69     1.00   360.00    30.00  9999.00  9999.00  9999.00  9999.00
 00037  1019.25     6.90    84.02     1.00   340.00    16.00  9999.00  9999.00  9999.00  9999.00
 00038  1021.59     8.00    90.83     2.00   320.00     8.00  9999.00  9999.00  9999.00  9999.00
 00039  1021.62     9.10    80.85     1.00   340.00    11.00  9999.00  9999.00  9999.00  9999.00
 00040  1018.17    10.60    83.87     2.00   320.00    11.00  9999.00  9999.00  9999.00  9999.00
 00041   817.90     3.10    28.35     9.00   250.00    27.00  9999.00  9999.00  9999.00  9999.00
 00042  1021.96     7.10    68.89     3.00   110.00    10.00  9999.00  9999.00  9999.00  9999.00
 00043  1020.07     8.80    87.81     1.00   250.00     8.00  9999.00  9999.00  9999.00  9999.00
 00044  1015.20     5.00    79.13     2.00    20.00    12.00  9999.00  9999.00  9999.00  9999.00
 00045  1018.17    10.60    83.87     2.00   320.00    11.00  9999.00  9999.00  9999.00  9999.00
 00046   981.32     5.70    95.23     0.00     0.00  9999.00  9999.00  9999.00  9999.00  9999.00
 00047  1021.50     4.70    80.81     1.00   270.00     4.60  9999.00  9999.00  9999.00  9999.00
 00048   655.70    -4.90    29.28     1.00   110.00    29.00  9999.00  9999.00  9999.00  9999.00
 00049   602.30   -11.00    76.85     1.00   250.00    30.00  9999.00  9999.00  9999.00  9999.00
 00050  1021.72     8.30    79.06     3.00    70.00    15.00  9999.00  9999.00  9999.00  9999.00
