stn_id       p       t2      rh2      spd      dir      vis    rain6   rain24   tmax24   tmin24 
 00001   997.64     9.10    87.83     1.00    40.00     7.00  9999.00  9999.00  9999.00  9999.00
 00002  1018.49     4.50    55.93     2.00   180.00     6.00  9999.00  9999.00  9999.00  9999.00
 00003   938.83     0.20    80.16     1.00   360.00     4.30  9999.00  9999.00  9999.00  9999.00
 00004   869.27     0.20    66.89     4.00   250.00    16.00  9999.00  9999.00  9999.00  9999.00
 00005  9999.00  9999.00  9999.00  9999.00  9999.00  9999.00  9999.00  9999.00  9999.00  9999.00
 00006   893.35    -0.50    37.44     5.00   250.00    24.00  9999.00  9999.00  9999.00  9999.00
 00007  1021.36     0.80    30.83     5.00   200.00    24.00  9999.00  9999.00  9999.00  9999.00
 00008   996.76    -2.00    19.65     5.00   250.00     9.00  9999.00  9999.00  9999.00  9999.00
 00009   972.81   -18.00    58.66     1.00   270.00    15.00  9999.00  9999.00  9999.00  9999.00
 00010   998.49    -7.70    25.69     1.00   290.00    21.00  9999.00  9999.00  9999.00  9999.00
 00011  1007.39    -5.80    27.19     3.00   160.00    18.00  9999.00  9999.00  9999.00  9999.00
 00012  1025.09     1.70    51.87     2.00    70.00     9.00  9999.00  9999.00  9999.00  9999.00
 00013  1031.75     7.60    54.71     3.00    90.00    10.00  9999.00  9999.00  9999.00  9999.00
 00014  1026.97     9.10    56.73     2.00   110.00     8.00  9999.00  9999.00  9999.00  9999.00
 00015  1009.69     8.10    34.97     5.00   200.00    12.00  9999.00  9999.00  9999.00  9999.00
 00016   977.29     5.40    79.19     2.00    40.00     3.30  9999.00  9999.00  9999.00  9999.00
 00017  1015.97     8.20    45.96     2.00   110.00     8.00  9999.00  9999.00  9999.00  9999.00
 00018  1028.31     8.20    50.99     2.00    90.00    18.00  9999.00  9999.00  9999.00  9999.00
 00019   958.53     7.20    90.14     1.00    20.00     3.40  9999.00  9999.00  9999.00  9999.00
 00020  1032.00     7.20    53.80     3.00    20.00    17.00  9999.00  9999.00  9999.00  9999.00
 00021   920.41   -10.40    85.83     1.00    70.00     0.70  9999.00  9999.00  9999.00  9999.00
 00022  1028.59     4.40    45.89     1.00   220.00    10.00  9999.00  9999.00  9999.00  9999.00
 00023   946.06    -7.80    91.03     2.00    40.00     0.20  9999.00  9999.00  9999.00  9999.00
 00024   972.41   -13.80    77.86     1.00   160.00     8.00  9999.00  9999.00  9999.00  9999.00
 00025   816.00    14.60    73.75     3.00   180.00     8.00  9999.00  9999.00  9999.00  9999.00
 00026  1024.62     9.80    51.06     3.00   140.00    10.00  9999.00  9999.00  9999.00  9999.00
 00027  1022.35     8.00    57.69     1.00   110.00    10.00  9999.00  9999.00  9999.00  9999.00
 00028   998.14     7.60    58.86     1.00    20.00    10.00  9999.00  9999.00  9999.00  9999.00
 00029  1022.81    15.00    50.66     2.00    40.00    30.00  9999.00  9999.00  9999.00  9999.00
 00030  1012.09    14.60    50.90     5.00    90.00    12.00  9999.00  9999.00  9999.00  9999.00
 00031   628.60    -0.70     9.19     1.00    20.00    30.00  9999.00  9999.00  9999.00  9999.00
 00032  1020.98    11.50    48.99     2.00   360.00    15.00  9999.00  9999.00  9999.00  9999.00
 00033  1022.88    18.50    70.64     5.00    70.00    13.00  9999.00  9999.00  9999.00  9999.00
 00034  1019.10    25.30    71.83     5.00    40.00    11.00  9999.00  9999.00  9999.00  9999.00
 00035  1022.36    16.90    90.82     1.00    20.00     3.00  9999.00  9999.00  9999.00  9999.00
 00036   840.80    18.20    33.81     2.00   160.00    12.00  9999.00  9999.00  9999.00  9999.00
 00037  1025.02    11.30    50.73     2.00   180.00    15.00  9999.00  9999.00  9999.00  9999.00
 00038  1024.98    14.70    41.75     2.00    40.00    19.00  9999.00  9999.00  9999.00  9999.00
 00039  1025.71    12.40    54.79     6.00    20.00    10.00  9999.00  9999.00  9999.00  9999.00
 00040  1021.26    13.20    56.96    10.00    40.00    14.00  9999.00  9999.00  9999.00  9999.00
 00041   822.00     1.10    36.79     4.00   110.00    30.00  9999.00  9999.00  9999.00  9999.00
 00042  1029.95     8.60    53.01     3.00   110.00    11.00  9999.00  9999.00  9999.00  9999.00
 00043  1026.85    10.10    54.98     1.00   180.00     8.00  9999.00  9999.00  9999.00  9999.00
 00044  1021.46     9.60    48.81     2.00   360.00    18.00  9999.00  9999.00  9999.00  9999.00
 00045  1021.26    13.20    56.96    10.00    40.00    14.00  9999.00  9999.00  9999.00  9999.00
 00046   985.18    11.90    53.88     2.00    20.00    16.00  9999.00  9999.00  9999.00  9999.00
 00047  1027.67    10.10    56.99     2.00   200.00     7.00  9999.00  9999.00  9999.00  9999.00
 00048   657.10     1.60    21.24     2.00    90.00    22.00  9999.00  9999.00  9999.00  9999.00
 00049   602.00    -4.10    46.74     1.00    40.00    30.00  9999.00  9999.00  9999.00  9999.00
 00050  1026.31    11.30    52.97     8.00    20.00    15.00  9999.00  9999.00  9999.00  9999.00
