stn_id       p       t2      rh2      spd      dir      vis    rain6   rain24   tmax24   tmin24 
 00001   975.40    24.80   100.00     1.00   160.00     4.50     0.00  9999.00  9999.00  9999.00
 00002   992.40    20.40    92.77     0.00    70.00     6.00     0.00  9999.00  9999.00  9999.00
 00003   917.30    20.10    89.87     1.00   180.00     7.00     0.00  9999.00  9999.00  9999.00
 00004   853.80    14.70    83.76     2.00   220.00    12.00     0.00  9999.00  9999.00  9999.00
 00005   879.40    15.10    48.91     4.00   360.00    30.00     0.10  9999.00  9999.00  9999.00
 00006   878.10    17.30    71.80     2.00   320.00    30.00     0.10  9999.00  9999.00  9999.00
 00007   997.80    23.60    65.86     1.00   220.00    30.00     0.00  9999.00  9999.00  9999.00
 00008   976.20    22.80    67.84     2.00   110.00    13.00     4.00  9999.00  9999.00  9999.00
 00009   946.50    15.60    96.20     1.00   140.00     8.00     3.00  9999.00  9999.00  9999.00
 00010   977.50    16.90    98.73     2.00    90.00    25.00     0.00  9999.00  9999.00  9999.00
 00011   988.70    23.60    58.67     7.00   220.00    22.00     0.00  9999.00  9999.00  9999.00
 00012   998.50    21.60    79.85     1.00   220.00  9999.00     0.00  9999.00  9999.00  9999.00
 00013   998.50    24.20   100.00     1.00   270.00     2.90     0.00  9999.00  9999.00  9999.00
 00014   997.60    26.80    87.64     1.00   140.00    21.00     0.00  9999.00  9999.00  9999.00
 00015   982.80    22.20    77.93     1.00   290.00     6.00     0.00  9999.00  9999.00  9999.00
 00016   955.40    18.80    82.08     1.00   140.00    21.00     0.00  9999.00  9999.00  9999.00
 00017   990.10    24.50    86.92     1.00   140.00     4.50     0.00  9999.00  9999.00  9999.00
 00018  1000.50    24.60    97.02     1.00   220.00     4.90     0.00  9999.00  9999.00  9999.00
 00019   939.00    20.60    89.91     1.00   270.00    24.00     0.00  9999.00  9999.00  9999.00
 00020  1000.70    23.90    98.79     0.00    40.00     4.10    20.00  9999.00  9999.00  9999.00
 00021   898.10    26.50    20.75     2.00   160.00    20.00     0.00  9999.00  9999.00  9999.00
 00022  1001.90    21.10    86.08     1.00   250.00     7.00     0.00  9999.00  9999.00  9999.00
 00023   919.20    23.40    30.71     6.00   220.00    30.00     0.00  9999.00  9999.00  9999.00
 00024   945.90    22.60    41.90     1.00   290.00    30.00     0.00  9999.00  9999.00  9999.00
 00025   808.50    18.70   100.00     1.00   250.00    13.00    16.00  9999.00  9999.00  9999.00
 00026   997.70    26.30    98.22     0.00     0.00    12.00    19.00  9999.00  9999.00  9999.00
 00027   990.10    24.20    94.68     1.00   290.00    10.00     0.40  9999.00  9999.00  9999.00
 00028   970.90    23.80   100.00     1.00    70.00     1.90     1.00  9999.00  9999.00  9999.00
 00029   998.70    27.00    90.34     1.00   160.00    30.00     0.00  9999.00  9999.00  9999.00
 00030   987.00    26.30    94.75     1.00    90.00    14.00     0.00  9999.00  9999.00  9999.00
 00031   623.20    16.40    32.75     1.00   320.00    30.00     0.00  9999.00  9999.00  9999.00
 00032   994.80    28.10    88.80     1.00   140.00    12.00     0.00  9999.00  9999.00  9999.00
 00033   998.30    27.60    90.92     1.00   160.00    23.00     0.00  9999.00  9999.00  9999.00
 00034  1006.60    29.30    86.80     3.00   180.00    17.00     0.00  9999.00  9999.00  9999.00
 00035  1003.60    28.50    90.97     2.00   180.00    25.00     0.00  9999.00  9999.00  9999.00
 00036   837.10    18.50    89.75     1.00   360.00     8.00     1.00  9999.00  9999.00  9999.00
 00037   997.60    27.70    90.92     0.00     0.00  9999.00     0.00  9999.00  9999.00  9999.00
 00038   999.60    26.70    94.20     3.00   270.00    24.00     0.00  9999.00  9999.00  9999.00
 00039  1003.10    27.20    93.66     3.00   250.00    10.00     0.00  9999.00  9999.00  9999.00
 00040  1000.50    27.80    90.93     2.00   250.00     8.00     0.00  9999.00  9999.00  9999.00
 00041   811.90    16.90    96.85     4.00   270.00     0.00     0.40  9999.00  9999.00  9999.00
 00042   998.20    24.20    98.20     2.00   250.00     2.70     0.40  9999.00  9999.00  9999.00
 00043   995.10    27.60   100.00     1.00    90.00    18.00     0.00  9999.00  9999.00  9999.00
 00044   989.80    25.20    93.01     1.00   140.00    10.00     1.00  9999.00  9999.00  9999.00
 00045  1000.50    27.80    90.93     2.00   250.00     8.00     0.00  9999.00  9999.00  9999.00
 00046   960.50    26.00    82.89     3.00   180.00    30.00     0.00  9999.00  9999.00  9999.00
 00047   998.00    29.10    83.73     2.00   270.00     8.00     0.00  9999.00  9999.00  9999.00
 00048   654.10    10.80    83.86     2.00   250.00     3.70    12.00  9999.00  9999.00  9999.00
 00049   602.10     7.20    84.02     2.00   220.00    30.00     0.00  9999.00  9999.00  9999.00
 00050   997.90    27.60    88.76     5.00   200.00    21.00     0.00  9999.00  9999.00  9999.00
