stn_id       p       t2      rh2      spd      dir      vis    rain6   rain24   tmax24   tmin24 
 00001   964.08    25.92    64.15     3.17   234.45    26.35  9999.00  9999.00  9999.00  9999.00
 00002   986.39    29.68    28.96     1.66    13.02    22.60  9999.00  9999.00  9999.00  9999.00
 00003   896.53    25.08    28.33     3.81    21.22    21.71  9999.00  9999.00  9999.00  9999.00
 00004   831.03    18.45    38.02     3.62    21.63    20.04  9999.00  9999.00  9999.00  9999.00
 00005   866.10    21.82    26.49     5.66    22.29    19.52  9999.00  9999.00  9999.00  9999.00
 00006   878.14    19.99    37.41     5.54    14.68    18.81  9999.00  9999.00  9999.00  9999.00
 00007   993.21    20.89    69.04     2.50   254.09    20.27  9999.00  9999.00  9999.00  9999.00
 00008   978.69    21.30    54.88     3.01   134.84    22.98  9999.00  9999.00  9999.00  9999.00
 00009   940.38    26.82    39.69     2.74   261.36    37.20  9999.00  9999.00  9999.00  9999.00
 00010   958.80    17.19    80.15     1.34    63.12    19.13  9999.00  9999.00  9999.00  9999.00
 00011   987.23    21.13    61.79     3.06    74.92    24.94  9999.00  9999.00  9999.00  9999.00
 00012  1001.60    29.27    24.58     3.89     6.41    20.39  9999.00  9999.00  9999.00  9999.00
 00013  1001.19    24.80    80.07     3.02    98.77    26.19  9999.00  9999.00  9999.00  9999.00
 00014   998.21    27.24    74.40     2.22    75.24    26.52  9999.00  9999.00  9999.00  9999.00
 00015   985.61    28.21    40.52     2.50   326.97    21.38  9999.00  9999.00  9999.00  9999.00
 00016   946.30    26.50    69.67     0.84   300.24    23.92  9999.00  9999.00  9999.00  9999.00
 00017   987.24    27.01    58.73     1.98   136.44    24.42  9999.00  9999.00  9999.00  9999.00
 00018   999.87    27.56    72.59     2.16    76.60    26.29  9999.00  9999.00  9999.00  9999.00
 00019   928.97    28.48    50.27     1.17   155.37    27.10  9999.00  9999.00  9999.00  9999.00
 00020  1004.69    26.64    72.59     2.62    98.03    23.76  9999.00  9999.00  9999.00  9999.00
 00021   888.69    20.64    56.61     5.18   336.19    25.79  9999.00  9999.00  9999.00  9999.00
 00022  1004.10    28.73    30.13     3.46   342.25    20.09  9999.00  9999.00  9999.00  9999.00
 00023   917.08    18.19    44.30     6.30   271.25    24.42  9999.00  9999.00  9999.00  9999.00
 00024   938.71    17.38    48.98     9.26   295.46    26.03  9999.00  9999.00  9999.00  9999.00
 00025   791.57    19.42    85.78     1.42   222.34    24.47  9999.00  9999.00  9999.00  9999.00
 00026   998.05    31.13    64.12     0.72    68.80    27.57  9999.00  9999.00  9999.00  9999.00
 00027   993.91    32.21    61.94     2.48   184.02    27.67  9999.00  9999.00  9999.00  9999.00
 00028   965.73    26.68    70.51     3.86   248.33    26.42  9999.00  9999.00  9999.00  9999.00
 00029   997.10    30.94    72.55     1.60   131.14    27.32  9999.00  9999.00  9999.00  9999.00
 00030   986.80    30.51    75.69     0.59   192.29    31.91  9999.00  9999.00  9999.00  9999.00
 00031   572.52     9.68    41.20     0.86   245.23    22.60  9999.00  9999.00  9999.00  9999.00
 00032   969.94    25.51    78.85     1.28   134.73    19.77  9999.00  9999.00  9999.00  9999.00
 00033  1000.33    22.40    97.81     6.61   270.71     2.36  9999.00  9999.00  9999.00  9999.00
 00034  1004.95    28.50    86.94     6.88   230.18    32.66  9999.00  9999.00  9999.00  9999.00
 00035   999.51    29.26    83.18     4.49   270.48    19.20  9999.00  9999.00  9999.00  9999.00
 00036   774.33    13.73    71.44     1.10   132.34    24.79  9999.00  9999.00  9999.00  9999.00
 00037   960.33    26.43    75.05     1.32   142.77    22.44  9999.00  9999.00  9999.00  9999.00
 00038   986.86    27.55    82.65     1.26    96.27    20.05  9999.00  9999.00  9999.00  9999.00
 00039  1000.64    24.97    89.07     4.67    53.07    24.21  9999.00  9999.00  9999.00  9999.00
 00040   998.19    27.18    86.70     2.38    99.15    17.83  9999.00  9999.00  9999.00  9999.00
 00041   960.43    29.22    63.23     1.20   166.99    26.31  9999.00  9999.00  9999.00  9999.00
 00042  1000.31    28.13    69.10     3.75   108.28    26.58  9999.00  9999.00  9999.00  9999.00
 00043   991.78    31.56    68.02     0.37    63.03    28.09  9999.00  9999.00  9999.00  9999.00
 00044   974.27    30.31    70.58     1.16    68.58    25.71  9999.00  9999.00  9999.00  9999.00
 00045   998.19    27.18    86.70     2.38    99.15    17.83  9999.00  9999.00  9999.00  9999.00
 00046   934.30    28.11    67.58     1.28   186.03    25.41  9999.00  9999.00  9999.00  9999.00
 00047   993.56    24.58    83.94     1.41    99.93     8.74  9999.00  9999.00  9999.00  9999.00
 00048   603.40    10.14    61.05     1.05   179.40    23.20  9999.00  9999.00  9999.00  9999.00
 00049   576.15     7.74    67.87     1.27   221.58    22.09  9999.00  9999.00  9999.00  9999.00
 00050   993.19    26.14    80.07     2.54    66.37    23.79  9999.00  9999.00  9999.00  9999.00
