stn_id       p       t2      rh2      spd      dir      vis    rain6   rain24   tmax24   tmin24 
 00001   961.95    30.18    49.90     1.95   211.56    26.27  9999.00  9999.00  9999.00  9999.00
 00002   982.96    32.21    21.72     1.28    91.56    22.44  9999.00  9999.00  9999.00  9999.00
 00003   893.84    26.07    29.84     0.99   181.04    21.58  9999.00  9999.00  9999.00  9999.00
 00004   828.62    21.60    23.72     4.22   343.97    19.89  9999.00  9999.00  9999.00  9999.00
 00005   863.63    23.68    22.48     5.74     4.29    19.42  9999.00  9999.00  9999.00  9999.00
 00006   875.59    20.57    31.58     5.92   147.97    18.72  9999.00  9999.00  9999.00  9999.00
 00007   994.68    20.26    71.59     0.94   154.17    21.13  9999.00  9999.00  9999.00  9999.00
 00008   978.80    19.34    70.76     2.11   108.61    18.25  9999.00  9999.00  9999.00  9999.00
 00009   943.23    24.66    46.39     1.03   261.36    37.27  9999.00  9999.00  9999.00  9999.00
 00010   960.35    14.83    98.07     3.38    80.48     2.72  9999.00  9999.00  9999.00  9999.00
 00011   987.68    21.71    55.74     3.92    90.52    24.91  9999.00  9999.00  9999.00  9999.00
 00012   999.15    30.25    21.95     1.33    34.60    20.29  9999.00  9999.00  9999.00  9999.00
 00013  1000.39    29.93    53.37     2.78    69.54    26.11  9999.00  9999.00  9999.00  9999.00
 00014   997.18    27.09    77.55     2.65    54.20    25.04  9999.00  9999.00  9999.00  9999.00
 00015   982.70    32.92    22.11     1.82   121.88    21.21  9999.00  9999.00  9999.00  9999.00
 00016   943.12    28.40    59.36     1.71   133.21    23.74  9999.00  9999.00  9999.00  9999.00
 00017   983.73    32.88    34.40     3.85   175.31    24.22  9999.00  9999.00  9999.00  9999.00
 00018   998.78    30.92    47.19     2.75    92.46    26.13  9999.00  9999.00  9999.00  9999.00
 00019   926.58    30.62    38.69     2.94   204.89    26.97  9999.00  9999.00  9999.00  9999.00
 00020  1003.70    25.57    80.74     3.44    86.22    23.91  9999.00  9999.00  9999.00  9999.00
 00021   881.47    34.85    11.95     3.04   335.27    25.65  9999.00  9999.00  9999.00  9999.00
 00022  1002.01    30.27    24.14     1.37   305.69    19.98  9999.00  9999.00  9999.00  9999.00
 00023   912.87    23.41    52.53     8.07   286.16    22.97  9999.00  9999.00  9999.00  9999.00
 00024   933.84    28.81    25.25    10.15   294.85    25.96  9999.00  9999.00  9999.00  9999.00
 00025   790.66    23.50    46.60     0.81   208.01    26.00  9999.00  9999.00  9999.00  9999.00
 00026   996.99    32.58    61.77     1.83    27.99    27.61  9999.00  9999.00  9999.00  9999.00
 00027   992.88    33.14    57.54     0.87   181.52    27.61  9999.00  9999.00  9999.00  9999.00
 00028   963.37    31.66    59.49     1.17   339.37    26.38  9999.00  9999.00  9999.00  9999.00
 00029   995.48    31.09    67.95     1.57   126.45    27.44  9999.00  9999.00  9999.00  9999.00
 00030   984.91    29.66    78.74     1.51   100.53    31.85  9999.00  9999.00  9999.00  9999.00
 00031   570.48    17.06    12.97     2.96   216.33    22.56  9999.00  9999.00  9999.00  9999.00
 00032   967.09    28.30    72.02     1.17   113.34    21.63  9999.00  9999.00  9999.00  9999.00
 00033   998.17    23.75    98.02     2.58   236.84     0.30  9999.00  9999.00  9999.00  9999.00
 00034  1001.83    28.66    87.19     4.70   248.61    32.54  9999.00  9999.00  9999.00  9999.00
 00035   997.33    27.57    89.18     0.86   143.02     1.76  9999.00  9999.00  9999.00  9999.00
 00036   773.61    17.73    46.96     2.65   140.55    24.74  9999.00  9999.00  9999.00  9999.00
 00037   957.70    28.75    70.03     1.35   126.62    22.44  9999.00  9999.00  9999.00  9999.00
 00038   984.38    29.33    73.87     2.06    94.58    24.77  9999.00  9999.00  9999.00  9999.00
 00039   998.03    27.09    82.90     2.27   134.21    24.24  9999.00  9999.00  9999.00  9999.00
 00040   995.67    27.45    83.05     3.41   156.42    26.03  9999.00  9999.00  9999.00  9999.00
 00041   960.11    28.81    59.07     2.83    18.95    26.24  9999.00  9999.00  9999.00  9999.00
 00042  1000.16    30.16    58.39     2.98    65.20    26.50  9999.00  9999.00  9999.00  9999.00
 00043   990.91    31.97    66.33     1.41    35.80    28.05  9999.00  9999.00  9999.00  9999.00
 00044   973.00    31.89    57.28     1.22   323.09    25.62  9999.00  9999.00  9999.00  9999.00
 00045   995.67    27.45    83.05     3.41   156.42    26.03  9999.00  9999.00  9999.00  9999.00
 00046   932.15    29.17    60.60     1.42    39.66    25.37  9999.00  9999.00  9999.00  9999.00
 00047   990.99    25.69    85.35     3.66   123.10    23.63  9999.00  9999.00  9999.00  9999.00
 00048   601.34    16.15    32.41     1.14   206.62    26.24  9999.00  9999.00  9999.00  9999.00
 00049   575.86     7.73    82.26     2.83   200.70     1.45  9999.00  9999.00  9999.00  9999.00
 00050   990.44    28.28    74.57     1.78   140.85    23.82  9999.00  9999.00  9999.00  9999.00
