stn_id       p       t2      rh2      spd      dir      vis    rain6   rain24   tmax24   tmin24 
 00001   962.32    23.55    80.41     1.78   204.38    26.37     0.00     0.00    27.24    20.38
 00002   983.64    27.62    26.76     1.31   167.30    22.57     0.00     0.04    32.14    18.89
 00003   895.61    20.61    32.48     1.99    19.33    21.73     0.00    -0.00    26.95    13.85
 00004   830.30    15.20    42.98     2.12    43.15    20.06     0.00    -0.00    20.62     8.11
 00005   865.06    20.00    30.20     3.04    25.54    19.53     0.00     0.00    24.60     9.55
 00006   875.98    20.28    28.88     3.32    90.98    18.77     0.00     0.01    23.73     8.39
 00007   992.67    17.08    91.90     1.99   111.49    17.70     4.92     9.52    22.02    14.45
 00008   978.30    19.71    64.49     1.33    65.68    23.01     0.09     0.83    22.62    12.85
 00009   936.32    21.19    60.47     2.47   230.58    37.14     0.00     0.00    28.57    10.57
 00010   957.86    14.59    94.12     1.19   107.46    21.47     0.77     1.97    20.16    13.13
 00011   985.89    18.98    79.94     1.88    87.29    24.93     0.02     1.85    23.56    14.45
 00012   999.13    26.33    30.24     2.39    95.83    20.37    -0.00     0.00    31.11    17.85
 00013   999.15    24.60    81.24     2.23    41.03    25.39     0.02     0.04    28.27    19.85
 00014   995.92    23.40    90.78     2.56    75.70    26.51     0.01     0.82    30.23    21.86
 00015   984.51    22.90    53.60     1.98   130.16    21.41    -0.00     2.45    30.00    18.31
 00016   944.42    23.72    79.06     1.67   185.56    23.94     0.14     0.14    29.97    16.73
 00017   986.72    22.92    80.53     1.82    75.11    24.48     1.31    10.11    29.80    18.21
 00018   997.83    25.60    80.87     2.27    32.29    26.27     0.29     0.30    29.76    21.25
 00019   927.02    26.61    59.39     1.76   243.55    27.09     0.00     0.00    31.24    19.31
 00020  1003.34    21.12    90.96     3.26   114.85    24.06    -0.00     0.15    26.93    20.64
 00021   890.15    17.60    62.38     1.26    42.20    25.84     2.96     5.78    32.46    15.98
 00022  1002.14    25.86    32.15     3.76    84.53    20.08     0.00     0.38    31.02    17.36
 00023   916.38    23.50    25.05     4.82   287.99    24.36     0.00     4.49    23.97    14.54
 00024   938.65    23.58    27.75     6.95   288.00    26.00    -0.00     2.41    24.21    14.79
 00025   790.36    17.92    90.85     1.31   156.46     3.25    13.46    17.09    22.96    16.27
 00026   996.48    29.23    75.78     1.25   219.72    27.65     0.01     0.01    33.68    22.73
 00027   992.94    28.59    79.27     1.17   227.58    26.77     0.15     0.15    32.68    24.47
 00028   965.42    22.40    78.71     1.43   271.99     9.06     0.20     0.26    29.73    22.50
 00029   996.49    26.68    89.08     2.30   139.05    27.31     2.28     8.33    31.69    24.68
 00030   984.70    27.72    88.83     1.41   127.04    31.85     1.75     5.18    31.36    24.06
 00031   568.59    16.87    15.17     3.34   240.77    22.41     0.24     0.48    18.08     1.13
 00032   969.31    20.66    96.41     0.98   106.03    12.69     0.01     0.07    27.73    20.63
 00033   998.97    23.07    96.65     4.95   281.39    24.21     0.02   107.51    23.94    21.39
 00034  1003.62    28.37    86.90     5.84   213.23    32.67     0.00     0.05    28.73    28.10
 00035   998.40    26.73    92.65     1.68   305.43    12.44     2.83    14.38    29.96    25.44
 00036   773.36    13.82    89.87     0.69   293.72    15.19     2.28    11.13    18.32    10.98
 00037   959.76    21.49    94.06     1.03    89.74    19.52     0.00     0.01    28.79    21.11
 00038   986.53    25.03    91.42     1.55   135.65    22.52     0.59     1.32    28.67    23.16
 00039  1000.13    24.44    95.33     3.02    81.91    23.86     0.01     0.97    26.38    23.49
 00040   997.64    25.80    93.09     1.77    96.00    24.83     0.19     0.73    27.66    24.51
 00041   958.70    25.43    74.75     1.53   172.67    26.27     0.20     0.34    31.58    18.94
 00042   998.40    26.29    78.78     2.66    45.42    26.57     0.00     0.00    30.60    20.94
 00043   990.52    26.81    88.79     1.03   143.94    28.08     0.74     0.75    33.19    23.82
 00044   972.80    27.91    74.79     1.37   325.01    25.57     0.06     0.06    32.63    21.91
 00045   997.64    25.80    93.09     1.77    96.00    24.83     0.19     0.73    27.66    24.51
 00046   933.35    23.81    88.32     0.67   145.20    23.47     0.47     0.59    30.54    21.93
 00047   992.88    22.69    96.28     1.24   129.55     8.45     0.05     0.26    25.52    21.33
 00048   599.45    16.15    31.26     1.39   166.71    26.13     0.53     2.82    17.42     5.41
 00049   575.06     5.22    88.98     2.03   202.34    18.34     1.19     3.83     9.47     2.25
 00050   992.65    23.71    94.71     1.93    99.86    23.65     0.02     0.06    28.39    22.65
