stn_id       p       t2      rh2      spd      dir      vis    rain6   rain24   tmax24   tmin24 
 00001   966.23    21.05    85.15     0.19   283.08    25.04    -0.00     0.12    25.80    17.63
 00002   985.74    23.55    62.36     3.55   315.69    20.04    -0.01     0.52    35.96    17.16
 00003   896.61    17.32    81.53     0.87   310.80    18.78     0.01     0.27    28.85    11.10
 00004   831.16    14.29    69.49     1.58   242.61    17.63    -0.00     0.73    23.57     9.22
 00005   867.41    11.85    43.09     3.23    18.84    17.80     0.17     0.28    24.90     7.83
 00006   879.28    10.36    44.38     2.39    52.06    17.92     0.02     0.02    22.73     7.41
 00007   998.60    14.44    87.82     4.90    16.58    10.34     5.95     5.97    30.45    14.41
 00008   984.35    12.35    63.63     2.55    11.91    21.73     0.34    22.28    28.18     8.73
 00009   941.48     6.52    48.82     2.45   313.10    37.09    -0.01     1.27     7.16    -2.34
 00010   960.08    21.09    64.22     1.50   289.88    22.50    -0.00     0.58    29.66    11.67
 00011   991.64    12.15    58.92     0.38   215.96    24.49     0.00     1.15    13.53     3.46
 00012  1003.63    22.88    32.19     6.61    31.12    18.79     0.00     0.73    36.41    20.40
 00013  1002.39    19.43    83.62     4.57    83.23    22.10     6.16     7.68    29.68    17.02
 00014   996.89    21.60    91.82     4.55   143.52     1.39    30.56    36.75    29.22    19.27
 00015   986.08    24.33    59.20     5.80   201.12    18.88     0.00     0.00    33.66    20.95
 00016   947.70    21.78    75.62     1.64   232.88    21.41     0.00     0.00    29.99    16.68
 00017   987.47    22.68    71.42     1.73   194.56    21.59     0.00     0.00    31.46    17.14
 00018  1000.33    19.94    78.60     5.45    87.20    23.40     1.40     3.68    28.76    18.65
 00019   931.72    20.68    81.15     0.73   346.62    25.54     0.00     0.10    25.07    16.57
 00020  1007.03    17.27    85.86    11.08   106.59     0.56    14.54    14.55    28.65    17.34
 00021   887.30    12.36    62.65     1.50   164.43    27.11    -0.00     0.17    17.92     9.72
 00022  1004.57    22.41    57.67     9.40    42.33    18.18     0.00     0.72    36.25    22.00
 00023   914.88    11.31    66.93     0.96   203.28    25.12     0.26     0.26    20.14     5.85
 00024   940.48     9.40    53.19     1.47   303.37    27.27     0.01     0.01    18.01     6.74
 00025   793.37    15.65    74.14     2.46   273.19    26.43    -0.00     0.25    21.57    12.25
 00026   998.58    23.06    94.25     5.28   225.24    18.63     7.09    24.31    24.38    21.46
 00027   997.70    20.58    87.67     3.21   305.87    26.52     1.00    37.64    27.19    18.97
 00028   968.12    18.08    97.19     1.05   170.03     0.20     0.01    29.79    24.99    15.36
 00029  1001.22    26.21    94.52     2.50   182.37    26.43     2.04     7.03    29.48    24.38
 00030   987.89    26.66    88.52     1.49   148.58    31.28    -0.01     0.91    32.09    23.56
 00031   573.42    -2.70    69.70     1.69   219.17    24.27     0.00     0.00    10.46    -4.08
 00032   972.80    21.69    91.15     1.87   187.84    20.04     1.44     1.67    25.23    19.41
 00033  1003.98    22.71    95.20     5.02   177.96     6.65     0.00     0.03    26.52    22.09
 00034  1009.51    28.30    89.49     8.00   192.97    30.47     0.01     0.02    28.53    27.93
 00035  1003.84    28.43    82.93     5.25   193.08    29.25     0.00     1.62    31.88    26.37
 00036   774.25    12.52    75.85     0.52    66.33    18.58    -0.00     0.20    19.48     8.94
 00037   963.18    21.83    90.44     1.76   179.29    22.21     1.20     1.34    25.56    19.49
 00038   991.43    24.46    94.14     1.43   190.58     8.01     1.28     3.49    25.86    21.76
 00039  1004.87    25.22    89.00     8.46   210.15     7.80     3.15     5.16    25.88    23.03
 00040  1003.07    25.66    90.16     4.73   216.07    13.71     3.59     6.92    26.03    23.49
 00041   959.76    19.27    95.78     0.58    77.29     6.33    24.49    44.56    26.16    18.33
 00042  1000.82    19.88    89.97     3.80    86.15     7.59    16.08    25.79    30.47    18.06
 00043   993.36    23.30    93.48     4.20   243.49     8.09     4.97    16.70    27.27    22.86
 00044   974.80    21.04    93.74     1.80   186.94     3.26    13.81    24.09    24.99    19.77
 00045  1003.07    25.66    90.16     4.73   216.07    13.71     3.59     6.92    26.03    23.49
 00046   936.98    20.83    98.57     3.90   181.03     2.54     1.58     2.25    27.37    20.35
 00047   995.95    22.12    94.83     4.32   176.33     7.72     3.87    11.60    23.95    20.34
 00048   605.11    -1.51    92.28     0.95   149.30    11.35     1.40     3.30    10.03    -2.60
 00049   576.98    -4.86    93.52     1.36    35.53     0.78     0.01     1.06     3.67    -5.38
 00050   996.99    24.51    90.69     4.72   215.78    11.76     0.95     2.03    26.67    22.05
