stn_id       p       t2      rh2      spd      dir      vis    rain6   rain24   tmax24   tmin24 
 00001   979.71    14.49    79.52     1.40   248.39    18.21  9999.00  9999.00  9999.00  9999.00
 00002  1015.15     1.14    20.27     1.15   158.77    25.31  9999.00  9999.00  9999.00  9999.00
 00003   915.96    -1.92    16.17     3.49   312.48    23.71  9999.00  9999.00  9999.00  9999.00
 00004   843.54   -11.93    37.85     3.15   301.82    23.48  9999.00  9999.00  9999.00  9999.00
 00005   881.75   -10.76    37.48     4.26   307.08    25.67  9999.00  9999.00  9999.00  9999.00
 00006   892.11   -14.25    59.87     7.09   285.11    26.90  9999.00  9999.00  9999.00  9999.00
 00007  1018.54    -7.59    34.34     6.19   308.26    30.53  9999.00  9999.00  9999.00  9999.00
 00008   998.04   -16.43    82.91     4.46   260.44    34.74  9999.00  9999.00  9999.00  9999.00
 00009   947.49   -14.13    63.77     4.99   340.56    38.87  9999.00  9999.00  9999.00  9999.00
 00010   969.25    -9.76    43.82     6.38   283.55    29.09  9999.00  9999.00  9999.00  9999.00
 00011  1002.44   -20.29    88.60     4.55   264.32    38.49  9999.00  9999.00  9999.00  9999.00
 00012  1031.88    -1.46    20.46     5.32   328.73    25.82  9999.00  9999.00  9999.00  9999.00
 00013  1021.14    14.10    59.59     3.98   342.75    20.15  9999.00  9999.00  9999.00  9999.00
 00014  1016.54    17.15    57.40     2.17   237.48    19.45  9999.00  9999.00  9999.00  9999.00
 00015  1013.64    -0.70    26.77     5.63    15.29    21.86  9999.00  9999.00  9999.00  9999.00
 00016   973.27     4.08    37.40     3.05    22.51    21.88  9999.00  9999.00  9999.00  9999.00
 00017  1016.14     2.88    36.35     5.55    40.66    20.91  9999.00  9999.00  9999.00  9999.00
 00018  1021.12    13.43    58.25     5.00   173.10    19.66  9999.00  9999.00  9999.00  9999.00
 00019   945.39    13.60    71.97     0.70   196.97    25.44  9999.00  9999.00  9999.00  9999.00
 00020  1021.71    17.87    51.81     3.92   244.65    20.06  9999.00  9999.00  9999.00  9999.00
 00021   899.77    -4.76    79.04     1.81   161.62    33.17  9999.00  9999.00  9999.00  9999.00
 00022  1034.56    -1.22    21.52     6.22   339.28    24.42  9999.00  9999.00  9999.00  9999.00
 00023   923.28     0.50    60.10     3.84   130.09    32.09  9999.00  9999.00  9999.00  9999.00
 00024   956.34    -6.92    61.99     5.08   112.16    33.47  9999.00  9999.00  9999.00  9999.00
 00025   799.10    12.63    79.33     3.68   258.03    13.37  9999.00  9999.00  9999.00  9999.00
 00026  1018.06    16.60    80.99     0.65   192.54    18.93  9999.00  9999.00  9999.00  9999.00
 00027  1015.18    15.59    80.13     3.33   340.24    18.75  9999.00  9999.00  9999.00  9999.00
 00028   982.69    14.86    85.54     1.97   359.15    18.70  9999.00  9999.00  9999.00  9999.00
 00029  1014.41    21.90    66.57     2.63    14.67    20.41  9999.00  9999.00  9999.00  9999.00
 00030  1003.06    22.36    72.51     1.94   104.88    22.35  9999.00  9999.00  9999.00  9999.00
 00031   575.28    -4.67    45.68     1.25   212.12    34.20  9999.00  9999.00  9999.00  9999.00
 00032   985.82    20.86    61.33     1.84    66.62    17.90  9999.00  9999.00  9999.00  9999.00
 00033  1014.36    21.90    97.41     1.60   113.96     0.62  9999.00  9999.00  9999.00  9999.00
 00034  1014.46    27.50    84.70     6.00    73.52    17.13  9999.00  9999.00  9999.00  9999.00
 00035  1013.00    27.56    74.15     4.94    66.46    21.62  9999.00  9999.00  9999.00  9999.00
 00036   779.05    11.68    77.65     1.11   233.78    19.42  9999.00  9999.00  9999.00  9999.00
 00037   976.14    20.61    62.93     1.20    45.16    17.82  9999.00  9999.00  9999.00  9999.00
 00038  1003.49    23.57    50.24     1.79    23.96    20.06  9999.00  9999.00  9999.00  9999.00
 00039  1017.02    23.10    64.08     7.73    27.90    19.17  9999.00  9999.00  9999.00  9999.00
 00040  1014.48    24.13    55.24     6.78    44.95    20.85  9999.00  9999.00  9999.00  9999.00
 00041   978.49    15.89    62.36     1.27   250.90    18.36  9999.00  9999.00  9999.00  9999.00
 00042  1021.29    14.81    65.30     3.31   308.49    19.64  9999.00  9999.00  9999.00  9999.00
 00043  1011.44    16.61    82.99     0.87   281.04    18.84  9999.00  9999.00  9999.00  9999.00
 00044   992.62    16.97    65.66     1.02    93.46    18.51  9999.00  9999.00  9999.00  9999.00
 00045  1014.48    24.13    55.24     6.78    44.95    20.85  9999.00  9999.00  9999.00  9999.00
 00046   950.35    16.22    66.59     1.37    25.91    18.65  9999.00  9999.00  9999.00  9999.00
 00047  1010.40    20.02    63.98     1.54   301.93    18.89  9999.00  9999.00  9999.00  9999.00
 00048   607.29    -2.12    62.20     0.90    64.24    34.82  9999.00  9999.00  9999.00  9999.00
 00049   579.08    -2.88    48.84     2.04   205.59    28.08  9999.00  9999.00  9999.00  9999.00
 00050  1009.22    23.94    53.73     4.96    24.71    19.17  9999.00  9999.00  9999.00  9999.00
