stn_id       p       t2      rh2      spd      dir      vis    rain6   rain24   tmax24   tmin24 
 00001   976.25    13.05    88.46     1.02   241.59    20.64     0.01  9999.00  9999.00  9999.00
 00002  1013.98    -3.66    35.43     1.03   170.93    25.29     0.00  9999.00  9999.00  9999.00
 00003   914.86    -7.57    49.45     1.51   287.32    23.69     0.00  9999.00  9999.00  9999.00
 00004   842.22   -16.26    55.57     1.56   304.77    23.45     0.00  9999.00  9999.00  9999.00
 00005   880.84   -15.74    62.64     2.14   295.52    25.64     0.00  9999.00  9999.00  9999.00
 00006   890.78   -17.28    76.95     5.86   281.56    26.86     0.00  9999.00  9999.00  9999.00
 00007  1018.58   -10.95    47.64     3.97   304.68    30.50     0.00  9999.00  9999.00  9999.00
 00008   997.62   -20.53    90.27     3.73   260.89    34.70     0.00  9999.00  9999.00  9999.00
 00009   946.92   -16.12    77.03     3.80   326.48    31.63     0.67  9999.00  9999.00  9999.00
 00010   970.15   -11.82    56.81     3.92   273.94    34.20     0.00  9999.00  9999.00  9999.00
 00011  1001.82   -24.20    95.34     4.79   263.41    37.86     0.01  9999.00  9999.00  9999.00
 00012  1031.27    -4.92    28.15     4.03   321.55    25.80     0.00  9999.00  9999.00  9999.00
 00013  1019.16     7.34    80.64     1.64   237.63    20.11     0.00  9999.00  9999.00  9999.00
 00014  1016.60     8.08    77.31     2.15   231.40    19.42     0.00  9999.00  9999.00  9999.00
 00015  1011.99    -3.26    35.49     5.12    15.72    21.82     0.00  9999.00  9999.00  9999.00
 00016   970.67     1.27    53.33     1.67   140.07    21.83     0.00  9999.00  9999.00  9999.00
 00017  1012.44     2.63    38.63     6.72    36.80    20.84     0.00  9999.00  9999.00  9999.00
 00018  1018.95     7.40    83.39     3.05   302.09    19.62     0.00  9999.00  9999.00  9999.00
 00019   941.84     9.33    81.43     0.85   326.00    25.26    -0.00  9999.00  9999.00  9999.00
 00020  1022.12    12.35    76.33     3.16   213.58    20.07     0.00  9999.00  9999.00  9999.00
 00021   898.46    -4.63    73.03     1.00   188.82    30.70     0.06  9999.00  9999.00  9999.00
 00022  1033.83    -4.57    28.57     4.58   337.02    24.40     0.00  9999.00  9999.00  9999.00
 00023   921.33    -1.25    67.39     2.87   126.70    32.03     0.00  9999.00  9999.00  9999.00
 00024   954.75    -7.71    66.13     4.89   115.71    33.43     0.00  9999.00  9999.00  9999.00
 00025   796.88     6.56    97.84     1.85   252.93     7.51     0.00  9999.00  9999.00  9999.00
 00026  1017.31     8.44    96.20     0.85   230.70     1.11     0.00  9999.00  9999.00  9999.00
 00027  1012.98     9.02    97.33     1.14    70.91     7.69     0.00  9999.00  9999.00  9999.00
 00028   980.19     8.14    96.71     1.15   128.05    11.20     0.00  9999.00  9999.00  9999.00
 00029  1013.41    19.34    74.94     2.20    22.56    20.96     0.00  9999.00  9999.00  9999.00
 00030  1001.25    17.10    89.91     2.23   120.97    22.31     0.00  9999.00  9999.00  9999.00
 00031   573.39    -9.12    80.20     1.59   208.63    34.13     0.00  9999.00  9999.00  9999.00
 00032   986.20    13.14    72.33     2.29   313.88    17.87     0.00  9999.00  9999.00  9999.00
 00033  1013.42    21.41    98.04     1.56   111.11     0.60     0.04  9999.00  9999.00  9999.00
 00034  1013.45    27.73    81.36     6.24    59.81    20.77     0.28  9999.00  9999.00  9999.00
 00035  1012.44    24.27    88.28     2.47    47.16    14.92     0.17  9999.00  9999.00  9999.00
 00036   776.48     8.11    84.64     1.18   132.24    20.93     0.00  9999.00  9999.00  9999.00
 00037   976.50    12.29    76.57     1.56   314.58    17.78     0.00  9999.00  9999.00  9999.00
 00038  1003.54    16.88    68.33     1.25   318.82    20.05     0.00  9999.00  9999.00  9999.00
 00039  1016.91    20.02    70.40     7.91    76.66    19.65     0.46  9999.00  9999.00  9999.00
 00040  1014.44    20.15    63.04     5.37    24.63    20.84     0.28  9999.00  9999.00  9999.00
 00041   977.71     6.53    86.16     0.59    93.71    18.32     0.00  9999.00  9999.00  9999.00
 00042  1019.75     7.89    81.59     2.09   239.39    19.58     0.00  9999.00  9999.00  9999.00
 00043  1010.79     8.74    96.17     0.87   219.84     0.41     0.00  9999.00  9999.00  9999.00
 00044   992.45     7.86    88.41     1.50   100.40    18.48     0.00  9999.00  9999.00  9999.00
 00045  1014.44    20.15    63.04     5.37    24.63    20.84     0.28  9999.00  9999.00  9999.00
 00046   949.34    12.27    84.06     1.38    70.61    18.63     0.00  9999.00  9999.00  9999.00
 00047  1011.26    13.04    78.76     2.97   295.07    18.88     0.00  9999.00  9999.00  9999.00
 00048   605.04    -6.78    80.78     1.12   181.17    26.82     0.00  9999.00  9999.00  9999.00
 00049   577.25    -8.89    85.70     0.50   190.91    17.00     0.00  9999.00  9999.00  9999.00
 00050  1009.41    17.70    68.56     4.70   328.56    19.15     0.63  9999.00  9999.00  9999.00
