stn_id       p       t2      rh2      spd      dir      vis    rain6   rain24   tmax24   tmin24 
 00001   983.08    12.57    93.72     0.84   210.16    10.91     0.35  9999.00  9999.00  9999.00
 00002  1015.18    -4.79    30.30     2.10   295.74    25.35     0.00  9999.00  9999.00  9999.00
 00003   916.90    -8.76    32.28     1.47   276.21    23.77     0.00  9999.00  9999.00  9999.00
 00004   843.54   -14.86    56.48     1.74   286.42    23.53     0.00  9999.00  9999.00  9999.00
 00005   881.28   -13.46    57.26     2.50   276.68    25.72     0.00  9999.00  9999.00  9999.00
 00006   891.71   -15.43    74.55     4.06   281.66    26.98     0.00  9999.00  9999.00  9999.00
 00007  1020.39   -10.25    54.25     3.65   316.39    30.76     0.00  9999.00  9999.00  9999.00
 00008  1000.03   -19.97    91.71     2.62   266.50    34.98     0.00  9999.00  9999.00  9999.00
 00009   949.68   -16.46    71.16     2.83   288.47    28.63     0.09  9999.00  9999.00  9999.00
 00010   973.26   -15.81    68.51     4.68   284.80    34.76     0.00  9999.00  9999.00  9999.00
 00011  1004.62   -21.32    88.74     5.19   262.43    38.73     0.00  9999.00  9999.00  9999.00
 00012  1031.96    -5.23    33.31     2.00   307.32    25.91     0.00  9999.00  9999.00  9999.00
 00013  1029.09     3.64    41.11     5.16   214.88    20.28     0.00  9999.00  9999.00  9999.00
 00014  1022.22     8.99    70.14     5.06   340.43    19.56     0.00  9999.00  9999.00  9999.00
 00015  1015.05    -5.02    34.93     1.40   248.53    21.93     0.00  9999.00  9999.00  9999.00
 00016   974.28    -1.53    44.46     1.57    61.82    21.96     0.00  9999.00  9999.00  9999.00
 00017  1017.84    -1.72    52.18     0.88   235.79    21.00     0.00  9999.00  9999.00  9999.00
 00018  1028.89     3.86    37.76     4.48   357.24    19.78     0.00  9999.00  9999.00  9999.00
 00019   948.00     9.31    68.24     1.27   103.07    25.49     0.00  9999.00  9999.00  9999.00
 00020  1027.24     8.85    64.75     6.32   328.46    20.18     0.00  9999.00  9999.00  9999.00
 00021   900.15    -5.58    84.95     1.23   166.87    11.59     0.03  9999.00  9999.00  9999.00
 00022  1034.84    -4.24    30.44     3.40   332.99    24.50     0.00  9999.00  9999.00  9999.00
 00023   923.94    -1.43    57.99     2.77   122.47    32.17     0.00  9999.00  9999.00  9999.00
 00024   956.25    -6.55    62.83     5.16   111.89    33.50     0.00  9999.00  9999.00  9999.00
 00025   800.04     8.78    95.08     1.66   126.97    19.29     0.00  9999.00  9999.00  9999.00
 00026  1023.73     8.49    57.04     6.37     9.15    18.95     0.00  9999.00  9999.00  9999.00
 00027  1021.04     8.55    44.25     5.74   350.87    19.07     0.00  9999.00  9999.00  9999.00
 00028   989.20     7.25    66.79     4.76    29.77    17.62     0.77  9999.00  9999.00  9999.00
 00029  1013.72    19.30    83.14     3.85    11.10    20.83     0.48  9999.00  9999.00  9999.00
 00030  1003.25    19.67    81.66     2.44    47.86    19.51     0.04  9999.00  9999.00  9999.00
 00031   575.08    -7.57    34.16     1.88   215.69    34.19     0.00  9999.00  9999.00  9999.00
 00032   985.19    16.43    88.11     1.21   312.27    17.46     0.10  9999.00  9999.00  9999.00
 00033  1013.55    21.42    90.61     8.75    47.39    17.80     0.75  9999.00  9999.00  9999.00
 00034  1012.75    27.44    88.61     5.54    55.25    18.64     0.70  9999.00  9999.00  9999.00
 00035  1012.40    23.49    93.39     4.96    27.31    11.18     0.73  9999.00  9999.00  9999.00
 00036   780.14     7.57    84.11     0.87    40.88    11.65     0.14  9999.00  9999.00  9999.00
 00037   975.48    15.65    90.18     0.85   342.87    17.80     0.06  9999.00  9999.00  9999.00
 00038  1002.05    18.78    69.91     1.77   317.98    20.04     0.00  9999.00  9999.00  9999.00
 00039  1015.76    21.75    77.49     7.71    21.93    19.69     0.00  9999.00  9999.00  9999.00
 00040  1012.98    20.88    80.04     2.58    47.30    20.85     0.00  9999.00  9999.00  9999.00
 00041   983.61     4.98    66.53     3.10     6.36    18.44     0.00  9999.00  9999.00  9999.00
 00042  1028.65     6.19    46.51     4.46   212.45    19.74     0.00  9999.00  9999.00  9999.00
 00043  1016.33     9.27    64.74     5.19    21.84    19.15     0.00  9999.00  9999.00  9999.00
 00044   995.53     9.53    85.52     3.12    29.99    18.56     0.00  9999.00  9999.00  9999.00
 00045  1012.98    20.88    80.04     2.58    47.30    20.85     0.00  9999.00  9999.00  9999.00
 00046   949.55    14.07    83.43     1.31    14.39    18.63     0.00  9999.00  9999.00  9999.00
 00047  1011.60    14.61    71.72     4.75   341.84    18.90     0.02  9999.00  9999.00  9999.00
 00048   607.00    -6.68    86.26     1.05   179.33    18.34     0.02  9999.00  9999.00  9999.00
 00049   579.08    -7.31    92.61     0.57   211.53    27.66     0.07  9999.00  9999.00  9999.00
 00050  1008.35    19.60    74.61     3.68    40.92    19.16     0.00  9999.00  9999.00  9999.00
