stn_id       p       t2      rh2      spd      dir      vis    rain6   rain24   tmax24   tmin24 
 00001   983.70    28.30    44.56     4.00   320.00    17.00     0.00  9999.00  9999.00  9999.00
 00002  1003.30    23.20    20.85     1.00    20.00     3.40     0.00  9999.00  9999.00  9999.00
 00003   926.90    17.80    18.89     3.00   220.00  9999.00     0.00  9999.00  9999.00  9999.00
 00004   861.60    12.30    13.04     5.00   320.00    18.00     0.00  9999.00  9999.00  9999.00
 00005   887.00    11.80     8.21     7.00   270.00    30.00     0.00  9999.00  9999.00  9999.00
 00006   885.80     7.50     9.79    14.00   290.00     3.50     0.00  9999.00  9999.00  9999.00
 00007  1004.30    19.20    31.78     2.00   250.00    24.00     0.00  9999.00  9999.00  9999.00
 00008   984.10    15.20    12.38     1.00   180.00    17.00     0.00  9999.00  9999.00  9999.00
 00009   963.50     7.00    30.80     2.00   360.00    30.00     0.00  9999.00  9999.00  9999.00
 00010   980.60    16.90     8.59     4.00   360.00    30.00     0.00  9999.00  9999.00  9999.00
 00011   999.70    10.90    32.95     3.00   360.00    18.00     0.10  9999.00  9999.00  9999.00
 00012  1009.90    20.70     5.88     6.00   320.00    19.00     0.00  9999.00  9999.00  9999.00
 00013  1004.20    21.10    65.79     4.00    20.00  9999.00     0.00  9999.00  9999.00  9999.00
 00014  1001.60    25.40    63.76     3.00   180.00    16.00     0.00  9999.00  9999.00  9999.00
 00015   992.90    20.40    50.68     5.00    40.00     6.00     0.00  9999.00  9999.00  9999.00
 00016   970.10    21.00    33.91     3.00   290.00    20.00     0.00  9999.00  9999.00  9999.00
 00017  9999.00  9999.00  9999.00  9999.00  9999.00  9999.00  9999.00  9999.00  9999.00  9999.00
 00018  1006.50    23.20    73.77     6.00   320.00     9.00     0.10  9999.00  9999.00  9999.00
 00019   947.10    25.80    31.80     3.00   250.00    26.00     0.00  9999.00  9999.00  9999.00
 00020  1006.70    21.80    58.64     4.00   290.00    10.00     0.00  9999.00  9999.00  9999.00
 00021  9999.00  9999.00  9999.00  9999.00  9999.00  9999.00  9999.00  9999.00  9999.00  9999.00
 00022  9999.00  9999.00  9999.00  9999.00  9999.00  9999.00  9999.00  9999.00  9999.00  9999.00
 00023   932.00    16.50    27.75     1.00    40.00    30.00     0.00  9999.00  9999.00  9999.00
 00024   966.00    13.00    23.85     3.00   140.00    14.00     0.00  9999.00  9999.00  9999.00
 00025   808.90    25.70    24.70     4.00   160.00    12.00     0.00  9999.00  9999.00  9999.00
 00026  1003.70    20.90    96.94     1.00   360.00  9999.00     0.10  9999.00  9999.00  9999.00
 00027   996.10    21.60    88.87     7.00   340.00     7.00     0.00  9999.00  9999.00  9999.00
 00028   978.10    20.40    91.04     2.00    70.00     8.00     1.00  9999.00  9999.00  9999.00
 00029  1001.00    26.60    69.41     2.00   200.00    23.00     0.00  9999.00  9999.00  9999.00
 00030   990.70    26.10    79.92     1.00   140.00     9.00     0.00  9999.00  9999.00  9999.00
 00031   642.50    13.40    15.05     3.00    90.00    30.00     0.00  9999.00  9999.00  9999.00
 00032   996.80    29.10    56.61     2.00   140.00    10.00     0.00  9999.00  9999.00  9999.00
 00033  1000.40    27.70    72.67     2.00   140.00    18.00     0.00  9999.00  9999.00  9999.00
 00034  1007.90    30.10    68.76     1.00   140.00    18.00     0.00  9999.00  9999.00  9999.00
 00035  1005.60    28.10    75.91     2.00   160.00    26.00     0.00  9999.00  9999.00  9999.00
 00036   835.80    29.20    19.79     1.00   290.00    18.00     0.00  9999.00  9999.00  9999.00
 00037   999.60    28.20    57.84     2.00   160.00    11.00     0.00  9999.00  9999.00  9999.00
 00038  1000.60    30.00    54.73     3.00   200.00    16.00     0.00  9999.00  9999.00  9999.00
 00039  1005.30    21.60    81.89     3.00   200.00    10.00     0.00  9999.00  9999.00  9999.00
 00040  1002.20    24.00    78.67     3.00   180.00    11.00     0.00  9999.00  9999.00  9999.00
 00041   812.60    12.10   100.00     6.00   320.00     0.10     4.00  9999.00  9999.00  9999.00
 00042  1003.30    21.80    79.87     3.00   290.00     4.90     0.00  9999.00  9999.00  9999.00
 00043  1001.00    22.60   100.00     0.00     0.00     4.60    18.00  9999.00  9999.00  9999.00
 00044   994.40    22.10    80.93     1.00   290.00    20.00     0.10  9999.00  9999.00  9999.00
 00045  1002.20    24.00    78.67     3.00   180.00    11.00     0.00  9999.00  9999.00  9999.00
 00046   961.60    26.00    62.67     3.00   200.00    13.00     0.00  9999.00  9999.00  9999.00
 00047  1002.20    23.20    74.71     2.00    70.00  9999.00     0.00  9999.00  9999.00  9999.00
 00048   657.00    14.20    14.16     3.00   250.00    18.00     0.00  9999.00  9999.00  9999.00
 00049   603.70     8.80    36.76     6.00   220.00    30.00     0.00  9999.00  9999.00  9999.00
 00050  1000.00    23.90    72.96     3.00   140.00     8.00     0.00  9999.00  9999.00  9999.00
