stn_id       p       t2      rh2      spd      dir      vis    rain6   rain24   tmax24   tmin24 
 00001   957.93    27.29    70.88     4.20   146.01    26.76     0.00  9999.00  9999.00  9999.00
 00002   979.13    23.65    90.76     2.39   223.34     0.84     8.85  9999.00  9999.00  9999.00
 00003   891.34    22.31    78.90     1.58   277.87    23.13    23.26  9999.00  9999.00  9999.00
 00004   827.08    16.61    89.81     3.44   340.89    12.32    12.94  9999.00  9999.00  9999.00
 00005   861.52    17.01    55.01     5.97   356.45    21.73     0.09  9999.00  9999.00  9999.00
 00006   871.24    18.62    46.99     6.13   305.91    20.82     2.93  9999.00  9999.00  9999.00
 00007   991.18    26.20    65.75     5.18   187.91    22.81     0.00  9999.00  9999.00  9999.00
 00008   976.15    24.61    71.03     4.82   200.97    24.01     0.00  9999.00  9999.00  9999.00
 00009   935.87    19.95    81.37     1.14   195.59    35.65     0.01  9999.00  9999.00  9999.00
 00010   957.62    20.57    91.00     2.77   277.70    18.35     4.09  9999.00  9999.00  9999.00
 00011   982.58    24.72    70.31     2.74   198.01    25.30     0.00  9999.00  9999.00  9999.00
 00012   994.50    27.94    67.03     2.45   244.56     9.07     0.95  9999.00  9999.00  9999.00
 00013  1003.43    28.71    79.05     3.23   192.04    27.71     0.00  9999.00  9999.00  9999.00
 00014  1002.10    28.29    81.58     2.57   196.97    28.13     0.00  9999.00  9999.00  9999.00
 00015   981.98    27.83    75.58     5.83   185.72    23.08     0.00  9999.00  9999.00  9999.00
 00016   943.53    24.85    82.51     2.00   246.99     7.90     1.34  9999.00  9999.00  9999.00
 00017   982.31    28.22    76.15     4.32   185.74    25.79     0.00  9999.00  9999.00  9999.00
 00018  1001.20    28.13    82.28     5.01   183.68     9.41     0.00  9999.00  9999.00  9999.00
 00019   924.38    25.75    75.94     2.32    31.63    27.68     0.47  9999.00  9999.00  9999.00
 00020  1007.78    27.87    79.48     3.22   191.37    25.70     0.00  9999.00  9999.00  9999.00
 00021   881.84    17.45    40.27     3.23   153.62    25.22     0.00  9999.00  9999.00  9999.00
 00022   997.63    29.66    66.91     4.73   203.16     5.55     0.61  9999.00  9999.00  9999.00
 00023   907.03    18.34    46.71     2.01   230.64    22.53     0.03  9999.00  9999.00  9999.00
 00024   930.75    19.79    31.38     5.44   115.99    24.28     0.00  9999.00  9999.00  9999.00
 00025   792.95    17.49    93.49     3.47   221.72    15.22     0.15  9999.00  9999.00  9999.00
 00026  1002.77    28.32    80.41     4.15   192.46    28.81     0.00  9999.00  9999.00  9999.00
 00027   997.80    27.83    80.15     4.07   184.95    28.53     0.00  9999.00  9999.00  9999.00
 00028   967.39    25.83    82.13     5.05   191.90    27.01     0.00  9999.00  9999.00  9999.00
 00029  1004.15    26.59    87.07     1.74   152.74     8.94     0.06  9999.00  9999.00  9999.00
 00030   991.94    25.46    91.14     3.69   159.64    17.63     0.00  9999.00  9999.00  9999.00
 00031   575.56     4.02    82.94     1.57   194.86    19.55     0.01  9999.00  9999.00  9999.00
 00032   975.50    25.71    85.73     1.00   255.67    22.10     0.03  9999.00  9999.00  9999.00
 00033  1006.41    23.81    97.76     2.86   144.04     4.46     0.10  9999.00  9999.00  9999.00
 00034  1008.61    27.50    87.98     2.66   124.31    25.84     0.15  9999.00  9999.00  9999.00
 00035  1005.58    27.75    86.27     2.19   159.47    15.83     0.19  9999.00  9999.00  9999.00
 00036   771.46    18.66    79.60     1.92   195.42    24.88     0.01  9999.00  9999.00  9999.00
 00037   966.06    25.60    85.99     0.95   273.72    23.91     0.01  9999.00  9999.00  9999.00
 00038   993.64    25.49    91.24     0.72   296.21    11.64     0.00  9999.00  9999.00  9999.00
 00039  1006.73    25.81    90.67     1.84   234.38    22.28     0.00  9999.00  9999.00  9999.00
 00040  1004.88    25.89    92.79     0.97   291.53     8.39     0.05  9999.00  9999.00  9999.00
 00041   964.98    26.84    82.48     2.41   182.61    26.60     0.00  9999.00  9999.00  9999.00
 00042  1003.76    29.37    77.19     2.95   188.81    28.02     0.00  9999.00  9999.00  9999.00
 00043   996.83    28.06    80.61     4.53   193.13    29.23     0.00  9999.00  9999.00  9999.00
 00044   980.10    26.66    87.31     1.12   142.06    27.04     0.00  9999.00  9999.00  9999.00
 00045  1004.88    25.89    92.79     0.97   291.53     8.39     0.05  9999.00  9999.00  9999.00
 00046   940.67    24.29    83.00     2.77   200.01    26.15     0.00  9999.00  9999.00  9999.00
 00047   998.97    24.93    91.21     2.33   180.83    13.68     0.11  9999.00  9999.00  9999.00
 00048   606.64     6.23    79.21     1.21   186.52    26.39     0.00  9999.00  9999.00  9999.00
 00049   579.56     3.28    90.95     0.64   158.98    22.24     0.05  9999.00  9999.00  9999.00
 00050   998.91    27.16    83.35     1.13   257.20    24.68     0.00  9999.00  9999.00  9999.00
