stn_id       p       t2      rh2      spd      dir      vis    rain6   rain24   tmax24   tmin24 
 00001   994.04    13.46    57.86     2.92   251.00    17.74  9999.00  9999.00  9999.00  9999.00
 00002  1013.42     7.21    15.27     3.90   277.97    22.48  9999.00  9999.00  9999.00  9999.00
 00003   916.47     2.42    14.93     4.47   308.38    20.66  9999.00  9999.00  9999.00  9999.00
 00004   843.75    -3.24    12.57     6.17   297.33    20.79  9999.00  9999.00  9999.00  9999.00
 00005   879.34     0.31     9.96     5.02   265.10    23.94  9999.00  9999.00  9999.00  9999.00
 00006   889.51    -2.01    10.93     5.04   300.94    26.84  9999.00  9999.00  9999.00  9999.00
 00007  1013.19     0.23    26.03     9.68     4.57    27.51  9999.00  9999.00  9999.00  9999.00
 00008   998.28    -0.94    16.08     6.92    27.84    33.28  9999.00  9999.00  9999.00  9999.00
 00009   954.28   -13.34    52.58     2.67   300.03    55.59  9999.00  9999.00  9999.00  9999.00
 00010   969.19    -2.81    78.01     4.61   188.83     4.58  9999.00  9999.00  9999.00  9999.00
 00011  1007.31    -1.91    16.65     4.24   338.80    39.50  9999.00  9999.00  9999.00  9999.00
 00012  1027.78     5.89    12.19     4.68   337.12    23.20  9999.00  9999.00  9999.00  9999.00
 00013  1026.08     9.76    20.10     7.99   327.50    18.46  9999.00  9999.00  9999.00  9999.00
 00014  1019.28    14.02    56.34     7.35   330.00    18.43  9999.00  9999.00  9999.00  9999.00
 00015  1012.30     4.07    20.86     7.34   337.91    18.50  9999.00  9999.00  9999.00  9999.00
 00016   976.61     6.96    24.04     1.23   244.01    17.90  9999.00  9999.00  9999.00  9999.00
 00017  1018.25     8.42    11.11     4.85   316.71    18.39  9999.00  9999.00  9999.00  9999.00
 00018  1027.38     9.06    17.48     7.96   334.84    18.27  9999.00  9999.00  9999.00  9999.00
 00019   956.42    14.21    40.86     1.85   164.54    20.71  9999.00  9999.00  9999.00  9999.00
 00020  1022.86    13.91    52.68     9.40   325.82    18.25  9999.00  9999.00  9999.00  9999.00
 00021   892.13     4.22    45.14     3.41   137.81    37.41  9999.00  9999.00  9999.00  9999.00
 00022  1030.82     5.09    11.60     8.14   341.69    20.96  9999.00  9999.00  9999.00  9999.00
 00023   918.37     4.35    65.50     1.35   281.66    34.17  9999.00  9999.00  9999.00  9999.00
 00024   945.38     1.31    65.78     5.66   109.11    33.75  9999.00  9999.00  9999.00  9999.00
 00025   805.69     6.91    54.07     5.79    71.72    21.34  9999.00  9999.00  9999.00  9999.00
 00026  1024.65    16.04    49.17     6.28    50.51    18.78  9999.00  9999.00  9999.00  9999.00
 00027  1024.18    13.33    28.48     8.17     1.36    18.21  9999.00  9999.00  9999.00  9999.00
 00028   993.58    13.63    43.33     5.95    23.63    17.08  9999.00  9999.00  9999.00  9999.00
 00029  1015.92    23.36    61.82     6.67    18.50    20.33  9999.00  9999.00  9999.00  9999.00
 00030  1008.11    22.09    60.07     7.91    24.27    22.47  9999.00  9999.00  9999.00  9999.00
 00031   577.15    -3.65    56.76     1.67    63.74    29.84  9999.00  9999.00  9999.00  9999.00
 00032   983.47    20.31    67.04     3.86   333.21    17.08  9999.00  9999.00  9999.00  9999.00
 00033  1016.20    23.48    80.46     4.70    41.22    11.16  9999.00  9999.00  9999.00  9999.00
 00034  1016.47    25.54    88.84     7.09    45.06    14.39  9999.00  9999.00  9999.00  9999.00
 00035  1015.03    27.30    66.26     5.68    29.57    20.26  9999.00  9999.00  9999.00  9999.00
 00036   788.47     4.51    61.02     2.03    25.36    19.44  9999.00  9999.00  9999.00  9999.00
 00037   974.00    19.59    70.71     3.78   327.25    17.05  9999.00  9999.00  9999.00  9999.00
 00038  1001.98    20.75    73.62     2.48   333.23    17.93  9999.00  9999.00  9999.00  9999.00
 00039  1014.99    22.53    67.19     4.09   321.23    13.02  9999.00  9999.00  9999.00  9999.00
 00040  1012.99    23.73    59.29     4.75   359.28    19.60  9999.00  9999.00  9999.00  9999.00
 00041   982.71    10.65    52.96     5.89   345.94    17.69  9999.00  9999.00  9999.00  9999.00
 00042  1026.60    10.96    29.06     7.17   325.93    18.39  9999.00  9999.00  9999.00  9999.00
 00043  1017.77    16.28    46.84     6.07    12.71    19.15  9999.00  9999.00  9999.00  9999.00
 00044   996.83    12.99    68.48     3.15   356.51    17.97  9999.00  9999.00  9999.00  9999.00
 00045  1012.99    23.73    59.29     4.75   359.28    19.60  9999.00  9999.00  9999.00  9999.00
 00046   950.52    13.61    94.48     3.88   354.21    13.55  9999.00  9999.00  9999.00  9999.00
 00047  1008.96    17.92    73.04     7.82   341.78    17.85  9999.00  9999.00  9999.00  9999.00
 00048   610.09    -1.02    41.76     1.44    86.15    33.26  9999.00  9999.00  9999.00  9999.00
 00049   580.69    -4.06    49.61     0.48    67.40    27.84  9999.00  9999.00  9999.00  9999.00
 00050  1007.00    24.14    56.07     4.10   338.51    14.41  9999.00  9999.00  9999.00  9999.00
