stn_id       p       t2      rh2      spd      dir      vis    rain6   rain24   tmax24   tmin24 
 00001   958.41    24.02    90.88     2.32   277.65    19.77  9999.00  9999.00  9999.00  9999.00
 00002   991.91    18.80    91.69     2.99   315.37     3.61  9999.00  9999.00  9999.00  9999.00
 00003   898.95    14.63    94.46     4.03    44.71     1.00  9999.00  9999.00  9999.00  9999.00
 00004   831.30    12.41    94.02     3.96    99.55     6.21  9999.00  9999.00  9999.00  9999.00
 00005   866.73    21.11    40.52     3.78   140.79    27.23  9999.00  9999.00  9999.00  9999.00
 00006   877.29    24.76    19.74     3.75    57.17    28.23  9999.00  9999.00  9999.00  9999.00
 00007  1000.99    23.65    58.26     2.29     6.53    25.28  9999.00  9999.00  9999.00  9999.00
 00008   985.61    22.02    48.85     3.66   311.71    27.14  9999.00  9999.00  9999.00  9999.00
 00009   946.37    19.02    34.04     2.54    26.31    38.04  9999.00  9999.00  9999.00  9999.00
 00010   963.06    21.25    71.59     2.08   318.88    29.51  9999.00  9999.00  9999.00  9999.00
 00011   991.12    19.63    71.20     4.69   272.00    29.20  9999.00  9999.00  9999.00  9999.00
 00012  1007.38    23.18    65.30     1.99   211.58    24.03  9999.00  9999.00  9999.00  9999.00
 00013  1002.39    25.77    76.91     4.81    88.51    23.66  9999.00  9999.00  9999.00  9999.00
 00014   998.79    25.63    87.77     4.48    70.73    22.41  9999.00  9999.00  9999.00  9999.00
 00015   989.67    24.94    65.44     4.61    51.70    20.32  9999.00  9999.00  9999.00  9999.00
 00016   944.15    20.85    89.56     3.28   201.09     2.71  9999.00  9999.00  9999.00  9999.00
 00017   988.45    20.75    97.27     4.03    46.24     0.95  9999.00  9999.00  9999.00  9999.00
 00018   999.78    27.91    68.66     5.34    88.32    23.70  9999.00  9999.00  9999.00  9999.00
 00019   925.24    25.33    70.56     1.25   230.45    22.05  9999.00  9999.00  9999.00  9999.00
 00020  1006.30    22.24    89.92     4.26    72.10    21.61  9999.00  9999.00  9999.00  9999.00
 00021   882.01    32.27    16.44     2.64   120.47    27.35  9999.00  9999.00  9999.00  9999.00
 00022  1010.23    23.74    76.08     0.66   281.71    16.42  9999.00  9999.00  9999.00  9999.00
 00023   908.89    31.16    22.29     1.63   284.74    23.18  9999.00  9999.00  9999.00  9999.00
 00024   932.98    32.32    19.65     4.67   295.98    25.43  9999.00  9999.00  9999.00  9999.00
 00025   788.54    22.62    67.82     5.29   251.75    24.57  9999.00  9999.00  9999.00  9999.00
 00026   996.91    29.05    81.29     1.63   134.32    22.12  9999.00  9999.00  9999.00  9999.00
 00027   991.51    30.07    75.91     3.27   149.04    23.59  9999.00  9999.00  9999.00  9999.00
 00028   960.00    30.45    68.60     2.40   184.05    25.33  9999.00  9999.00  9999.00  9999.00
 00029   996.26    29.71    77.83     2.62   170.86    26.20  9999.00  9999.00  9999.00  9999.00
 00030   983.39    30.12    76.17     3.48   172.29    28.92  9999.00  9999.00  9999.00  9999.00
 00031   571.45    14.03    46.05     2.37   217.77    24.09  9999.00  9999.00  9999.00  9999.00
 00032   969.61    24.72    89.63     2.02    83.48     9.81  9999.00  9999.00  9999.00  9999.00
 00033   998.69    24.72    95.46     2.68   167.62    23.66  9999.00  9999.00  9999.00  9999.00
 00034  1002.84    28.72    86.22     3.67   212.01    32.66  9999.00  9999.00  9999.00  9999.00
 00035   998.27    30.20    76.36     1.21   166.36    20.60  9999.00  9999.00  9999.00  9999.00
 00036   767.85    21.23    73.96     1.89   186.12    15.41  9999.00  9999.00  9999.00  9999.00
 00037   960.13    25.11    87.06     1.94   101.20    13.03  9999.00  9999.00  9999.00  9999.00
 00038   986.78    25.67    95.77     0.78   116.07     7.57  9999.00  9999.00  9999.00  9999.00
 00039  1000.17    25.39    93.73     3.31    65.07    22.26  9999.00  9999.00  9999.00  9999.00
 00040   997.88    26.69    89.88     2.51   143.06    12.96  9999.00  9999.00  9999.00  9999.00
 00041   960.14    26.80    80.01     1.94    93.90    24.15  9999.00  9999.00  9999.00  9999.00
 00042  1001.39    25.72    83.61     5.43    75.48    23.33  9999.00  9999.00  9999.00  9999.00
 00043   990.75    28.47    82.84     1.86   157.34    12.65  9999.00  9999.00  9999.00  9999.00
 00044   974.08    28.09    80.84     0.88   123.67    18.02  9999.00  9999.00  9999.00  9999.00
 00045   997.88    26.69    89.88     2.51   143.06    12.96  9999.00  9999.00  9999.00  9999.00
 00046   934.35    23.61    98.30     1.48   171.95     3.60  9999.00  9999.00  9999.00  9999.00
 00047   993.54    24.25    95.14     1.82    89.04     3.85  9999.00  9999.00  9999.00  9999.00
 00048   600.84    16.41    49.57     1.13   196.07    28.80  9999.00  9999.00  9999.00  9999.00
 00049   576.37     8.20    89.18     2.12   204.12     6.18  9999.00  9999.00  9999.00  9999.00
 00050   992.59    26.37    87.42     2.83    82.65    10.16  9999.00  9999.00  9999.00  9999.00
