stn_id       p       t2      rh2      spd      dir      vis    rain6   rain24   tmax24   tmin24 
 00001   961.21    28.59    56.36     2.36   324.05    25.57  9999.00  9999.00  9999.00  9999.00
 00002   992.45    19.03    87.91     2.72   332.61    11.38  9999.00  9999.00  9999.00  9999.00
 00003   900.44    14.95    92.09     2.49    30.40     3.57  9999.00  9999.00  9999.00  9999.00
 00004   832.70    12.91    84.82     1.60    94.82    11.31  9999.00  9999.00  9999.00  9999.00
 00005   866.87    21.51    37.56     3.12   157.26    27.19  9999.00  9999.00  9999.00  9999.00
 00006   877.33    23.59    28.46     2.60    90.18    28.18  9999.00  9999.00  9999.00  9999.00
 00007  1001.25    22.98    62.73     3.60    15.11    25.33  9999.00  9999.00  9999.00  9999.00
 00008   987.70    21.85    61.47     2.79    45.20    27.19  9999.00  9999.00  9999.00  9999.00
 00009   949.15    19.61    38.87     1.10    70.18    37.82  9999.00  9999.00  9999.00  9999.00
 00010   965.38    21.51    70.30     1.30   101.80    29.60  9999.00  9999.00  9999.00  9999.00
 00011   994.96    22.29    59.75     2.14   347.27    29.20  9999.00  9999.00  9999.00  9999.00
 00012  1007.50    22.00    74.42     2.34   327.08    23.96  9999.00  9999.00  9999.00  9999.00
 00013   996.45    24.81    91.93     5.23    93.56    14.89  9999.00  9999.00  9999.00  9999.00
 00014   993.95    28.62    81.16     2.45    97.49    16.74  9999.00  9999.00  9999.00  9999.00
 00015   989.35    19.79    81.06     4.18    59.51    11.02  9999.00  9999.00  9999.00  9999.00
 00016   947.87    21.20    75.34     3.84    36.45    23.90  9999.00  9999.00  9999.00  9999.00
 00017   990.00    18.96    89.30     6.54    31.79    19.76  9999.00  9999.00  9999.00  9999.00
 00018   993.94    25.88    91.02     4.49   107.48     2.75  9999.00  9999.00  9999.00  9999.00
 00019   927.08    28.17    55.03     1.68   194.05    27.04  9999.00  9999.00  9999.00  9999.00
 00020  1002.33    23.56    90.07     4.93   112.10    20.67  9999.00  9999.00  9999.00  9999.00
 00021   877.62    33.10    13.71     9.11   145.38    27.18  9999.00  9999.00  9999.00  9999.00
 00022  1010.29    21.04    85.93     2.20    64.32     4.45  9999.00  9999.00  9999.00  9999.00
 00023   904.81    29.44    22.86     4.50   129.54    23.09  9999.00  9999.00  9999.00  9999.00
 00024   928.03    35.87    10.65     4.20   140.37    25.28  9999.00  9999.00  9999.00  9999.00
 00025   789.47    18.74    74.53     4.73    70.40    20.00  9999.00  9999.00  9999.00  9999.00
 00026   993.42    29.45    79.40     2.78   177.11    16.99  9999.00  9999.00  9999.00  9999.00
 00027   991.42    22.30    92.43     4.69   345.18     5.75  9999.00  9999.00  9999.00  9999.00
 00028   960.81    26.16    89.03     0.66   280.47     4.75  9999.00  9999.00  9999.00  9999.00
 00029   993.79    29.60    77.87     3.10   160.08    27.54  9999.00  9999.00  9999.00  9999.00
 00030   981.91    28.65    84.65     1.44   233.09    10.96  9999.00  9999.00  9999.00  9999.00
 00031   570.45    15.29    30.73     3.40   235.84    24.07  9999.00  9999.00  9999.00  9999.00
 00032   967.32    25.58    86.61     1.81   106.88    17.43  9999.00  9999.00  9999.00  9999.00
 00033   995.93    24.32    96.30     3.53   139.25     7.06  9999.00  9999.00  9999.00  9999.00
 00034  1001.16    28.79    86.90     3.32   220.87    32.69  9999.00  9999.00  9999.00  9999.00
 00035   995.38    31.58    72.63     1.98   191.33    29.90  9999.00  9999.00  9999.00  9999.00
 00036   772.72    18.05    56.27     1.08    60.18    24.24  9999.00  9999.00  9999.00  9999.00
 00037   957.81    25.87    84.48     1.86   118.34    16.07  9999.00  9999.00  9999.00  9999.00
 00038   984.52    27.51    82.26     2.01   164.47    16.98  9999.00  9999.00  9999.00  9999.00
 00039   998.22    26.05    90.18     3.98   163.35    24.44  9999.00  9999.00  9999.00  9999.00
 00040   995.99    26.99    87.55     3.56   175.33    23.32  9999.00  9999.00  9999.00  9999.00
 00041   956.59    26.60    83.93     1.69   143.72    18.98  9999.00  9999.00  9999.00  9999.00
 00042   995.67    27.91    86.91     2.94   106.30    15.08  9999.00  9999.00  9999.00  9999.00
 00043   987.46    29.33    79.54     2.81   199.42    13.74  9999.00  9999.00  9999.00  9999.00
 00044   970.74    29.42    73.85     1.04   228.68    19.02  9999.00  9999.00  9999.00  9999.00
 00045   995.99    26.99    87.55     3.56   175.33    23.32  9999.00  9999.00  9999.00  9999.00
 00046   931.68    25.94    80.73     2.59   222.74     6.73  9999.00  9999.00  9999.00  9999.00
 00047   991.33    24.56    93.65     3.85   144.41     9.14  9999.00  9999.00  9999.00  9999.00
 00048   601.09    14.16    59.17     1.16   280.19    26.15  9999.00  9999.00  9999.00  9999.00
 00049   575.75     6.29    87.54     2.55   194.47     5.80  9999.00  9999.00  9999.00  9999.00
 00050   990.62    26.27    86.13     3.15   163.63    24.28  9999.00  9999.00  9999.00  9999.00
