stn_id       p       t2      rh2      spd      dir      vis    rain6   rain24   tmax24   tmin24 
 00001   962.97    28.75    82.16     0.91    85.02    26.98  9999.00  9999.00  9999.00  9999.00
 00002   985.95    28.00    68.86     2.19   160.87    27.47  9999.00  9999.00  9999.00  9999.00
 00003   897.64    24.17    50.09     1.22    58.67    26.05  9999.00  9999.00  9999.00  9999.00
 00004   832.83    18.39    59.40     1.65   166.57    25.10  9999.00  9999.00  9999.00  9999.00
 00005   865.22    18.28    79.53     1.66    43.19    26.22  9999.00  9999.00  9999.00  9999.00
 00006   875.37    18.88    78.53     2.25   163.85    25.83  9999.00  9999.00  9999.00  9999.00
 00007   996.13    22.17    87.17     3.06   212.39    25.12  9999.00  9999.00  9999.00  9999.00
 00008   978.13    20.30    83.41     6.44   245.46    25.68  9999.00  9999.00  9999.00  9999.00
 00009   941.96    16.25    80.70     1.74   341.42    35.14  9999.00  9999.00  9999.00  9999.00
 00010   959.36    18.42    99.62     1.04   148.77     4.31  9999.00  9999.00  9999.00  9999.00
 00011   980.56    21.16    90.92     6.14   192.26    25.98  9999.00  9999.00  9999.00  9999.00
 00012  1000.68    26.66    73.41     2.54   189.88    25.55  9999.00  9999.00  9999.00  9999.00
 00013  1003.34    26.46    88.84     2.52   196.41    27.93  9999.00  9999.00  9999.00  9999.00
 00014  1001.21    26.45    93.07     2.20   203.92    28.80  9999.00  9999.00  9999.00  9999.00
 00015   987.07    24.78    93.24     1.68   179.93    24.02  9999.00  9999.00  9999.00  9999.00
 00016   945.75    27.05    70.59     1.63   122.85    26.42  9999.00  9999.00  9999.00  9999.00
 00017   987.86    28.17    76.42     2.77   172.83    26.60  9999.00  9999.00  9999.00  9999.00
 00018  1002.10    26.84    89.54     3.01   180.62    17.39  9999.00  9999.00  9999.00  9999.00
 00019   929.53    25.06    83.70     1.41   314.85    28.13  9999.00  9999.00  9999.00  9999.00
 00020  1007.08    25.68    95.51     2.44   166.67    19.18  9999.00  9999.00  9999.00  9999.00
 00021   884.07    26.39    20.25     2.23    68.67    25.52  9999.00  9999.00  9999.00  9999.00
 00022  1004.23    25.73    76.34     3.71   172.97    24.12  9999.00  9999.00  9999.00  9999.00
 00023   910.43    26.36    27.51     2.02   255.63    21.16  9999.00  9999.00  9999.00  9999.00
 00024   933.57    26.54    15.48     3.77   294.42    23.13  9999.00  9999.00  9999.00  9999.00
 00025   794.96    17.97    92.11     1.31   201.56    25.09  9999.00  9999.00  9999.00  9999.00
 00026  1003.00    26.73    94.88     1.71   178.74    28.97  9999.00  9999.00  9999.00  9999.00
 00027   998.38    27.82    89.73     2.71   166.59    28.97  9999.00  9999.00  9999.00  9999.00
 00028   968.63    26.69    87.79     1.50   169.79    27.24  9999.00  9999.00  9999.00  9999.00
 00029  1003.48    26.95    85.61     2.49   163.86    30.16  9999.00  9999.00  9999.00  9999.00
 00030   992.05    26.81    85.63     3.61   163.49    31.87  9999.00  9999.00  9999.00  9999.00
 00031   576.18     7.98    82.03     1.28   215.72     5.29  9999.00  9999.00  9999.00  9999.00
 00032   974.36    24.88    91.12     0.84   184.85    16.64  9999.00  9999.00  9999.00  9999.00
 00033  1006.73    22.65    96.31     4.99   144.41     0.41  9999.00  9999.00  9999.00  9999.00
 00034  1009.46    28.05    83.55     3.83   121.35    32.76  9999.00  9999.00  9999.00  9999.00
 00035  1006.39    26.66    92.78     2.23   139.62    32.41  9999.00  9999.00  9999.00  9999.00
 00036   775.00    19.71    73.86     1.64   165.07    24.65  9999.00  9999.00  9999.00  9999.00
 00037   964.91    25.15    93.34     0.75   155.45    15.30  9999.00  9999.00  9999.00  9999.00
 00038   992.45    25.79    92.27     0.77   162.24    28.60  9999.00  9999.00  9999.00  9999.00
 00039  1005.83    25.63    93.41     3.31   211.34    27.82  9999.00  9999.00  9999.00  9999.00
 00040  1004.00    25.79    96.37     1.83   219.36    29.30  9999.00  9999.00  9999.00  9999.00
 00041   964.87    23.65    95.94     1.19   177.73    28.16  9999.00  9999.00  9999.00  9999.00
 00042  1003.81    26.11    89.80     1.81   208.53    28.38  9999.00  9999.00  9999.00  9999.00
 00043   996.99    26.46    94.45     1.31   181.91    29.98  9999.00  9999.00  9999.00  9999.00
 00044   979.47    25.50    95.26     0.80   110.06    28.14  9999.00  9999.00  9999.00  9999.00
 00045  1004.00    25.79    96.37     1.83   219.36    29.30  9999.00  9999.00  9999.00  9999.00
 00046   939.61    24.72    86.44     1.41   207.89    28.42  9999.00  9999.00  9999.00  9999.00
 00047   997.67    24.88    94.66     3.36   170.77    25.22  9999.00  9999.00  9999.00  9999.00
 00048   605.97    12.75    57.25     0.96   190.32    26.99  9999.00  9999.00  9999.00  9999.00
 00049   580.75     4.69    98.68     1.58   200.60     1.16  9999.00  9999.00  9999.00  9999.00
 00050   998.09    25.69    90.45     2.12   209.47    27.31  9999.00  9999.00  9999.00  9999.00
