stn_id       p       t2      rh2      spd      dir      vis    rain6   rain24   tmax24   tmin24 
 00001   961.02    25.87    91.87     1.29    30.73    26.90    13.54  9999.00  9999.00  9999.00
 00002   983.37    31.49    61.07     1.65   153.34    27.38     1.17  9999.00  9999.00  9999.00
 00003   896.22    29.56    31.00     2.79   178.87    25.94     0.00  9999.00  9999.00  9999.00
 00004   831.76    22.18    46.71     2.11   212.22    25.05     0.08  9999.00  9999.00  9999.00
 00005   864.30    21.83    61.27     2.56   276.11    26.25     1.47  9999.00  9999.00  9999.00
 00006   873.03    24.94    34.61     3.19   309.85    25.82     0.19  9999.00  9999.00  9999.00
 00007   997.40    25.33    81.94     2.88   188.97    25.15     2.55  9999.00  9999.00  9999.00
 00008   981.38    22.48    88.43     3.62   205.49    24.66     0.73  9999.00  9999.00  9999.00
 00009   939.19    20.14    63.46     1.57    88.77    35.27     0.00  9999.00  9999.00  9999.00
 00010   961.88    21.64    81.06     1.43   230.38    26.61     0.00  9999.00  9999.00  9999.00
 00011   986.99    19.57    87.29     2.29   257.83    27.14     0.01  9999.00  9999.00  9999.00
 00012  1002.05    24.73    90.65     3.31    76.00    13.19    25.07  9999.00  9999.00  9999.00
 00013  1002.76    28.26    86.33     1.77   166.74    27.77     0.05  9999.00  9999.00  9999.00
 00014  1000.48    27.31    90.71     1.33   185.01    28.63     1.34  9999.00  9999.00  9999.00
 00015   985.57    29.30    74.99     1.77   175.96    23.86     0.00  9999.00  9999.00  9999.00
 00016   944.32    29.20    69.70     1.76   120.03    26.40     1.16  9999.00  9999.00  9999.00
 00017   986.22    31.30    67.80     1.83   163.17    26.48     0.00  9999.00  9999.00  9999.00
 00018  1000.88    29.07    82.76     3.30   149.75    27.63     0.31  9999.00  9999.00  9999.00
 00019   927.90    24.74    89.00     1.13   101.04    26.85     1.61  9999.00  9999.00  9999.00
 00020  1006.71    25.73    89.88     3.68   152.08    25.33     0.10  9999.00  9999.00  9999.00
 00021   882.53    32.05    16.96     3.62   342.01    25.58     0.00  9999.00  9999.00  9999.00
 00022  1003.67    27.10    76.41     4.34   120.32    24.01     0.00  9999.00  9999.00  9999.00
 00023   909.41    31.54    13.49     3.30   318.44    21.20     0.00  9999.00  9999.00  9999.00
 00024   931.57    31.54    14.86     8.33   295.89    23.19     0.00  9999.00  9999.00  9999.00
 00025   791.87    20.89    76.21     1.64   192.89    24.99     0.20  9999.00  9999.00  9999.00
 00026  1001.73    27.86    90.69     1.39   186.10    29.16     1.95  9999.00  9999.00  9999.00
 00027   996.68    28.82    87.96     1.71   162.76    28.87     3.46  9999.00  9999.00  9999.00
 00028   965.92    28.79    77.90     1.69   166.42    27.16     0.01  9999.00  9999.00  9999.00
 00029  1000.77    28.32    82.64     1.43   143.53    30.07     0.08  9999.00  9999.00  9999.00
 00030   988.52    28.15    77.94     2.47   150.28    31.76     0.03  9999.00  9999.00  9999.00
 00031   573.71     9.84    69.04     1.93   201.27    14.17     1.80  9999.00  9999.00  9999.00
 00032   973.83    24.16    96.63     1.80   122.11    12.97     0.31  9999.00  9999.00  9999.00
 00033  1003.01    22.02    97.34     4.85   106.26     0.32     0.05  9999.00  9999.00  9999.00
 00034  1006.47    28.04    83.37     2.57    93.99    23.21     0.25  9999.00  9999.00  9999.00
 00035  1002.49    27.57    86.14     2.57   122.15    32.36     0.45  9999.00  9999.00  9999.00
 00036   772.56    19.66    81.07     0.85   260.49    19.63     1.19  9999.00  9999.00  9999.00
 00037   964.21    24.82    94.69     1.61   108.37    20.00     0.61  9999.00  9999.00  9999.00
 00038   989.72    27.77    82.44     1.66   133.56    28.62     0.00  9999.00  9999.00  9999.00
 00039  1004.27    25.77    91.12     2.80   109.84    27.68     0.00  9999.00  9999.00  9999.00
 00040  1001.60    26.52    89.73     2.84   207.38    29.15     0.01  9999.00  9999.00  9999.00
 00041   963.61    25.54    91.66     0.95   174.40    27.99     3.31  9999.00  9999.00  9999.00
 00042  1002.77    27.66    89.27     1.45   143.81    28.20     1.63  9999.00  9999.00  9999.00
 00043   995.44    28.31    87.79     1.78   151.49    29.72     3.81  9999.00  9999.00  9999.00
 00044   978.16    27.07    90.14     0.89   109.66    27.99     0.52  9999.00  9999.00  9999.00
 00045  1001.60    26.52    89.73     2.84   207.38    29.15     0.01  9999.00  9999.00  9999.00
 00046   938.12    24.06    98.39     0.75    91.95    28.18     4.86  9999.00  9999.00  9999.00
 00047   997.55    23.83    97.61     1.06   122.32     5.16     0.16  9999.00  9999.00  9999.00
 00048   603.85    11.61    71.70     1.44   150.79    19.74     1.54  9999.00  9999.00  9999.00
 00049   578.15     5.88    90.98     2.30   201.03    12.37     1.46  9999.00  9999.00  9999.00
 00050   996.98    25.82    88.86     2.34    87.75    27.11     0.00  9999.00  9999.00  9999.00
