stn_id       p       t2      rh2      spd      dir      vis    rain6   rain24   tmax24   tmin24 
 00001   961.23    32.28    66.85     1.22   111.27    26.99     0.00  9999.00  9999.00  9999.00
 00002   984.11    30.63    56.14     2.25   126.62    27.43     0.00  9999.00  9999.00  9999.00
 00003   895.68    28.13    32.48     2.24    53.06    25.98     0.00  9999.00  9999.00  9999.00
 00004   831.72    22.83    45.65     2.05   302.69    25.07     0.00  9999.00  9999.00  9999.00
 00005   864.36    21.25    70.40     1.66    63.29    26.20     3.07  9999.00  9999.00  9999.00
 00006   874.48    21.07    70.49     1.73   139.97    25.80     3.39  9999.00  9999.00  9999.00
 00007   995.10    23.24    86.08     2.72   214.41    25.12     0.28  9999.00  9999.00  9999.00
 00008   976.79    20.52    85.44     8.49   244.17    23.10     0.71  9999.00  9999.00  9999.00
 00009   942.45    19.46    70.00     1.79    42.33    35.13     0.00  9999.00  9999.00  9999.00
 00010   959.02    18.91    97.79     1.04    51.01    13.69     0.25  9999.00  9999.00  9999.00
 00011   980.31    22.22    83.15     5.37   173.21    19.87    20.14  9999.00  9999.00  9999.00
 00012   999.01    28.46    71.73     1.96   182.19    25.55     0.00  9999.00  9999.00  9999.00
 00013  1002.50    27.12    86.36     2.12   178.52    27.94     0.00  9999.00  9999.00  9999.00
 00014  1000.41    26.98    92.31     1.67   195.48    28.48     8.41  9999.00  9999.00  9999.00
 00015   985.58    25.85    87.92     1.42   168.83    24.01     1.94  9999.00  9999.00  9999.00
 00016   944.35    30.48    57.97     1.65   140.47    26.38     0.38  9999.00  9999.00  9999.00
 00017   985.70    30.05    63.43     2.00   137.25    26.55     0.00  9999.00  9999.00  9999.00
 00018  1001.20    28.17    82.28     2.04   152.20    27.09     0.02  9999.00  9999.00  9999.00
 00019   928.44    27.13    80.96     1.82   331.07    26.22     0.29  9999.00  9999.00  9999.00
 00020  1005.94    27.09    91.19     2.43   173.13    25.99     0.19  9999.00  9999.00  9999.00
 00021   883.31    31.89    14.95     3.85   193.34    25.50     0.00  9999.00  9999.00  9999.00
 00022  1002.39    28.14    68.44     2.64   173.40    24.12    -0.00  9999.00  9999.00  9999.00
 00023   909.14    32.89    18.27     4.04   313.84    21.13     0.00  9999.00  9999.00  9999.00
 00024   932.82    31.48    10.99     6.94   299.56    23.10     0.00  9999.00  9999.00  9999.00
 00025   793.55    19.51    87.89     1.20   235.96    25.05     2.29  9999.00  9999.00  9999.00
 00026  1001.46    27.71    90.42     1.48   154.81    29.36     0.04  9999.00  9999.00  9999.00
 00027   996.53    29.00    83.35     2.19   160.48    28.91     0.35  9999.00  9999.00  9999.00
 00028   966.40    27.70    86.74     1.38   160.78    27.22     0.08  9999.00  9999.00  9999.00
 00029  1001.56    28.52    80.56     2.93   154.23    30.14     0.10  9999.00  9999.00  9999.00
 00030   989.92    28.64    81.03     3.14   134.27    31.78     0.50  9999.00  9999.00  9999.00
 00031   574.26    11.30    57.60     2.20   172.48    22.51     2.38  9999.00  9999.00  9999.00
 00032   973.47    26.18    85.40     1.24   159.71    24.06     0.21  9999.00  9999.00  9999.00
 00033  1004.49    23.02    97.14     3.67   136.75     5.65     0.05  9999.00  9999.00  9999.00
 00034  1007.29    27.98    83.55     3.92   103.25    31.64     0.01  9999.00  9999.00  9999.00
 00035  1004.04    27.57    86.52     2.23   124.57    31.76     0.53  9999.00  9999.00  9999.00
 00036   773.58    21.41    68.09     1.76   191.52    24.80     0.02  9999.00  9999.00  9999.00
 00037   964.06    26.99    85.89     0.70   118.75    25.90     0.50  9999.00  9999.00  9999.00
 00038   991.29    27.45    84.85     1.59   153.61    28.43     0.07  9999.00  9999.00  9999.00
 00039  1004.66    26.33    88.70     4.20   198.77    27.80    -0.00  9999.00  9999.00  9999.00
 00040  1002.99    26.53    93.53     2.13   190.77    29.09     0.10  9999.00  9999.00  9999.00
 00041   964.15    25.13    91.92     0.96   167.44    27.60     0.94  9999.00  9999.00  9999.00
 00042  1002.83    28.21    84.89     2.77   183.08    28.41     0.14  9999.00  9999.00  9999.00
 00043   995.45    27.75    92.10     1.32   162.02    29.93     0.10  9999.00  9999.00  9999.00
 00044   978.51    26.38    92.88     1.13    64.43    24.66     0.22  9999.00  9999.00  9999.00
 00045  1002.99    26.53    93.53     2.13   190.77    29.09     0.10  9999.00  9999.00  9999.00
 00046   938.16    25.38    88.29     1.24   163.75    28.43     0.00  9999.00  9999.00  9999.00
 00047   996.80    25.65    94.12     2.54   163.51    18.47     3.88  9999.00  9999.00  9999.00
 00048   604.30    15.33    53.60     1.05   176.89    26.93     0.14  9999.00  9999.00  9999.00
 00049   579.58     6.17    90.35     2.23   215.30    15.23     1.18  9999.00  9999.00  9999.00
 00050   996.95    26.58    86.68     2.91   198.97    27.30     0.00  9999.00  9999.00  9999.00
