stn_id       p       t2      rh2      spd      dir      vis    rain6   rain24   tmax24   tmin24 
 00001   968.12    19.63    91.91     2.89   239.97    12.48     6.90  9999.00  9999.00  9999.00
 00002   995.86    21.16    86.95     2.46   117.28    22.72     0.20  9999.00  9999.00  9999.00
 00003   903.96    17.24    88.77     2.77    17.88    22.27     0.00  9999.00  9999.00  9999.00
 00004   836.38    13.19    85.19     1.70   124.85    19.42     0.00  9999.00  9999.00  9999.00
 00005   871.99    12.63    37.62     2.15    61.60    26.60     0.00  9999.00  9999.00  9999.00
 00006   882.77    12.18    33.70     2.99   182.00    27.27     0.00  9999.00  9999.00  9999.00
 00007  1005.86    16.87    65.16     2.12   355.96    25.79     0.00  9999.00  9999.00  9999.00
 00008   990.94    14.74    57.57     0.68   126.30    26.76     0.00  9999.00  9999.00  9999.00
 00009   941.91     6.53    57.81     3.92   303.68    33.51     0.00  9999.00  9999.00  9999.00
 00010   967.11    16.00    73.06     3.82   295.52    30.14     0.06  9999.00  9999.00  9999.00
 00011   996.99    13.53    63.03     2.46   251.51    27.66     0.00  9999.00  9999.00  9999.00
 00012  1012.37    18.16    64.70     2.21    27.79    23.44     0.00  9999.00  9999.00  9999.00
 00013  1007.13    22.85    96.16     2.51    71.12     4.66     7.88  9999.00  9999.00  9999.00
 00014  1003.34    23.23    91.08     1.09   242.69    22.79     0.00  9999.00  9999.00  9999.00
 00015   994.08    20.91    95.03     2.54    44.75     2.44     6.20  9999.00  9999.00  9999.00
 00016   952.36    20.04    76.72     0.95   203.76    24.81     0.00  9999.00  9999.00  9999.00
 00017   994.77    22.20    89.61     4.11    40.70    22.80     0.07  9999.00  9999.00  9999.00
 00018  1005.62    23.00    94.73     3.05    48.16     1.17    16.40  9999.00  9999.00  9999.00
 00019   933.97    19.44    89.02     0.96   275.32     9.83     1.11  9999.00  9999.00  9999.00
 00020  1010.03    23.83    86.52     3.62   129.73    22.93     0.01  9999.00  9999.00  9999.00
 00021   884.74    16.66    49.30     2.55   150.71    26.57     0.00  9999.00  9999.00  9999.00
 00022  1014.46    20.94    61.48     3.28    54.07    21.16     0.00  9999.00  9999.00  9999.00
 00023   913.82    16.58    84.33     6.37   275.48     3.98     1.20  9999.00  9999.00  9999.00
 00024   934.20    15.27    66.17     2.94   119.51    25.08     0.27  9999.00  9999.00  9999.00
 00025   793.67    16.73    94.45     0.83   187.87    23.31     0.54  9999.00  9999.00  9999.00
 00026  1003.26    26.02    90.08     1.08    97.57    18.26     0.76  9999.00  9999.00  9999.00
 00027   998.90    25.53    91.63     1.86    24.08    24.86     0.36  9999.00  9999.00  9999.00
 00028   967.86    23.87    94.79     0.90    68.63     1.11    11.11  9999.00  9999.00  9999.00
 00029  1002.64    25.47    94.19     2.18   114.23    18.99     0.38  9999.00  9999.00  9999.00
 00030   990.29    25.19    94.14     1.43   156.22    19.43     0.99  9999.00  9999.00  9999.00
 00031   576.64     3.26    92.98     0.84   285.58    14.40     1.28  9999.00  9999.00  9999.00
 00032   974.93    22.48    87.41     0.77   104.16    21.21     0.02  9999.00  9999.00  9999.00
 00033  1004.35    23.12    98.61     2.59   155.67     8.72     1.79  9999.00  9999.00  9999.00
 00034  1007.83    27.96    87.75     4.43   203.16    30.62     0.00  9999.00  9999.00  9999.00
 00035  1003.71    26.73    88.53     2.64   182.42    27.79     0.02  9999.00  9999.00  9999.00
 00036   775.43    14.06    95.28     1.13    12.17     5.88     2.16  9999.00  9999.00  9999.00
 00037   965.33    22.73    86.79     0.65    91.12    22.95     0.06  9999.00  9999.00  9999.00
 00038   992.10    24.75    92.73     1.18    78.18    20.94     0.21  9999.00  9999.00  9999.00
 00039  1005.96    24.04    93.56     3.44    55.25    23.26     0.07  9999.00  9999.00  9999.00
 00040  1003.37    25.51    92.98     1.89    94.05    18.66     0.70  9999.00  9999.00  9999.00
 00041   965.69    24.52    86.90     0.73   107.38    24.05     0.00  9999.00  9999.00  9999.00
 00042  1006.46    23.17    95.03     3.63    61.90     9.88     4.49  9999.00  9999.00  9999.00
 00043   996.99    26.33    90.28     1.04   102.87    25.35     0.21  9999.00  9999.00  9999.00
 00044   979.56    25.23    85.23     0.87    82.67    24.43     0.00  9999.00  9999.00  9999.00
 00045  1003.37    25.51    92.98     1.89    94.05    18.66     0.70  9999.00  9999.00  9999.00
 00046   938.83    23.90    85.51     0.84    79.41    22.77     0.00  9999.00  9999.00  9999.00
 00047   998.67    22.56    92.01     0.96    67.03     8.37     0.17  9999.00  9999.00  9999.00
 00048   607.49     5.97    89.14     1.25   233.43    25.46     0.49  9999.00  9999.00  9999.00
 00049   578.35     2.98    95.08     1.13    44.42     7.16     0.66  9999.00  9999.00  9999.00
 00050   998.37    23.82    90.06     1.88    50.86    24.05     0.04  9999.00  9999.00  9999.00
