stn_id       p       t2      rh2      spd      dir      vis    rain6   rain24   tmax24   tmin24 
 00001   973.41    20.96    67.03     2.02    99.08    23.60  9999.00  9999.00  9999.00  9999.00
 00002  1000.74    11.29    72.11     1.33   271.66    22.86  9999.00  9999.00  9999.00  9999.00
 00003   907.47    11.59    54.75     1.88   180.32    21.83  9999.00  9999.00  9999.00  9999.00
 00004   838.44     4.40    70.21     2.19   161.81    21.94  9999.00  9999.00  9999.00  9999.00
 00005   872.17     9.94    46.09     1.81   197.98    24.79  9999.00  9999.00  9999.00  9999.00
 00006   881.25    10.18    45.69     5.79   210.46    25.97  9999.00  9999.00  9999.00  9999.00
 00007  1010.34     5.57    66.39     2.27   165.34    25.28  9999.00  9999.00  9999.00  9999.00
 00008   993.57     2.99    65.46     1.92   215.22    26.98  9999.00  9999.00  9999.00  9999.00
 00009   945.33    -3.29    76.61     2.22   150.94    32.86  9999.00  9999.00  9999.00  9999.00
 00010   970.09     3.85    52.10     3.27   277.79    27.17  9999.00  9999.00  9999.00  9999.00
 00011   999.66     2.57    64.83     1.97   272.55    28.45  9999.00  9999.00  9999.00  9999.00
 00012  1016.21    11.03    66.34     1.91   201.23    23.08  9999.00  9999.00  9999.00  9999.00
 00013  1018.39    14.92    90.76     2.00   131.49    22.23  9999.00  9999.00  9999.00  9999.00
 00014  1015.36    15.31    81.58     1.83    76.57    22.87  9999.00  9999.00  9999.00  9999.00
 00015  1001.44    15.15    69.58     3.27   167.25    20.11  9999.00  9999.00  9999.00  9999.00
 00016   957.35    16.08    75.99     2.18    99.70    21.40  9999.00  9999.00  9999.00  9999.00
 00017  1003.08    15.66    79.61     1.22   173.65    21.04  9999.00  9999.00  9999.00  9999.00
 00018  1016.80    15.50    87.36     2.17   116.62    21.74  9999.00  9999.00  9999.00  9999.00
 00019   939.20    17.57    91.47     1.22   234.18    15.39  9999.00  9999.00  9999.00  9999.00
 00020  1021.60    14.09    96.83     2.35    82.08    21.58  9999.00  9999.00  9999.00  9999.00
 00021   898.94     4.99    73.08     2.01   297.51    13.50  9999.00  9999.00  9999.00  9999.00
 00022  1019.63    11.53    66.02     2.31   168.49    21.41  9999.00  9999.00  9999.00  9999.00
 00023   927.22     2.65    77.33     1.39   189.35    21.53  9999.00  9999.00  9999.00  9999.00
 00024   952.45     3.80    81.59     2.88   294.77    23.84  9999.00  9999.00  9999.00  9999.00
 00025   799.28    13.03    91.85     1.99   170.37    24.86  9999.00  9999.00  9999.00  9999.00
 00026  1015.39    15.84    79.72     2.26   152.75    22.58  9999.00  9999.00  9999.00  9999.00
 00027  1011.27    17.91    63.92     2.48   116.35    22.40  9999.00  9999.00  9999.00  9999.00
 00028   979.42    16.95    79.81     1.40    87.97    21.71  9999.00  9999.00  9999.00  9999.00
 00029  1011.37    22.33    74.73     2.02    62.47    25.67  9999.00  9999.00  9999.00  9999.00
 00030  1000.70    21.49    78.89     1.74    55.01    28.45  9999.00  9999.00  9999.00  9999.00
 00031   574.55    -0.21    43.41     2.45   196.91    29.26  9999.00  9999.00  9999.00  9999.00
 00032   984.93    13.67    93.15     1.54   343.51    21.63  9999.00  9999.00  9999.00  9999.00
 00033  1011.81    22.09    93.73     9.54    64.07     0.46  9999.00  9999.00  9999.00  9999.00
 00034  1011.20    26.92    87.92     7.14   128.67    10.30  9999.00  9999.00  9999.00  9999.00
 00035  1010.51    24.38    93.31     6.58    55.02    10.31  9999.00  9999.00  9999.00  9999.00
 00036   778.44    12.47    87.30     1.04   123.14    24.37  9999.00  9999.00  9999.00  9999.00
 00037   975.20    13.83    89.36     1.12   275.39    21.55  9999.00  9999.00  9999.00  9999.00
 00038  1002.07    18.09    65.78     1.35   115.07    24.22  9999.00  9999.00  9999.00  9999.00
 00039  1015.56    22.06    74.89     8.21    34.16    23.60  9999.00  9999.00  9999.00  9999.00
 00040  1013.02    21.29    74.00     7.02    40.85    25.03  9999.00  9999.00  9999.00  9999.00
 00041   976.83    15.26    84.60     1.50    65.05    21.67  9999.00  9999.00  9999.00  9999.00
 00042  1018.25    15.82    90.71     1.92   106.86    22.31  9999.00  9999.00  9999.00  9999.00
 00043  1008.86    15.56    85.94     1.86    56.41    23.08  9999.00  9999.00  9999.00  9999.00
 00044   990.75    14.19    75.64     2.12    86.07    22.15  9999.00  9999.00  9999.00  9999.00
 00045  1013.02    21.29    74.00     7.02    40.85    25.03  9999.00  9999.00  9999.00  9999.00
 00046   947.43    14.55    80.51     1.39    81.72    23.08  9999.00  9999.00  9999.00  9999.00
 00047  1009.91    18.56    90.05     2.27   177.78    22.26  9999.00  9999.00  9999.00  9999.00
 00048   605.54     4.21    40.36     1.67   152.64    33.09  9999.00  9999.00  9999.00  9999.00
 00049   579.86    -2.78    96.85     0.81   196.12    18.79  9999.00  9999.00  9999.00  9999.00
 00050  1008.23    18.92    81.21     3.95    14.98    23.06  9999.00  9999.00  9999.00  9999.00
